0.000000000000000000e+00
1.689202968516498662e-02
2.211054202115142475e-02
4.379470890696159774e-02
5.695947414678388665e-02
8.101517244680393748e-02
9.684709607005509424e-02
1.154957356424849979e-01
1.299557251346966369e-01
1.500252189559680149e-01
1.685606408562295433e-01
1.873172527675092125e-01
1.952023910808270146e-01
2.130051027357718896e-01
2.390231697101713737e-01
2.517152539641289155e-01
2.777238038562940270e-01
2.888960081471882990e-01
3.079145035425231991e-01
3.290799278612871470e-01
3.412868140333492617e-01
3.563414329448031936e-01
3.701574379830470107e-01
3.849431812728221214e-01
3.971655686199425661e-01
4.133065701276244508e-01
4.241134579404209348e-01
4.517985316067674173e-01
4.593597139973436549e-01
4.754690589080249330e-01
1.200470192835381422e-01
