1.000000000000000000e+00
9.827586206896551380e-01
8.965517241379310498e-01
8.620689655172413257e-01
6.379310344827586743e-01
5.000000000000000000e-01
4.827586206896551935e-01
4.827586206896551935e-01
3.620689655172413812e-01
3.448275862068965747e-01
2.413793103448275967e-01
2.413793103448275967e-01
2.413793103448275967e-01
2.413793103448275967e-01
1.379310344827586188e-01
1.206896551724137984e-01
8.620689655172414367e-02
8.620689655172414367e-02
5.172413793103448204e-02
5.172413793103448204e-02
5.172413793103448204e-02
5.172413793103448204e-02
3.448275862068965469e-02
3.448275862068965469e-02
3.448275862068965469e-02
3.448275862068965469e-02
3.448275862068965469e-02
3.448275862068965469e-02
3.448275862068965469e-02
1.724137931034482735e-02
