0.000000000000000000e+00
6.817986704102201728e-03
1.818966121820221604e-02
2.672586098072365912e-02
3.864362133050881776e-02
4.538391965389079741e-02
5.083555818345834865e-02
5.620724116166207762e-02
6.409911102727630650e-02
6.904124074087522600e-02
7.871525787705785371e-02
8.485007049389273193e-02
8.711663655864071432e-02
9.084779485914541708e-02
1.000100360087158163e-01
1.041319033834652297e-01
1.125904147652664611e-01
1.220656766083613454e-01
1.269689621316001660e-01
1.342187692709507774e-01
1.385942574683627082e-01
1.576064481960580410e-01
1.734107436077883535e-01
1.866377194318898092e-01
1.921853348520358440e-01
1.985349241011731269e-01
2.014458200628283235e-01
2.114877234221101965e-01
2.364931041737710071e-01
2.398723975903911398e-01
2.437794883328381346e-01
2.680057181066531347e-01
2.737498216492433301e-01
2.778328448336326306e-01
2.893004962383111112e-01
2.958831506296090708e-01
3.008641245335680892e-01
3.055137892341444061e-01
3.155145812324225973e-01
3.170774175294013841e-01
3.194810718457315457e-01
3.225290560589689215e-01
3.282731596015591169e-01
3.312822996244363938e-01
3.347209929119184801e-01
3.392541250414144449e-01
3.415206911061623996e-01
3.454483375291112490e-01
3.471094178873121439e-01
3.489464306874552890e-01
3.499037812778869605e-01
3.543409365168044278e-01
3.596554867947898138e-01
3.634460449661565118e-01
3.666905173018380482e-01
3.681368210277365383e-01
3.698367455762975320e-01
3.731977504830593650e-01
3.745846543380958460e-01
3.751512958542828624e-01
3.760698022543544350e-01
3.793325630998942155e-01
3.802899136903258870e-01
3.838062953585281711e-01
3.866189472589612874e-01
3.913097233205412584e-01
3.942800191530584364e-01
3.956874786885967721e-01
3.987560185823360026e-01
4.010819845179459664e-01
4.023911999922622496e-01
4.069631763121183132e-01
4.114369085707523244e-01
4.129220564870109134e-01
4.156181758163637330e-01
4.171033237326223220e-01
4.211475027266515236e-01
4.250751491496003731e-01
4.288268631306069167e-01
4.295694370887361835e-01
4.307415643114702597e-01
4.318360031534841381e-01
4.330081303762182143e-01
4.365839119152825076e-01
4.392800312446353272e-01
4.428558127836996205e-01
4.489517812101743721e-01
4.508664823910377706e-01
4.552236820785914295e-01
4.577050247756417889e-01
4.615732713277286847e-01
4.644841672893839091e-01
4.656174503217578864e-01
4.689396110381596205e-01
4.711467772320456215e-01
4.729243901613268131e-01
4.758741303133421363e-01
4.808551042173011547e-01
4.854065248566553636e-01
4.863638754470870351e-01
4.871841377859365552e-01
4.896449248024851153e-01
4.939427246191768206e-01
4.947629869580263406e-01
4.985718336392512828e-01
5.013456413493242447e-01
5.027325452043607257e-01
5.064637035048654701e-01
5.127721813929990713e-01
5.139443086157331475e-01
5.159755423676768427e-01
5.169328929581085141e-01
5.195696124165993801e-01
5.270890617178272120e-01
5.305071993248073881e-01
5.326366771379731357e-01
5.338476485510673664e-01
5.348438433318591922e-01
5.354493290384062520e-01
5.394729523519335990e-01
5.413282536619350438e-01
5.451576560236618407e-01
5.476778429110723545e-01
5.506664272534477211e-01
5.547882946281971206e-01
5.568789282510028249e-01
5.600434450353205529e-01
5.611767280676945857e-01
5.631302734389180831e-01
5.673892290652496895e-01
5.698705717623000488e-01
5.713168754881985389e-01
5.740518390079114575e-01
5.755758311145301453e-01
5.774905322953934883e-01
5.806162048893510619e-01
5.828439267637389731e-01
5.864379968126615106e-01
5.872194149611509317e-01
5.882156097419427576e-01
5.893100485839566360e-01
5.909894174520157195e-01
5.935484485297862767e-01
5.950724406364049646e-01
5.982758016110827359e-01
6.004441236146086380e-01
6.025347572374143423e-01
6.038051285213704711e-01
6.051531881860469086e-01
6.069308011153281557e-01
6.083177049703646366e-01
6.099193854577035223e-01
6.117952424482068219e-01
6.128302814193586912e-01
6.139635644517327240e-01
6.167373721618056859e-01
6.207427069654747331e-01
6.231852054721650491e-01
6.246315091980635392e-01
6.262925895562644341e-01
6.284220673694301817e-01
6.326033346150415904e-01
6.338143060281358210e-01
6.355919189574170680e-01
6.371159110640357559e-01
6.388935239933170029e-01
6.414525550710875601e-01
6.429765471777062480e-01
6.445782276650451337e-01
6.461799081523840194e-01
6.480946093332473623e-01
6.519034560144723045e-01
6.526460299726015712e-01
6.543071103308024661e-01
6.554403933631764989e-01
6.577458036182846079e-01
6.583512893248316677e-01
6.595622607379258984e-01
6.611250970349047407e-01
6.621601360060566099e-01
6.636841281126752978e-01
6.661654708097256572e-01
6.667321123259126736e-01
6.686856576971361710e-01
6.699948731714524541e-01
6.711670003941865303e-01
6.723002834265605632e-01
6.746833820623888700e-01
6.754648002108782912e-01
6.780238312886488483e-01
6.789811818790805198e-01
6.807199506180016124e-01
6.816384570180732405e-01
6.829865166827496781e-01
6.844122647281463134e-01
6.854084595089381393e-01
6.864434984800900086e-01
6.886506646739760651e-01
6.904671217936173555e-01
6.931632411229701196e-01
6.951556306845537714e-01
6.972851084977195191e-01
6.980276824558487858e-01
6.989461888559204139e-01
7.004313367721789474e-01
7.016034639949130236e-01
7.034793209854163232e-01
7.042607391339057443e-01
7.082866296180766463e-01
7.098494659150554886e-01
7.105920398731847554e-01
7.117641670959188316e-01
7.130733825702351147e-01
7.144602864252715957e-01
7.152028603834008624e-01
7.189934185547675050e-01
7.205950990421063906e-01
7.222950235906673289e-01
7.239355482683663690e-01
7.249317430491581948e-01
7.261038702718922710e-01
7.276667065688711133e-01
7.287017455400229826e-01
7.305776025305262822e-01
7.321404388275051245e-01
7.327459245340521843e-01
7.351290231698804911e-01
7.368289477184414293e-01
7.374344334249884891e-01
7.390361139123273748e-01
7.409508150931907178e-01
7.415563007997377776e-01
7.419858540643425870e-01
7.433727579193790680e-01
7.449355942163579103e-01
7.471039162198838124e-01
3.023893544110046183e-01
