0.000000000000000000e+00
1.369863013698630061e-02
2.739726027397260122e-02
4.109589041095890183e-02
5.479452054794520244e-02
6.849315068493150305e-02
8.219178082191780366e-02
9.589041095890410427e-02
1.095890410958904049e-01
1.232876712328767055e-01
1.369863013698630061e-01
1.506849315068493067e-01
1.643835616438356073e-01
1.780821917808219079e-01
1.917808219178082085e-01
2.054794520547945091e-01
2.191780821917808098e-01
2.328767123287671104e-01
2.465753424657534110e-01
2.602739726027397116e-01
2.739726027397260122e-01
8.390410958904107042e-02
