0.000000000000000000e+00
1.479289940828402332e-03
2.958579881656804664e-03
4.437869822485207214e-03
5.917159763313609329e-03
7.396449704142011444e-03
8.875739644970414427e-03
1.035502958579881741e-02
1.183431952662722039e-02
1.331360946745562338e-02
1.479289940828402636e-02
1.627218934911242934e-02
1.775147928994083232e-02
1.923076923076923531e-02
2.071005917159763829e-02
2.218934911242604127e-02
2.366863905325444425e-02
2.514792899408284724e-02
2.662721893491125022e-02
2.810650887573965320e-02
2.958579881656805619e-02
3.106508875739645917e-02
3.254437869822485868e-02
3.402366863905326166e-02
3.550295857988166465e-02
3.698224852071006763e-02
3.846153846153847061e-02
3.994082840236687360e-02
4.142011834319527658e-02
4.289940828402367956e-02
4.437869822485208254e-02
4.585798816568048553e-02
4.733727810650888851e-02
4.881656804733729149e-02
5.029585798816569447e-02
5.177514792899409746e-02
5.325443786982250044e-02
5.473372781065090342e-02
5.621301775147930641e-02
5.769230769230770939e-02
5.917159763313611237e-02
6.065088757396451535e-02
6.213017751479291834e-02
6.360946745562132132e-02
6.508875739644971736e-02
6.656804733727811341e-02
6.804733727810650945e-02
6.952662721893490549e-02
7.100591715976330154e-02
7.248520710059169758e-02
7.396449704142009363e-02
7.544378698224848967e-02
7.692307692307688571e-02
7.840236686390528176e-02
7.988165680473367780e-02
8.136094674556207385e-02
8.284023668639046989e-02
8.431952662721886593e-02
8.579881656804726198e-02
8.727810650887565802e-02
8.875739644970405406e-02
9.023668639053245011e-02
9.171597633136084615e-02
9.319526627218924220e-02
9.467455621301763824e-02
9.615384615384603428e-02
9.763313609467443033e-02
9.911242603550282637e-02
1.005917159763312224e-01
1.020710059171596185e-01
1.035502958579880145e-01
1.050295857988164105e-01
1.065088757396448066e-01
1.079881656804732026e-01
1.094674556213015987e-01
1.109467455621299947e-01
1.124260355029583908e-01
1.139053254437867868e-01
1.153846153846151829e-01
1.168639053254435789e-01
1.183431952662719749e-01
1.198224852071003710e-01
1.213017751479287670e-01
1.227810650887571631e-01
1.242603550295855591e-01
1.257396449704139552e-01
1.272189349112423651e-01
1.286982248520707750e-01
1.301775147928991849e-01
1.316568047337275948e-01
1.331360946745560048e-01
1.346153846153844147e-01
1.360946745562128246e-01
1.375739644970412345e-01
1.390532544378696445e-01
1.405325443786980544e-01
1.420118343195264643e-01
1.434911242603548742e-01
1.449704142011832841e-01
1.464497041420116941e-01
1.479289940828401040e-01
1.494082840236685139e-01
1.508875739644969238e-01
1.523668639053253338e-01
1.538461538461537437e-01
1.553254437869821536e-01
1.568047337278105635e-01
1.582840236686389734e-01
1.597633136094673834e-01
1.612426035502957933e-01
1.627218934911242032e-01
1.642011834319526131e-01
1.656804733727810230e-01
1.671597633136094330e-01
1.686390532544378429e-01
1.701183431952662528e-01
1.715976331360946627e-01
1.730769230769230727e-01
1.745562130177514826e-01
1.760355029585798925e-01
1.775147928994083024e-01
1.789940828402367123e-01
1.804733727810651223e-01
1.819526627218935322e-01
1.834319526627219421e-01
1.849112426035503520e-01
1.863905325443787619e-01
1.878698224852071719e-01
1.893491124260355818e-01
1.908284023668639917e-01
1.923076923076924016e-01
1.937869822485208116e-01
1.952662721893492215e-01
1.967455621301776314e-01
1.982248520710060413e-01
1.997041420118344512e-01
2.011834319526628612e-01
2.026627218934912711e-01
2.041420118343196810e-01
2.056213017751480909e-01
2.071005917159765009e-01
2.085798816568049108e-01
2.100591715976333207e-01
2.115384615384617306e-01
2.130177514792901405e-01
2.144970414201185505e-01
2.159763313609469604e-01
2.174556213017753703e-01
2.189349112426037802e-01
2.204142011834321901e-01
2.218934911242606001e-01
2.233727810650890100e-01
2.248520710059174199e-01
2.263313609467458298e-01
2.278106508875742398e-01
2.292899408284026497e-01
2.307692307692310596e-01
2.322485207100594695e-01
2.337278106508878794e-01
2.352071005917162894e-01
2.366863905325446993e-01
2.381656804733731092e-01
2.396449704142015191e-01
2.411242603550299290e-01
2.426035502958583390e-01
2.440828402366867489e-01
2.455621301775151588e-01
2.470414201183435687e-01
2.485207100591719787e-01
2.500000000000003886e-01
2.514792899408287985e-01
2.529585798816572084e-01
2.544378698224856183e-01
2.559171597633140283e-01
2.573964497041424382e-01
2.588757396449708481e-01
2.603550295857992580e-01
2.618343195266276680e-01
2.633136094674560779e-01
2.647928994082844878e-01
2.662721893491128977e-01
2.677514792899413076e-01
2.692307692307697176e-01
2.707100591715981275e-01
2.721893491124265374e-01
2.736686390532549473e-01
2.751479289940833572e-01
2.766272189349117672e-01
2.781065088757401771e-01
2.795857988165685870e-01
2.810650887573969969e-01
2.825443786982254069e-01
2.840236686390538168e-01
2.855029585798822267e-01
2.869822485207106366e-01
2.884615384615390465e-01
2.899408284023674565e-01
2.914201183431958664e-01
2.928994082840242763e-01
2.943786982248526862e-01
2.958579881656810961e-01
2.973372781065095061e-01
2.988165680473379160e-01
3.002958579881663259e-01
3.017751479289947358e-01
3.032544378698231458e-01
3.047337278106515557e-01
3.062130177514799656e-01
3.076923076923083755e-01
3.091715976331367854e-01
3.106508875739651954e-01
3.121301775147936053e-01
3.136094674556220152e-01
3.150887573964504251e-01
3.165680473372788351e-01
3.180473372781072450e-01
3.195266272189356549e-01
3.210059171597640648e-01
3.224852071005924747e-01
3.239644970414208847e-01
3.254437869822492946e-01
3.269230769230777045e-01
3.284023668639061144e-01
3.298816568047345243e-01
3.313609467455629343e-01
3.328402366863913442e-01
3.343195266272197541e-01
3.357988165680481640e-01
3.372781065088765740e-01
3.387573964497049839e-01
3.402366863905333938e-01
3.417159763313618037e-01
3.431952662721902136e-01
3.446745562130186236e-01
3.461538461538470335e-01
3.476331360946754434e-01
3.491124260355038533e-01
3.505917159763322632e-01
3.520710059171606732e-01
3.535502958579890831e-01
3.550295857988174930e-01
3.565088757396459029e-01
3.579881656804743129e-01
3.594674556213027228e-01
3.609467455621311327e-01
3.624260355029595426e-01
2.058637272169559079e-02
