0.000000000000000000e+00
7.142857142857142851e-04
1.428571428571428570e-03
2.142857142857142964e-03
2.857142857142857140e-03
3.571428571428571317e-03
4.285714285714285927e-03
5.000000000000000104e-03
5.714285714285714281e-03
6.428571428571428457e-03
7.142857142857142634e-03
7.857142857142857678e-03
8.571428571428571855e-03
9.285714285714286031e-03
1.000000000000000021e-02
1.071428571428571438e-02
1.142857142857142856e-02
1.214285714285714274e-02
1.285714285714285691e-02
1.357142857142857109e-02
1.428571428571428527e-02
1.499999999999999944e-02
1.571428571428571536e-02
1.642857142857143127e-02
1.714285714285714718e-02
1.785714285714286309e-02
1.857142857142857900e-02
1.928571428571429491e-02
2.000000000000001082e-02
2.071428571428572674e-02
2.142857142857144265e-02
2.214285714285715856e-02
2.285714285714287447e-02
2.357142857142859038e-02
2.428571428571430629e-02
2.500000000000002220e-02
2.571428571428573812e-02
2.642857142857145403e-02
2.714285714285716994e-02
2.785714285714288585e-02
2.857142857142860176e-02
2.928571428571431767e-02
3.000000000000003358e-02
3.071428571428574950e-02
3.142857142857146541e-02
3.214285714285718132e-02
3.285714285714289723e-02
3.357142857142861314e-02
3.428571428571432905e-02
3.500000000000004496e-02
3.571428571428576088e-02
3.642857142857147679e-02
3.714285714285719270e-02
3.785714285714290861e-02
3.857142857142862452e-02
3.928571428571434043e-02
4.000000000000005634e-02
4.071428571428577226e-02
4.142857142857148817e-02
4.214285714285720408e-02
4.285714285714291999e-02
4.357142857142863590e-02
4.428571428571435181e-02
4.500000000000006772e-02
4.571428571428578364e-02
4.642857142857149955e-02
4.714285714285721546e-02
4.785714285714293137e-02
4.857142857142864728e-02
4.928571428571436319e-02
5.000000000000007910e-02
5.071428571428579501e-02
5.142857142857151093e-02
5.214285714285722684e-02
5.285714285714294275e-02
5.357142857142865866e-02
5.428571428571437457e-02
5.500000000000009048e-02
5.571428571428580639e-02
5.642857142857152231e-02
5.714285714285723822e-02
5.785714285714295413e-02
5.857142857142867004e-02
5.928571428571438595e-02
6.000000000000010186e-02
6.071428571428581777e-02
6.142857142857153369e-02
6.214285714285724960e-02
6.285714285714295857e-02
6.357142857142866754e-02
6.428571428571437651e-02
6.500000000000008549e-02
6.571428571428579446e-02
6.642857142857150343e-02
6.714285714285721240e-02
6.785714285714292138e-02
6.857142857142863035e-02
6.928571428571433932e-02
7.000000000000004829e-02
7.071428571428575727e-02
7.142857142857146624e-02
7.214285714285717521e-02
7.285714285714288418e-02
7.357142857142859316e-02
7.428571428571430213e-02
7.500000000000001110e-02
7.571428571428572007e-02
7.642857142857142905e-02
7.714285714285713802e-02
7.785714285714284699e-02
7.857142857142855596e-02
7.928571428571426494e-02
7.999999999999997391e-02
8.071428571428568288e-02
8.142857142857139185e-02
8.214285714285710083e-02
8.285714285714280980e-02
8.357142857142851877e-02
8.428571428571422774e-02
8.499999999999993672e-02
8.571428571428564569e-02
8.642857142857135466e-02
8.714285714285706363e-02
8.785714285714277261e-02
8.857142857142848158e-02
8.928571428571419055e-02
8.999999999999989952e-02
9.071428571428560850e-02
9.142857142857131747e-02
9.214285714285702644e-02
9.285714285714273541e-02
9.357142857142844439e-02
9.428571428571415336e-02
9.499999999999986233e-02
9.571428571428557130e-02
9.642857142857128028e-02
9.714285714285698925e-02
9.785714285714269822e-02
9.857142857142840719e-02
9.928571428571411617e-02
9.999999999999982514e-02
1.007142857142855341e-01
1.014285714285712431e-01
1.021428571428569521e-01
1.028571428571426610e-01
1.035714285714283700e-01
1.042857142857140790e-01
1.049999999999997879e-01
1.057142857142854969e-01
1.064285714285712059e-01
1.071428571428569149e-01
1.078571428571426238e-01
1.085714285714283328e-01
1.092857142857140418e-01
1.099999999999997508e-01
1.107142857142854597e-01
1.114285714285711687e-01
1.121428571428568777e-01
1.128571428571425866e-01
1.135714285714282956e-01
1.142857142857140046e-01
1.149999999999997136e-01
1.157142857142854225e-01
1.164285714285711315e-01
1.171428571428568405e-01
1.178571428571425495e-01
1.185714285714282584e-01
1.192857142857139674e-01
1.199999999999996764e-01
1.207142857142853853e-01
1.214285714285710943e-01
1.221428571428568033e-01
1.228571428571425123e-01
1.235714285714282212e-01
1.242857142857139302e-01
1.249999999999996392e-01
1.257142857142853620e-01
1.264285714285710849e-01
1.271428571428568077e-01
1.278571428571425306e-01
1.285714285714282534e-01
1.292857142857139763e-01
1.299999999999996991e-01
1.307142857142854220e-01
1.314285714285711448e-01
1.321428571428568677e-01
1.328571428571425905e-01
1.335714285714283134e-01
1.342857142857140362e-01
1.349999999999997591e-01
1.357142857142854819e-01
1.364285714285712048e-01
1.371428571428569276e-01
1.378571428571426505e-01
1.385714285714283733e-01
1.392857142857140962e-01
1.399999999999998190e-01
1.407142857142855419e-01
1.414285714285712647e-01
1.421428571428569876e-01
1.428571428571427104e-01
1.435714285714284333e-01
1.442857142857141561e-01
1.449999999999998790e-01
1.457142857142856018e-01
1.464285714285713247e-01
1.471428571428570475e-01
1.478571428571427704e-01
1.485714285714284932e-01
1.492857142857142161e-01
1.499999999999999389e-01
1.507142857142856618e-01
1.514285714285713846e-01
1.521428571428571075e-01
1.528571428571428303e-01
1.535714285714285532e-01
1.542857142857142760e-01
1.549999999999999989e-01
1.557142857142857217e-01
1.564285714285714446e-01
1.571428571428571674e-01
1.578571428571428903e-01
1.585714285714286131e-01
1.592857142857143360e-01
1.600000000000000588e-01
1.607142857142857817e-01
1.614285714285715045e-01
1.621428571428572274e-01
1.628571428571429502e-01
1.635714285714286731e-01
1.642857142857143959e-01
1.650000000000001188e-01
1.657142857142858416e-01
1.664285714285715645e-01
1.671428571428572873e-01
1.678571428571430102e-01
1.685714285714287330e-01
1.692857142857144559e-01
1.700000000000001787e-01
1.707142857142859016e-01
1.714285714285716244e-01
1.721428571428573473e-01
1.728571428571430701e-01
1.735714285714287930e-01
1.742857142857145158e-01
1.750000000000002387e-01
1.757142857142859615e-01
1.764285714285716844e-01
1.771428571428574072e-01
1.778571428571431301e-01
1.785714285714288529e-01
1.792857142857145758e-01
1.800000000000002986e-01
1.807142857142860215e-01
1.814285714285717444e-01
1.821428571428574672e-01
1.828571428571431901e-01
1.835714285714289129e-01
1.842857142857146358e-01
1.850000000000003586e-01
1.857142857142860815e-01
1.864285714285718043e-01
1.871428571428575272e-01
1.878571428571432500e-01
1.885714285714289729e-01
1.892857142857146957e-01
1.900000000000004186e-01
1.907142857142861414e-01
1.914285714285718643e-01
1.921428571428575871e-01
1.928571428571433100e-01
1.935714285714290328e-01
1.942857142857147557e-01
1.950000000000004785e-01
1.957142857142862014e-01
1.964285714285719242e-01
1.971428571428576471e-01
1.978571428571433699e-01
1.985714285714290928e-01
1.992857142857148156e-01
2.000000000000005385e-01
2.007142857142862613e-01
2.014285714285719842e-01
2.021428571428577070e-01
2.028571428571434299e-01
2.035714285714291527e-01
2.042857142857148756e-01
2.050000000000005984e-01
2.057142857142863213e-01
2.064285714285720441e-01
2.071428571428577670e-01
2.078571428571434898e-01
2.085714285714292127e-01
2.092857142857149355e-01
2.100000000000006584e-01
2.107142857142863812e-01
2.114285714285721041e-01
2.121428571428578269e-01
2.128571428571435498e-01
2.135714285714292726e-01
2.142857142857149955e-01
2.150000000000007183e-01
2.157142857142864412e-01
2.164285714285721640e-01
2.171428571428578869e-01
2.178571428571436097e-01
2.185714285714293326e-01
2.192857142857150554e-01
2.200000000000007783e-01
2.207142857142865011e-01
2.214285714285722240e-01
2.221428571428579468e-01
2.228571428571436697e-01
2.235714285714293925e-01
2.242857142857151154e-01
2.250000000000008382e-01
2.257142857142865611e-01
2.264285714285722839e-01
2.271428571428580068e-01
2.278571428571437296e-01
2.285714285714294525e-01
2.292857142857151753e-01
2.300000000000008982e-01
2.307142857142866210e-01
2.314285714285723439e-01
2.321428571428580667e-01
2.328571428571437896e-01
2.335714285714295124e-01
2.342857142857152353e-01
2.350000000000009581e-01
2.357142857142866810e-01
2.364285714285724038e-01
2.371428571428581267e-01
2.378571428571438495e-01
2.385714285714295724e-01
2.392857142857152952e-01
2.400000000000010181e-01
2.407142857142867409e-01
2.414285714285724638e-01
2.421428571428581866e-01
2.428571428571439095e-01
2.435714285714296323e-01
2.442857142857153552e-01
2.450000000000010780e-01
2.457142857142868009e-01
2.464285714285725237e-01
2.471428571428582466e-01
2.478571428571439694e-01
2.485714285714296923e-01
2.492857142857154151e-01
2.500000000000011102e-01
2.507142857142868331e-01
2.514285714285725559e-01
2.521428571428582788e-01
2.528571428571440016e-01
2.535714285714297245e-01
2.542857142857154473e-01
2.550000000000011702e-01
2.557142857142868930e-01
2.564285714285726159e-01
2.571428571428583387e-01
2.578571428571440616e-01
2.585714285714297844e-01
2.592857142857155073e-01
2.600000000000012301e-01
2.607142857142869530e-01
2.614285714285726758e-01
2.621428571428583987e-01
2.628571428571441215e-01
2.635714285714298444e-01
2.642857142857155672e-01
2.650000000000012901e-01
2.657142857142870129e-01
2.664285714285727358e-01
2.671428571428584586e-01
2.678571428571441815e-01
2.685714285714299043e-01
2.692857142857156272e-01
2.700000000000013500e-01
2.707142857142870729e-01
2.714285714285727957e-01
2.721428571428585186e-01
2.728571428571442414e-01
2.735714285714299643e-01
2.742857142857156871e-01
2.750000000000014100e-01
2.757142857142871328e-01
2.764285714285728557e-01
2.771428571428585785e-01
2.778571428571443014e-01
2.785714285714300242e-01
2.792857142857157471e-01
2.800000000000014699e-01
2.807142857142871928e-01
2.814285714285729156e-01
2.821428571428586385e-01
2.828571428571443613e-01
2.835714285714300842e-01
2.842857142857158070e-01
2.850000000000015299e-01
2.857142857142872527e-01
2.864285714285729756e-01
2.871428571428586984e-01
2.878571428571444213e-01
2.885714285714301441e-01
2.892857142857158670e-01
2.900000000000015898e-01
2.907142857142873127e-01
2.914285714285730355e-01
2.921428571428587584e-01
2.928571428571444812e-01
2.935714285714302041e-01
2.942857142857159269e-01
2.950000000000016498e-01
2.957142857142873726e-01
2.964285714285730955e-01
2.971428571428588183e-01
2.978571428571445412e-01
2.985714285714302640e-01
2.992857142857159869e-01
3.000000000000017097e-01
3.007142857142874326e-01
3.014285714285731554e-01
3.021428571428588783e-01
3.028571428571446011e-01
3.035714285714303240e-01
3.042857142857160468e-01
3.050000000000017697e-01
3.057142857142874925e-01
3.064285714285732154e-01
3.071428571428589382e-01
3.078571428571446611e-01
3.085714285714303839e-01
3.092857142857161068e-01
3.100000000000018296e-01
3.107142857142875525e-01
3.114285714285732753e-01
3.121428571428589982e-01
3.128571428571447210e-01
3.135714285714304439e-01
3.142857142857161667e-01
3.150000000000018896e-01
3.157142857142876124e-01
3.164285714285733353e-01
3.171428571428590582e-01
3.178571428571447810e-01
3.185714285714305039e-01
3.192857142857162267e-01
3.200000000000019496e-01
3.207142857142876724e-01
3.214285714285733953e-01
3.221428571428591181e-01
3.228571428571448410e-01
3.235714285714305638e-01
3.242857142857162867e-01
3.250000000000020095e-01
3.257142857142877324e-01
3.264285714285734552e-01
3.271428571428591781e-01
3.278571428571449009e-01
3.285714285714306238e-01
3.292857142857163466e-01
3.300000000000020695e-01
3.307142857142877923e-01
3.314285714285735152e-01
3.321428571428592380e-01
3.328571428571449609e-01
3.335714285714306837e-01
3.342857142857164066e-01
3.350000000000021294e-01
3.357142857142878523e-01
3.364285714285735751e-01
3.371428571428592980e-01
3.378571428571450208e-01
3.385714285714307437e-01
3.392857142857164665e-01
3.400000000000021894e-01
3.407142857142879122e-01
3.414285714285736351e-01
3.421428571428593579e-01
3.428571428571450808e-01
3.435714285714308036e-01
3.442857142857165265e-01
3.450000000000022493e-01
3.457142857142879722e-01
3.464285714285736950e-01
3.471428571428594179e-01
3.478571428571451407e-01
3.485714285714308636e-01
3.492857142857165864e-01
3.500000000000023093e-01
3.507142857142880321e-01
3.514285714285737550e-01
3.521428571428594778e-01
3.528571428571452007e-01
3.535714285714309235e-01
3.542857142857166464e-01
3.550000000000023692e-01
3.557142857142880921e-01
3.564285714285738149e-01
3.571428571428595378e-01
3.578571428571452606e-01
3.585714285714309835e-01
3.592857142857167063e-01
3.600000000000024292e-01
3.607142857142881520e-01
3.614285714285738749e-01
3.621428571428595977e-01
3.628571428571453206e-01
3.635714285714310434e-01
3.642857142857167663e-01
3.650000000000024891e-01
3.657142857142882120e-01
3.664285714285739348e-01
3.671428571428596577e-01
3.678571428571453805e-01
3.685714285714311034e-01
3.692857142857168262e-01
3.700000000000025491e-01
3.707142857142882719e-01
3.714285714285739948e-01
3.721428571428597176e-01
3.728571428571454405e-01
3.735714285714311633e-01
3.742857142857168862e-01
3.750000000000026090e-01
3.757142857142883319e-01
3.764285714285740547e-01
3.771428571428597776e-01
3.778571428571455004e-01
3.785714285714312233e-01
3.792857142857169461e-01
3.800000000000026690e-01
3.807142857142883918e-01
3.814285714285741147e-01
3.821428571428598375e-01
3.828571428571455604e-01
3.835714285714312832e-01
3.842857142857170061e-01
3.850000000000027289e-01
3.857142857142884518e-01
3.864285714285741746e-01
3.871428571428598975e-01
3.878571428571456203e-01
3.885714285714313432e-01
3.892857142857170660e-01
3.900000000000027889e-01
3.907142857142885117e-01
3.914285714285742346e-01
3.921428571428599574e-01
3.928571428571456803e-01
3.935714285714314031e-01
3.942857142857171260e-01
3.950000000000028488e-01
3.957142857142885717e-01
3.964285714285742945e-01
3.971428571428600174e-01
3.978571428571457402e-01
3.985714285714314631e-01
3.992857142857171859e-01
4.000000000000029088e-01
4.007142857142886316e-01
4.014285714285743545e-01
4.021428571428600773e-01
4.028571428571458002e-01
4.035714285714315230e-01
4.042857142857172459e-01
4.050000000000029687e-01
4.057142857142886916e-01
4.064285714285744144e-01
4.071428571428601373e-01
4.078571428571458601e-01
4.085714285714315830e-01
4.092857142857173058e-01
4.100000000000030287e-01
4.107142857142887515e-01
4.114285714285744744e-01
4.121428571428601972e-01
4.128571428571459201e-01
4.135714285714316429e-01
4.142857142857173658e-01
4.150000000000030886e-01
4.157142857142888115e-01
4.164285714285745343e-01
4.171428571428602572e-01
4.178571428571459800e-01
4.185714285714317029e-01
4.192857142857174257e-01
4.200000000000031486e-01
4.207142857142888714e-01
4.214285714285745943e-01
4.221428571428603171e-01
4.228571428571460400e-01
4.235714285714317628e-01
4.242857142857174857e-01
4.250000000000032085e-01
4.257142857142889314e-01
4.264285714285746542e-01
4.271428571428603771e-01
4.278571428571460999e-01
4.285714285714318228e-01
4.292857142857175456e-01
4.300000000000032685e-01
4.307142857142889913e-01
4.314285714285747142e-01
4.321428571428604370e-01
4.328571428571461599e-01
4.335714285714318827e-01
4.342857142857176056e-01
4.350000000000033284e-01
4.357142857142890513e-01
4.364285714285747741e-01
4.371428571428604970e-01
4.378571428571462198e-01
4.385714285714319427e-01
4.392857142857176656e-01
4.400000000000033884e-01
4.407142857142891113e-01
4.414285714285748341e-01
4.421428571428605570e-01
4.428571428571462798e-01
4.435714285714320027e-01
4.442857142857177255e-01
4.450000000000034484e-01
4.457142857142891712e-01
4.464285714285748941e-01
4.471428571428606169e-01
4.478571428571463398e-01
4.485714285714320626e-01
4.492857142857177855e-01
4.500000000000035083e-01
4.507142857142892312e-01
4.514285714285749540e-01
4.521428571428606769e-01
4.528571428571463997e-01
4.535714285714321226e-01
4.542857142857178454e-01
4.550000000000035683e-01
4.557142857142892911e-01
4.564285714285750140e-01
4.571428571428607368e-01
4.578571428571464597e-01
4.585714285714321825e-01
4.592857142857179054e-01
4.600000000000036282e-01
4.607142857142893511e-01
4.614285714285750739e-01
4.621428571428607968e-01
4.628571428571465196e-01
4.635714285714322425e-01
4.642857142857179653e-01
4.650000000000036882e-01
4.657142857142894110e-01
4.664285714285751339e-01
4.671428571428608567e-01
4.678571428571465796e-01
4.685714285714323024e-01
4.692857142857180253e-01
4.700000000000037481e-01
4.707142857142894710e-01
4.714285714285751938e-01
4.721428571428609167e-01
4.728571428571466395e-01
4.735714285714323624e-01
4.742857142857180852e-01
4.750000000000038081e-01
4.757142857142895309e-01
4.764285714285752538e-01
4.771428571428609766e-01
4.778571428571466995e-01
4.785714285714324223e-01
4.792857142857181452e-01
4.800000000000038680e-01
4.807142857142895909e-01
4.814285714285753137e-01
4.821428571428610366e-01
4.828571428571467594e-01
4.835714285714324823e-01
1.177573300062391415e-01
