0.000000000000000000e+00
1.219512195121951262e-02
2.439024390243902524e-02
3.658536585365854132e-02
4.878048780487805047e-02
6.097560975609755962e-02
7.317073170731706877e-02
8.536585365853657792e-02
9.756097560975608707e-02
1.097560975609755962e-01
1.219512195121951054e-01
1.341463414634146145e-01
1.463414634146341375e-01
1.585365853658536606e-01
1.707317073170731836e-01
1.829268292682927066e-01
1.951219512195122296e-01
2.073170731707317527e-01
2.195121951219512757e-01
2.317073170731707987e-01
2.439024390243903218e-01
2.560975609756098170e-01
2.682926829268293401e-01
2.804878048780488631e-01
2.926829268292683861e-01
3.048780487804879091e-01
3.170731707317074322e-01
3.292682926829269552e-01
3.414634146341464782e-01
3.536585365853660012e-01
3.658536585365855243e-01
3.780487804878050473e-01
3.902439024390245703e-01
4.024390243902440933e-01
1.784101174345077701e-01
