0.000000000000000000e+00
1.410437235543018312e-03
2.820874471086036624e-03
4.231311706629055369e-03
5.641748942172073247e-03
7.052186177715091125e-03
8.462623413258109004e-03
9.873060648801126882e-03
1.128349788434414476e-02
1.269393511988716264e-02
1.410437235543018052e-02
1.551480959097319839e-02
1.692524682651621801e-02
1.833568406205923762e-02
1.974612129760225723e-02
2.115655853314527685e-02
2.256699576868829646e-02
2.397743300423131607e-02
2.538787023977433568e-02
2.679830747531735530e-02
2.820874471086037491e-02
2.961918194640339452e-02
3.102961918194641414e-02
3.244005641748943375e-02
3.385049365303244989e-02
3.526093088857546604e-02
3.667136812411848218e-02
3.808180535966149832e-02
3.949224259520451447e-02
4.090267983074753061e-02
4.231311706629054675e-02
4.372355430183356290e-02
4.513399153737657904e-02
4.654442877291959518e-02
4.795486600846261133e-02
4.936530324400562747e-02
5.077574047954864361e-02
5.218617771509165976e-02
5.359661495063467590e-02
5.500705218617769204e-02
5.641748942172070819e-02
5.782792665726372433e-02
5.923836389280674047e-02
6.064880112834975662e-02
6.205923836389277276e-02
6.346967559943579584e-02
6.488011283497881199e-02
6.629055007052182813e-02
6.770098730606484427e-02
6.911142454160786042e-02
7.052186177715087656e-02
7.193229901269389270e-02
7.334273624823690885e-02
7.475317348377992499e-02
7.616361071932294113e-02
7.757404795486595728e-02
7.898448519040897342e-02
8.039492242595198956e-02
8.180535966149500571e-02
8.321579689703802185e-02
8.462623413258103799e-02
8.603667136812405414e-02
8.744710860366707028e-02
8.885754583921008642e-02
9.026798307475310257e-02
9.167842031029611871e-02
9.308885754583913485e-02
9.449929478138215100e-02
9.590973201692516714e-02
9.732016925246818329e-02
9.873060648801119943e-02
1.001410437235542156e-01
1.015514809590972317e-01
1.029619181946402479e-01
1.043723554301832640e-01
1.057827926657262801e-01
1.071932299012692963e-01
1.086036671368123124e-01
1.100141043723553286e-01
1.114245416078983447e-01
1.128349788434413609e-01
1.142454160789843770e-01
1.156558533145273931e-01
1.170662905500704093e-01
1.184767277856134254e-01
1.198871650211564416e-01
1.212976022566994577e-01
1.227080394922424739e-01
1.241184767277854900e-01
1.255289139633285200e-01
1.269393511988715362e-01
1.283497884344145523e-01
1.297602256699575685e-01
1.311706629055005846e-01
1.325811001410436007e-01
1.339915373765866169e-01
1.354019746121296330e-01
1.368124118476726492e-01
1.382228490832156653e-01
1.396332863187586815e-01
1.410437235543016976e-01
1.424541607898447138e-01
1.438645980253877299e-01
1.452750352609307460e-01
1.466854724964737622e-01
1.480959097320167783e-01
1.495063469675597945e-01
1.509167842031028106e-01
1.523272214386458268e-01
1.537376586741888429e-01
1.551480959097318590e-01
1.565585331452748752e-01
1.579689703808178913e-01
1.593794076163609075e-01
1.607898448519039236e-01
1.622002820874469398e-01
1.636107193229899559e-01
1.650211565585329720e-01
1.664315937940759882e-01
1.678420310296190043e-01
1.692524682651620205e-01
1.706629055007050366e-01
1.720733427362480528e-01
1.734837799717910689e-01
1.748942172073340851e-01
1.763046544428771012e-01
1.777150916784201173e-01
1.791255289139631335e-01
1.805359661495061496e-01
1.819464033850491658e-01
1.833568406205921819e-01
1.847672778561351981e-01
1.861777150916782142e-01
1.875881523272212303e-01
1.889985895627642465e-01
1.904090267983072626e-01
1.918194640338502788e-01
1.932299012693932949e-01
1.946403385049363111e-01
1.960507757404793272e-01
1.974612129760223433e-01
1.988716502115653595e-01
2.002820874471083756e-01
2.016925246826513918e-01
2.031029619181944079e-01
2.045133991537374241e-01
2.059238363892804402e-01
2.073342736248234564e-01
2.087447108603664725e-01
2.101551480959094886e-01
2.115655853314525048e-01
2.129760225669955209e-01
2.143864598025385371e-01
2.157968970380815532e-01
2.172073342736245694e-01
2.186177715091675855e-01
2.200282087447106016e-01
2.214386459802536178e-01
2.228490832157966339e-01
2.242595204513396501e-01
2.256699576868826662e-01
2.270803949224256824e-01
2.284908321579686985e-01
2.299012693935117146e-01
2.313117066290547308e-01
2.327221438645977469e-01
2.341325811001407631e-01
2.355430183356837792e-01
2.369534555712267954e-01
2.383638928067698115e-01
2.397743300423128276e-01
2.411847672778558438e-01
2.425952045133988599e-01
2.440056417489418761e-01
2.454160789844848922e-01
2.468265162200279084e-01
2.482369534555709245e-01
2.496473906911139407e-01
2.510578279266569846e-01
2.524682651622000007e-01
2.538787023977430168e-01
2.552891396332860330e-01
2.566995768688290491e-01
2.581100141043720653e-01
2.595204513399150814e-01
2.609308885754580976e-01
2.623413258110011137e-01
2.637517630465441298e-01
2.651622002820871460e-01
2.665726375176301621e-01
2.679830747531731783e-01
2.693935119887161944e-01
2.708039492242592106e-01
2.722143864598022267e-01
2.736248236953452428e-01
2.750352609308882590e-01
2.764456981664312751e-01
2.778561354019742913e-01
2.792665726375173074e-01
2.806770098730603236e-01
2.820874471086033397e-01
2.834978843441463559e-01
2.849083215796893720e-01
2.863187588152323881e-01
2.877291960507754043e-01
2.891396332863184204e-01
2.905500705218614366e-01
2.919605077574044527e-01
2.933709449929474689e-01
2.947813822284904850e-01
2.961918194640335011e-01
2.976022566995765173e-01
2.990126939351195334e-01
3.004231311706625496e-01
3.018335684062055657e-01
3.032440056417485819e-01
3.046544428772915980e-01
3.060648801128346141e-01
3.074753173483776303e-01
3.088857545839206464e-01
3.102961918194636626e-01
3.117066290550066787e-01
3.131170662905496949e-01
3.145275035260927110e-01
3.159379407616357271e-01
3.173483779971787433e-01
3.187588152327217594e-01
3.201692524682647756e-01
3.215796897038077917e-01
3.229901269393508079e-01
3.244005641748938240e-01
3.258110014104368402e-01
3.272214386459798563e-01
3.286318758815228724e-01
3.300423131170658886e-01
3.314527503526089047e-01
3.328631875881519209e-01
3.342736248236949370e-01
3.356840620592379532e-01
3.370944992947809693e-01
3.385049365303239854e-01
3.399153737658670016e-01
3.413258110014100177e-01
3.427362482369530339e-01
3.441466854724960500e-01
3.455571227080390662e-01
3.469675599435820823e-01
3.483779971791250984e-01
3.497884344146681146e-01
3.511988716502111307e-01
3.526093088857541469e-01
3.540197461212971630e-01
3.554301833568401792e-01
3.568406205923831953e-01
3.582510578279262115e-01
3.596614950634692276e-01
3.610719322990122437e-01
3.624823695345552599e-01
3.638928067700982760e-01
3.653032440056412922e-01
3.667136812411843083e-01
3.681241184767273245e-01
3.695345557122703406e-01
3.709449929478133567e-01
3.723554301833563729e-01
3.737658674188993890e-01
3.751763046544424052e-01
3.765867418899854213e-01
3.779971791255284375e-01
3.794076163610714536e-01
3.808180535966144697e-01
3.822284908321574859e-01
3.836389280677005020e-01
3.850493653032435182e-01
3.864598025387865343e-01
3.878702397743295505e-01
3.892806770098725666e-01
3.906911142454155828e-01
3.921015514809585989e-01
3.935119887165016150e-01
3.949224259520446312e-01
3.963328631875876473e-01
3.977433004231306635e-01
3.991537376586736796e-01
4.005641748942166958e-01
4.019746121297597119e-01
4.033850493653027280e-01
4.047954866008457442e-01
4.062059238363887603e-01
4.076163610719317765e-01
4.090267983074747926e-01
4.104372355430178088e-01
4.118476727785608249e-01
4.132581100141038410e-01
4.146685472496468572e-01
4.160789844851898733e-01
4.174894217207328895e-01
4.188998589562759056e-01
4.203102961918189218e-01
4.217207334273619379e-01
4.231311706629049540e-01
4.245416078984479702e-01
4.259520451339909863e-01
4.273624823695340025e-01
4.287729196050770186e-01
4.301833568406200348e-01
4.315937940761630509e-01
4.330042313117060671e-01
4.344146685472490832e-01
4.358251057827920993e-01
4.372355430183351155e-01
4.386459802538781316e-01
4.400564174894211478e-01
4.414668547249641639e-01
4.428772919605071801e-01
4.442877291960501962e-01
4.456981664315932123e-01
4.471086036671362285e-01
4.485190409026792446e-01
4.499294781382222608e-01
4.513399153737652769e-01
4.527503526093082931e-01
4.541607898448513092e-01
4.555712270803943253e-01
4.569816643159373415e-01
4.583921015514803576e-01
4.598025387870233738e-01
4.612129760225663899e-01
4.626234132581094061e-01
4.640338504936524222e-01
4.654442877291954384e-01
4.668547249647384545e-01
4.682651622002814706e-01
4.696755994358244868e-01
4.710860366713675029e-01
4.724964739069105191e-01
4.739069111424535352e-01
4.753173483779965514e-01
4.767277856135395675e-01
4.781382228490825836e-01
4.795486600846255998e-01
4.809590973201686159e-01
4.823695345557116321e-01
4.837799717912546482e-01
1.045671300960439309e-01
