0.000000000000000000e+00
1.600000000000000077e-03
3.200000000000000153e-03
4.800000000000000447e-03
6.400000000000000307e-03
8.000000000000000167e-03
9.600000000000000894e-03
1.120000000000000162e-02
1.280000000000000235e-02
1.440000000000000308e-02
1.600000000000000380e-02
1.760000000000000453e-02
1.920000000000000526e-02
2.080000000000000598e-02
2.240000000000000671e-02
2.400000000000000744e-02
2.560000000000000817e-02
2.720000000000000889e-02
2.880000000000000962e-02
3.040000000000001035e-02
3.200000000000000761e-02
3.360000000000000486e-02
3.520000000000000212e-02
3.679999999999999938e-02
3.839999999999999664e-02
3.999999999999999389e-02
4.159999999999999115e-02
4.319999999999998841e-02
4.479999999999998567e-02
4.639999999999998292e-02
4.799999999999998018e-02
4.959999999999997744e-02
5.119999999999997470e-02
5.279999999999997196e-02
5.439999999999996921e-02
5.599999999999996647e-02
5.759999999999996373e-02
5.919999999999996099e-02
6.079999999999995824e-02
6.239999999999995550e-02
6.399999999999995970e-02
6.559999999999996390e-02
6.719999999999996809e-02
6.879999999999997229e-02
7.039999999999997649e-02
7.199999999999998068e-02
7.359999999999998488e-02
7.519999999999998908e-02
7.679999999999999327e-02
7.839999999999999747e-02
8.000000000000000167e-02
8.160000000000000586e-02
8.320000000000001006e-02
8.480000000000001426e-02
8.640000000000001845e-02
8.800000000000002265e-02
8.960000000000002685e-02
9.120000000000003104e-02
9.280000000000003524e-02
9.440000000000003944e-02
9.600000000000004363e-02
9.760000000000004783e-02
9.920000000000005203e-02
1.008000000000000562e-01
1.024000000000000604e-01
1.040000000000000646e-01
1.056000000000000688e-01
1.072000000000000730e-01
1.088000000000000772e-01
1.104000000000000814e-01
1.120000000000000856e-01
1.136000000000000898e-01
1.152000000000000940e-01
1.168000000000000982e-01
1.184000000000001024e-01
1.200000000000001066e-01
1.216000000000001108e-01
1.232000000000001150e-01
1.248000000000001192e-01
1.264000000000001234e-01
1.280000000000001137e-01
1.296000000000001040e-01
1.312000000000000943e-01
1.328000000000000846e-01
1.344000000000000750e-01
1.360000000000000653e-01
1.376000000000000556e-01
1.392000000000000459e-01
1.408000000000000362e-01
1.424000000000000266e-01
1.440000000000000169e-01
1.456000000000000072e-01
1.471999999999999975e-01
1.487999999999999878e-01
1.503999999999999782e-01
1.519999999999999685e-01
1.535999999999999588e-01
1.551999999999999491e-01
1.567999999999999394e-01
1.583999999999999297e-01
1.599999999999999201e-01
1.615999999999999104e-01
1.631999999999999007e-01
1.647999999999998910e-01
1.663999999999998813e-01
1.679999999999998717e-01
1.695999999999998620e-01
1.711999999999998523e-01
1.727999999999998426e-01
1.743999999999998329e-01
1.759999999999998233e-01
1.775999999999998136e-01
1.791999999999998039e-01
1.807999999999997942e-01
1.823999999999997845e-01
1.839999999999997748e-01
1.855999999999997652e-01
1.871999999999997555e-01
1.887999999999997458e-01
1.903999999999997361e-01
1.919999999999997264e-01
1.935999999999997168e-01
1.951999999999997071e-01
1.967999999999996974e-01
1.983999999999996877e-01
1.999999999999996780e-01
2.015999999999996684e-01
2.031999999999996587e-01
2.047999999999996490e-01
2.063999999999996393e-01
2.079999999999996296e-01
2.095999999999996199e-01
2.111999999999996103e-01
2.127999999999996006e-01
2.143999999999995909e-01
2.159999999999995812e-01
2.175999999999995715e-01
2.191999999999995619e-01
2.207999999999995522e-01
2.223999999999995425e-01
2.239999999999995328e-01
2.255999999999995231e-01
2.271999999999995135e-01
2.287999999999995038e-01
2.303999999999994941e-01
2.319999999999994844e-01
2.335999999999994747e-01
2.351999999999994651e-01
2.367999999999994554e-01
2.383999999999994457e-01
2.399999999999994360e-01
2.415999999999994263e-01
2.431999999999994166e-01
2.447999999999994070e-01
2.463999999999993973e-01
2.479999999999993876e-01
2.495999999999993779e-01
2.511999999999993682e-01
2.527999999999993586e-01
2.543999999999993489e-01
2.559999999999993392e-01
2.575999999999993295e-01
2.591999999999993198e-01
2.607999999999993102e-01
2.623999999999993005e-01
2.639999999999992908e-01
2.655999999999992811e-01
2.671999999999992714e-01
2.687999999999992617e-01
2.703999999999992521e-01
2.719999999999992424e-01
2.735999999999992327e-01
2.751999999999992230e-01
2.767999999999992133e-01
2.783999999999992037e-01
2.799999999999991940e-01
2.815999999999991843e-01
2.831999999999991746e-01
2.847999999999991649e-01
2.863999999999991553e-01
2.879999999999991456e-01
2.895999999999991359e-01
2.911999999999991262e-01
2.927999999999991165e-01
2.943999999999991068e-01
2.959999999999990972e-01
2.975999999999990875e-01
2.991999999999990778e-01
3.007999999999990681e-01
3.023999999999990584e-01
3.039999999999990488e-01
3.055999999999990391e-01
3.071999999999990294e-01
3.087999999999990197e-01
3.103999999999990100e-01
3.119999999999990004e-01
3.135999999999989907e-01
3.151999999999989810e-01
3.167999999999989713e-01
3.183999999999989616e-01
3.199999999999989519e-01
3.215999999999989423e-01
3.231999999999989326e-01
3.247999999999989229e-01
1.405148514851481747e-02
