0.000000000000000000e+00
1.190476190476190410e-02
2.380952380952380820e-02
3.571428571428571230e-02
4.761904761904761640e-02
5.952380952380952051e-02
7.142857142857142461e-02
8.333333333333332871e-02
9.523809523809523281e-02
1.071428571428571369e-01
1.190476190476190410e-01
1.309523809523809312e-01
1.428571428571428492e-01
1.547619047619047672e-01
1.666666666666666852e-01
1.785714285714286031e-01
1.904761904761905211e-01
2.023809523809524391e-01
2.142857142857143571e-01
2.261904761904762751e-01
2.380952380952381930e-01
2.500000000000001110e-01
2.619047619047620290e-01
2.738095238095239470e-01
2.857142857142858650e-01
2.976190476190477829e-01
3.095238095238097009e-01
3.214285714285716189e-01
3.333333333333335369e-01
3.452380952380954549e-01
3.571428571428573728e-01
3.690476190476192908e-01
3.809523809523812088e-01
3.928571428571431268e-01
4.047619047619050447e-01
4.166666666666669627e-01
4.285714285714288807e-01
4.404761904761907987e-01
4.523809523809527167e-01
4.642857142857146346e-01
4.761904761904765526e-01
4.880952380952384706e-01
1.208900226757370494e-01
