0.000000000000000000e+00
1.795332136445242435e-03
3.590664272890484870e-03
5.385996409335727306e-03
7.181328545780969741e-03
8.976660682226212176e-03
1.077199281867145461e-02
1.256732495511669705e-02
1.436265709156193948e-02
1.615798922800718018e-02
1.795332136445242088e-02
1.974865350089766158e-02
2.154398563734290228e-02
2.333931777378814298e-02
2.513464991023338369e-02
2.692998204667862439e-02
2.872531418312386509e-02
3.052064631956910579e-02
3.231597845601434649e-02
3.411131059245958719e-02
3.590664272890482789e-02
3.770197486535006859e-02
3.949730700179530929e-02
4.129263913824054999e-02
4.308797127468579069e-02
4.488330341113103139e-02
4.667863554757627209e-02
4.847396768402151279e-02
5.026929982046675349e-02
5.206463195691199419e-02
5.385996409335723489e-02
5.565529622980247559e-02
5.745062836624771629e-02
5.924596050269295699e-02
6.104129263913819770e-02
6.283662477558343840e-02
6.463195691202867910e-02
6.642728904847391980e-02
6.822262118491916050e-02
7.001795332136440120e-02
7.181328545780964190e-02
7.360861759425488260e-02
7.540394973070012330e-02
7.719928186714536400e-02
7.899461400359060470e-02
8.078994614003584540e-02
8.258527827648108610e-02
8.438061041292632680e-02
8.617594254937156750e-02
8.797127468581680820e-02
8.976660682226204890e-02
9.156193895870728960e-02
9.335727109515253030e-02
9.515260323159777101e-02
9.694793536804301171e-02
9.874326750448825241e-02
1.005385996409334931e-01
1.023339317773787338e-01
1.041292639138239745e-01
1.059245960502692152e-01
1.077199281867144559e-01
1.095152603231596966e-01
1.113105924596049373e-01
1.131059245960501780e-01
1.149012567324954187e-01
1.166965888689406594e-01
1.184919210053859001e-01
1.202872531418311408e-01
1.220825852782763815e-01
1.238779174147216222e-01
1.256732495511668768e-01
1.274685816876121314e-01
1.292639138240573859e-01
1.310592459605026405e-01
1.328545780969478951e-01
1.346499102333931497e-01
1.364452423698384043e-01
1.382405745062836588e-01
1.400359066427289134e-01
1.418312387791741680e-01
1.436265709156194226e-01
1.454219030520646772e-01
1.472172351885099317e-01
1.490125673249551863e-01
1.508078994614004409e-01
1.526032315978456955e-01
1.543985637342909500e-01
1.561938958707362046e-01
1.579892280071814592e-01
1.597845601436267138e-01
1.615798922800719684e-01
1.633752244165172229e-01
1.651705565529624775e-01
1.669658886894077321e-01
1.687612208258529867e-01
1.705565529622982412e-01
1.723518850987434958e-01
1.741472172351887504e-01
1.759425493716340050e-01
1.777378815080792596e-01
1.795332136445245141e-01
1.813285457809697687e-01
1.831238779174150233e-01
1.849192100538602779e-01
1.867145421903055325e-01
1.885098743267507870e-01
1.903052064631960416e-01
1.921005385996412962e-01
1.938958707360865508e-01
1.956912028725318053e-01
1.974865350089770599e-01
1.992818671454223145e-01
2.010771992818675691e-01
2.028725314183128237e-01
2.046678635547580782e-01
2.064631956912033328e-01
2.082585278276485874e-01
2.100538599640938420e-01
2.118491921005390966e-01
2.136445242369843511e-01
2.154398563734296057e-01
2.172351885098748603e-01
2.190305206463201149e-01
2.208258527827653694e-01
2.226211849192106240e-01
2.244165170556558786e-01
2.262118491921011332e-01
2.280071813285463878e-01
2.298025134649916423e-01
2.315978456014368969e-01
2.333931777378821515e-01
2.351885098743274061e-01
2.369838420107726606e-01
2.387791741472179152e-01
2.405745062836631698e-01
2.423698384201084244e-01
2.441651705565536790e-01
2.459605026929989335e-01
2.477558348294441881e-01
2.495511669658894427e-01
2.513464991023346973e-01
2.531418312387799241e-01
2.549371633752251509e-01
2.567324955116703777e-01
2.585278276481156046e-01
2.603231597845608314e-01
2.621184919210060582e-01
2.639138240574512850e-01
2.657091561938965119e-01
2.675044883303417387e-01
2.692998204667869655e-01
2.710951526032321923e-01
2.728904847396774191e-01
2.746858168761226460e-01
2.764811490125678728e-01
2.782764811490130996e-01
2.800718132854583264e-01
2.818671454219035533e-01
2.836624775583487801e-01
2.854578096947940069e-01
2.872531418312392337e-01
2.890484739676844606e-01
2.908438061041296874e-01
2.926391382405749142e-01
2.944344703770201410e-01
2.962298025134653678e-01
2.980251346499105947e-01
2.998204667863558215e-01
3.016157989228010483e-01
3.034111310592462751e-01
3.052064631956915020e-01
3.070017953321367288e-01
3.087971274685819556e-01
3.105924596050271824e-01
3.123877917414724092e-01
3.141831238779176361e-01
3.159784560143628629e-01
3.177737881508080897e-01
3.195691202872533165e-01
3.213644524236985434e-01
3.231597845601437702e-01
3.249551166965889970e-01
3.267504488330342238e-01
3.285457809694794507e-01
3.303411131059246775e-01
3.321364452423699043e-01
3.339317773788151311e-01
3.357271095152603579e-01
3.375224416517055848e-01
3.393177737881508116e-01
3.411131059245960384e-01
3.429084380610412652e-01
3.447037701974864921e-01
3.464991023339317189e-01
3.482944344703769457e-01
3.500897666068221725e-01
3.518850987432673993e-01
3.536804308797126262e-01
3.554757630161578530e-01
3.572710951526030798e-01
3.590664272890483066e-01
3.608617594254935335e-01
3.626570915619387603e-01
3.644524236983839871e-01
3.662477558348292139e-01
3.680430879712744408e-01
3.698384201077196676e-01
3.716337522441648944e-01
3.734290843806101212e-01
3.752244165170553480e-01
3.770197486535005749e-01
3.788150807899458017e-01
3.806104129263910285e-01
3.824057450628362553e-01
3.842010771992814822e-01
3.859964093357267090e-01
3.877917414721719358e-01
3.895870736086171626e-01
3.913824057450623894e-01
3.931777378815076163e-01
3.949730700179528431e-01
3.967684021543980699e-01
3.985637342908432967e-01
4.003590664272885236e-01
4.021543985637337504e-01
4.039497307001789772e-01
4.057450628366242040e-01
4.075403949730694309e-01
4.093357271095146577e-01
4.111310592459598845e-01
4.129263913824051113e-01
4.147217235188503381e-01
4.165170556552955650e-01
4.183123877917407918e-01
4.201077199281860186e-01
4.219030520646312454e-01
8.441259851335319864e-02
