0.000000000000000000e+00
2.004008016032063962e-03
4.008016032064127925e-03
6.012024048096191453e-03
8.016032064128255849e-03
1.002004008016032024e-02
1.202404809619238464e-02
1.402805611222444904e-02
1.603206412825651170e-02
1.803607214428857436e-02
2.004008016032063702e-02
2.204408817635269968e-02
2.404809619238476234e-02
2.605210420841682500e-02
2.805611222444888767e-02
3.006012024048095033e-02
3.206412825651301646e-02
3.406813627254508259e-02
3.607214428857714872e-02
3.807615230460921485e-02
4.008016032064128098e-02
4.208416833667334711e-02
4.408817635270541324e-02
4.609218436873747937e-02
4.809619238476954550e-02
5.010020040080161163e-02
5.210420841683367776e-02
5.410821643286574389e-02
5.611222444889781003e-02
5.811623246492987616e-02
6.012024048096194229e-02
6.212424849699400842e-02
6.412825651302607455e-02
6.613226452905814068e-02
6.813627254509020681e-02
7.014028056112227294e-02
7.214428857715433907e-02
7.414829659318640520e-02
7.615230460921847133e-02
7.815631262525053746e-02
8.016032064128260359e-02
8.216432865731466972e-02
8.416833667334673585e-02
8.617234468937880199e-02
8.817635270541086812e-02
9.018036072144293425e-02
9.218436873747500038e-02
9.418837675350706651e-02
9.619238476953913264e-02
9.819639278557119877e-02
1.002004008016032649e-01
1.022044088176353310e-01
1.042084168336673972e-01
1.062124248496994633e-01
1.082164328657315294e-01
1.102204408817635956e-01
1.122244488977956617e-01
1.142284569138277278e-01
1.162324649298597939e-01
1.182364729458918601e-01
1.202404809619239262e-01
1.222444889779559923e-01
1.242484969939880585e-01
1.262525050100201107e-01
1.282565130260521769e-01
1.302605210420842430e-01
1.322645290581163091e-01
1.342685370741483752e-01
1.362725450901804414e-01
1.382765531062125075e-01
1.402805611222445736e-01
1.422845691382766398e-01
1.442885771543087059e-01
1.462925851703407720e-01
1.482965931863728382e-01
1.503006012024049043e-01
1.523046092184369704e-01
1.543086172344690365e-01
1.563126252505011027e-01
1.583166332665331688e-01
1.603206412825652349e-01
1.623246492985973011e-01
1.643286573146293672e-01
1.663326653306614333e-01
1.683366733466934995e-01
1.703406813627255656e-01
1.723446893787576317e-01
1.743486973947896979e-01
1.763527054108217640e-01
1.783567134268538301e-01
1.803607214428858962e-01
1.823647294589179624e-01
1.843687374749500285e-01
1.863727454909820946e-01
1.883767535070141608e-01
1.903807615230462269e-01
1.923847695390782930e-01
1.943887775551103592e-01
1.963927855711424253e-01
1.983967935871744914e-01
2.004008016032065576e-01
2.024048096192386237e-01
2.044088176352706898e-01
2.064128256513027559e-01
2.084168336673348221e-01
2.104208416833668882e-01
2.124248496993989543e-01
2.144288577154310205e-01
2.164328657314630866e-01
2.184368737474951527e-01
2.204408817635272189e-01
2.224448897795592850e-01
2.244488977955913511e-01
2.264529058116234173e-01
2.284569138276554834e-01
2.304609218436875495e-01
2.324649298597196156e-01
2.344689378757516818e-01
2.364729458917837479e-01
2.384769539078158140e-01
2.404809619238478802e-01
2.424849699398799463e-01
2.444889779559120124e-01
2.464929859719440786e-01
2.484969939879761447e-01
2.505010020040082108e-01
2.525050100200402770e-01
2.545090180360723431e-01
2.565130260521044092e-01
2.585170340681364753e-01
2.605210420841685415e-01
2.625250501002006076e-01
2.645290581162326737e-01
2.665330661322647399e-01
2.685370741482968060e-01
2.705410821643288721e-01
2.725450901803609383e-01
2.745490981963930044e-01
2.765531062124250705e-01
2.785571142284571367e-01
2.805611222444892028e-01
2.825651302605212689e-01
2.845691382765533350e-01
2.865731462925854012e-01
2.885771543086174673e-01
2.905811623246495334e-01
2.925851703406815996e-01
2.945891783567136657e-01
2.965931863727457318e-01
2.985971943887777980e-01
3.006012024048098641e-01
3.026052104208419302e-01
3.046092184368739963e-01
3.066132264529060625e-01
3.086172344689381286e-01
3.106212424849701947e-01
3.126252505010022609e-01
3.146292585170343270e-01
3.166332665330663931e-01
3.186372745490984593e-01
3.206412825651305254e-01
3.226452905811625915e-01
3.246492985971946577e-01
3.266533066132267238e-01
3.286573146292587899e-01
3.306613226452908560e-01
3.326653306613229222e-01
3.346693386773549883e-01
3.366733466933870544e-01
3.386773547094191206e-01
3.406813627254511867e-01
3.426853707414832528e-01
3.446893787575153190e-01
3.466933867735473851e-01
3.486973947895794512e-01
3.507014028056115174e-01
3.527054108216435835e-01
3.547094188376756496e-01
3.567134268537077157e-01
3.587174348697397819e-01
3.607214428857718480e-01
3.627254509018039141e-01
3.647294589178359803e-01
3.667334669338680464e-01
3.687374749499001125e-01
3.707414829659321787e-01
3.727454909819642448e-01
3.747494989979963109e-01
3.767535070140283771e-01
3.787575150300604432e-01
3.807615230460925093e-01
3.827655310621245754e-01
3.847695390781566416e-01
3.867735470941887077e-01
3.887775551102207738e-01
3.907815631262528400e-01
3.927855711422849061e-01
3.947895791583169722e-01
3.967935871743490384e-01
3.987975951903811045e-01
4.008016032064131706e-01
4.028056112224452368e-01
9.742376318902822019e-02
