1.000000000000000000e+00
9.827586206896551380e-01
9.741379310344827624e-01
9.568965517241379004e-01
9.482758620689655249e-01
9.396551724137931494e-01
9.224137931034482873e-01
8.965517241379310498e-01
8.879310344827586743e-01
8.448275862068965747e-01
8.362068965517240882e-01
8.017241379310344751e-01
7.931034482758620996e-01
7.758620689655172376e-01
7.155172413793103869e-01
7.068965517241379004e-01
6.982758620689655249e-01
5.258620689655172376e-01
5.172413793103448620e-01
4.827586206896551935e-01
4.396551724137930939e-01
4.310344827586206629e-01
4.137931034482758563e-01
3.017241379310344751e-01
2.931034482758620441e-01
2.931034482758620441e-01
2.931034482758620441e-01
2.931034482758620441e-01
2.931034482758620441e-01
2.931034482758620441e-01
2.758620689655172376e-01
2.758620689655172376e-01
2.758620689655172376e-01
2.758620689655172376e-01
2.241379310344827624e-01
8.620689655172414367e-02
8.620689655172414367e-02
8.620689655172414367e-02
8.620689655172414367e-02
8.620689655172414367e-02
8.620689655172414367e-02
8.620689655172414367e-02
8.620689655172414367e-02
8.620689655172414367e-02
5.172413793103448204e-02
5.172413793103448204e-02
5.172413793103448204e-02
5.172413793103448204e-02
5.172413793103448204e-02
5.172413793103448204e-02
5.172413793103448204e-02
5.172413793103448204e-02
3.448275862068965469e-02
3.448275862068965469e-02
3.448275862068965469e-02
3.448275862068965469e-02
3.448275862068965469e-02
3.448275862068965469e-02
