1.000000000000000000e+00
9.166666666666666297e-01
8.611111111111111605e-01
8.472222222222222099e-01
8.333333333333333703e-01
8.194444444444444198e-01
5.416666666666666297e-01
3.611111111111111049e-01
3.472222222222222099e-01
1.527777777777777901e-01
9.722222222222222376e-02
6.944444444444444753e-02
6.944444444444444753e-02
2.777777777777777624e-02
2.777777777777777624e-02
2.777777777777777624e-02
2.777777777777777624e-02
2.777777777777777624e-02
2.777777777777777624e-02
2.777777777777777624e-02
1.388888888888888812e-02
