0.000000000000000000e+00
2.703430313957501862e-04
4.916413755653665845e-04
8.355774052634485586e-04
1.032119698651818435e-03
1.351663222052488719e-03
1.621902383595714807e-03
1.867697103915266993e-03
2.064343267156161076e-03
2.383834855630569474e-03
2.555880772869003562e-03
2.801675493188555965e-03
3.047418278581846048e-03
3.194812014891558038e-03
3.465206981213570219e-03
3.686245650751875883e-03
3.956536747221363857e-03
4.325332697553216019e-03
4.644772351101361663e-03
4.767669711261138081e-03
5.038012742656887942e-03
5.406652888209954010e-03
5.775344968689282397e-03
5.947287016075192279e-03
6.242074488694616258e-03
6.463217028085446562e-03
6.831597499007201896e-03
7.028139792395571989e-03
7.175637398557808619e-03
7.396779937948638924e-03
7.593322231337009016e-03
7.814516705654101641e-03
7.962014311816338272e-03
8.355046963666816137e-03
8.748183485369818643e-03
9.043074827841767263e-03
9.338018105239978203e-03
9.559212579557069961e-03
9.755806807871702374e-03
1.002604596941492759e-02
1.027189262466074275e-02
1.056652429250137977e-02
1.093516443805444584e-02
1.132835289468371066e-02
1.167244472916057971e-02
1.206573705564236744e-02
1.226243515380952449e-02
1.250817793920281501e-02
1.275392072459610553e-02
1.302436762584438003e-02
1.322106572401153708e-02
1.346675657447856528e-02
1.371270709957690334e-02
1.388464914696281409e-02
1.408129531020370882e-02
1.435148253682067346e-02
1.467102606022134374e-02
1.494126522176456896e-02
1.511320726915047971e-02
1.533429787361504683e-02
1.553089210192967924e-02
1.575203464132050868e-02
1.614517116302351118e-02
1.641541032456673641e-02
1.651370743872405261e-02
1.678405047011980247e-02
1.700519300951063364e-02
1.722623167904894018e-02
1.749652277551842772e-02
1.766862062768312369e-02
1.784071847984781967e-02
1.803731270816245208e-02
1.833220405063440070e-02
1.862714732803261164e-02
1.887278624357337925e-02
1.906938047188801166e-02
1.938871625558363440e-02
1.958531048389826681e-02
1.983105326929155560e-02
2.012594461176350422e-02
2.024894584177580614e-02
2.044554007009043856e-02
2.066673454440753205e-02
2.096167782180574299e-02
2.113367180411791432e-02
2.133026603243254674e-02
2.150226001474471807e-02
2.167435786690941404e-02
2.184640378414784770e-02
2.209214656954113648e-02
2.219044368369845269e-02
2.248523115631787667e-02
2.273102587663742777e-02
2.285387130187094273e-02
2.305041359525931283e-02
2.319785926649528540e-02
2.344360205188857418e-02
2.368934483728186297e-02
2.378759001651291685e-02
2.423003090007336269e-02
2.445132924424298082e-02
2.486896214209591977e-02
2.511470492748920855e-02
2.545890063181860050e-02
2.570474728706441392e-02
2.602403113583377434e-02
2.631892247830572296e-02
2.646636814954169553e-02
2.678575586816358059e-02
2.717899625971910774e-02
2.730189361987888502e-02
2.754753253541965263e-02
2.776888281451552962e-02
2.796563284760894899e-02
2.830962081223329166e-02
2.862906046578143904e-02
2.894860398918210759e-02
2.919434677457539637e-02
2.934179244581136894e-02
2.948923811704734152e-02
2.983338188645047115e-02
2.990707875460532628e-02
3.010367298291995869e-02
3.030037108108711574e-02
3.059531435848532668e-02
3.084095327402609082e-02
3.101305112619078680e-02
3.120959341957915689e-02
3.152908500805356312e-02
3.172562730144193321e-02
3.204506695499007712e-02
3.238921072439320675e-02
3.268405013193888958e-02
3.292989678718470647e-02
3.324923257088032574e-02
3.334758161996390080e-02
3.359322053550466841e-02
3.381446694474802422e-02
3.415871458400367849e-02
3.425701169816099123e-02
3.440456123924948845e-02
3.474849726894756879e-02
3.501884030034332212e-02
3.531367970788900496e-02
3.551022200127737505e-02
3.565756380266082298e-02
3.592769909435152703e-02
3.617344187974481928e-02
3.627173899390213202e-02
3.649293346821922551e-02
3.661572695852647469e-02
3.686157361377229158e-02
3.718122100702548477e-02
3.735321498933765610e-02
3.762340221595462247e-02
3.801679841228893658e-02
3.826259313260849115e-02
3.848383954185184697e-02
3.868048570509274170e-02
3.890147243970478591e-02
3.907351835694321956e-02
3.924546040432912858e-02
3.961378894032462072e-02
3.981038316863925314e-02
4.012971895233487241e-02
4.025261631249464622e-02
4.062136032790023693e-02
4.081790262128860702e-02
4.091619973544591976e-02
4.108829758761061574e-02
4.130949206192770923e-02
4.160448727425217902e-02
4.172738463441195284e-02
4.204698009273888371e-02
4.226817456705597720e-02
4.251386541752300713e-02
4.268585939983517846e-02
4.300529905338332237e-02
4.317734497062175603e-02
4.349678462416989994e-02
4.371803103341325575e-02
4.381632814757056849e-02
4.401292237588520090e-02
4.428342121205973425e-02
4.455386811330800528e-02
4.472575822576765198e-02
4.497155294608720655e-02
4.521729573148049880e-02
4.558588394210730255e-02
4.580713035135065836e-02
4.607752531767267401e-02
4.627401567613478178e-02
4.659355919953545033e-02
4.683940585478126722e-02
4.701145177201970088e-02
4.715894937818193577e-02
4.738003998264650463e-02
4.750293734280627844e-02
4.772418375204963426e-02
4.814192051975509784e-02
4.828941812591733274e-02
4.846146404315576639e-02
4.865805827147039880e-02
4.897754985994480503e-02
4.917409215333317513e-02
4.934598226579282182e-02
4.956722867503617763e-02
4.986222388736064742e-02
5.010781086797515271e-02
5.040280608029962250e-02
5.047655488338074342e-02
5.074669017507144747e-02
5.104147764769086798e-02
5.111527838569825122e-02
5.136096923616528115e-02
5.160676395648483572e-02
5.185255867680439029e-02
5.202465652896908627e-02
5.229515536514361962e-02
5.259009864254182709e-02
5.271294406777533859e-02
5.308148034347588001e-02
5.347466880010514484e-02
5.362216640626737973e-02
5.386775338688188502e-02
5.406424374534399280e-02
5.435913508781593795e-02
5.462937424935916664e-02
5.494881390290731055e-02
5.512080788521948188e-02
5.534200235953657537e-02
5.556324876877993119e-02
5.588274035725433742e-02
5.607954232527401911e-02
5.639887810896963838e-02
5.664456895943666831e-02
5.686576343375376180e-02
5.708700984299711761e-02
5.743094587269519796e-02
5.777514157702458991e-02
5.809463316549899614e-02
5.831582763981608963e-02
5.851231799827819741e-02
5.883180958675260364e-02
5.905295212614343481e-02
5.927414660046052830e-02
5.939699202569403980e-02
5.961834230478992025e-02
5.986408509018321250e-02
6.008522762957404367e-02
6.030642210389113717e-02
6.047857189098209546e-02
6.069966249544666431e-02
6.097000552684241764e-02
6.104375432992353856e-02
6.119114806623324881e-02
6.138774229454788123e-02
6.155968434193379024e-02
6.170713001316976282e-02
6.192816868270806935e-02
6.207561435394404192e-02
6.224771220610873790e-02
6.244441030427589495e-02
6.266570864844550615e-02
6.300974854799611113e-02
6.330458795554179396e-02
6.352567856000636282e-02
6.367312423124234233e-02
6.401700832601416036e-02
6.426280304633370799e-02
6.458239850466064580e-02
6.497553502636364831e-02
6.519672950068074180e-02
6.546696866222397049e-02
6.576201580947470260e-02
6.608150739794911577e-02
6.632725018334240108e-02
6.664684564166933889e-02
6.672054250982419055e-02
6.706447853952227089e-02
6.723657639168696687e-02
6.743327448985411698e-02
6.762986871816874246e-02
6.792491586541947457e-02
6.812161396358662468e-02
6.826895576497007956e-02
6.861278792481563527e-02
6.880943408805652306e-02
6.898148000529495671e-02
6.915352592253339037e-02
6.944852113485786016e-02
6.959601874102010199e-02
6.984176152641338731e-02
6.998910332779684218e-02
7.035779540827616363e-02
7.065263481582184646e-02
7.082457686320775547e-02
7.094737035351500465e-02
7.129135831813934732e-02
7.161069410183497352e-02
7.185638495230199652e-02
7.202848280446669249e-02
7.222507703278131796e-02
7.244621957217214914e-02
7.264286573541303693e-02
7.286406020973013042e-02
7.296240925881371242e-02
7.320815204420699773e-02
7.328184891236184939e-02
7.340479820744788553e-02
7.374889004192475284e-02
7.392098789408944881e-02
7.421593117148765628e-02
7.446172589180720391e-02
7.478121748028161708e-02
7.507616075767982455e-02
7.522360642891580407e-02
7.546924534445656474e-02
7.578868499800471559e-02
7.600972366754302212e-02
7.637810413846478352e-02
7.669754379201293437e-02
7.684498946324891389e-02
7.696783488848242538e-02
7.728737841188310087e-02
7.753317313220264850e-02
7.785250891589827471e-02
7.809830363621782234e-02
7.834404642161110766e-02
7.839314304376350517e-02
7.861433751808059867e-02
7.878627956546650768e-02
7.910582308886718317e-02
7.930252118703433328e-02
7.947456710427276694e-02
7.974480626581599563e-02
7.999065292106180558e-02
8.023644764138135321e-02
8.062953222815809340e-02
8.087527501355137871e-02
8.112096586401840170e-02
8.144030164771402791e-02
8.168609636803357554e-02
8.178428961233837058e-02
8.205452877388159927e-02
8.222657469112003292e-02
8.259526677159936825e-02
8.281651318084272406e-02
8.306225596623600937e-02
8.333275480241054967e-02
8.360309783380630300e-02
8.382418843827087185e-02
8.399618242058304318e-02
8.431551820427866939e-02
8.453686848337454984e-02
8.478255933384157284e-02
8.500380574308492865e-02
8.529859321570434916e-02
8.556878044232131553e-02
8.588842783557451566e-02
8.606057762266547395e-02
8.638001727621362480e-02
8.655201125852579613e-02
8.692049559930008218e-02
8.716634225454589213e-02
8.751027828424397248e-02
8.775607300456352011e-02
8.790346674087323731e-02
8.810016483904038742e-02
8.827221075627882108e-02
8.846880498459344655e-02
8.878824463814159740e-02
8.886199344122271138e-02
8.903398742353488271e-02
8.937792345323296306e-02
8.972196335278356805e-02
9.001690663018177552e-02
9.023799723464634437e-02
9.048379195496589200e-02
9.068033424835425516e-02
9.087698041159514295e-02
9.109817488591223644e-02
9.119642006514329380e-02
9.151596358854396929e-02
9.166340925977994880e-02
9.193380422610196445e-02
9.208119796241168165e-02
9.244978617303849233e-02
9.264643233627938013e-02
9.286747100581768666e-02
9.303946498812985799e-02
9.318691065936583751e-02
9.345725369076159084e-02
9.365389985400247863e-02
9.392419095047196964e-02
9.416982986601273031e-02
9.431732747217497215e-02
9.463666325587059835e-02
9.495615484434501152e-02
9.520194956466455916e-02
9.552149308806523464e-02
9.571808731637986012e-02
9.589002936376576913e-02
9.611111996823033798e-02
9.628311395054250932e-02
9.643055962177848883e-02
9.670085071824797984e-02
9.692194132271254869e-02
9.729052953333935938e-02
9.748712376165398485e-02
9.773276267719474553e-02
9.802760208474042836e-02
9.827344873998623831e-02
9.854363596660320468e-02
9.881382319322017105e-02
9.908416622461592438e-02
9.950185105739511870e-02
9.972299359678594988e-02
1.000423813154078384e-01
1.002882279706536484e-01
1.004602219529658197e-01
1.007304611145090484e-01
1.010499007680571992e-01
1.012219466852956329e-01
1.014922897166913862e-01
1.017136399957872667e-01
1.019593308462542897e-01
1.022051255665738373e-01
1.025490615962719176e-01
1.027948563165914653e-01
1.031143998399921408e-01
1.034583358696902211e-01
1.036303817869286548e-01
1.038515243263194859e-01
1.040728226704891041e-01
1.042202683417250836e-01
1.044660111271183689e-01
1.047853469108139951e-01
1.049326887121974500e-01
1.051538312515882811e-01
1.053995740369815665e-01
1.056699690033035821e-01
1.058420668554682781e-01
1.060387130187091659e-01
1.062844558041024512e-01
1.065549027053507292e-01
1.067514449987390923e-01
1.070462324713585128e-01
1.074147687470590612e-01
1.076359632213761547e-01
1.079307506939955752e-01
1.081271371826051653e-01
1.083974282790746563e-01
1.086922157516940768e-01
1.089870551592397596e-01
1.093310950587903646e-01
1.096014900251123803e-01
1.098226844994294737e-01
1.099700263008129286e-01
1.102402135274298950e-01
1.104859563128231803e-01
1.108054479012975935e-01
1.111495397357744608e-01
1.113954383259465331e-01
1.115674842431849667e-01
1.117640784714995922e-01
1.119608285045930046e-01
1.122312234709150203e-01
1.125997078116893063e-01
1.129435919064611243e-01
1.133120762472354104e-01
1.134840702295475817e-01
1.137299168847933917e-01
1.139756077352604147e-01
1.142704471428060975e-01
1.144178928140420770e-01
1.147864290897426254e-01
1.149338747609786049e-01
1.152040100526693089e-01
1.153515076588315508e-01
1.154499086428413951e-01
1.157202516742371484e-01
1.158676454105468656e-01
1.161869811942424918e-01
1.163835234876308550e-01
1.167277191919602469e-01
1.170472107804346601e-01
1.172191528278205691e-01
1.176122374145973093e-01
1.177841794619832183e-01
1.180300261172290283e-01
1.183494657707771791e-01
1.186690612291041169e-01
1.188902037684949481e-01
1.191113463078857793e-01
1.193079405362004047e-01
1.196519804357510097e-01
1.198486265989918975e-01
1.200697172034564664e-01
1.203890529871520926e-01
1.204873501013094123e-01
1.207084407057739811e-01
1.210032281783934016e-01
1.211506738496293811e-01
1.213226678319415525e-01
1.216421074854897033e-01
1.218633538947330591e-01
1.219369988279616485e-01
1.221335411213500116e-01
1.224285363336744814e-01
1.226496788730653126e-01
1.229938226424684422e-01
1.232395654278617275e-01
1.234116632800264235e-01
1.236082055734147866e-01
1.239522454729653916e-01
1.242226404392874073e-01
1.242963373074422589e-01
1.246647697132902827e-01
1.248122153845262622e-01
1.251070547920719589e-01
1.253528495123915065e-01
1.255985403628585295e-01
1.257213338531657787e-01
1.259916249496352558e-01
1.262128713588785978e-01
1.266061117504341249e-01
1.268272023548986938e-01
1.269746480261346733e-01
1.271711903195230364e-01
1.273924367287663784e-01
1.276627797601621317e-01
1.279085225455554309e-01
1.281787617070986596e-01
1.284244525575656826e-01
1.286455950969564999e-01
1.289650866854309130e-01
1.292108814057504607e-01
1.294320239451412780e-01
1.298743609588491887e-01
1.300464588110138986e-01
1.302920977265546731e-01
1.305869890690266322e-01
1.309309250987247264e-01
1.311030229508894362e-01
1.313486618664302108e-01
1.315698563407473043e-01
1.317665025039881921e-01
1.320368455353839454e-01
1.323317888127821529e-01
1.324791825490918562e-01
1.326757767774064956e-01
1.329461198088022489e-01
1.331427140371168882e-01
1.333884568225101874e-01
1.334867539366675071e-01
1.338798385234442334e-01
1.340272841946802129e-01
1.344448651576068965e-01
1.347396526302263309e-01
1.350590922837744678e-01
1.353785319373226048e-01
1.356979196559444933e-01
1.358943580794803319e-01
1.360418556856425598e-01
1.362875984710358590e-01
1.364350960771980870e-01
1.367299354847437698e-01
1.369755744002845443e-01
1.371967169396753616e-01
1.374917121519998453e-01
1.377129585612431872e-01
1.378604042324791668e-01
1.381062508877249906e-01
1.383519417381920136e-01
1.385730842775828309e-01
1.387451301948212645e-01
1.389663246691383580e-01
1.392120674545316572e-01
1.394332619288487507e-01
1.395069587970036162e-01
1.398755470076304130e-01
1.400967414819475065e-01
1.404409371862768985e-01
1.408343333826111987e-01
1.411292766600094062e-01
1.413503672644739750e-01
1.415469614927886144e-01
1.416452586069459341e-01
1.418909494574129571e-01
1.421119881269512497e-01
1.422840340441896834e-01
1.426279700738877776e-01
1.429473058575833899e-01
1.430700993478906391e-01
1.433158940682101867e-01
1.435615329837509613e-01
1.437335269660631465e-01
1.438809207023728498e-01
1.440528108148325104e-01
1.443721465985281227e-01
1.445687408268427621e-01
1.447652831202311252e-01
1.449619292834720130e-01
1.453304136242462852e-01
1.456007566556420385e-01
1.458464475061090615e-01
1.460920864216498360e-01
1.463133328308931780e-01
1.466328763542938396e-01
1.469032713206158414e-01
1.470262206157018914e-01
1.473211638931000989e-01
1.474686614992623268e-01
1.476407074165007605e-01
1.478863982669677835e-01
1.480830444302086712e-01
1.483534913314569492e-01
1.485254853137691344e-01
1.487219756722312491e-01
1.490414153257793861e-01
1.495084564553423034e-01
1.498769407961165756e-01
1.502211365004459676e-01
1.506388732681514242e-01
1.509828092978495184e-01
1.512530484593927471e-01
1.515969844890908413e-01
1.516707332921719553e-01
1.518673794554128431e-01
1.520887297345087097e-01
1.523099761437520516e-01
1.525802153052952803e-01
1.527768095336099197e-01
1.529978482031482123e-01
1.532435390536152353e-01
1.533910366597774633e-01
1.535876308880921026e-01
1.537350765593280821e-01
1.541280572762523116e-01
1.543000512585644968e-01
1.545211418630290656e-01
1.547422844024198829e-01
1.550125754988893600e-01
1.552582663493563830e-01
1.556023062489070019e-01
1.559954947055362529e-01
1.562166372449270701e-01
1.564868764064702988e-01
1.566588703887824841e-01
1.569291095503257127e-01
1.571748523357190119e-01
1.574204912512597865e-01
1.575678849875694898e-01
1.578875323808226760e-01
1.583054249533069335e-01
1.586002124259263679e-01
1.588951037683983269e-01
1.590424975047080303e-01
1.593864854693323729e-01
1.597060289927330345e-01
1.598781268448977444e-01
1.600255725161337239e-01
1.602467150555245412e-01
1.603204119236794067e-01
1.606891040041587282e-01
1.609347948546257512e-01
1.612051898209477530e-01
1.616474229648031391e-01
1.619178698660514171e-01
1.621880570926683696e-01
1.623355027639043491e-01
1.625566453032951664e-01
1.629989823170030772e-01
1.632202287262464191e-01
1.634903640179371231e-01
1.637361587382566708e-01
1.639327010316450339e-01
1.642276443090432414e-01
1.643996902262816751e-01
1.646947373735324072e-01
1.649158279779969760e-01
1.652599717474001195e-01
1.657023606960343065e-01
1.658989549243489459e-01
1.661940020715996780e-01
1.663168994317594518e-01
1.665871385933026805e-01
1.667837328216173198e-01
1.669312304277795478e-01
1.671277207862416625e-01
1.674717087508660052e-01
1.676685107188856938e-01
1.678652088170528578e-01
1.679635059312101775e-01
1.681109516024461570e-01
1.681601001595248168e-01
1.685533924860065924e-01
1.688484396332573245e-01
1.690940785487980991e-01
1.693642138404888031e-01
1.695853044449533720e-01
1.697082537400394220e-01
1.699047960334277851e-01
1.700522936395900131e-01
1.703472888519144968e-01
1.707159809323938182e-01
1.709126270956347060e-01
1.710354725208682314e-01
1.712320148142565945e-01
1.713549641093426446e-01
1.713795643553450987e-01
1.716745595676695824e-01
1.718957021070603997e-01
1.721414448924536988e-01
1.724854847920043177e-01
1.728049244455524547e-01
1.731737723308105770e-01
1.734441153622063303e-01
1.737391105745308140e-01
1.741323509660863411e-01
1.744027459324083429e-01
1.747222894558090045e-01
1.749435358650523464e-01
1.751893305853718941e-01
1.755580226658512155e-01
1.759756036287778991e-01
1.760986048587901975e-01
1.765163935614219304e-01
1.767621363468152296e-01
1.772536219176018002e-01
1.775730615711499372e-01
1.776468103742310511e-01
1.778433526676194143e-01
1.783104976670348563e-01
1.785316921413519498e-01
1.787038419284429080e-01
1.790480895676985762e-01
1.792201354849370099e-01
1.794904265814064870e-01
1.797853698588046945e-01
1.799819121521930576e-01
1.802277068725126052e-01
1.804982057086871317e-01
1.807438965591541546e-01
1.811124847697809515e-01
1.813828797361029532e-01
1.816531188976461819e-01
1.819973146019755739e-01
1.821939607652164617e-01
1.824889040426146691e-01
1.828083956310890823e-01
1.829803896134012675e-01
1.831277833497109708e-01
1.833488739541755397e-01
1.835945648046425627e-01
1.838894042121882455e-01
1.841104948166528144e-01
1.843561856671198373e-01
1.846756772555942505e-01
1.850442135312947989e-01
1.852409116294619629e-01
1.856340481511649654e-01
1.858304865747008039e-01
1.860762293600941031e-01
1.865432704896570204e-01
1.867398127830453836e-01
1.869363031415074983e-01
1.871818901221219966e-01
1.874030326615128139e-01
1.877224723150609509e-01
1.879682151004542501e-01
1.881647573938426132e-01
1.885087972933932321e-01
1.888037925057177158e-01
1.889757864880299010e-01
1.891968770924944698e-01
1.894425160080352444e-01
1.898111042186620412e-01
1.901552479880651847e-01
1.904255910194609380e-01
1.906466816239255069e-01
1.907941792300877348e-01
1.910153737044048283e-01
1.913347094881004407e-01
1.917769945668821030e-01
1.920718859093540620e-01
1.922930284487448793e-01
1.924896746119857671e-01
1.928338183813889106e-01
1.930795611667822098e-01
1.931779621507920541e-01
1.933991566251091476e-01
1.934974537392664673e-01
1.936939960326548305e-01
1.939397907529743781e-01
1.940871325543578330e-01
1.943327195349723313e-01
1.946029586965155600e-01
1.947504563026777880e-01
1.949469985960661511e-01
1.951435408894545143e-01
1.952910384956167422e-01
1.955614334619387440e-01
1.957088791331747235e-01
1.959546219185680227e-01
1.960774673438015481e-01
1.962986098831923654e-01
1.965444046035119130e-01
1.967409468969002762e-01
1.970358382393722352e-01
1.971832839106082147e-01
1.973308334516967188e-01
1.975765243021637418e-01
1.978468153986332190e-01
1.980679579380240363e-01
1.983628492804959953e-01
1.986085401309630183e-01
1.988051343592776576e-01
1.990755293255996594e-01
1.993950209140740726e-01
1.995669629614599816e-01
1.997881055008507989e-01
2.000829449083964817e-01
2.003287915636423056e-01
2.005254896618094695e-01
2.007957288233526982e-01
2.010168194278172671e-01
2.011151165419745868e-01
2.013363110162916803e-01
2.016313581635424124e-01
2.019017531298644141e-01
2.020737990471028478e-01
2.022948377166411404e-01
2.025895732543342986e-01
2.028352121698750732e-01
2.030563547092658905e-01
2.033511421818853249e-01
2.035967810974260994e-01
2.039653173731266478e-01
2.041618077315887625e-01
2.045795444992942191e-01
2.048498875306899725e-01
2.050711858748595906e-01
2.053169286602528898e-01
2.055873236265748916e-01
2.058329625421156661e-01
2.060541570164327596e-01
2.062260990638186686e-01
2.064470857984307128e-01
2.067174288298264662e-01
2.068402742550599915e-01
2.069630677453672407e-01
2.073318636956990868e-01
2.076268069730972943e-01
2.078725497584905935e-01
2.081920413469650066e-01
2.085113771306606190e-01
2.088799134063611673e-01
2.091010040108257362e-01
2.094941924674549871e-01
2.100101224794652388e-01
2.102559171997847864e-01
2.106491056564140374e-01
2.108457518196549252e-01
2.110177458019671104e-01
2.113126371444390694e-01
2.116075284869110285e-01
2.119762725023166261e-01
2.121238220434051303e-01
2.123204682066460181e-01
2.124679138778819976e-01
2.128117460377275671e-01
2.132049344943568181e-01
2.135980710160598206e-01
2.138930142934580281e-01
2.141386532089988026e-01
2.144337003562495347e-01
2.147041472574978127e-01
2.148516448636600407e-01
2.150973357141270637e-01
2.155641171690586555e-01
2.159079493289042251e-01
2.163257899664622064e-01
2.165223841947768457e-01
2.167188745532389604e-01
2.168170677975437555e-01
2.171611076970943743e-01
2.174560509744925818e-01
2.177016379551070802e-01
2.179719809865028335e-01
2.181441307735937918e-01
2.182423759528248353e-01
2.185128747889993617e-01
2.188815668694786831e-01
2.191763543420981175e-01
2.193729485704127569e-01
2.196186394208797799e-01
2.199871756965803282e-01
2.202084221058236702e-01
2.203803641532095792e-01
2.206263146783079276e-01
2.208966057747774048e-01
2.211422446903181793e-01
2.214616324089400679e-01
2.217566276212645515e-01
2.218058281132694598e-01
2.219041252274267795e-01
2.221497122080412778e-01
2.223955069283608255e-01
2.226905540756115576e-01
2.229117485499286511e-01
2.231819357765456036e-01
2.233784780699339667e-01
2.235505239871724004e-01
2.237963706424182242e-01
2.239930168056591120e-01
2.242633079021285891e-01
2.243616050162859088e-01
2.245335470636718178e-01
2.247792898490651170e-01
2.249513357663035507e-01
2.251970785516968498e-01
2.255409107115424194e-01
2.256883563827783989e-01
2.259833515951028826e-01
2.261553455774150678e-01
2.264010364278820908e-01
2.265975787212704540e-01
2.268432695717374770e-01
2.271626053554330893e-01
2.274576525026838214e-01
2.276787950420746387e-01
2.279491900083966405e-01
2.282439774810160749e-01
2.284405197744044380e-01
2.286370101328665527e-01
2.288581526722573700e-01
2.290792952116481873e-01
2.292021925718079611e-01
2.294726394730562391e-01
2.296201370792184671e-01
2.297921310615306523e-01
2.299887252898452916e-01
2.300870224040026113e-01
2.302590163863147965e-01
2.306275526620153449e-01
2.308733473823348925e-01
2.311190382328019155e-01
2.313893812641976688e-01
2.316597762305196706e-01
2.318808668349842395e-01
2.321267134902300633e-01
2.324215009628494977e-01
2.326180951911641370e-01
2.328882824177810895e-01
2.330848766460957289e-01
2.333551677425652060e-01
2.336499032802583642e-01
2.338218972625705494e-01
2.341169444098212815e-01
2.342643900810572610e-01
2.344857403601531276e-01
2.347807355724776113e-01
2.350264264229446343e-01
2.353212658304903171e-01
2.357145581569720927e-01
2.359849011883678460e-01
2.360831983025251657e-01
2.362796886609872804e-01
2.365745800034592394e-01
2.367465739857714246e-01
2.370414653282433837e-01
2.372134593105555689e-01
2.375820994561086419e-01
2.377540415034945509e-01
2.380735330919689641e-01
2.382700234504310788e-01
2.385649667278292863e-01
2.389090066273799051e-01
2.391793496587756584e-01
2.393759958220165462e-01
2.395970344915548389e-01
2.397935767849432021e-01
2.399900152084790406e-01
2.402112096827961341e-01
2.404814488443393627e-01
2.406781469425065267e-01
2.409976385309809399e-01
2.412433813163742391e-01
2.415874731508511064e-01
2.419068608694729949e-01
2.420543065407089744e-01
2.422017522119449540e-01
2.424474949973382532e-01
2.428159274031862769e-01
2.430125216315009162e-01
2.432583682867467401e-01
2.434549625150613794e-01
2.435778598752211532e-01
2.437990024146119705e-01
2.439711002667766804e-01
2.442660435441748878e-01
2.444135930852633920e-01
2.448068334768189191e-01
2.450771765082146725e-01
2.452985267873105391e-01
2.454704168997701996e-01
2.456424628170086333e-01
2.460603553894928908e-01
2.463305426161098433e-01
2.466008337125793204e-01
2.466991827616628885e-01
2.469203253010537058e-01
2.472152685784519133e-01
2.475347082320000502e-01
2.477557988364646191e-01
2.480261418678603724e-01
2.483456853912610340e-01
2.486159245528042627e-01
2.488124149112663774e-01
2.490336093855834709e-01
2.491811069917456989e-01
2.494022495311365162e-01
2.496725406276059933e-01
2.500657290842352443e-01
2.503362798553360191e-01
2.506556156390316592e-01
2.509750552925797962e-01
2.512698947001255068e-01
2.515893862885998922e-01
2.517614322058383536e-01
2.519089298120005815e-01
2.521546725973938807e-01
2.523020143987773078e-01
2.525477571841706070e-01
2.527444033474114948e-01
2.528426485266425661e-01
2.531375398691145251e-01
2.533340821625029160e-01
2.535304686511125061e-01
2.537269590095745930e-01
2.538744046808105725e-01
2.540956510900539422e-01
2.542676970072924036e-01
2.543904904975996528e-01
2.547346342670027686e-01
2.551034302173346147e-01
2.553737732487303402e-01
2.555703674770449796e-01
2.557178131482809591e-01
2.559636078686005067e-01
2.561847504079913240e-01
2.564550934393870496e-01
7.747781935318308333e-02
