0.000000000000000000e+00
1.305308827012207663e-03
2.324412731299744378e-03
3.191720836849351421e-03
4.340887196435831881e-03
5.793645153498172551e-03
6.665299927735577126e-03
8.408609476210386277e-03
9.995776557259467357e-03
1.187349522972101779e-02
1.389866303223269949e-02
1.491342026783243867e-02
1.664803647893165275e-02
1.853879515745659318e-02
2.028645137461920073e-02
2.188665846173167354e-02
2.275831323596907638e-02
2.391182626424335350e-02
2.493093016853089108e-02
2.697348464579376118e-02
2.799258855008129876e-02
3.046010374274337948e-02
3.161361677101765660e-02
3.394672283969299431e-02
3.495713340660493856e-02
3.612368644094261089e-02
3.817058758689327591e-02
3.875169076971821114e-02
4.078555190960549137e-02
4.194341160656756690e-02
4.295382217347951115e-02
4.454533592321639063e-02
4.556443982750392474e-02
4.671795285577820533e-02
4.845256906687742116e-02
4.946732630247716034e-02
5.107622672696522648e-02
5.223408642392730200e-02
5.367815104361405021e-02
5.600256377491379112e-02
5.773717998601300694e-02
5.889069301428728753e-02
5.947614286580001769e-02
6.063400256276209321e-02
6.252041457259924218e-02
6.353951847688678323e-02
6.455427571248652241e-02
6.528282802536158891e-02
6.790213901676159236e-02
6.964979523392419991e-02
7.125434898972446418e-02
7.285455607683694046e-02
7.415117156647355046e-02
7.517462213944887950e-02
7.677048255787355391e-02
7.880434369776083414e-02
8.069075570759798310e-02
8.200475787198578670e-02
8.332310670506139216e-02
8.448965973939906449e-02
8.595111103383699935e-02
8.741256232827493422e-02
8.916021854543754177e-02
9.075173229517441431e-02
9.320620748177310677e-02
9.523572195297258514e-02
9.697468483275960283e-02
9.842309612113414596e-02
9.972840494814635970e-02
1.013242653665710341e-01
1.029114324476201187e-01
1.040736388132699891e-01
1.058126016930570068e-01
1.071222571887570085e-01
1.082975035604702707e-01
1.091648116660198786e-01
1.101839155703074197e-01
1.110599170132326174e-01
1.128119198990830269e-01
1.149932301690204384e-01
1.167278463801196542e-01
1.183237067985443286e-01
1.197721180869188717e-01
1.216498367593804170e-01
1.230982480477549601e-01
1.245553526735050931e-01
1.252752116490045697e-01
1.265805204760167835e-01
1.286143816159040498e-01
1.297678946441783165e-01
1.313637550626030048e-01
1.323785122982027440e-01
1.339830660540030083e-01
1.348590674969282199e-01
1.366110703827786155e-01
1.383630732686290110e-01
1.395209329655910935e-01
1.417065899042163069e-01
1.443345942329919140e-01
1.459304546514166023e-01
1.472444568158043920e-01
1.491482555003927346e-01
1.509002583862431301e-01
1.523443230059298714e-01
1.535021827028919539e-01
1.550936964526288264e-01
1.571232109238283048e-01
1.582984572955415670e-01
1.594693569985670412e-01
1.607790124942670429e-01
1.613644623457797800e-01
1.619499121972925171e-01
1.631121185629423875e-01
1.644130807212667855e-01
1.658701853470169185e-01
1.671711475053413165e-01
1.686282521310914495e-01
1.694912135679532694e-01
1.713863189151660082e-01
1.731339751323286158e-01
1.738712207825792722e-01
1.750334271482291426e-01
1.770629416194286210e-01
1.788019044992156248e-01
1.803847249115769213e-01
1.811045838870763980e-01
1.824055460454007960e-01
1.834246499496883231e-01
1.847429987827639286e-01
1.863432058698764049e-01
1.877872704895631462e-01
1.891012726539509359e-01
1.907014797410634122e-01
1.917031969705997596e-01
1.925705050761493675e-01
1.935809156430613187e-01
1.956191234516364008e-01
1.976616779288992709e-01
1.992618850160117472e-01
2.008533987657486197e-01
2.024666458589244877e-01
2.039324438220502245e-01
2.055196109030993090e-01
2.075534720429865754e-01
2.088631275386865771e-01
2.106194770932247884e-01
2.126359515583608750e-01
2.139369137166852730e-01
2.153766316676842263e-01
2.161008373118714909e-01
2.168250429560587555e-01
2.178528401977218865e-01
2.196178830896356737e-01
2.213655393067982813e-01
2.228182972638606263e-01
2.239891969668861005e-01
2.250039542024858397e-01
2.271896111411110530e-01
2.286423690981733980e-01
2.296614730024609252e-01
2.308193326994230077e-01
2.321159481890596177e-01
2.345834633817217019e-01
2.358887722087339156e-01
2.374933259645341799e-01
2.386511856614962623e-01
2.402426994112331349e-01
2.415436615695575329e-01
2.425758054799084518e-01
2.446096666197957181e-01
2.456157305180198536e-01
2.466348344223073807e-01
2.480875923793697257e-01
2.498309019278445453e-01
2.520122121977819707e-01
2.540504200063570250e-01
2.555075246321071858e-01
2.582612447474939565e-01
2.598571051659186448e-01
2.618909663058059389e-01
2.633393775941804682e-01
2.645059306285181266e-01
2.653732387340677068e-01
2.668346900285056278e-01
2.685823462456682353e-01
2.701825533327806839e-01
2.716266179524674529e-01
2.733742741696300604e-01
2.749744812567425090e-01
2.757030335696175616e-01
2.780187529635417265e-01
2.791809593291916247e-01
2.810760646764043358e-01
2.829581300175536551e-01
2.849876444887531335e-01
2.867266073685401651e-01
2.877500579415154802e-01
2.893502650286279287e-01
2.907943296483146978e-01
2.925419858654773053e-01
2.940034371599152263e-01
2.955949509096520988e-01
2.966140548139396538e-01
2.983530176937266853e-01
2.995021840533131918e-01
3.011110844778012718e-01
3.022689441747633543e-01
3.035785996704633560e-01
3.045933569060630952e-01
3.063410131232257028e-01
3.079368735416503911e-01
3.098145922141119502e-01
3.118484533539992443e-01
3.131494155123236700e-01
3.145978268006981993e-01
3.167704437332600209e-01
3.177938943062353361e-01
3.195328571860223676e-01
3.209899618117725284e-01
3.230281696203475827e-01
3.241816826486218495e-01
3.266448511725961179e-01
3.284012007271343014e-01
3.305868576657595148e-01
3.320352689541340441e-01
3.330543728584215990e-01
3.339390676387223866e-01
3.353874789270969159e-01
3.375731358657221293e-01
3.387353422313720275e-01
3.406174075725213468e-01
3.423650637896839544e-01
3.446894765209836953e-01
3.461378878093582245e-01
3.475862990977327538e-01
3.486054030020203087e-01
3.503443658818073403e-01
3.515022255787694228e-01
3.529375968610805603e-01
3.546765597408675919e-01
3.567191142181304619e-01
3.578769739150925444e-01
3.593340785408427052e-01
3.606480807052305226e-01
3.618146337395681811e-01
3.644209047249047928e-01
1.974632278109715935e-02
