0.000000000000000000e+00
3.550283294711426268e-03
8.890115623066375053e-03
1.101836461505485698e-02
1.386243322050074653e-02
1.564237732995239771e-02
1.812373366657364648e-02
2.346356599492859657e-02
2.771526151680962433e-02
3.091243746688828245e-02
3.304548892097269874e-02
3.696328694660470232e-02
4.016526535877929655e-02
4.443136826694812913e-02
4.798165156165955236e-02
5.222374215934870445e-02
5.577402545406012768e-02
5.932430874877155091e-02
6.145736020285597068e-02
6.464973369083869270e-02
6.784210717882141473e-02
7.068617578426730774e-02
7.566329584379762052e-02
7.779154483578609725e-02
8.028730855869516125e-02
8.633815803841157765e-02
9.130087071165407520e-02
9.661669072952934478e-02
1.005200813688735401e-01
1.033641499743194331e-01
1.072867504620473728e-01
1.140438146310293333e-01
1.168878832364752263e-01
1.204429689932825925e-01
1.225664155231751401e-01
1.257635914732538052e-01
1.307263041464963027e-01
1.349924070546651422e-01
1.420833687198961304e-01
1.449226348632460804e-01
1.470556863173304862e-01
1.520280039147648699e-01
1.552347847890354071e-01
1.577257460498485420e-01
1.612712268824640360e-01
1.666110592108189792e-01
1.698178400850895164e-01
1.730054111109763093e-01
1.758542821785181454e-01
1.790562605906927396e-01
1.829692561542288209e-01
1.854602174150419558e-01
1.893732129785780094e-01
1.936297109625549628e-01
1.961206722233680977e-01
1.986116334841812325e-01
2.021619167788926696e-01
2.046480755776098615e-01
2.067763245695983521e-01
2.085658736032418858e-01
2.135477961248681278e-01
2.171028818816754802e-01
2.195890406803926720e-01
2.224379117479345080e-01
2.263461048493746464e-01
2.281164440346344358e-01
2.306026028333516276e-01
2.334370665146056345e-01
2.366294400025883427e-01
2.394735086080342357e-01
2.433817017094743740e-01
2.469271825420898681e-01
2.501243584921685192e-01
2.518995001395242239e-01
2.547483712070660600e-01
2.597350961907882172e-01
2.654328383258718893e-01
2.689927265447751847e-01
2.714788853434923488e-01
2.732492245287521104e-01
2.760884906721020604e-01
2.782263445882824371e-01
2.817862328071857325e-01
2.860475332532586568e-01
2.899653312788906812e-01
2.953195709935334534e-01
2.999483861705269372e-01
3.042288964649835781e-01
3.074116650287744279e-01
3.099026262895875350e-01
3.127466948950334280e-01
3.159390683830161639e-01
3.187831369884620569e-01
3.219851154006366789e-01
3.258885060399808742e-01
3.290904844521554962e-01
3.322924628643301181e-01
3.372647804617645018e-01
3.408342736048596833e-01
3.440362520170342497e-01
3.475961402359375452e-01
3.511656333790327267e-01
3.575599852791900291e-01
3.607619636913645955e-01
3.628998176075449722e-01
3.671467106673300673e-01
3.717707233822276081e-01
3.753306116011309035e-01
3.781794826686727395e-01
3.824503880389374944e-01
3.835145125349317397e-01
3.870744007538350351e-01
3.888543448632866828e-01
3.920563232754612493e-01
3.948907869567152562e-01
3.987989800581553945e-01
4.034181903109569922e-01
4.051933319583126969e-01
4.098221471353061807e-01
4.126710182028480167e-01
4.169419235731127715e-01
4.194280823718299356e-01
4.236845803558069168e-01
4.254645244652585645e-01
4.286665028774331310e-01
4.311526616761502950e-01
4.364828890803133521e-01
4.375518160384035404e-01
4.403958846438494334e-01
4.418131164844764647e-01
4.460648120063575028e-01
4.489040781497074528e-01
4.549405202431360817e-01
4.581376961932147607e-01
4.631052113285532013e-01
4.673761166988179561e-01
4.720097343379073829e-01
4.752069102879860618e-01
4.798309230028836025e-01
4.826749916083294956e-01
4.880148239366844387e-01
4.897899655840401434e-01
4.947814930298582436e-01
4.983509861729534252e-01
5.033136988461959227e-01
5.047405356110148400e-01
5.086487287124549228e-01
5.132679389652565760e-01
5.164747198395270855e-01
5.193235909070689216e-01
5.203829129409672793e-01
5.232221790843172293e-01
5.257035354209385059e-01
5.296117285223785887e-01
5.331716167412818841e-01
5.388597539521736701e-01
5.417134274818113937e-01
5.452637107765228031e-01
5.505891357185899171e-01
5.545021312821259984e-01
5.587730366523907533e-01
5.619750150645653752e-01
5.655252983592767846e-01
5.687368816956432926e-01
5.733512894863489473e-01
5.776125899324218160e-01
5.804614609999636521e-01
5.833151345296013757e-01
5.865219154038718852e-01
5.918665501943227714e-01
5.957843482199547402e-01
5.975642923294064435e-01
6.004083609348522810e-01
6.021835025822079857e-01
6.053806785322866091e-01
6.096419789783594778e-01
6.110640132810823966e-01
6.139128843486242326e-01
6.167569529540700701e-01
6.192479142148832327e-01
6.228078024337865282e-01
6.263676906526898236e-01
6.292165617202316596e-01
6.320606303256774972e-01
6.363219307717503659e-01
6.405832312178232346e-01
6.416521581759133674e-01
6.434224973611731846e-01
6.483948149586075127e-01
6.530092227493131674e-01
6.551422742033975455e-01
6.587021624223008409e-01
6.618897334481875783e-01
6.657931240875317735e-01
6.697061196510678549e-01
6.721970809118810175e-01
6.753990593240556395e-01
6.785962352741342629e-01
6.810919989970433130e-01
6.839312651403932630e-01
6.874863508972006709e-01
6.924538660325391115e-01
6.960089517893465194e-01
6.999315522770744868e-01
7.063211017151358462e-01
7.091699727826776822e-01
7.148485050693775822e-01
7.212428569695349401e-01
7.255137623397996949e-01
7.294315603654316638e-01
7.340507706182333170e-01
7.383120710643061857e-01
7.418767617453053687e-01
7.457945597709373375e-01
7.493544479898406330e-01
7.532626410912807158e-01
7.564646195034553378e-01
7.596521905293420751e-01
7.628541689415166971e-01
7.656982375469625346e-01
7.710428723374134208e-01
7.781482413889322380e-01
7.809875075322821880e-01
7.859502202055247411e-01
7.909465501134388399e-01
7.952078505595117086e-01
7.969829922068674133e-01
8.008959877704034946e-01
8.033773441070247712e-01
8.087075715111878838e-01
8.119191548475543918e-01
8.168818675207969449e-01
8.186618116302486481e-01
8.218541851182313840e-01
8.236341292276830872e-01
8.261250904884962498e-01
8.289547517076543137e-01
8.321519276577329371e-01
8.374821550618960497e-01
8.392524942471558669e-01
8.438813094241492951e-01
8.488632319457755093e-01
8.527666225851197046e-01
8.573906353000172453e-01
8.616567382081861126e-01
8.655793386959140800e-01
8.702129563350035069e-01
8.755527886633585055e-01
8.783968572688043430e-01
8.826485527906853257e-01
8.862180459337805072e-01
8.901310414973165885e-01
8.961626811286492744e-01
3.001549707211695339e-01
