0.000000000000000000e+00
4.128964983685963139e-03
2.659860742036395526e-02
4.176897978404924688e-02
5.915099734266204834e-02
7.979582226109185883e-02
9.765716976689427231e-02
1.059150997342662021e-01
1.118688822362003399e-01
1.343385246728783233e-01
1.499882269837532200e-01
1.591123145749940848e-01
1.664115846479867766e-01
1.764943321336068793e-01
1.938763496922196738e-01
2.122170271452117063e-01
2.227791045780214141e-01
2.461149046385683603e-01
2.672390595041878036e-01
2.801052844024353172e-01
2.897087019408657871e-01
9.149934500917546176e-02
