0.000000000000000000e+00
1.548270879674516418e-03
2.675193444742292662e-03
4.081905866397961442e-03
5.488618288053630223e-03
7.036889167728146641e-03
7.881803836574828234e-03
8.866613433715456530e-03
1.013287641716887830e-02
1.097779108601555989e-02
1.196370970297278881e-02
1.393332889725404540e-02
1.548049075711196119e-02
1.688664866885932966e-02
1.829225207069839695e-02
1.885515884332398390e-02
2.040287521309019914e-02
2.124778988193688073e-02
2.265561132340914927e-02
2.420443671299196686e-02
2.603416097897927675e-02
2.687852113791765890e-02
2.898858977040116164e-02
3.067786459818622538e-02
3.194357307173134597e-02
3.320928154527647003e-02
3.419409114241710179e-02
3.545924510605392294e-02
3.644405470319454776e-02
3.686651203761789203e-02
3.883890378144064931e-02
4.038662015120686455e-02
4.137142974834749631e-02
4.263769273180091635e-02
4.418374557184222978e-02
4.629492322414233141e-02
4.756174071750405435e-02
4.924990652547251574e-02
5.037516556081539365e-02
5.206333136878385504e-02
5.361104773855007027e-02
5.473686128380124416e-02
5.656769456960515641e-02
5.811541093937137165e-02
6.008669366337753004e-02
6.177430496143769545e-02
6.332257584111221360e-02
6.472873375285957687e-02
6.697980633345362866e-02
6.824606931690704870e-02
7.007523907298605914e-02
7.232742067339671677e-02
7.401669550118178398e-02
7.542396243274575307e-02
7.697334233223687705e-02
7.852161321191139520e-02
7.922552393264753468e-02
8.021033352978816644e-02
8.161815497126043151e-02
8.344677021743114598e-02
8.499559560701396010e-02
8.583940125604404281e-02
8.682421085318467457e-02
8.879438455737423408e-02
8.977919415451486584e-02
9.146735996248332723e-02
9.301618535206614136e-02
9.400154945911506910e-02
9.512791751427454590e-02
9.625373105952572672e-02
9.751999404297914675e-02
9.906660139292876310e-02
9.976940309384829675e-02
1.011766700254122658e-01
1.030058397814912763e-01
1.046934510795514417e-01
1.056777061667837636e-01
1.065226208356304521e-01
1.086337984879305607e-01
1.098989524515673888e-01
1.108848710685246125e-01
1.127140408246036229e-01
1.135589554934503115e-01
1.152471213014187729e-01
1.163729348466699537e-01
1.180611006546384151e-01
1.200323833786445665e-01
1.212980918521896906e-01
1.228458082219559128e-01
1.235491644327837424e-01
1.259417954713966392e-01
1.272086129647583552e-01
1.280540821435133259e-01
1.293197906170584499e-01
1.304467131821262227e-01
1.319944295518924449e-01
1.326977857627202884e-01
1.334005874636398359e-01
1.345258464989827207e-01
1.356511055343256056e-01
1.371982673941835318e-01
1.386060888356558107e-01
1.404341495719182153e-01
1.412768462011317061e-01
1.419813114317761416e-01
1.431054614473024067e-01
1.440919345741679403e-01
1.459211043302469368e-01
1.470463633655898217e-01
1.480322819825470593e-01
1.490187551094125928e-01
1.507063664074727583e-01
1.522546372871472764e-01
1.528175440597728529e-01
1.540832525333179770e-01
1.554910739747902559e-01
1.564758835719308738e-01
1.576022516270903506e-01
1.602763360520160496e-01
1.618257159515071597e-01
1.630908699151439878e-01
1.639346755641740705e-01
1.653419424957380535e-01
1.666098690089163892e-01
1.682980348168848506e-01
1.701272045729638471e-01
1.720951602375201950e-01
1.733608687110653190e-01
1.746276862044270350e-01
1.760338441161743983e-01
1.767383093468188338e-01
1.775821149958489165e-01
1.784275841746038871e-01
1.801168590023889404e-01
1.815252349537695153e-01
1.834965176777756668e-01
1.846223312230268476e-01
1.863093880111787171e-01
1.868717402738959976e-01
1.888413594681772611e-01
1.898261690653178790e-01
1.917974517893240305e-01
1.936277305652196468e-01
1.954574548312069671e-01
1.974298465750297382e-01
1.991191214028147916e-01
2.005258338244704508e-01
2.023561126003660671e-01
2.034813716357089519e-01
2.043246227748307386e-01
2.051695374436774133e-01
2.064358004271308333e-01
2.074211645341797750e-01
2.095323421864798696e-01
2.115025158906694291e-01
2.124862164679934551e-01
2.143148317141641557e-01
2.150187424349002951e-01
2.171293655772920939e-01
2.185349689791311611e-01
2.202242438069162145e-01
2.223343124393997172e-01
2.243033771237726848e-01
2.257111985652449637e-01
2.269774615486983838e-01
2.290875301811818865e-01
2.307790230486001515e-01
2.327497512626980070e-01
2.342969131225559332e-01
2.358446294923221553e-01
2.369693340177567165e-01
2.383777099691372914e-01
2.395035235143884722e-01
2.402068797252163157e-01
2.417568141346157218e-01
2.430230771180691418e-01
2.454162626665903346e-01
2.469634245264482608e-01
2.482307965297182728e-01
2.492161606367672144e-01
2.514688967470861680e-01
2.530166131168523624e-01
2.555485845738508788e-01
2.572389684214525518e-01
2.579423246322803953e-01
2.589282432492376329e-01
2.607551949656834456e-01
2.616001096345301202e-01
2.630073765660940754e-01
2.642736395495475232e-01
2.653994530947986763e-01
2.669482784843815182e-01
2.686364442923500073e-01
2.699043708055283153e-01
2.713127467569088624e-01
2.725784552304539865e-01
2.734228153893923929e-01
2.739851676521096735e-01
2.746885238629375170e-01
2.755345475516007836e-01
2.765188026388331055e-01
2.779266240803053845e-01
2.790513286057399456e-01
2.806001539953227875e-01
2.815860726122800251e-01
2.832742384202485142e-01
2.845410559136102302e-01
2.856668694588613833e-01
2.870741363904253385e-01
2.886218527601915329e-01
2.897465572856260940e-01
2.912948281653006122e-01
2.921386338143306949e-01
2.928419900251585384e-01
2.939672490605014232e-01
2.949515041477337451e-01
2.959379772745992510e-01
2.973441351863466142e-01
2.991733049424256108e-01
3.010024746985046074e-01
3.026917495262896884e-01
3.043815788639830378e-01
3.073365621653132429e-01
3.084629302204727197e-01
3.098707516619449986e-01
3.116993669081157270e-01
3.131066338396796822e-01
3.145155643009685531e-01
3.159244947622574240e-01
3.187401376452019819e-01
3.194440483659380936e-01
3.209906557158876961e-01
3.233810687148673813e-01
3.245063277502102661e-01
3.257742542633885741e-01
3.268995132987314589e-01
3.278843228958721046e-01
3.292899262977111996e-01
3.301348409665578743e-01
3.318230067745263634e-01
3.328072618617586853e-01
3.337915169489910072e-01
3.353403423385738491e-01
3.361847024975122555e-01
3.381548762017018150e-01
3.395621431332657703e-01
3.409710735945546412e-01
3.418159882634013158e-01
3.435058176010946651e-01
3.449130845326586203e-01
3.461799020260203363e-01
3.470253712047753347e-01
3.482905251684121350e-01
3.495578971716821748e-01
3.508241601551356226e-01
3.516690748239822972e-01
3.530768962654545762e-01
3.543426047389997002e-01
3.554689727941591770e-01
3.571582476219442581e-01
3.584250651153059741e-01
3.598323320468699293e-01
3.610980405204150534e-01
3.629288738062189656e-01
3.643361407377829209e-01
3.653209503349235665e-01
3.664478728999913670e-01
3.675742409551508438e-01
3.686994999904937287e-01
3.696843095876343743e-01
3.703882203083704860e-01
3.713724753956028080e-01
3.726404019087811159e-01
3.739072194021428319e-01
3.751729278756879560e-01
3.764391908591414038e-01
3.777065628624114435e-01
3.788312673878460046e-01
3.798171860048032422e-01
3.810840034981649582e-01
3.815070153424965915e-01
3.829142822740605467e-01
3.840400958193116998e-01
3.851659093645628529e-01
3.872770870168629753e-01
3.879804432276908188e-01
3.886832449286103386e-01
3.898107220035864073e-01
3.909359810389292922e-01
3.919213451459782060e-01
3.923438024804015711e-01
3.933280575676338930e-01
3.940303047586451446e-01
3.945921025114541569e-01
3.961398188812203514e-01
3.974060818646737991e-01
3.988150123259626700e-01
4.009228629188129611e-01
4.027509236550753657e-01
4.047188793196317413e-01
4.066873894940963852e-01
4.082356603737709033e-01
4.100659391496664918e-01
4.114737605911387708e-01
4.123181207500771772e-01
4.141467359962479056e-01
4.155540029278118608e-01
4.169612698593758160e-01
4.179466339664247299e-01
4.193544554078970088e-01
4.196353542843014872e-01
4.213235200922699764e-01
4.227302325139256634e-01
4.238560460591768164e-01
4.256846613053475448e-01
4.269509242888009926e-01
4.279357338859416382e-01
4.294834502557078326e-01
4.308912716971801116e-01
4.320176397523395884e-01
4.334249066839035436e-01
4.346911696673569914e-01
4.360984365989209466e-01
4.391960873780865748e-01
4.404617958516316989e-01
4.417286133449934149e-01
4.436998960689995664e-01
4.460897545580709833e-01
4.470745641552116290e-01
4.490430743296762728e-01
4.507312401376447619e-01
4.519975031210982097e-01
4.541081262634900084e-01
4.559372960195690050e-01
4.564996482822862855e-01
4.581894776199796349e-01
4.603012097821880255e-01
4.610045659930158690e-01
4.619899301000647829e-01
4.641016622622731735e-01
4.652274758075243266e-01
4.666341882291800136e-01
4.688852608097740515e-01
4.704335316894485697e-01
1.016418551774023044e-01
