0.000000000000000000e+00
4.758641734695670490e-04
1.142113872465143256e-03
2.093824102977830896e-03
3.045552449916964777e-03
3.997317029708992442e-03
5.139376552894796106e-03
5.710424430914144180e-03
6.662134661426831819e-03
7.423568064972189268e-03
8.184983352091100908e-03
9.136747931883128573e-03
9.802979514452258430e-03
1.113542456316407060e-02
1.208715291010320492e-02
1.322921243328900945e-02
1.465684118655060340e-02
1.579886447688351458e-02
1.656026164757597868e-02
1.713132764202177430e-02
1.770239363646756992e-02
1.855897451170981580e-02
1.893970932990893946e-02
1.979627208872473954e-02
2.046252178772031693e-02
2.131906643010967120e-02
2.189013242455546682e-02
2.312739376871749894e-02
2.417426958735352169e-02
2.512605228357199516e-02
2.579226574971467748e-02
2.674399409665381006e-02
2.788612608554540129e-02
2.836199025901496931e-02
2.893305625346076493e-02
2.988482083325279259e-02
3.074134735921569758e-02
3.131237712080860158e-02
3.254971093067642041e-02
3.369182480314156236e-02
3.502432420113271716e-02
3.645188048868852615e-02
3.759397624472722577e-02
3.883120135603636280e-02
3.940226735048215495e-02
4.063952869464418360e-02
4.206712121505288421e-02
4.282850026931889903e-02
4.330438255921491286e-02
4.444646019882716320e-02
4.501748996042006373e-02
4.558857407129230516e-02
4.673070606018389639e-02
4.796800363719882360e-02
4.920521063208151830e-02
5.025214079999688194e-02
5.110872167523912435e-02
5.263147978377116093e-02
5.367842806811296691e-02
5.472534011960188127e-02
5.529640611404767342e-02
5.596263769661680154e-02
5.739023021702550215e-02
5.853232597306420176e-02
5.957925614097956540e-02
6.024552395640158514e-02
6.091175553897071326e-02
6.233942052508520404e-02
6.319596516747455484e-02
6.443324462806303277e-02
6.586089149775106732e-02
6.747886954368577384e-02
6.881131459239758774e-02
6.957272987951650112e-02
7.014381399038874254e-02
7.109557857018077021e-02
7.214250873809613385e-02
7.328453202842905023e-02
7.404596543197440595e-02
7.537841048068621985e-02
7.575910906603244843e-02
7.652050623672491947e-02
7.728193964027027518e-02
7.804331869453629000e-02
7.870951404425252651e-02
8.004199532581723897e-02
8.099374178918282430e-02
8.204067195709818794e-02
8.308762024143999392e-02
8.432486346917557329e-02
8.537177552066449460e-02
8.660909121410587108e-02
8.803666561808812241e-02
8.984497484026950087e-02
9.051115207355929504e-02
9.127254924425176608e-02
9.231944317931423116e-02
9.327117152625336027e-02
9.393736687596959678e-02
9.526979380825496835e-02
9.603119097894743939e-02
9.717330485141258134e-02
9.812501508192526811e-02
9.907677966171729578e-02
1.011706581139744654e-01
1.017417241084202645e-01
1.027886542763356281e-01
1.039307137995214292e-01
1.050728457884130135e-01
1.059294266636552628e-01
1.065005107745275043e-01
1.070715948853997457e-01
1.080233051159124325e-01
1.089750515792780178e-01
1.101171111024638188e-01
1.109736195120002850e-01
1.123061189099914398e-01
1.130675160806839108e-01
1.140193168933288370e-01
1.146855122430450735e-01
1.154469275301639869e-01
1.160179572917568874e-01
1.169697399879753574e-01
1.177311915079471555e-01
1.184925886786396265e-01
1.197298500228016621e-01
1.209671294833901400e-01
1.217285266540826111e-01
1.230610441685002082e-01
1.240127906318657935e-01
1.249645552116578212e-01
1.261066147348436361e-01
1.268679937891096510e-01
1.278197402524752224e-01
1.295328295372539240e-01
1.301990973526759576e-01
1.313411749922882010e-01
1.321025721629806582e-01
1.330543005099197873e-01
1.342915618540818090e-01
1.351481789621769569e-01
1.359096123657223265e-01
1.380034183522736990e-01
1.385744843467194842e-01
1.400020044014224085e-01
1.413344856829871210e-01
1.425717470271491427e-01
1.433331623142680422e-01
1.437138790160407131e-01
1.444752580703067280e-01
1.457125375308951920e-01
1.464738803523083222e-01
1.473304612275505576e-01
1.481870421027927931e-01
1.494242490976754878e-01
1.499952788592683883e-01
1.516132750216295511e-01
1.523746903087484506e-01
1.535167860647871363e-01
1.548492673463518488e-01
1.554203152243711916e-01
1.564672816251394538e-01
1.577997085574248115e-01
1.583707564354441544e-01
1.596080358960326184e-01
1.600839000695021830e-01
1.609404084790386491e-01
1.617969350050015576e-01
1.632245456418366936e-01
1.638907409915529301e-01
1.652232041566912002e-01
1.663652274470241166e-01
1.670314046803139107e-01
1.681735004363525965e-01
1.691252106668652833e-01
1.698865897211312981e-01
1.707430981306677642e-01
1.717900282985831140e-01
1.730273258755980481e-01
1.735032081654940550e-01
1.739790723389636196e-01
1.745501745662623172e-01
1.752164061488314384e-01
1.757874902597036937e-01
1.765488149646903815e-01
1.775005251952030683e-01
1.784522716585686397e-01
1.792136507128346545e-01
1.807363544720873572e-01
1.814977878756327268e-01
1.820688719865049821e-01
1.831157840379938895e-01
1.837819975041365683e-01
1.843530091493030265e-01
1.851143882035690413e-01
1.863516314313046207e-01
1.875889290083195549e-01
1.885406573552586840e-01
1.893972201140744771e-01
1.901586172847669343e-01
1.910152162764356398e-01
1.916813935097254340e-01
1.927282874447878991e-01
1.943462292578697070e-01
1.954883612467613052e-01
1.961546109457568687e-01
1.969159900000228836e-01
1.977725527588386767e-01
1.987242992222042481e-01
1.994857145093231476e-01
2.003422591517124984e-01
2.013891712032014059e-01
2.022457339620171990e-01
2.033878116016294424e-01
2.042443381275923509e-01
2.051009190028345863e-01
2.062430147588732721e-01
2.073850561656326308e-01
2.077657547509788594e-01
2.083368207454246446e-01
2.095740639731602240e-01
2.108112347351900340e-01
2.120485323122049681e-01
2.126195620737978687e-01
2.138568958836656875e-01
2.145231455826612510e-01
2.164266203929659516e-01
2.174735505608813013e-01
2.180446346717535566e-01
2.188059956095931291e-01
2.194722271921622503e-01
2.203287899509780434e-01
2.208046722408740503e-01
2.216612349996898435e-01
2.227082014004581056e-01
2.236599659802501194e-01
2.249924291453883896e-01
2.260393411968772970e-01
2.272766025410393187e-01
2.285138820016278105e-01
2.292752972887467100e-01
2.299415651041687436e-01
2.310836427437809870e-01
2.319402417354496926e-01
2.337485147247781725e-01
2.347954630091199923e-01
2.352713271825895569e-01
2.363182573505049067e-01
2.375555186946669284e-01
2.385073195073118546e-01
2.391735329734545334e-01
2.399349844934263454e-01
2.404108667833223523e-01
2.410770802494650311e-01
2.425998202415706184e-01
2.432660155912868549e-01
2.439322471738559761e-01
2.448839936372215476e-01
2.455502252197906687e-01
2.459309238051368973e-01
2.469778720894787172e-01
2.477392330273182897e-01
2.485006301980107468e-01
2.496426716047701055e-01
2.507847492443823767e-01
2.516413120031981698e-01
2.527833896428104410e-01
2.534496031089531476e-01
2.542110002796456047e-01
2.551627467430112040e-01
2.565904117291256670e-01
2.583035191303308387e-01
2.597311116507395323e-01
2.604925269378584596e-01
2.614443096340769435e-01
2.624912035691394085e-01
2.633478025608080864e-01
2.639188323224009869e-01
2.646802476095199141e-01
2.652512954875392848e-01
2.658223614819850700e-01
2.663933912435779705e-01
2.673451558233699843e-01
2.682016823493328928e-01
2.693437962217980486e-01
2.700100459207936399e-01
2.709617380348798843e-01
2.726749360182172954e-01
2.736267187144357793e-01
2.748639619421713864e-01
2.756253409964374290e-01
2.770529516332725928e-01
2.776239995112919634e-01
2.785757278582310925e-01
2.800984497339102375e-01
2.810502324301287214e-01
2.820019970099207351e-01
2.830489271778360849e-01
2.845717396356474693e-01
2.856186516871364045e-01
2.863800669742553318e-01
2.871414822613742590e-01
2.881883943128631942e-01
2.899014835976418958e-01
2.905676970637846024e-01
2.916145728824205974e-01
2.921856207604399680e-01
2.934229183374548744e-01
2.943746466843940035e-01
2.957071460823851305e-01
2.963733595485278371e-01
2.973251060118934364e-01
2.987526804158757154e-01
2.997044268792413146e-01
3.004658059335073572e-01
3.010368356951002577e-01
3.017030491612429643e-01
3.028450905680022953e-01
3.039871863240409811e-01
3.054147607280232601e-01
3.057954411969430186e-01
3.070327025411050403e-01
3.080796145925939755e-01
3.089361773514097687e-01
3.097927401102255618e-01
3.107445409228704603e-01
3.115059562099893875e-01
3.122673171478289600e-01
3.131238617902183385e-01
3.141708281909865730e-01
3.150273909498023661e-01
3.152177402424755082e-01
3.155984388278217367e-01
3.164550197030640000e-01
3.174067661664295992e-01
3.181681814535485264e-01
3.191199279169141256e-01
3.200717106131326095e-01
3.214041737782708519e-01
3.220704053608399731e-01
3.229270405853615356e-01
3.240691001085473366e-01
3.254015270408326943e-01
3.265436046804449655e-01
3.274953149109576800e-01
3.287326124879725864e-01
3.300650394202579441e-01
3.313974844689697719e-01
3.322540653442120351e-01
3.333009773957009703e-01
3.342527238590665695e-01
3.355851689077783973e-01
3.361562711350770671e-01
3.366321896578259865e-01
3.373935868285184436e-01
3.386309206383862347e-01
3.392971159881024712e-01
3.404392117441411569e-01
3.408199103294873855e-01
3.414861419120565067e-01
3.426282195516687779e-01
3.435799297821814924e-01
3.447220436546466482e-01
3.455786064134624413e-01
3.469110695786006837e-01
3.477676504538429469e-01
3.488146530874641216e-01
3.493857190819099068e-01
3.504326492498252565e-01
3.516698743611343936e-01
3.523361059437035148e-01
3.531926687025193079e-01
3.542395626375817730e-01
3.551913091009473722e-01
3.565237722660856146e-01
3.575706662011480796e-01
3.584272108435374582e-01
3.594741591278792781e-01
3.604259055912448773e-01
3.614728719920131117e-01
3.626149858644782675e-01
3.634715848561469453e-01
3.643281294985363239e-01
3.652798578454754530e-01
3.659461075444710443e-01
3.667075047151635014e-01
3.679447298264726385e-01
3.690867893496584395e-01
3.695626716395544742e-01
3.706096018074698240e-01
3.719420830890345364e-01
3.724179291460776309e-01
3.734648593139929806e-01
3.747021387745814724e-01
3.756539395872263709e-01
3.763201711697954921e-01
3.776526524513602046e-01
3.785092514430288824e-01
3.797465671364702589e-01
3.804127443697600253e-01
3.810789216030497917e-01
3.826016978280082914e-01
3.836485736466442864e-01
3.841244378201138510e-01
3.846003019935834155e-01
3.852665335761525367e-01
3.865990510905701338e-01
3.874556138493859270e-01
3.882170110200783841e-01
3.891687755998703979e-01
3.899301727705628551e-01
3.903108532394826136e-01
3.910722322937486561e-01
3.915481145836446908e-01
3.928805596323565186e-01
3.941177847436656556e-01
3.957357627896003760e-01
3.966874730201130905e-01
3.972585208981324612e-01
3.980198999523985037e-01
3.992571612965605254e-01
3.998282091745798961e-01
4.009703049306185818e-01
4.023027862121832943e-01
4.029690359111788855e-01
4.040158936133884660e-01
4.053483386621002937e-01
4.063952144807362887e-01
4.073469428276754178e-01
4.086793878763872456e-01
4.095359868680559234e-01
4.104877876807008219e-01
4.113443323230902005e-01
4.122009494311853484e-01
4.129623103690249208e-01
4.137237075397173780e-01
4.148657851793296492e-01
4.158174954098423637e-01
4.166740400522317422e-01
4.178161901575497827e-01
4.181969068593224814e-01
4.192439094929436560e-01
4.201005266010388040e-01
4.214329173004712770e-01
4.224798474683866267e-01
4.230509496956852966e-01
4.240026961590508958e-01
4.252399756196393876e-01
4.262869601368340922e-01
4.272386522509203366e-01
4.281904168307123504e-01
4.288566121804285869e-01
4.302841865844108660e-01
4.313311348687526858e-01
4.324731762755120168e-01
4.333297933836071647e-01
4.347574402532952131e-01
4.357091867166608123e-01
4.364705838873532695e-01
4.373271828790219473e-01
4.380885800497144045e-01
4.387548116322835257e-01
4.392306758057530902e-01
4.400872385645688833e-01
4.415148310849775770e-01
4.423713757273669556e-01
4.437990044806285339e-01
4.447507509439941331e-01
4.456072955863835117e-01
4.468445388141191188e-01
4.477011196893613820e-01
4.487479955079973770e-01
4.500804405567092048e-01
4.514128856054210326e-01
4.525549994778861884e-01
4.534116165859813363e-01
4.543633630493469355e-01
4.554102751008358707e-01
4.567427020331212284e-01
4.576944847293397123e-01
4.585510837210083901e-01
4.601690255340902258e-01
4.612159919348584602e-01
4.622629402192002801e-01
4.635953852679121079e-01
4.648326828449270143e-01
4.653085651348230489e-01
4.665458264789850706e-01
4.677830697067206778e-01
4.686396324655364709e-01
4.693058640481055921e-01
4.696865626334518207e-01
4.706382728639645352e-01
4.714948356227803283e-01
4.724465820861459275e-01
4.733983285495115267e-01
4.743500750128771259e-01
4.750163428282991318e-01
4.755874088227449170e-01
4.761584385843378175e-01
4.765391371696840461e-01
4.776812872750020866e-01
4.786330518547941004e-01
4.799655512527852275e-01
4.812980144179234698e-01
4.821546134095921476e-01
4.828208087593083842e-01
4.832966729327779487e-01
4.844387868052431045e-01
4.852001839759355617e-01
4.863422434991213628e-01
4.866277583799178408e-01
4.878650559569327472e-01
4.886264712440516744e-01
4.896733832955406096e-01
4.904347804662330668e-01
4.915768581058453379e-01
4.927189719783104938e-01
4.932899836234769242e-01
4.942418025525482927e-01
4.951935852487667766e-01
4.959549824194592338e-01
4.969067651156777177e-01
4.979536771671666529e-01
4.993813240368547013e-01
5.005233654436140878e-01
5.019509579640227814e-01
5.029978881319381312e-01
5.036640834816543677e-01
5.049965647632190802e-01
5.057579619339115373e-01
5.067097083972771365e-01
5.077566747980454265e-01
5.088987886705105268e-01
5.099456826055730474e-01
5.110877421287588485e-01
5.115635700693754728e-01
5.127056839418405731e-01
5.142284963996519576e-01
5.151802790958703859e-01
5.158465106784395626e-01
5.170837901390280544e-01
5.187969337730861108e-01
5.199390114126983820e-01
5.212714745778366243e-01
5.217473387513061889e-01
5.226990489818188479e-01
5.236507954451844471e-01
5.247928730847967183e-01
5.260301887782380392e-01
5.271723026507031395e-01
5.283144165231682399e-01
5.287902806966378044e-01
5.296468434554536531e-01
5.309792703877390663e-01
5.318358331465549149e-01
5.330731488399962359e-01
5.340248590705088949e-01
5.356428190000172007e-01
5.367848966396294719e-01
5.378318630403977618e-01
5.389739769128628621e-01
5.404966987885420071e-01
5.420195293627798616e-01
5.427809446498987889e-01
5.436375436415674667e-01
5.448748049857294884e-01
5.452554854546493024e-01
5.460168645089152895e-01
5.463975449778351035e-01
5.475396588503002038e-01
5.484914596629451022e-01
5.493480586546137800e-01
5.506805218197520224e-01
5.517274519876673722e-01
5.524888491583598293e-01
5.527743640391562518e-01
5.541068634371474344e-01
5.548682787242663617e-01
5.561055038355755542e-01
5.571524340034909040e-01
5.576283162933869386e-01
5.581041985832829733e-01
5.592462399900423042e-01
5.603883176296545754e-01
5.617207264455135185e-01
5.622917743235328336e-01
5.630532258435045900e-01
5.643856708922163623e-01
5.652422880003115102e-01
5.664795312280470618e-01
5.676216632169386322e-01
5.685733915638777614e-01
5.699058184961631746e-01
5.711431523060309656e-01
5.719997150648468143e-01
5.730466089999093349e-01
5.740935210513982145e-01
5.751404512193135643e-01
5.757115172137593495e-01
5.764729143844518067e-01
5.773294952596940144e-01
5.780909105468129416e-01
5.784716091321592257e-01
5.791378407147284024e-01
5.797088885927477175e-01
5.807558187606630673e-01
5.818027489285784171e-01
5.828496972129202369e-01
5.843724553214523221e-01
5.858952134299844072e-01
5.873228421832460411e-01
5.882745705301851702e-01
5.894166481697974413e-01
5.900828435195136779e-01
5.910345899828792771e-01
5.921766313896386080e-01
5.934139289666535699e-01
5.944608953674218599e-01
5.956982110608631809e-01
5.966499575242287801e-01
5.974114090442005365e-01
5.984583210956894161e-01
5.993149200873580940e-01
6.004569614941174249e-01
6.011231930766866016e-01
6.023604906537015635e-01
6.033122371170671627e-01
6.039784324667833992e-01
6.048349771091727778e-01
6.058818348113823582e-01
6.070239124509946294e-01
6.080708245024835090e-01
6.091177365539723887e-01
6.096887663155653447e-01
6.104501272534048617e-01
6.114970755377466816e-01
6.120681052993396376e-01
6.130198336462787667e-01
6.134957159361748014e-01
6.135908815242980818e-01
6.142571493397200877e-01
6.153992450957588289e-01
6.161606603828777562e-01
6.168268919654469329e-01
6.179689333722062639e-01
6.185399450173727498e-01
6.194916914807383490e-01
6.208241908787295316e-01
6.220614341064650832e-01
6.228228493935840104e-01
6.240601107377460322e-01
6.246311948486182875e-01
6.256781431329601073e-01
6.267250733008754571e-01
6.277719853523643367e-01
6.288188974038532164e-01
6.301513424525649887e-01
6.307223903305843038e-01
6.318644498537701049e-01
6.330065456098088461e-01
6.336727409595250826e-01
6.345293218347672903e-01
6.349100385365399335e-01
6.353859208264359681e-01
6.360521342925786747e-01
6.370038807559442740e-01
6.380508109238596237e-01
6.390025755036516930e-01
6.397639726743441502e-01
6.405253698450366073e-01
6.415723000129519571e-01
6.426191939480144777e-01
6.434757748232566854e-01
6.445226687583192060e-01
6.451889184573147418e-01
6.460454449832776502e-01
6.471875407393163915e-01
6.483296002625021925e-01
6.493765123139910722e-01
6.503282950102095006e-01
6.512800233571486297e-01
6.523269716414904495e-01
6.533738836929793292e-01
6.546111450371413509e-01
6.554677259123835587e-01
6.566098941341280693e-01
6.576568243020434190e-01
6.585133508280063275e-01
6.588940675297789706e-01
6.599409795812678503e-01
6.607023948683867776e-01
6.618445087408518779e-01
6.631770262552695305e-01
6.643191220113082718e-01
6.651756847701241204e-01
6.663177986425892207e-01
6.678405567511213059e-01
6.687922850980604350e-01
6.698392333824022549e-01
6.713620096073606991e-01
6.724089035424232197e-01
6.732654844176654274e-01
6.741220652929076351e-01
6.747883149919031709e-01
6.758352451598185207e-01
6.764062930378378358e-01
6.771676902085302929e-01
6.783098403138483334e-01
6.794519360698870747e-01
6.804988481213759544e-01
6.810699503486746798e-01
6.819265131074905284e-01
6.827830939827327361e-01
6.837348223296718652e-01
6.851624329665070290e-01
6.863996943106690507e-01
6.873514951233139492e-01
6.880177085894566558e-01
6.891598043454953970e-01
6.906825986868803113e-01
6.917295288547956611e-01
6.927764771391374810e-01
6.939185547787497521e-01
6.950605961855090831e-01
6.956316259471020391e-01
6.965834086433204675e-01
6.976303025783829881e-01
6.982964979280992246e-01
6.992482625078912939e-01
7.003903582639300351e-01
7.010565173807933315e-01
7.018179689007650879e-01
7.025793841878840151e-01
7.034359107138469236e-01
7.040069585918662387e-01
7.048635756999613866e-01
7.060057076888529570e-01
7.069574541522185562e-01
7.076236857347877329e-01
7.084802666100299406e-01
7.098127116587417129e-01
7.103837957696139682e-01
7.116210752302024600e-01
7.123824724008949172e-01
7.129535383953407024e-01
7.143812214978816355e-01
7.149522874923274207e-01
7.161895488364894424e-01
7.177123612943008268e-01
7.194255411612117124e-01
7.201869202154776994e-01
7.214241453267868920e-01
7.227566628412045446e-01
7.232325451311005793e-01
7.239939604182195065e-01
7.245650082962388217e-01
7.254215710550546703e-01
7.267540342201929127e-01
7.278009643881082624e-01
7.288478945560236122e-01
7.300851377837591638e-01
7.308465711873045612e-01
7.317031701789732390e-01
7.322742361734190242e-01
7.336066449892779673e-01
7.344632258645201750e-01
7.357005234415351369e-01
7.367474536094504867e-01
7.374136308427402531e-01
7.389364251841251674e-01
7.400785390565902677e-01
7.415061315769989614e-01
7.423627124522411691e-01
7.435999919128296609e-01
7.442662053789723675e-01
7.451228224870675154e-01
7.462648638938268464e-01
7.473117759453157261e-01
3.447845080508611382e-01
