0.000000000000000000e+00
4.159557711074577183e-03
5.983189025628258932e-03
8.862009031784804508e-03
1.154106875028653584e-02
1.299577801719902642e-02
1.567483773570075775e-02
1.678641368063241157e-02
1.855365774185730246e-02
2.032090180308219335e-02
2.240068065861948107e-02
2.473660705514037564e-02
2.701614619833248021e-02
2.858362997190255425e-02
3.075039460843707190e-02
3.288656071730314961e-02
3.425428420321841028e-02
3.602152826444329770e-02
3.821408162663816888e-02
4.018108597551787314e-02
4.231725208438395086e-02
4.457100250191569496e-02
4.730644947374621628e-02
5.217806255444282226e-02
5.400169386899650315e-02
5.582532518355018403e-02
5.998488289462475948e-02
6.246418232547167743e-02
6.608084642691060273e-02
6.687988757752985625e-02
6.932858848070833080e-02
7.098305803527563129e-02
7.351874471945134271e-02
7.519900299967900714e-02
7.716600734855870447e-02
7.827758329349035482e-02
7.958891952607682896e-02
8.204243023126339684e-02
8.472148994976512471e-02
8.512101052507475840e-02
8.811260503788888310e-02
9.024877114675496081e-02
9.147312159834419809e-02
9.380904799486509960e-02
9.420856857017473329e-02
9.623196017238322408e-02
9.896740714421374541e-02
1.006782639521098394e-01
1.021893604723511234e-01
1.038696187525787878e-01
1.064616926900832927e-01
1.074604941283573700e-01
1.100831665935303044e-01
1.133615071749964759e-01
1.152415257428789502e-01
1.168090095164490277e-01
1.187196266119999455e-01
1.199745755912576262e-01
1.220849529744633538e-01
1.229967686317401943e-01
1.253326950282610819e-01
1.266440312608475560e-01
1.297226115546589176e-01
1.310903350405741852e-01
1.323146854921634363e-01
1.355060402926323848e-01
1.369301510318764459e-01
1.384976348054465234e-01
1.414634405926002980e-01
1.439991272767759956e-01
1.457099840846720895e-01
1.475900026525545639e-01
1.492444722071218643e-01
1.516673843846400027e-01
1.533476426648676672e-01
1.555401960270625383e-01
1.577939464445942963e-01
1.598737253001315806e-01
1.621532644433236747e-01
1.631520658815977520e-01
1.651190702304774494e-01
1.674292079013380008e-01
1.697957328255273457e-01
1.713632165990974232e-01
1.735863684889607239e-01
1.768341105427584659e-01
1.794261844802629569e-01
1.812498157948166377e-01
1.836163407190059826e-01
1.861520274031816802e-01
1.877758984300805511e-01
1.892306076969930417e-01
1.911670135182043095e-01
1.934465526613964037e-01
1.956697045512597044e-01
1.966685059895337817e-01
1.985485245574162561e-01
1.999468465709999532e-01
2.008022749749480140e-01
2.030254268648113147e-01
2.058172610899706434e-01
2.084963208084723851e-01
2.108322472049932728e-01
2.138238417178074113e-01
2.145358970874294280e-01
2.159036205733446956e-01
2.195814817301204869e-01
2.217176478389865646e-01
2.230289840715730387e-01
2.247398408794691327e-01
2.271063658036584776e-01
2.288172226115545715e-01
2.298160240498286488e-01
2.312401347890727099e-01
2.328076185626427874e-01
2.363678954107529262e-01
2.391597296359122549e-01
2.409269736971371423e-01
2.423252957107208394e-01
2.437494064499649005e-01
2.458597838331706142e-01
2.474272676067406918e-01
2.496504194966039925e-01
2.529545488037305279e-01
2.550907149125966056e-01
2.568579589738215208e-01
2.584818300007203917e-01
2.601926868086165134e-01
2.620163181231702221e-01
2.637835621843951373e-01
2.644956175540171817e-01
2.667493679715489119e-01
2.686293865394313585e-01
2.698537369910206096e-01
2.721332761342127315e-01
2.746125755650596356e-01
2.770354877425777462e-01
2.786593587694766172e-01
2.802832297963754882e-01
2.827625292272223922e-01
2.840738654598088386e-01
2.855849619800501227e-01
2.864967776373269492e-01
2.892064358834970927e-01
2.904049976094259522e-01
2.931968318345852809e-01
2.950768504024677830e-01
2.978428959019667199e-01
3.010342507024356684e-01
3.035699373866113659e-01
3.050810339068526500e-01
3.068482779680775652e-01
3.083029872349900558e-01
3.099268582618889267e-01
3.116635037954453846e-01
3.134871351099990933e-01
3.156796884721939644e-01
3.175597070400764110e-01
3.198392461832685330e-01
3.226616789360962634e-01
3.246286832849759607e-01
3.263089415652036251e-01
3.293569233313465294e-01
3.320923703031770646e-01
3.341721491587143489e-01
3.363083152675804266e-01
3.372201309248572532e-01
3.398428033900302014e-01
3.417228219579127035e-01
3.437462135601211943e-01
3.458823796689872720e-01
3.475368492235546003e-01
3.494168677914371024e-01
3.515836324279716374e-01
3.537503970645061724e-01
3.568289773583175339e-01
3.596514101111452644e-01
3.613622669190413861e-01
3.637287918432307032e-01
3.648403677881623675e-01
3.677755750476476848e-01
3.686310034515957179e-01
3.696861921431985887e-01
3.703982475128206331e-01
3.731594832103115045e-01
3.752956493191775822e-01
3.769195203460764532e-01
3.795985800645781949e-01
3.817089574477839364e-01
3.848439249949240915e-01
3.863244229874969182e-01
3.883478145897054090e-01
3.903712061919138998e-01
3.933064134513992172e-01
3.949866717316268816e-01
3.975223584158025791e-01
3.999452705933206897e-01
4.037053077290856384e-01
4.067275007695682065e-01
4.075829291735162396e-01
4.098624683167083615e-01
4.123723662752237229e-01
1.039770125937753420e-01
