0.000000000000000000e+00
5.492538158848265449e-05
1.153511225241813260e-04
1.812627391249335262e-04
2.306935548390651766e-04
2.746413916245758150e-04
3.240780008115724852e-04
3.735117132621366184e-04
4.284313013777543006e-04
4.668874690253464244e-04
5.273132099610451434e-04
5.767585093573393161e-04
6.207005526699849347e-04
6.646512861919280559e-04
7.195824612532756692e-04
7.800110989254068709e-04
8.239589357109174551e-04
8.898763457845346343e-04
9.503020867202332991e-04
9.832607917570419971e-04
1.049172408357794102e-03
1.104103583419141716e-03
1.175509765894244872e-03
1.246927535315077960e-03
1.301855813639993037e-03
1.345803650425503621e-03
1.395243156348932720e-03
1.444685559008794355e-03
1.494116374722926060e-03
1.571017123072380268e-03
1.631437070535213859e-03
1.713823694549721508e-03
1.746782399586530206e-03
1.768751972874636801e-03
1.807208140522228871e-03
1.862139315583576484e-03
1.933551291531544715e-03
1.982990797454974030e-03
2.059897339277293096e-03
2.103839382589938606e-03
2.142295550237530675e-03
2.197223828562445969e-03
2.246657541013009993e-03
2.334544524374733768e-03
2.389475699436081381e-03
2.411448169460620513e-03
2.488354711282939578e-03
2.548777555482205706e-03
2.625681200568092451e-03
2.669623243880737962e-03
2.735537757217922604e-03
2.790468932279270217e-03
2.839908438202699316e-03
2.889347944126128415e-03
2.982732390098635777e-03
3.054144366046604008e-03
3.125559238731004559e-03
3.180490413792352172e-03
3.224435353841430436e-03
3.273874859764859535e-03
3.339792269838476498e-03
3.400218010774175379e-03
3.477121655860062124e-03
3.504591588495384845e-03
3.576000667706920322e-03
3.625440173630349421e-03
3.663890547805076416e-03
3.729816648087991206e-03
3.790230802077959940e-03
3.828681176252686936e-03
3.861636984553063097e-03
3.911076490476492196e-03
3.982488466424459993e-03
4.009952605586917206e-03
4.064877987175400179e-03
4.147276198135638192e-03
4.213196504945687475e-03
4.268127680007035088e-03
4.312072620056113352e-03
4.372501257728244120e-03
4.443907440203347277e-03
4.520822672234963736e-03
4.542800935732367942e-03
4.614212911680335739e-03
4.663646624130900198e-03
4.707594460916410782e-03
4.762525635977758395e-03
4.844918053465130901e-03
4.927313367688935727e-03
4.965766638600095477e-03
5.015206144523524576e-03
5.059148187836170520e-03
5.097598562010897949e-03
5.152523943599380922e-03
5.218435560200133244e-03
5.278849714190101544e-03
5.339281248598665500e-03
5.383223291911311444e-03
5.438163157181956885e-03
5.498591794854087653e-03
5.542530941430300409e-03
5.608448351503917371e-03
5.641415746750023247e-03
5.740288965124016804e-03
5.789728471047445903e-03
5.844662542845225836e-03
5.910577056182410478e-03
5.954513306022190915e-03
5.992966576933350664e-03
6.064378552881318461e-03
6.086351022905857160e-03
6.146773867105123287e-03
6.174243799740446008e-03
6.229172078065361301e-03
6.273114121378007245e-03
6.366495670614082288e-03
6.410443507399592872e-03
6.465371785724508165e-03
6.531283402325260487e-03
6.580722908248689586e-03
6.646637421585874228e-03
6.696076927509303327e-03
6.767486006720838804e-03
6.816928409380700223e-03
6.860873349429778487e-03
6.899326620340938236e-03
6.965244030414555199e-03
6.998205632187796434e-03
7.064114352052116436e-03
7.102570519699708505e-03
7.157510384970353946e-03
7.179485751731325832e-03
7.212438663295269239e-03
7.267369838356616853e-03
7.333275661484503667e-03
7.410185100043255486e-03
7.470607944242521614e-03
7.536522457579706256e-03
7.596948198515404704e-03
7.629909800288645939e-03
7.668363071199805689e-03
7.734277584536990331e-03
7.783714193723987110e-03
7.855126169671955774e-03
7.926535248883492119e-03
7.981472217417705239e-03
8.052869709683510568e-03
8.118790016493560718e-03
8.190207785914394023e-03
8.267105637527416562e-03
8.344017972822600701e-03
8.365990442847139399e-03
8.409932486159784476e-03
8.492324903647157849e-03
8.558239416984343359e-03
8.629645599459447383e-03
8.695568803005929853e-03
8.745011205665792139e-03
8.810928615739409969e-03
8.854867762315622726e-03
8.882334798214512259e-03
8.926279738263589655e-03
8.992202941810072125e-03
9.014178308571043144e-03
9.085590284519011808e-03
9.129538121304523260e-03
9.156999363730548153e-03
9.261375838188189505e-03
9.327293248261807335e-03
9.376732754185237301e-03
9.453639296007556800e-03
9.497581339320201876e-03
9.552512514381550357e-03
9.601952020304980323e-03
9.656886092102761124e-03
9.689844797139569171e-03
9.711817267164107870e-03
9.755762207213185266e-03
9.799707147262262663e-03
9.854641219060043464e-03
9.882108254958932997e-03
9.904080724983471695e-03
9.948031458505415467e-03
9.997470964428845433e-03
1.005240793296305855e-02
1.010184743888648852e-02
1.015678440742070164e-02
1.021171558248205012e-02
1.025016016318391204e-02
1.032156344892258201e-02
1.039297832160698300e-02
1.043692036491962807e-02
1.049735189932819203e-02
1.056326351592894348e-02
1.061818889751742559e-02
1.067862043192598955e-02
1.072806283458585183e-02
1.079947191379738818e-02
1.087637266214684303e-02
1.090383969804573257e-02
1.094778463809480996e-02
1.100271870989259076e-02
1.105764698821750519e-02
1.110708359740450110e-02
1.114553107484279534e-02
1.121145138165284549e-02
1.124990465256400438e-02
1.129934705522386666e-02
1.133230865699710703e-02
1.137625070030975211e-02
1.142018984688596486e-02
1.146962645607296077e-02
1.153005219700866009e-02
1.161793628363395198e-02
1.170032870112132535e-02
1.174976531030832126e-02
1.180469069189680337e-02
1.187060810197042120e-02
1.190356391027079692e-02
1.196398675447006392e-02
1.201892951647714168e-02
1.206836902240057165e-02
1.211231396244964904e-02
1.215076723336080793e-02
1.220020094581137152e-02
1.225513212087272000e-02
1.234302200097087653e-02
1.238147816861846946e-02
1.243640644694338389e-02
1.248584305613037980e-02
1.254627459053894376e-02
1.263415867716423564e-02
1.269458152136350264e-02
1.273302899880179688e-02
1.276049024122782177e-02
1.280443228454046685e-02
1.283739388631370722e-02
1.288134172309921867e-02
1.293627289816056715e-02
1.301867110912080516e-02
1.304613235154683006e-02
1.311755012096766336e-02
1.317248419276544416e-02
1.325487950698924985e-02
1.331530235118851685e-02
1.338123424494429628e-02
1.344165419240712922e-02
1.349108790485769281e-02
1.352954117576885169e-02
1.355700241819487659e-02
1.360644192411830655e-02
1.366137599591608735e-02
1.369982926682724624e-02
1.373278797186405428e-02
1.378772494039826740e-02
1.383167857065664350e-02
1.389759887746669365e-02
1.395801303145666195e-02
1.401843297891949489e-02
1.407885292638232783e-02
1.417223447561840287e-02
1.420519028391877860e-02
1.423814898895558664e-02
1.428209392900466404e-02
1.430955806816712125e-02
1.435350300821619865e-02
1.441392874915189797e-02
1.446335956486602924e-02
1.452377951232886218e-02
1.461166649569058638e-02
1.468307267816569041e-02
1.472702051495120186e-02
1.477646002087463183e-02
1.484787489355903281e-02
1.488632816447019169e-02
1.495225136801667416e-02
1.500718833655088728e-02
1.506761407748658660e-02
1.511705358341001657e-02
1.517748222108214820e-02
1.523791375549071216e-02
1.531482319404946398e-02
1.536975436911081246e-02
1.543017141983721308e-02
1.547411346314985815e-02
1.551805840319893555e-02
1.556200044651158063e-02
1.558946458567403784e-02
1.562242908418371226e-02
1.568835228773019300e-02
1.573230302125213503e-02
1.579821174111645590e-02
1.586413494466293664e-02
1.591357445058636660e-02
1.594653605235960697e-02
1.601244477222392784e-02
1.607836507903397799e-02
1.612231291581948944e-02
1.619373068524032275e-02
1.624316150095445402e-02
1.630357565494442232e-02
1.634202892585558120e-02
1.636949016828160783e-02
1.646837207686489835e-02
1.655075580414297476e-02
1.660568987594075382e-02
1.661118444181510639e-02
1.663864858097756361e-02
1.671555512279988137e-02
1.678146384266420224e-02
1.683090045185119815e-02
1.691878453847648830e-02
1.697920448593932125e-02
1.702314942598839864e-02
1.709455850519993325e-02
1.718243969508879282e-02
1.722638173840143963e-02
1.729229914847505573e-02
1.735821655854867182e-02
1.738567780097469845e-02
1.747905645347434117e-02
1.751202095198401559e-02
1.754497096681152668e-02
1.762188330210671255e-02
1.768231483651527478e-02
1.773174565222940605e-02
1.780864060710599453e-02
1.790753120589858374e-02
1.796246238095993222e-02
1.800091275513466052e-02
1.806682147499898139e-02
1.812725590614397767e-02
1.817669251533097358e-02
1.822612622778153890e-02
1.828654617524437184e-02
1.833597988769493717e-02
1.836893859273174695e-02
1.845133390695555264e-02
1.847331217045295598e-02
1.852824044877787041e-02
1.858317741731208353e-02
1.866008685587083535e-02
1.868205932589537405e-02
1.872601585289018072e-02
1.877545246207717664e-02
1.881939450538982345e-02
1.886334523891176548e-02
1.892926264898538158e-02
1.896771302316010988e-02
1.900616919080770281e-02
1.902814166083224151e-02
1.907758406349210206e-02
1.914349857682928757e-02
1.918195764121331109e-02
1.923138845692744237e-02
1.931927833702559716e-02
1.937420951208694564e-02
1.941815734887245709e-02
1.950604433223418130e-02
1.956097261055909572e-02
1.960492044734460718e-02
1.963787046217211826e-02
1.967632373308327715e-02
1.972026867313235454e-02
1.977520564166656766e-02
1.981366470605059119e-02
1.986859877784837025e-02
1.990705204875952913e-02
1.994000496032347428e-02
1.998943867277403960e-02
2.002789194368519848e-02
2.007184267720714052e-02
2.014324596294581049e-02
2.020916047628299600e-02
2.029705035638115079e-02
2.033549493708301445e-02
2.040141234715663054e-02
2.044535728720570794e-02
2.053873883644178125e-02
2.061014501891688527e-02
2.068155409812841988e-02
2.074746281799274075e-02
2.076943528801727945e-02
2.084084436722881406e-02
2.089577264555372849e-02
2.094520925474072440e-02
2.098915419478980179e-02
2.101662702416155770e-02
2.103859949418609640e-02
2.110451400752328191e-02
2.113198394015860376e-02
2.117592598347125057e-02
2.124733506268278518e-02
2.130226623774413366e-02
2.132973617037945552e-02
2.137368400716496697e-02
2.145609090833450194e-02
2.148355215076052857e-02
2.157694239020590057e-02
2.159342029435609017e-02
2.165384603529178775e-02
2.172525801123975642e-02
2.179666998718772508e-02
2.183512615483531802e-02
2.189006022663309708e-02
2.196695807824611962e-02
2.199991098981006477e-02
2.207681753163238253e-02
2.216471899867627007e-02
2.220316937285099837e-02
2.226359801052313001e-02
2.231853208232090907e-02
2.235698245649563737e-02
2.244487233659379216e-02
2.248331981403208640e-02
2.252726185734473321e-02
2.256021766564510894e-02
2.262064630331724058e-02
2.267557168490572442e-02
2.270852459646966956e-02
2.275796410239309953e-02
2.281289817419087859e-02
2.286782645251579302e-02
2.289529348841468429e-02
2.296121379522473444e-02
2.298868083112362570e-02
2.302712830856191994e-02
2.309854318124631919e-02
2.316995515719428786e-02
2.322487764204633764e-02
2.328530048624560464e-02
2.331276752214449591e-02
2.334023455804338718e-02
2.336220702806792587e-02
2.342811864466867733e-02
2.346656901884340563e-02
2.353798099479137429e-02
2.356544803069026556e-02
2.358192883157688574e-02
2.363137413097318035e-02
2.367532196775869180e-02
2.370828646626836622e-02
2.378519300809068399e-02
2.381266294072600584e-02
2.386759990926021896e-02
2.391154774604573041e-02
2.393901478194462168e-02
2.398844849439518701e-02
2.404887713206731864e-02
2.407634127122977585e-02
2.414775035044131046e-02
2.420816740116771282e-02
2.423013987119225152e-02
2.426310436970192594e-02
2.431804133823613906e-02
2.439493918984916160e-02
2.444437869577259156e-02
2.448832363582166896e-02
2.455424683936814970e-02
2.465861752035292814e-02
2.470256535713843959e-02
2.472453782716297829e-02
2.479594980311094696e-02
2.485637844078307859e-02
2.490032048409572540e-02
2.496623210069647686e-02
2.501017704074555426e-02
2.505411908405820107e-02
2.509806402410727846e-02
2.516948758700097641e-02
2.524639702555972823e-02
2.530681697302256117e-02
2.538921228724636686e-02
2.544413766883485070e-02
2.548808260888392810e-02
2.552103841718430383e-02
2.557047792310773379e-02
2.565287613406797007e-02
2.568034027323042728e-02
2.572978267589028784e-02
2.579021131356241947e-02
2.586162618624681872e-02
2.592754069958400423e-02
2.597147984616021699e-02
2.603739435949740250e-02
2.607583894019926615e-02
2.614175345353645166e-02
2.620218209120858330e-02
2.625162739060487790e-02
2.630106110305544323e-02
2.634500314636809004e-02
2.639443685881865537e-02
2.645486259975435295e-02
2.651528254721718589e-02
2.658119126708150676e-02
2.663611664866999060e-02
2.668006158871906799e-02
2.676245400620643963e-02
2.682836851954362514e-02
2.688330259134140421e-02
2.696020044295442675e-02
2.702611495629161226e-02
2.710851316725184854e-02
2.716344723904962760e-02
2.722386718651246054e-02
2.726780922982510735e-02
2.730625670726340160e-02
2.735569041971396692e-02
2.741611326391323392e-02
2.745456653482439280e-02
2.753147017991027998e-02
2.761934847306270549e-02
2.770174668402294177e-02
2.775667785908429025e-02
2.781161772435493396e-02
2.785557425134974063e-02
2.789401593531517023e-02
2.797092247713748800e-02
2.801486452045013481e-02
2.803683988721110756e-02
2.809177395900888663e-02
2.813571889905796403e-02
2.819064717738287845e-02
2.825107581505501009e-02
2.830051242424200600e-02
2.833347402601524637e-02
2.837741606932789318e-02
2.843234434765280760e-02
2.848177806010337293e-02
2.853121756602680290e-02
2.860262085176547286e-02
2.867402413750414283e-02
2.873994444431419298e-02
2.882234265527442926e-02
2.887727093359934369e-02
2.893769957127147532e-02
2.898714487066776993e-02
2.903658727332763048e-02
2.912448294689865338e-02
2.916842788694773078e-02
2.920688115785888966e-02
2.923435109049421152e-02
2.928928226555556000e-02
2.932773553646671888e-02
2.936070293171282389e-02
2.941562541656487367e-02
2.949802073078867937e-02
2.958040445806675578e-02
2.962983817051732111e-02
2.967928057317718166e-02
2.973420885150209608e-02
2.978364256395266141e-02
2.983857663575044047e-02
2.987702411318873472e-02
2.991547738409989360e-02
2.997590022829916059e-02
3.001983937487537335e-02
3.005280097664861372e-02
3.011871838672222981e-02
3.013519339413598536e-02
3.020111370094603551e-02
3.029999560952932602e-02
3.035493257806353914e-02
3.041535542226280614e-02
3.047028370058772057e-02
3.051972030977471648e-02
3.056915112548884775e-02
3.064605477057473493e-02
3.071197507738478508e-02
3.075591422396099783e-02
3.079986206074650928e-02
3.086577367734726074e-02
3.090422694825841962e-02
3.095916391679263274e-02
3.100311175357814419e-02
3.105255125950157416e-02
3.109649330281422097e-02
3.118438897638524387e-02
3.123383137904510443e-02
3.126679008408191074e-02
3.129975168585515111e-02
3.137116655853955383e-02
3.143708976208603456e-02
3.150301006889608124e-02
3.156343001635891765e-02
3.160188039053364595e-02
3.165681156559499443e-02
3.170625976172772309e-02
3.176119962699836680e-02
3.181613369879614933e-02
3.187106197712106376e-02
3.189852901301995503e-02
3.194247105633259837e-02
3.201388592901700109e-02
3.206332543494042758e-02
3.209079536757575291e-02
3.211825950673821012e-02
3.218417402007539563e-02
3.221713272511220194e-02
3.224459686427465915e-02
3.230501970847392268e-02
3.238740922922486026e-02
3.243684294167542559e-02
3.248078498498806893e-02
3.253571326331298336e-02
3.261811726774608428e-02
3.272248215525799808e-02
3.277741333031934656e-02
3.285432566561453244e-02
3.292574343503536227e-02
3.297517425074949354e-02
3.304659202017032338e-02
3.311250943024394294e-02
3.320040800055139990e-02
3.329379534326033785e-02
3.335421239398674020e-02
3.342562147319827481e-02
3.346956351651091816e-02
3.351350845655999555e-02
3.357393419749569313e-02
3.363435704169495666e-02
3.368928242328343703e-02
3.373322446659608037e-02
3.377167484077080867e-02
3.381562557429275417e-02
3.387604262501915653e-02
3.395843793924296222e-02
3.400237708581917845e-02
3.403533579085598476e-02
3.411773689855265163e-02
3.419465502732069867e-02
3.426056664392145013e-02
3.429902281156903959e-02
3.435395978010324924e-02
3.443086342518913295e-02
3.448030582784899351e-02
3.453523989964677604e-02
3.460116599992969083e-02
3.466708630673973751e-02
3.472201458506465194e-02
3.479342945774905466e-02
3.485935266129553539e-02
3.489230557285948053e-02
3.496372334228031037e-02
3.502963785561749588e-02
3.506809112652865823e-02
3.510104983156546454e-02
3.513400853660227086e-02
3.517245891077699915e-02
3.522739298257478169e-02
3.528782451698334738e-02
3.534825315465547901e-02
3.540318143298039344e-02
3.546360427717965697e-02
3.552403291485178860e-02
3.558445575905105213e-02
3.566685107327485782e-02
3.570530434418602017e-02
3.577671342339755478e-02
3.583164170172246921e-02
3.588657867025667886e-02
3.595799064620464752e-02
3.600743304886450807e-02
3.605687255478793457e-02
3.611180372984928305e-02
3.616123744229984838e-02
3.622714905890059983e-02
3.628208023396194831e-02
3.633700851228686274e-02
3.637545309298872293e-02
3.643587593718798645e-02
3.647982087723706385e-02
3.654574118404711053e-02
3.659518068997053702e-02
3.662264482913299424e-02
3.666109520330772253e-02
3.671053760596758309e-02
3.677096624363971472e-02
3.681490828695235806e-02
3.686435068961221861e-02
3.691377571185348871e-02
3.699067646020294531e-02
3.702912393764123955e-02
3.708954678184050308e-02
3.714447795690185156e-02
3.720490659457398319e-02
3.726532943877324672e-02
3.732575807644537835e-02
3.743562332330450937e-02
3.749055739510229190e-02
3.753449654167850813e-02
3.758942482000342256e-02
3.764435309832833698e-02
3.773223718495363060e-02
3.775420386150530466e-02
3.782011258136962206e-02
3.788053252883245847e-02
3.792448036561796992e-02
3.797391118133210119e-02
3.806180395816669004e-02
3.813871339672544186e-02
3.821012247593697647e-02
3.827054821687267405e-02
3.835295222130577497e-02
3.842436999072660481e-02
3.849578486341100753e-02
3.853424103105859699e-02
3.857818597110767439e-02
3.861114757288091476e-02
3.868256244556531748e-02
3.872100992300361172e-02
3.874847116542963488e-02
3.879790777461663426e-02
3.886382518469025382e-02
3.890228135233784329e-02
3.895171796152484267e-02
3.898467376982522187e-02
3.903410458553935314e-02
3.909453032647505072e-02
3.919339775137618137e-02
3.925381769883901778e-02
3.931424054303828131e-02
3.937466628397397889e-02
3.941861701749592439e-02
3.948454022104240513e-02
3.953947429284018766e-02
3.957243299787699398e-02
3.961088626878815633e-02
3.968229245126325688e-02
3.972623739131233428e-02
3.980314393313465204e-02
3.983610843164432647e-02
3.989104829691497017e-02
3.993499903043691568e-02
3.998442984615104695e-02
4.002288891053507047e-02
4.007782298233285301e-02
4.013275995086706266e-02
4.018769402266484519e-02
4.023163896271392259e-02
4.028657593124813224e-02
4.033601254043513162e-02
4.037445712113699181e-02
4.042938829619834029e-02
4.049530570627195986e-02
4.057221804156714573e-02
4.061066262226900592e-02
4.064362422404224628e-02
4.066559959080321557e-02
4.073151120740396702e-02
4.080840905901698956e-02
4.088531849757574138e-02
4.097870584028467933e-02
4.103364570555532304e-02
4.109956021889250855e-02
4.114350805567802000e-02
4.118195842985274829e-02
4.124787294318993380e-02
4.129181208976615003e-02
4.133026825741373950e-02
4.142915016599703348e-02
4.147858677518403286e-02
4.153351505350894729e-02
4.157746578703089280e-02
4.162141072707997019e-02
4.168732234368072165e-02
4.175873142289225626e-02
4.181366839142646591e-02
4.187409413236216349e-02
4.192901951395064386e-02
4.196197532225102306e-02
4.200591736556366640e-02
4.206634310649936398e-02
4.208831847326033326e-02
4.215973044920830193e-02
4.219818082338303022e-02
4.226410692366594501e-02
4.230804896697858836e-02
4.236298883224923206e-02
4.239045586814812333e-02
4.242890044884998352e-02
4.251129865981022327e-02
4.254975193072138562e-02
4.261018056839351725e-02
4.269258746956305223e-02
4.274751285115153260e-02
4.276399075530171873e-02
4.280793279861436207e-02
4.288483644370024578e-02
4.296174008878612949e-02
4.302216582972182707e-02
4.306610787303447041e-02
4.309907237154414483e-02
4.318696804511516774e-02
4.326386589672819027e-02
4.331879417505310470e-02
4.337921122577950706e-02
4.344513153258955374e-02
4.348907357590219708e-02
4.356048844858659980e-02
4.361541672691151422e-02
4.366485043936207955e-02
4.371977582095055992e-02
4.376922112034685453e-02
4.386259977284649725e-02
4.395049254968108610e-02
4.403288496716845773e-02
4.407682701048110108e-02
4.414274152381828659e-02
4.418667777365806876e-02
4.422512814783279705e-02
4.427457344722909166e-02
4.431302961487668113e-02
4.434050244424843357e-02
4.440641695758561908e-02
4.444486733176034737e-02
4.448881227180942477e-02
4.452725685251128496e-02
4.457669925517114551e-02
4.463163332696892804e-02
4.469754784030611355e-02
4.473050364860649275e-02
4.479641526520724421e-02
4.482387940436970142e-02
4.488430804204183305e-02
4.492825587882734450e-02
4.496121748060058487e-02
4.500515952391322821e-02
4.504910446396230561e-02
4.510403853576008815e-02
4.514798057907273149e-02
4.523586466569802511e-02
4.529079294402293954e-02
4.532374875232331873e-02
4.537867123717537199e-02
4.546655242706423156e-02
4.552148070538914598e-02
4.558740680567206077e-02
4.564782964987132430e-02
4.570276082493267278e-02
4.577416990414420739e-02
4.579614816764161073e-02
4.585107934270295921e-02
4.591699964951300589e-02
4.596644205217286644e-02
4.601587576462343177e-02
4.605433482900745529e-02
4.614222760584204414e-02
4.618068377348963360e-02
4.621913704440079596e-02
4.624111241116176524e-02
4.631251569690043868e-02
4.637842731350119013e-02
4.641688058441235248e-02
4.644435051704767781e-02
4.650476756777408016e-02
4.654870671435029639e-02
4.659814332353729577e-02
4.667504407188675236e-02
4.670251400452207768e-02
4.674645315109829391e-02
4.680688178877042555e-02
4.684533505968158790e-02
4.688927710299423124e-02
4.693321624957044746e-02
4.700462822551841613e-02
4.706504817298125254e-02
4.711996776109687174e-02
4.715292646613367805e-02
4.721884387620729762e-02
4.727376636105935087e-02
4.733419210199504845e-02
4.738912327705639693e-02
4.745503489365714839e-02
4.752094651025789984e-02
4.760884218382892275e-02
4.765827879301592213e-02
4.769672627045421637e-02
4.772968497549102268e-02
4.779010492295385909e-02
4.782855529712858739e-02
4.786151400216539370e-02
4.792743430897544038e-02
4.797138214576095183e-02
4.801533287928289734e-02
4.809224231784164916e-02
4.810872022199183529e-02
4.816914306619109881e-02
4.821309379971304432e-02
4.826253909910933892e-02
4.830099526675692839e-02
4.835044056615322300e-02
4.839988586554951761e-02
4.844383659907146311e-02
4.850975980261794385e-02
4.855370763940345530e-02
4.863059969754360973e-02
4.870750334262949344e-02
4.875694284855291993e-02
4.884482983191464067e-02
4.890525267611390420e-02
4.894370594702506655e-02
4.897116718945108971e-02
4.903158713691392612e-02
4.905905706954925144e-02
4.910849657547267794e-02
4.919090057990577886e-02
4.925681509324296437e-02
4.930625170242996375e-02
4.936117998075487817e-02
4.942160572169057575e-02
4.948203435936270739e-02
4.954244851335267569e-02
4.962484382757648138e-02
4.967977210590139581e-02
4.971822537681255816e-02
4.977315655187390664e-02
4.985554896936127828e-02
4.991596891682411469e-02
4.997638886428695110e-02
5.003131714261186552e-02
5.007526208266094292e-02
5.011372114704496644e-02
5.014668274881820681e-02
5.024006140131784953e-02
5.030049003898998117e-02
5.037739947754873299e-02
5.042683029326286426e-02
5.052570640837329013e-02
5.059161512823760753e-02
5.064655209677181719e-02
5.071247240358186387e-02
5.075093146796588739e-02
5.081684887803950695e-02
5.087178005310085543e-02
5.093769746317447500e-02
5.098164529995998645e-02
5.100911523259531177e-02
5.110250257530424972e-02
5.115194787470054433e-02
5.121237071889980785e-02
5.126181022482323435e-02
5.130575516487231175e-02
5.134969431144852797e-02
5.142110628739649664e-02
5.150899616749465143e-02
5.161885562088091434e-02
5.166829512680434083e-02
5.170124803836828598e-02
5.176167088256754950e-02
5.181110459501811483e-02
5.183857452765344015e-02
5.189350570271478863e-02
5.199238471456164856e-02
5.202533762612559370e-02
5.206927677270180993e-02
5.210772714687653823e-02
5.213518838930256138e-02
5.219561123350182491e-02
5.226702320944979357e-02
5.232744605364905710e-02
5.237687976609962243e-02
5.243729971356245884e-02
5.249772545449815642e-02
5.256364286457177598e-02
5.262956606811825672e-02
5.267351390490376817e-02
5.273942262476808557e-02
5.277787010220637981e-02
5.284927338794505325e-02
5.290969623214431677e-02
5.296463030394209931e-02
5.300857524399117671e-02
5.306899808819044023e-02
5.309647091756219267e-02
5.316238832763581224e-02
5.318436079766035440e-02
5.323929197272170288e-02
5.329422314778305136e-02
5.336563512373102003e-02
5.343704709967898869e-02
5.351394784802844529e-02
5.356888771329908899e-02
5.360733808747381729e-02
5.366775224146378559e-02
5.372268631326156813e-02
5.379958416487459066e-02
5.384352041471437283e-02
5.390395194912293853e-02
5.396437479332220205e-02
5.401381429924562855e-02
5.409620381999656613e-02
5.412915962829694533e-02
5.421704950839510012e-02
5.428846148434306879e-02
5.431592852024196005e-02
5.435987346029103745e-02
5.443128253950257206e-02
5.445325500952711423e-02
5.450268872197767955e-02
5.459057860207583435e-02
5.462353730711264066e-02
5.467846268870112103e-02
5.473887973942752339e-02
5.477733880381154691e-02
5.479931127383608908e-02
5.483226997887289539e-02
5.485973991150822071e-02
5.492565732158184028e-02
5.499706929752980894e-02
5.509595410284953004e-02
5.514539360877295654e-02
5.518933854882203394e-02
5.522779471646962340e-02
5.528821176719602576e-02
5.534314873573023541e-02
5.539259403512653002e-02
5.542555274016333633e-02
5.549695602590200977e-02
5.554090096595108716e-02
5.558484590600016456e-02
5.565625788194813323e-02
5.571669231309312603e-02
5.576613471575298658e-02
5.579360464838831191e-02
5.585952495519835859e-02
5.589797532937308688e-02
5.594192026942216428e-02
5.599684275427421754e-02
5.604628805367051214e-02
5.607924965544375251e-02
5.612319169875639585e-02
5.618361743969209343e-02
5.622207071060325578e-02
5.627151311326311633e-02
5.635940299336127113e-02
5.640335372688321663e-02
5.646376498413675088e-02
5.653517116661185143e-02
5.661757517104495235e-02
5.665053387608175867e-02
5.671095961701745625e-02
5.676039912294088274e-02
5.681532450452936311e-02
5.688125639828514601e-02
5.691970677245987431e-02
5.695816004337103666e-02
5.702957491605543938e-02
5.711197602375210625e-02
5.715592386053761770e-02
5.726030323173169484e-02
5.733720108334471738e-02
5.738114602339379478e-02
5.743607719845514326e-02
5.749650583612727489e-02
5.756242614293732157e-02
5.762284898713658510e-02
5.767778305893436763e-02
5.774370046900798720e-02
5.776567583576895648e-02
5.782061859777603424e-02
5.787006100043589479e-02
5.794147297638386346e-02
5.796344834314483274e-02
5.801837662146974717e-02
5.807879946566901069e-02
5.812273861224522692e-02
5.819964515406754468e-02
5.827653721220769911e-02
5.833696295314339669e-02
5.841936695757649761e-02
5.845782602196052113e-02
5.851276009375830367e-02
5.855670793054381512e-02
5.858967242905348954e-02
5.866108150826502415e-02
5.869953767591261362e-02
5.872700181507507083e-02
5.877643552752563616e-02
5.881488879843679851e-02
5.886432251088736384e-02
5.887530874589963492e-02
5.892475114855949547e-02
5.899067145536954215e-02
5.903461639541861955e-02
5.906208343131751082e-02
5.913898997313982858e-02
5.919391825146474301e-02
5.924336065412460356e-02
5.927632225589784393e-02
5.935322300424730052e-02
5.940266540690716107e-02
5.946309694131572676e-02
5.950155021222688911e-02
5.955648718076109877e-02
5.960592958342095932e-02
5.966636401456595212e-02
5.969383105046484339e-02
5.975973977032916079e-02
5.978720680622805206e-02
5.983116333322285874e-02
5.992453619224963335e-02
5.994650866227417552e-02
5.999045070558681886e-02
6.003439854237233031e-02
6.010581051832029897e-02
6.014426378923146133e-02
6.022117322779021314e-02
6.027610440285156163e-02
6.033652435031439804e-02
6.038595516602852931e-02
6.046835627372519617e-02
6.055075738142186303e-02
6.061668637844121188e-02
6.067710632590404829e-02
6.071556249355163776e-02
6.076500199947506425e-02
6.081443860866206363e-02
6.084740310717173806e-02
6.092430675225762177e-02
6.095177378815651303e-02
6.100120750060707836e-02
6.104515823412902387e-02
6.108911186438739649e-02
6.112207636289707091e-02
6.114954050205952812e-02
6.120447457385731066e-02
6.127040357087665950e-02
6.132533474593800799e-02
6.138575759013727151e-02
6.143519709606069801e-02
6.147913624263691423e-02
6.150660327853580550e-02
6.157253227555515435e-02
6.158900728296891336e-02
6.168239462567785131e-02
6.175380370488938592e-02
6.183620191584962567e-02
6.189113888438383532e-02
6.195705050098458677e-02
6.199550087515931507e-02
6.204493748434631445e-02
6.209437699026974095e-02
6.214931106206752348e-02
6.218776433297868583e-02
6.220973969973965512e-02
6.225367884631587134e-02
6.230312414571216595e-02
6.236904155578578551e-02
6.240200026082259183e-02
6.245143687000959121e-02
6.248439847178283157e-02
6.255031877859287825e-02
6.262722821715162314e-02
6.269313983375238153e-02
6.277004927231112641e-02
6.282497755063604084e-02
6.286891959394869112e-02
6.292384787227360554e-02
6.296230693665763600e-02
6.302272688412047241e-02
6.309413596333200702e-02
6.312710046184168144e-02
6.316005916687848776e-02
6.322597947368853444e-02
6.325893817872534075e-02
6.331386645705025518e-02
6.335780560362647140e-02
6.340174764693912168e-02
6.345667592526403611e-02
6.350611253445102855e-02
6.354456580536219090e-02
6.360499154629789542e-02
6.364893358961054570e-02
6.370386186793546013e-02
6.376978217474550681e-02
6.382471045307042123e-02
6.388513619400612575e-02
6.391260322990501008e-02
6.397851484650576848e-02
6.403344602156711696e-02
6.407189060226897714e-02
6.410484930730578346e-02
6.416527504824148798e-02
6.426414536987905268e-02
6.431907075146753305e-02
6.440146316895491163e-02
6.447287514490288030e-02
6.451132841581404265e-02
6.453329798910215076e-02
6.457175126001331311e-02
6.460470996505011942e-02
6.465414947097354592e-02
6.470907774929846035e-02
6.475302848282039891e-02
6.482442887182263136e-02
6.488485171602190182e-02
6.491781042105870814e-02
6.494527745695759247e-02
6.499471406614458491e-02
6.506612314535611952e-02
6.513203765869329809e-02
6.521993043552788694e-02
6.528585074233793362e-02
6.532980147585987218e-02
6.542868048770672518e-02
6.551107290519410375e-02
6.553853125088369980e-02
6.558797075680712629e-02
6.562641823424542054e-02
6.569233564431903316e-02
6.574177225350602560e-02
6.582966503034061445e-02
6.590109148997073951e-02
6.596700890004435214e-02
6.603292341338153071e-02
6.608236291930495721e-02
6.612630206588117343e-02
6.617024700593025777e-02
6.625265101036335869e-02
6.633504922132359150e-02
6.637350249223475385e-02
6.641194707293661403e-02
6.645040324058421044e-02
6.652181521653217910e-02
6.660970219989389984e-02
6.665913591234445823e-02
6.670856962479501662e-02
6.674152832983182293e-02
6.680744284316900150e-02
6.686237401823034998e-02
6.690632475175228855e-02
6.695576136093928099e-02
6.701618130840211740e-02
6.708759907782295417e-02
6.715351359116013275e-02
6.720844186948504717e-02
6.729084008044527998e-02
6.731830132287131008e-02
6.738971619555571280e-02
6.744464737061706128e-02
6.751606224330146400e-02
6.758747132251299861e-02
6.765338873258661123e-02
6.769183910676133953e-02
6.775226484769704405e-02
6.780719891949482658e-02
6.787311343283200515e-02
6.792255583549186571e-02
6.797748411381678013e-02
6.802692072300377257e-02
6.805987942804057889e-02
6.810931893396400538e-02
6.817523924077405206e-02
6.824664542324915262e-02
6.830157659831050110e-02
6.834002697248522940e-02
6.837298567752203571e-02
6.844988932260792636e-02
6.851030927007076277e-02
6.857072921753359918e-02
6.860369081930683954e-02
6.866410787003324190e-02
6.871904483856745849e-02
6.877397601362880697e-02
6.883989921717528770e-02
6.890581373051246628e-02
6.894426410468719457e-02
6.899370650734705512e-02
6.904314891000691568e-02
6.910357465094262019e-02
6.917498373015415480e-02
6.923540657435342527e-02
6.930681855030139393e-02
6.937274754732074278e-02
6.942767582564565720e-02
6.948809577310849361e-02
6.954302984490627615e-02
6.958148601255387256e-02
6.965837807069402698e-02
6.969133387899439924e-02
6.976823173060742178e-02
6.980119043564422809e-02
6.988358574986802685e-02
6.993302525579145335e-02
7.000444592194872417e-02
7.006486586941156058e-02
7.013078907295804132e-02
7.017473111627069160e-02
7.021318728391828801e-02
7.025713222396737234e-02
7.034501631059265903e-02
7.041093082392983760e-02
7.046586779246405419e-02
7.054277723102279907e-02
7.059771999302986989e-02
7.065265116809121837e-02
7.072405735056631892e-02
7.079546932651428759e-02
7.081744759001169787e-02
7.087237297160017824e-02
7.093829907188309303e-02
7.097674944605782132e-02
7.102069728284332584e-02
7.108661179618050441e-02
7.111957050121731072e-02
7.115253210299055109e-02
7.121296074066267578e-02
7.122944154154929597e-02
7.127337779138907814e-02
7.131731983470172842e-02
7.137225969997237907e-02
7.143268254417164953e-02
7.144916624179470377e-02
7.148212205009507603e-02
7.153155576254563441e-02
7.160847099457724740e-02
7.166340506637502994e-02
7.172932537318507662e-02
7.177327031323416096e-02
7.182820148829550944e-02
7.185017685505648566e-02
7.188862722923121396e-02
7.193256927254386424e-02
7.199299501347956876e-02
7.203144249091786300e-02
7.208636497576990931e-02
7.215777695171787798e-02
7.220721356090487042e-02
7.225115560421752070e-02
7.227862264011640503e-02
7.232257047690190954e-02
7.237750165196325802e-02
7.243793028963538272e-02
7.247638356054654507e-02
7.253680640474581554e-02
7.259722635220865194e-02
7.263567672638338024e-02
7.268511043883393863e-02
7.276751154653060549e-02
7.281145938331611001e-02
7.284991265422727236e-02
7.291033549842654282e-02
7.296526377675145725e-02
7.302019495181280573e-02
7.310259605950947259e-02
7.315203266869646503e-02
7.320147507135632559e-02
7.325640624641767407e-02
7.331683198735337859e-02
7.342670592442179789e-02
7.348163999621958042e-02
7.355304907543111503e-02
7.362445815464264964e-02
7.369038135818913038e-02
7.375630456173561111e-02
7.381673609614416987e-02
7.389364553470291475e-02
7.395955425456723908e-02
7.399800752547840144e-02
7.404194956879105172e-02
7.407491406730072614e-02
7.410787566907396651e-02
7.415731807173382706e-02
7.419577134264498941e-02
7.423971628269407375e-02
7.426168585598218186e-02
7.429464456101898817e-02
7.433310362540301863e-02
7.442648807137552947e-02
7.449790873753280029e-02
7.456931202327146679e-02
7.461875152919489329e-02
7.465720190336962159e-02
7.467367980751980772e-02
7.477256461283952882e-02
7.481102078048712523e-02
7.483849071312244361e-02
7.487145521163211803e-02
7.493188384930424273e-02
7.499779546590500112e-02
7.508019078012879988e-02
7.512413572017788421e-02
7.519554190265298477e-02
7.524497561510354315e-02
7.527793432014034947e-02
7.535483796522624012e-02
7.542075247856341869e-02
7.548117532276268915e-02
7.554708114589057943e-02
7.559102318920322972e-02
7.563496523251588000e-02
7.568989351084079442e-02
7.572834678175195677e-02
7.575581381765084110e-02
7.577778628767538327e-02
7.583821782208394202e-02
7.590962979803191069e-02
7.594808596567950709e-02
7.600851460335163179e-02
7.607992947603603451e-02
7.611837695347432875e-02
7.616781066592488714e-02
7.622274763445910373e-02
7.625571213296877815e-02
7.630514874215577059e-02
7.636556868961860700e-02
7.641500529880559944e-02
7.649190315041862198e-02
7.657429556790600056e-02
7.661824340469150507e-02
7.666219124147700958e-02
7.671163364413687014e-02
7.677205069486327249e-02
7.684345398060193899e-02
7.689838225892685342e-02
7.695881379333541217e-02
7.701923663753468263e-02
7.710164643544065166e-02
7.717855877073583060e-02
7.722250371078491493e-02
7.724997074668379926e-02
7.728292945172060557e-02
7.735983309680649622e-02
7.738729723596896037e-02
7.745321174930613894e-02
7.748617335107937931e-02
7.755210234809872816e-02
7.762351722078313088e-02
7.770041796913258747e-02
7.779379372489579614e-02
7.784872779669357867e-02
7.792013687590511328e-02
7.798055972010438375e-02
7.800252929339249186e-02
7.806844380672967043e-02
7.811239164351517494e-02
7.817830905358878757e-02
7.825521559541111227e-02
7.830465220459810471e-02
7.835958337965945320e-02
7.840352542297210348e-02
7.845296782563196403e-02
7.849690986894461431e-02
7.853536313985577666e-02
7.860128054992938929e-02
7.866170918760151398e-02
7.874960196443610283e-02
7.881002770537180735e-02
7.885947010803166790e-02
7.889791758546996214e-02
7.894186252551904648e-02
7.901876906734137118e-02
7.905172777237817749e-02
7.911215061657744796e-02
7.916159591597374257e-02
7.922202455364586726e-02
7.931540610288194404e-02
7.936483691859608225e-02
7.941427063104664064e-02
7.949117427613253128e-02
7.953512211291803580e-02
7.960653119212957041e-02
7.967244570546674898e-02
7.971638774877939926e-02
7.978230515885301188e-02
7.982625299563851640e-02
7.988118706743629893e-02
7.993062947009615948e-02
8.000203565257126004e-02
8.005148095196755464e-02
8.010641502376533718e-02
8.018331866885122783e-02
8.023825274064901036e-02
8.025473064479919649e-02
8.029318391571035884e-02
8.034262631837021940e-02
8.040854662518026608e-02
8.046347490350518050e-02
8.054587311446541331e-02
8.057882892276578557e-02
8.061179342127545999e-02
8.065024089871375423e-02
8.069968040463718073e-02
8.074911991056060723e-02
8.080954854823273192e-02
8.087546595830634455e-02
8.093040003010412708e-02
8.097983953602755358e-02
8.103477071108890206e-02
8.108421311374876261e-02
8.113364682619932100e-02
8.116661132470899542e-02
8.123802040392053003e-02
8.128196534396961437e-02
8.132590738728226465e-02
8.136435486472055889e-02
8.141928893651834143e-02
8.149618389139492991e-02
8.154562629405479046e-02
8.160055167564327083e-02
8.166647198245331751e-02
8.171041692250240185e-02
8.176534809756375033e-02
8.180929593434925484e-02
8.188070501356078945e-02
8.192464416013700568e-02
8.196859489365894424e-02
8.202352606872029273e-02
8.210042392033331526e-02
8.214985763278387365e-02
8.221577214612105222e-02
8.225971418943370250e-02
8.230915079862069494e-02
8.238055987783222955e-02
8.242450771461773407e-02
8.245746931639097443e-02
8.251788636711737679e-02
8.258929544632891140e-02
8.266069293859472367e-02
8.270463498190737395e-02
8.277054949524455252e-02
8.281998610443154496e-02
8.284745603706686334e-02
8.294082889609363796e-02
8.299575717441855238e-02
8.301772964444309455e-02
8.307266081950444303e-02
8.310561952454124934e-02
8.317154852156059819e-02
8.322647390314907856e-02
8.329239131322269118e-02
8.338027250311154381e-02
8.345168737579594653e-02
8.351759319892383682e-02
8.360548018228555756e-02
8.367139179888631595e-02
8.372632876742053254e-02
8.379773784663206715e-02
8.385816358756777167e-02
8.392957266677930628e-02
8.401746544361389513e-02
8.406689915606445351e-02
8.413831402874885623e-02
8.417127563052209660e-02
8.423718724712285499e-02
8.428662675304628149e-02
8.434156082484406403e-02
8.439099164055820224e-02
8.448987354914148928e-02
8.450635145329167541e-02
8.456677719422737993e-02
8.459974458947348841e-02
8.464368952952257275e-02
8.468763736630807726e-02
8.475904644551961187e-02
8.482495806212037026e-02
8.484143886300699045e-02
8.489087836893041694e-02
8.495130121312968741e-02
8.501172116059252382e-02
8.506116066651595031e-02
8.514355887747618312e-02
8.519299258992674151e-02
8.526989913174906621e-02
8.530285494004943847e-02
8.537426981273384119e-02
8.542371221539370174e-02
8.546216548630486409e-02
8.551709666136621257e-02
8.553907492486362285e-02
8.560498654146438124e-02
8.563794814323762161e-02
8.569837098743689208e-02
8.575878514142686038e-02
8.584117755891423895e-02
8.590160619658636365e-02
8.594555403337186816e-02
8.604992761109307720e-02
8.606640551524326332e-02
8.612682546270609973e-02
8.618725699711465849e-02
8.625867186979906120e-02
8.630261970658456572e-02
8.635754798490948014e-02
8.642346539498309277e-02
8.642895996085744881e-02
8.648388534244592918e-02
8.651684404748273549e-02
8.654980854599240991e-02
8.659375058930506019e-02
8.664867597089354057e-02
8.669810678660767878e-02
8.675303506493259320e-02
8.686289162158242205e-02
8.689585322335566242e-02
8.693430649426682477e-02
8.697825722778876334e-02
8.704417753459881002e-02
8.706614710788691813e-02
8.712107828294826661e-02
8.717600945800961509e-02
8.725291020635907169e-02
8.730234681554606413e-02
8.736825843214682252e-02
8.742868706981894722e-02
8.750558202469553570e-02
8.753853783299590796e-02
8.758797733891933446e-02
8.767586142554462114e-02
8.775276796736694584e-02
8.778023500326583017e-02
8.782967161245282262e-02
8.786262742075319487e-02
8.793951947889334930e-02
8.801642891745209418e-02
8.808234343078927275e-02
8.811530503256251312e-02
8.817023910436029566e-02
8.823065905182313207e-02
8.828559602035734866e-02
8.835151343043096128e-02
8.838996670134212363e-02
8.841743084050458779e-02
8.847786237491314654e-02
8.852729898410013898e-02
8.857673269655069737e-02
8.861518307072542566e-02
8.867560301818826207e-02
8.871405628909942442e-02
8.876348710481356263e-02
8.881841827987491111e-02
8.891180562258385600e-02
8.896673679764520448e-02
8.903265420771881711e-02
8.910954916259540559e-02
8.917545788245972993e-02
8.920292491835861426e-02
8.926884812190509499e-02
8.932378219370287753e-02
8.940069163226162241e-02
8.945562570405940495e-02
8.950506520998283144e-02
8.956000507525348209e-02
8.959295798681742029e-02
8.963689423665720246e-02
8.969181961824568283e-02
8.972477542654605509e-02
8.978519537400889150e-02
8.982913741732154178e-02
8.985659576301113782e-02
8.996097223746878091e-02
9.002139797840448543e-02
9.006534002171713571e-02
9.012575996917997212e-02
9.019167158578073051e-02
9.025210022345285521e-02
9.031252306765212567e-02
9.035097344182685397e-02
9.043337165278708678e-02
9.047731659283617112e-02
9.056520357619789185e-02
9.065310504324178287e-02
9.070804201177599946e-02
9.075198984856150397e-02
9.081240689928790633e-02
9.088931054437379697e-02
9.092775802181209122e-02
9.097170585859759573e-02
9.104312362801843250e-02
9.106509609804297467e-02
9.112003306657719126e-02
9.118595337338723794e-02
9.123539287931066444e-02
9.127384904695826084e-02
9.133976645703187347e-02
9.139470052882965601e-02
9.144413424128021439e-02
9.149356795373077278e-02
9.152103209289323693e-02
9.155948826054083334e-02
9.164189516171036831e-02
9.172978504180852311e-02
9.179021078274422762e-02
9.188358653850743629e-02
9.192753437529294080e-02
9.198795432275577721e-02
9.207034384350672174e-02
9.211978045269371418e-02
9.218021488383870699e-02
9.223514026542718736e-02
9.227359353633834971e-02
9.229556890309932593e-02
9.232852181466326413e-02
9.237245806450304630e-02
9.241091133541420866e-02
9.244937039979823912e-02
9.251527332618969535e-02
9.255921826623877968e-02
9.258668530213766401e-02
9.265809438134919862e-02
9.273500092317152332e-02
9.277894586322060766e-02
9.282838247240760010e-02
9.289979155161913471e-02
9.297670388691431365e-02
9.302613759936487203e-02
9.306458218006673222e-02
9.311951335512808070e-02
9.313599125927826683e-02
9.320740323522623549e-02
9.327331485182699389e-02
9.332274566754113210e-02
9.337767684260248058e-02
9.344359714941252726e-02
9.349303375859951970e-02
9.356993740368541035e-02
9.362487147548319288e-02
9.366881931226869740e-02
9.371276425231778173e-02
9.376768963390626210e-02
9.378966210393080427e-02
9.386108277008807510e-02
9.393249474603604376e-02
9.399841215610965639e-02
9.406432956618326902e-02
9.413575023234053984e-02
9.420716220828850851e-02
9.425110135486472474e-02
9.434448869757366962e-02
9.442138654918669216e-02
9.445983692336142046e-02
9.452576592038076930e-02
9.460816123460456806e-02
9.466858407880383852e-02
9.471252901885292286e-02
9.477844353219010143e-02
9.483337760398788396e-02
9.489379175797785226e-02
9.496519794045295282e-02
9.504210448227527752e-02
9.511900233388830006e-02
9.517942517808757052e-02
9.521238388312437684e-02
9.526731505818572532e-02
9.530027086648609758e-02
9.532773500564856173e-02
9.540463865073445238e-02
9.543759735577125869e-02
9.550900353824635924e-02
9.556394050678057583e-02
9.565183038687873063e-02
9.571775938389807947e-02
9.578917135984604814e-02
9.584409963817096256e-02
9.589903081323231104e-02
9.595945655416801556e-02
9.603086563337955017e-02
9.608579101496803054e-02
9.612424428587919290e-02
9.619565915856359561e-02
9.622861786360040193e-02
9.626706823777513022e-02
9.630551571521342447e-02
9.633847152351379672e-02
9.639340849204801331e-02
9.642636430034838557e-02
9.647579801279894396e-02
9.652523751872237046e-02
9.654171542287255658e-02
9.659664949467033912e-02
9.664059733145584363e-02
9.666256980148038580e-02
9.673397598395548636e-02
9.676144301985437068e-02
9.682735753319154925e-02
9.686580501062984350e-02
9.694271155245216820e-02
9.700313729338787272e-02
9.706356593105999742e-02
9.711849131264847779e-02
9.717343117791912843e-02
9.723934858799274106e-02
9.731075477046784161e-02
9.734920224790613585e-02
9.739863596035669424e-02
9.747004793630466291e-02
9.754145701551619752e-02
9.760737442558981014e-02
9.766779147631621250e-02
9.773371757659912729e-02
9.780512375907422784e-02
9.785456616173408839e-02
9.790949154332256876e-02
9.795892525577312715e-02
9.804131477652407167e-02
9.809624884832185421e-02
9.814019089163450449e-02
9.822808077173265928e-02
9.828850361593192975e-02
9.833794022511892219e-02
9.839837175952748094e-02
9.844231669957656528e-02
9.853020947641115412e-02
9.859612109301191252e-02
9.866752437875057902e-02
9.872245555381192750e-02
9.878837586062197418e-02
9.883780667633611239e-02
9.891471321815843709e-02
9.894766612972237529e-02
9.901358643653242197e-02
9.908499261900752253e-02
9.912893176558373876e-02
9.919484917565735138e-02
9.926076368899452995e-02
9.929921116643282419e-02
9.934315320974547447e-02
9.939259561240533503e-02
9.942555142070570728e-02
9.949696049991724189e-02
9.954089964649345812e-02
9.956836668239234245e-02
9.965076199661614120e-02
9.968372070165294752e-02
9.973315151736708573e-02
9.977709935415259024e-02
9.985949466837638899e-02
9.992541497518643567e-02
9.999132948852361424e-02
1.000242852968239865e-01
1.000737248027474130e-01
1.001286501843358934e-01
1.001835784626608078e-01
1.002055480359489159e-01
1.002659766736210406e-01
1.003373770626232730e-01
1.003703415611329475e-01
1.004362589712065601e-01
1.005076651536816607e-01
1.005571046596050871e-01
1.005955608272526836e-01
1.006285166355530558e-01
1.006724586788657061e-01
1.006944369423631164e-01
1.007768322565869151e-01
1.008152855274980775e-01
1.008812087310445582e-01
1.009471203476453166e-01
1.009690957144062928e-01
1.010130377577189431e-01
1.010350073310070512e-01
1.010789493743197015e-01
1.011174026452308639e-01
1.011558530194055922e-01
1.012052925253290186e-01
1.012602237003903671e-01
1.013206523380624918e-01
1.013920701074833286e-01
1.014470012825446771e-01
1.015184074650197776e-01
1.015678498676796382e-01
1.015843306685662584e-01
1.016392618436276069e-01
1.016832009902038231e-01
1.017546216563610939e-01
1.018150445005603644e-01
1.018754702414960689e-01
1.019468822174440376e-01
1.019908242607566878e-01
1.020512471049559583e-01
1.021226619776403610e-01
1.022105431675292136e-01
1.022929384817530124e-01
1.023259029802626868e-01
1.023698479203117712e-01
1.024357595369125296e-01
1.024961794843753660e-01
1.025456218870352265e-01
1.026115392971088391e-01
1.026554900306307777e-01
1.027323878822438002e-01
1.027653436905441725e-01
1.028092857338568228e-01
1.028477361080315511e-01
1.028861864822062794e-01
1.029191422905066516e-01
1.029630814370828679e-01
1.030180155088806504e-01
1.030839329189542630e-01
1.031388698874884796e-01
1.032212652017122784e-01
1.032871826117858910e-01
1.033476141461944497e-01
1.033915561895071000e-01
1.034519848271792247e-01
1.035453605829424334e-01
1.036057805304052698e-01
1.036442395947893003e-01
1.036936733072398586e-01
1.037321236814145869e-01
1.037815689808108816e-01
1.038584726258967722e-01
1.039243958294432529e-01
1.039683407694923373e-01
1.040122857095414216e-01
1.040672110911299020e-01
1.041001755896395764e-01
1.041441263231615150e-01
1.041825766973362433e-01
1.042429995415355137e-01
1.042814499157102420e-01
1.043583564575325667e-01
1.044132905293303493e-01
1.044462463376307215e-01
1.044846880215961477e-01
1.045176496233693880e-01
1.046000478343296208e-01
1.046494844435166133e-01
1.047044185153143958e-01
1.047703272351787201e-01
1.048252613069765027e-01
1.048692062470255870e-01
1.049186457529490135e-01
1.049571019205966099e-01
1.049900548321605481e-01
1.050285052063352764e-01
1.050834421748694930e-01
1.051548599442903298e-01
1.052482414935264066e-01
1.053031639783784529e-01
1.053251364484029950e-01
1.053526063810383134e-01
1.053910567552130417e-01
1.054295042326513360e-01
1.054789524287840646e-01
1.055338893973182812e-01
1.055833317999781418e-01
1.056217879676257382e-01
1.056712274735491647e-01
1.057041832818495369e-01
1.057371506770956454e-01
1.057975735212949159e-01
1.058580021589670406e-01
1.058909608640038469e-01
1.059403945764544053e-01
1.059623670464789474e-01
1.060667261405180001e-01
1.061326464473280468e-01
1.061656022556284190e-01
1.062260250998276895e-01
1.062534892389901536e-01
1.063194008555909120e-01
1.063578512297656403e-01
1.063908157282753147e-01
1.064677280635704937e-01
1.065006896653437340e-01
1.065281509077697641e-01
1.065611096128065705e-01
1.066270241261437490e-01
1.066929386394809276e-01
1.067533614836801981e-01
1.068137814311430345e-01
1.068687126062043830e-01
1.068961767453668471e-01
1.069346271195415754e-01
1.069785807497999480e-01
1.070335148215977306e-01
1.070939492527427234e-01
1.071214075984323194e-01
1.071818449263137463e-01
1.072532511087888468e-01
1.073136710562516832e-01
1.073686051280494658e-01
1.074125442746256820e-01
1.074619866772855425e-01
1.075114319766818372e-01
1.075718635110903959e-01
1.076213059137502565e-01
1.076981979718904109e-01
1.077641211754368916e-01
1.078245527098454504e-01
1.078575085181458226e-01
1.078959530988476828e-01
1.079673563845863493e-01
1.080003150896231556e-01
1.080717270655711243e-01
1.081101774397458526e-01
1.081761064367652014e-01
1.082145597076763638e-01
1.082804800144864105e-01
1.083299224171462710e-01
1.084232894827001775e-01
1.084782235544979601e-01
1.085496355304459287e-01
1.086045696022437113e-01
1.086540120049035718e-01
1.086869707099403781e-01
1.087419047817381607e-01
1.087968388535359432e-01
1.088627504701367016e-01
1.089121899760601281e-01
1.089945939804932290e-01
1.090550139279560654e-01
1.091319175730419561e-01
1.091703679472166844e-01
1.092198132466129790e-01
1.092582636207877073e-01
1.093186922584598320e-01
1.094065850352944208e-01
1.094615133136193352e-01
1.095109528195427617e-01
1.095713756637420322e-01
1.096317956112048686e-01
1.096812322203918610e-01
1.097471467337290396e-01
1.097965862396524661e-01
1.098570177740610249e-01
1.098789931408220011e-01
1.099558996826443258e-01
1.100053391885677523e-01
1.100712623921142330e-01
1.101261906704391474e-01
1.101811247422369300e-01
1.102360530205618444e-01
1.102690117255986507e-01
1.103294374665343552e-01
1.103898603107336257e-01
1.104502918451421845e-01
1.105052259169399670e-01
1.105656458644028034e-01
1.106040991353139658e-01
1.106590245169024461e-01
1.107139556919637946e-01
1.107853618744388952e-01
1.108787463204114060e-01
1.109171966945861343e-01
1.109446666272214527e-01
1.109996006990192352e-01
1.110874876823809559e-01
1.111204521808906304e-01
1.111534137826638707e-01
1.112193340894739174e-01
1.112248286553482735e-01
1.112468011253728156e-01
1.113017323004341641e-01
1.113566634754955126e-01
1.114061029814189391e-01
1.114775062671576056e-01
1.115159653315416360e-01
1.115873888944353409e-01
1.116203533929450153e-01
1.116752874647427979e-01
1.117137378389175262e-01
1.117686661172424406e-01
1.118400665062446731e-01
1.118730252112814794e-01
1.119114784821926417e-01
1.119609237815889363e-01
1.120048629281651525e-01
1.120762749041131212e-01
1.121916347168465944e-01
1.122575521269202070e-01
1.123344557720060977e-01
1.123893840503310121e-01
1.124223369618949503e-01
1.124388177627815705e-01
1.124937489378429190e-01
1.125706554796652437e-01
1.126310754271280801e-01
1.127024845063396147e-01
1.127244569763641568e-01
1.128123497531987457e-01
1.128782671632723583e-01
1.129771461751192113e-01
1.130210940119047158e-01
1.130815168561039863e-01
1.131199672302787146e-01
1.131694038394657070e-01
1.132188375519162654e-01
1.132572908228274278e-01
1.133177165637631323e-01
1.133671618631594269e-01
1.134220843480114732e-01
1.134770155230728217e-01
1.135704028657817666e-01
1.136363144823825250e-01
1.136747648565572533e-01
1.137242101559535479e-01
1.137791355375420282e-01
1.138340725060762448e-01
1.138835120119996713e-01
1.139274569520487557e-01
1.139933743621223683e-01
1.140263330671591746e-01
1.140757812632919033e-01
1.141471961359763060e-01
1.141966385386361665e-01
1.142405921688945392e-01
1.143065211659138880e-01
1.143559635685737486e-01
1.143724385759875006e-01
1.144163864127730051e-01
1.144603371462949437e-01
1.144932929545953160e-01
1.145427324605187425e-01
1.146086556640652232e-01
1.146361198032276874e-01
1.146965426474269578e-01
1.147130234483135780e-01
1.147734462925128485e-01
1.148833028491626773e-01
1.149437170031526456e-01
1.150041456408247703e-01
1.150700659476348170e-01
1.151085221152824134e-01
1.151854315538411583e-01
1.152678239713285369e-01
1.153447189262051253e-01
1.153996472045300398e-01
1.154490896071899003e-01
1.155314965083594353e-01
1.155919222492951398e-01
1.156358671893442241e-01
1.157072675783464566e-01
1.157567128777427512e-01
1.157841828103780696e-01
1.158446085513137741e-01
1.158885534913628584e-01
1.159599625705743930e-01
1.160423549880617716e-01
1.160753136930985779e-01
1.161467256690465466e-01
1.161796843740833529e-01
1.162455959906841113e-01
1.163389804366566221e-01
1.163774366043042185e-01
1.164378652419763432e-01
1.165092859081336141e-01
1.165806949873451487e-01
1.166246428241306532e-01
1.166740823300540797e-01
1.166960576968150559e-01
1.167399968433912721e-01
1.167894334525782646e-01
1.168333783926273489e-01
1.168773262294128534e-01
1.169432378460136118e-01
1.170091610495600926e-01
1.170366280854589769e-01
1.170421197545968989e-01
1.170970538263946814e-01
1.171245179655571456e-01
1.171574737738575178e-01
1.172069132797809443e-01
1.172838169248668350e-01
1.173387480999281834e-01
1.173772042675757799e-01
1.174431187809129584e-01
1.174980441625014388e-01
1.175584756969099975e-01
1.176024148434862138e-01
1.176408681143973761e-01
1.176683380470326945e-01
1.177342583538427412e-01
1.177672170588795475e-01
1.178111619989286318e-01
1.178496094763669261e-01
1.179429939223394369e-01
1.180034080763294052e-01
1.180748171555409398e-01
1.181517121104175283e-01
1.182121320578803647e-01
1.182395933003063948e-01
1.183274831804045496e-01
1.183933890035324399e-01
1.184263419150963781e-01
1.184922506349607024e-01
1.185416872441476949e-01
1.186021129850833994e-01
1.186845025058343439e-01
1.187339420117577704e-01
1.187998652153042511e-01
1.188493018244912436e-01
1.188987355369418020e-01
1.189262054695771204e-01
1.189701533063626249e-01
1.190305790472983294e-01
1.190910105817068881e-01
1.191404500876303146e-01
1.191734116894035550e-01
1.192008845187753074e-01
1.192338403270756797e-01
1.192667932386396179e-01
1.193162327445630444e-01
1.194041313148705014e-01
1.194206092190206875e-01
1.194480733581831516e-01
1.194975128641065781e-01
1.195579328115694145e-01
1.196018777516184989e-01
1.196238502216430410e-01
1.196732926243029016e-01
1.197172404610884061e-01
1.197447046002508703e-01
1.197886553337728088e-01
1.198545785373192896e-01
1.199095097123806380e-01
1.199589550117769327e-01
1.200029028485624372e-01
1.200688202586360498e-01
1.201017731701999880e-01
1.201786768152858786e-01
1.202061438511847630e-01
1.202720554677855214e-01
1.203214920769725138e-01
1.203929069496569165e-01
1.204368518897060009e-01
1.205027664030431794e-01
1.205522030122301719e-01
1.205686780196439239e-01
1.206236091947052724e-01
1.206840320389045429e-01
1.207554353246432094e-01
1.208103607062316898e-01
1.208488081836699840e-01
1.208652860878201701e-01
1.209202143661450846e-01
1.209531701744454568e-01
1.210081071429796734e-01
1.210850049945926959e-01
1.211344416037796884e-01
1.212168398147399212e-01
1.212882517906878899e-01
1.213157188265867742e-01
1.213981199342834411e-01
1.214475652336797357e-01
1.214915130704652402e-01
1.215464413487901546e-01
1.215903804953663708e-01
1.216178475312652552e-01
1.216947540730875799e-01
1.217606656896883383e-01
1.218485555697864930e-01
1.219309479872738716e-01
1.219858849558080882e-01
1.220353186682586466e-01
1.220902527400564291e-01
1.221781484136274520e-01
1.222440687204374987e-01
1.222825190946122270e-01
1.223319586005356535e-01
1.223649173055724598e-01
1.224253401497717303e-01
1.224692821930843806e-01
1.225297079340200851e-01
1.226231010702018842e-01
1.226725434728617448e-01
1.226835326046104430e-01
1.227659279188342417e-01
1.228263507630335122e-01
1.228648040339446745e-01
1.229362073196833410e-01
1.229801464662595573e-01
1.230405693104588277e-01
1.231064809270595861e-01
1.231833874688819108e-01
1.232712831424529337e-01
1.233536842501496006e-01
1.234360766676369792e-01
1.235074886435849478e-01
1.235459419144961102e-01
1.236228542497912891e-01
1.236613075207024515e-01
1.237107441298894439e-01
1.237931423408496767e-01
1.238370930743716153e-01
1.239194854918589939e-01
1.239799112327946984e-01
1.240348424078560469e-01
1.241007598179296595e-01
1.241501993238530860e-01
1.242051333956508685e-01
1.242490783356999529e-01
1.243314823401330538e-01
1.243974026469431005e-01
1.244358530211178288e-01
1.244743004985561230e-01
1.245237342110066814e-01
1.245786624893315958e-01
1.246171157602427582e-01
1.246500744652795645e-01
1.246940251988015030e-01
1.247434704981977976e-01
1.247984074667320142e-01
1.248698252361528510e-01
1.248972922720517353e-01
1.249467288812387278e-01
1.250016600563000624e-01
1.250565912313613970e-01
1.251170198690335356e-01
1.251994093897844662e-01
1.252818133942175671e-01
1.253092862235893334e-01
1.253642202953871021e-01
1.254411268372094268e-01
1.255235163579603574e-01
1.255949254371719059e-01
1.256718290822577966e-01
1.257212714849176571e-01
1.257762026599789917e-01
1.258311367317767604e-01
1.259245153842764031e-01
1.259464849575644974e-01
1.260179056237217543e-01
1.260893175996697091e-01
1.261552350097433217e-01
1.262486223524522666e-01
1.262980676518485612e-01
1.263529988269098958e-01
1.263914434076117699e-01
1.264463716859366982e-01
1.265067945301359686e-01
1.265452420075742768e-01
1.265946815134977033e-01
1.266276373217980755e-01
1.266825656001230038e-01
1.267320051060464303e-01
1.267759471493590806e-01
1.268253750683367709e-01
1.268693229051222893e-01
1.269077761760334377e-01
1.269681990202327082e-01
1.270066551878802907e-01
1.270615834662052190e-01
1.271220092071409236e-01
1.271549679121777299e-01
1.272044103148375904e-01
1.272703306216476371e-01
1.273252531064996973e-01
1.273637034806744117e-01
1.274021538548491261e-01
1.274845491690729249e-01
1.275394861376071276e-01
1.275889285402669882e-01
1.276658321853528788e-01
1.277207691538870815e-01
1.277756974322120098e-01
1.278141535998595923e-01
1.279130268182335772e-01
1.279514800891447257e-01
1.280064112642060603e-01
1.280448703285900769e-01
1.280833235995012254e-01
1.281492496997841402e-01
1.282096783374562787e-01
1.282371482700916110e-01
1.283140461217046335e-01
1.283854552009161820e-01
1.284294001409652664e-01
1.284733450810143507e-01
1.285502487261002413e-01
1.286161690329102880e-01
1.286546194070850024e-01
1.286985701406069549e-01
1.287480096465303814e-01
1.288194216224783362e-01
1.288908278049534506e-01
1.289347785384754030e-01
1.289787205817880533e-01
1.290116763900884256e-01
1.291105611954081467e-01
1.291545032387207970e-01
1.291984539722427494e-01
1.292369043464174638e-01
1.292698688449271383e-01
1.293467782834858970e-01
1.294181844659610114e-01
1.294731185377587801e-01
1.295555109552461448e-01
1.295884754537558192e-01
1.296434124222900219e-01
1.297038294730164243e-01
1.297697410896171688e-01
1.298246809548878056e-01
1.298851095925599441e-01
1.299235599667346586e-01
1.299400378708848447e-01
1.299839915011432312e-01
1.300389255729409999e-01
1.300938596447387685e-01
1.301432991506621950e-01
1.302037219948614655e-01
1.302421781625090480e-01
1.302861173090852642e-01
1.303575263882968127e-01
1.304179550259689513e-01
1.304509108342693235e-01
1.305168253476065021e-01
1.305607673909191524e-01
1.306047094342318027e-01
1.306706239475689812e-01
1.307200663502288418e-01
1.307914870163860988e-01
1.308299344938244069e-01
1.308738765371370572e-01
1.309233131463240496e-01
1.309617577270259237e-01
1.310276722403631022e-01
1.310990813195746507e-01
1.311759907581334095e-01
1.312364107055962459e-01
1.312803527489088962e-01
1.313297864613594546e-01
1.313902122022951591e-01
1.314561267156323376e-01
1.315000658622085539e-01
1.315769637138215764e-01
1.316154111912598845e-01
1.316593503378361008e-01
1.317362568796584255e-01
1.317856963855818520e-01
1.318626000306677426e-01
1.319504957042387516e-01
1.320383855843369203e-01
1.320878221935239127e-01
1.321482392442503151e-01
1.321812037427599895e-01
1.322581073878458802e-01
1.323295280540031371e-01
1.323789617664536955e-01
1.324503708456652440e-01
1.324998103515886705e-01
1.325547415266500051e-01
1.325986835699626554e-01
1.326591064141619258e-01
1.327030455607381421e-01
1.327415017283857246e-01
1.327964329034470592e-01
1.328348890710946417e-01
1.329172843853184405e-01
1.329832017953920531e-01
1.330216463760939272e-01
1.330930583520418820e-01
1.331370061888274003e-01
1.331809482321400506e-01
1.332413768698121892e-01
1.332853247065977076e-01
1.333237779775088561e-01
1.333677200208215063e-01
1.334336403276315530e-01
1.334830769368185455e-01
1.335654693543059102e-01
1.335874447210668725e-01
1.336643541596256313e-01
1.337357632388371798e-01
1.338071752147851345e-01
1.338621092865829032e-01
1.339115487925063297e-01
1.339445046008067020e-01
1.339884495408557863e-01
1.340268999150305007e-01
1.340598615168037411e-01
1.340983176844513236e-01
1.341587463221234622e-01
1.341971995930346107e-01
1.342411474298201290e-01
1.342796007007312775e-01
1.343345376692654802e-01
1.343675021677751547e-01
1.344608808202747974e-01
1.345213065612105019e-01
1.345487764938458342e-01
1.345762435297447324e-01
1.346311747048060670e-01
1.346751196448551513e-01
1.347245562540421437e-01
1.347739957599655702e-01
1.348344157074284066e-01
1.348563881774529349e-01
1.349058305801127955e-01
1.349607588584377238e-01
1.350541375109373665e-01
1.351145661486095051e-01
1.351530194195206536e-01
1.351914697936953680e-01
1.352354089402715842e-01
1.352738622111827327e-01
1.353562575254065314e-01
1.354166745761329338e-01
1.354770974203322043e-01
1.355265311327827626e-01
1.355924427493835072e-01
1.356638634155407641e-01
1.357188032808114009e-01
1.357792377119564076e-01
1.358286743211434000e-01
1.358726221579289184e-01
1.359165613045051346e-01
1.359824758178423132e-01
1.360319124270293056e-01
1.360703656979404541e-01
1.361198138940731828e-01
1.361912171798118631e-01
1.362461454581367915e-01
1.363065769925453641e-01
1.363779918652297529e-01
1.364219397020152713e-01
1.364823596494781077e-01
1.365592690880368665e-01
1.366251893948469132e-01
1.366746260040339056e-01
1.367240655099573321e-01
1.367734963256714564e-01
1.368229300381220148e-01
1.368778699033926516e-01
1.369218119467053019e-01
1.369767373282937961e-01
1.370426518416309747e-01
1.371140551273696551e-01
1.371470080389335933e-01
1.371909558757191117e-01
1.372458899475168803e-01
1.373227993860756391e-01
1.373997001344250957e-01
1.374326559427254679e-01
1.374930787869247384e-01
1.375644907628726932e-01
1.376139273720596856e-01
1.376853335545348000e-01
1.377622314061478226e-01
1.378171567877363168e-01
1.379105412337088277e-01
1.379709582844352300e-01
1.380149090179571825e-01
1.380643456271441749e-01
1.381027931045824830e-01
1.381357518096192893e-01
1.381851942122791499e-01
1.382566003947542643e-01
1.383005453348033487e-01
1.383444960683253011e-01
1.383939326775122935e-01
1.384488551623643537e-01
1.384928001024134381e-01
1.385806928792480130e-01
1.386301352819078736e-01
1.386905610228435781e-01
1.387674646679294688e-01
1.388224016364636715e-01
1.388828331708722441e-01
1.389212893385198266e-01
1.389707288444432531e-01
1.390311458951696555e-01
1.390970662019797022e-01
1.391519915835681964e-01
1.391739611568562907e-01
1.392398814636663373e-01
1.392838235069789876e-01
1.393497438137890343e-01
1.394046807823232370e-01
1.394760927582711918e-01
1.395584851757585565e-01
1.395859493149210206e-01
1.396298884614972369e-01
1.397232642172604455e-01
1.397562171288243837e-01
1.398221287454251283e-01
1.398880345685530047e-01
1.399154958109790348e-01
1.399704327795132375e-01
1.400308498302396398e-01
1.400802893361630663e-01
1.401187455038106489e-01
1.401681792162612072e-01
1.402340966263348199e-01
1.402835274420489442e-01
1.403219836096965267e-01
1.403714289090928213e-01
1.404428495752500783e-01
1.404758024868140165e-01
1.405527090286363412e-01
1.406021456378233336e-01
1.406570797096211023e-01
1.407449666929828369e-01
1.407724337288817351e-01
1.408108841030564495e-01
1.408658152781177841e-01
1.408987768798910245e-01
1.409537022614795188e-01
1.410031388706665112e-01
1.410360946789668835e-01
1.410910229572918118e-01
1.411404624632152383e-01
1.411844045065278885e-01
1.412063740798159828e-01
1.412777773655546631e-01
1.413436918788918417e-01
1.413931284880788342e-01
1.414425650972658266e-01
1.415029937349379652e-01
1.415414470058491136e-01
1.415853919458981980e-01
1.416568039218461528e-01
1.416952513992844609e-01
1.417391963393335452e-01
1.418160999844194359e-01
1.418710340562172045e-01
1.419204735621406310e-01
1.419863938689506777e-01
1.420303388089997620e-01
1.420797812116596226e-01
1.421347094899845509e-01
1.421896435617823196e-01
1.422445747368436542e-01
1.422995001184321484e-01
1.423544312934934830e-01
1.423928816676681974e-01
1.424313262483700715e-01
1.424917577827786441e-01
1.425356998260912944e-01
1.426016172361649070e-01
1.426675317495020856e-01
1.427224629245634202e-01
1.427773912028883485e-01
1.428158415770630629e-01
1.428597865171121473e-01
1.429147147954370756e-01
1.429366872654616039e-01
1.429751376396363183e-01
1.430081021381459927e-01
1.430465583057935752e-01
1.431069811499928457e-01
1.431509289867783641e-01
1.432168492935884108e-01
1.432662887995118373e-01
1.433157254086988297e-01
1.433486841137356360e-01
1.433871431781196526e-01
1.434310939116416050e-01
1.434915138591044415e-01
1.435299700267520240e-01
1.436013848994364128e-01
1.436288490385988770e-01
1.436892718827981474e-01
1.437551806026624579e-01
1.438210951159996365e-01
1.438705375186594970e-01
1.439474324735360855e-01
1.440408227129814644e-01
1.440847618595576807e-01
1.441341955720082391e-01
1.441726430494465472e-01
1.442275800179807499e-01
1.442879999654435863e-01
1.443484228096428568e-01
1.444033539847041914e-01
1.444418101523517739e-01
1.445077275624253865e-01
1.445626587374867211e-01
1.446066036775358055e-01
1.446395652793090458e-01
1.446780127567473540e-01
1.447659142237912311e-01
1.448098533703674473e-01
1.448538012071529657e-01
1.449197244106994464e-01
1.449801501516351510e-01
1.450460675617087636e-01
1.451010074269794003e-01
1.451724136094545148e-01
1.452383281227916934e-01
1.452877618352422517e-01
1.453426872168307460e-01
1.453646654803281424e-01
1.454360832497489653e-01
1.454965031972118017e-01
1.455734097390341264e-01
1.456173546790832107e-01
1.457107478152650237e-01
1.457437152105111322e-01
1.457931547164345587e-01
1.458480887882323274e-01
1.459195065576531503e-01
1.459854181742538948e-01
1.460568214599925752e-01
1.461062551724431335e-01
1.461776584581818139e-01
1.462215976047580301e-01
1.462820233456937347e-01
1.463479465492402154e-01
1.463973831584272078e-01
1.464248472975896720e-01
1.464797755759146003e-01
1.465237205159636846e-01
1.465786574844978873e-01
1.466061274171332196e-01
1.466500665637094358e-01
1.466995002761599942e-01
1.467873814660488607e-01
1.468477985167752631e-01
1.469082184642380995e-01
1.469576550734250919e-01
1.470510308291883006e-01
1.470949786659738190e-01
1.471444123784243774e-01
1.471993435534857120e-01
1.472652580668228905e-01
1.473311783736329372e-01
1.473916012178322077e-01
1.474300573854797902e-01
1.474959690020805347e-01
1.475728726471664254e-01
1.476113230213411398e-01
1.476882266664270305e-01
1.477376545854047207e-01
1.477980832230768593e-01
1.478585089640125638e-01
1.479079368829902541e-01
1.479793430654653685e-01
1.480562380203419570e-01
1.481441307971765320e-01
1.481770895022133383e-01
1.482320206772746729e-01
1.482649735888386111e-01
1.483199076606363798e-01
1.483748359389613081e-01
1.484737178475445951e-01
1.485341406917438656e-01
1.485945664326795701e-01
1.486494947110044984e-01
1.486879479819156469e-01
1.487263954593539550e-01
1.487703317091937372e-01
1.488252599875186655e-01
1.488801969560528682e-01
1.489461027791807446e-01
1.490010339542420792e-01
1.490834263717294439e-01
1.491218825393770264e-01
1.491768079209655207e-01
1.492262416334160791e-01
1.492866731678246517e-01
1.493635710194376742e-01
1.494130047318882326e-01
1.494789250386982793e-01
1.495283674413581398e-01
1.495997736238332543e-01
1.496656939306433010e-01
1.497151305398302934e-01
1.497755533840295639e-01
1.498195012208150823e-01
1.498744323958764169e-01
1.499513360409623075e-01
1.500392288177968825e-01
1.500666929569593466e-01
1.501381020361708951e-01
1.501985335705794677e-01
1.502424785106285521e-01
1.502974125824263207e-01
1.503413604192118391e-01
1.503907999251352656e-01
1.504347506586572181e-01
1.505006709654672648e-01
1.505391213396419792e-01
1.505720771479423514e-01
1.506599612345676520e-01
1.507039061746167363e-01
1.507368735698628448e-01
1.508247460695424091e-01
1.508686939063279275e-01
1.509071442805026420e-01
1.509565837864260684e-01
1.510280015558468913e-01
1.510719522893688438e-01
1.511213860018194022e-01
1.511763200736171708e-01
1.512147762412647534e-01
1.512916885765599462e-01
1.513411251857469386e-01
1.514070512860298534e-01
1.514400070943302257e-01
1.514839520343793100e-01
1.515278998711648284e-01
1.515608614729380688e-01
1.516267788830116814e-01
1.516762212856715419e-01
1.517256607915949684e-01
1.517860778423213708e-01
1.518465035832570753e-01
1.518959343989711996e-01
1.519343876698823481e-01
1.520222804467169231e-01
1.520936982161377460e-01
1.521651159855585689e-01
1.521980717938589411e-01
1.522365250647700896e-01
1.522969479089693601e-01
1.523683685751266170e-01
1.523958356110255152e-01
1.524507638893504435e-01
1.525276675344363342e-01
1.525551287768623643e-01
1.525935762543006724e-01
1.526539962017635088e-01
1.526979411418125931e-01
1.527858339186471681e-01
1.528902074963683910e-01
1.529341553331539094e-01
1.529890894049516781e-01
1.530330343450007624e-01
1.530879742102713992e-01
1.531374253031405619e-01
1.532033398164777405e-01
1.532692688134970893e-01
1.533351804300978338e-01
1.534010949434350124e-01
1.534285619793339106e-01
1.534944735959346551e-01
1.535329268668458036e-01
1.535878580419071382e-01
1.536537754519807508e-01
1.536977174952934011e-01
1.537251787377194312e-01
1.537471512077439595e-01
1.538020794860688878e-01
1.538460215293815381e-01
1.539009527044428727e-01
1.539448947477555230e-01
1.539778505560558952e-01
1.540217983928414136e-01
1.541316549494912425e-01
1.541975723595648551e-01
1.542524977411533493e-01
1.543294013862392400e-01
1.543843325613005746e-01
1.543953187963128526e-01
1.544832057796745872e-01
1.545436286238738577e-01
1.545875793573958101e-01
1.546425105324571447e-01
1.547029391701292833e-01
1.547633736012742900e-01
1.548183047763356246e-01
1.548787189303255929e-01
1.549336530021233616e-01
1.549776008389088799e-01
1.550325262204973742e-01
1.550764653670735904e-01
1.551258990795241488e-01
1.551588606812973892e-01
1.551973081587356973e-01
1.552467447679226897e-01
1.553016730462476180e-01
1.553236484130085804e-01
1.553785882782792171e-01
1.554170386524539316e-01
1.554664723649044900e-01
1.555269010025766285e-01
1.555983100817881770e-01
1.556587416161967496e-01
1.557136756879945183e-01
1.557521231654328264e-01
1.557631065037086704e-01
1.558015568778833848e-01
1.558455018179324691e-01
1.559059275588681737e-01
1.559828312039540643e-01
1.560597319523035209e-01
1.561421330600001878e-01
1.562135450359481426e-01
1.562684762110094772e-01
1.563398968771667341e-01
1.563728613756764085e-01
1.564277925507377431e-01
1.564717374907868275e-01
1.565156737406266096e-01
1.565815940474366563e-01
1.566365310159708590e-01
1.566804759560199434e-01
1.567189263301946578e-01
1.567408959034827520e-01
1.568178082387779448e-01
1.568892144212530593e-01
1.569386597206493539e-01
1.569990738746393222e-01
1.570539992562278164e-01
1.571199108728285609e-01
1.572132837318553356e-01
1.572792069354018163e-01
1.573396239861282186e-01
1.573945551611895532e-01
1.574659584469282336e-01
1.575428620920141243e-01
1.575922987012011167e-01
1.576801943747721257e-01
1.577515947637743721e-01
1.578010371664342326e-01
1.578669458862985431e-01
1.579273658337613795e-01
1.579713107738104638e-01
1.580042694788472701e-01
1.580262448456082325e-01
1.580921651524182792e-01
1.581690601072948676e-01
1.582239941790926363e-01
1.582954003615677507e-01
1.583558261025034553e-01
1.584382214167272540e-01
1.584766775843748365e-01
1.585261141935618290e-01
1.585755594929581236e-01
1.586634551665291326e-01
1.587293783700756133e-01
1.587843037516641076e-01
1.588666903756786042e-01
1.589381110418358611e-01
1.589875389608135514e-01
1.590644339156901399e-01
1.591248567598894104e-01
1.591907799634358911e-01
1.592402223660957516e-01
1.592731810711325580e-01
1.593006452102950221e-01
1.593555792820927908e-01
1.593940325530039392e-01
1.594434749556637998e-01
1.594984090274615685e-01
1.595478427399121268e-01
1.595808014449489332e-01
1.596631996559091660e-01
1.597126420585690265e-01
1.597785623653790732e-01
1.598279989745660656e-01
1.599213863172750105e-01
1.599818120582107150e-01
1.600202624323854295e-01
1.601081523124835981e-01
1.601520943557962484e-01
1.602454788017687592e-01
1.602949183076921857e-01
1.603388545575319679e-01
1.603663215934308661e-01
1.604102636367435164e-01
1.604651948118048510e-01
1.605256176560041215e-01
1.606080158669643543e-01
1.606464720346119368e-01
1.607069006722840754e-01
1.607728180823576880e-01
1.608497246241800127e-01
1.608936782544383992e-01
1.609266427529480736e-01
1.609870627004109100e-01
1.610310076404599944e-01
1.610584746763588926e-01
1.611243978799053733e-01
1.611683428199544577e-01
1.612122877600035420e-01
1.613056751027124869e-01
1.613441225801507950e-01
1.614155345560987498e-01
1.614759602970344543e-01
1.615473780664552772e-01
1.616407567189549199e-01
1.617011824598906244e-01
1.617231578266515868e-01
1.617561136349519590e-01
1.617890723399887654e-01
1.618440035150501000e-01
1.618769651168233403e-01
1.619263988292738987e-01
1.619538600716999288e-01
1.620252691509114773e-01
1.620911778707757878e-01
1.621406231701720824e-01
1.622010489111077869e-01
1.622559829829055555e-01
1.623109141579668901e-01
1.623658395395553844e-01
1.624482348537791832e-01
1.624866823312174913e-01
1.625690776454412900e-01
1.626130225854903744e-01
1.626624591946773668e-01
1.626844345614383291e-01
1.627448603023740337e-01
1.628272556165978324e-01
1.628876784607971029e-01
1.629371092765112272e-01
1.630085241491956161e-01
1.630524661925082663e-01
1.630964082358209166e-01
1.631458506384807772e-01
1.632282488494410100e-01
1.632831800245023446e-01
1.633545891037138931e-01
1.634150148446495976e-01
1.634754347921124340e-01
1.635358576363117045e-01
1.635907917081094731e-01
1.636402312140328996e-01
1.636951536988849598e-01
1.637555765430842303e-01
1.638050160490076568e-01
1.638489494021110049e-01
1.638928972388965233e-01
1.639368421789456076e-01
1.639862845816054682e-01
5.370604874024163117e-02
