0.000000000000000000e+00
6.405712460867804461e-04
1.493597714886633768e-03
1.990038918538817453e-03
3.127051368277781584e-03
3.698228908103565020e-03
4.265132343999266176e-03
4.761573547651450078e-03
5.256946225321113518e-03
5.965842651686370512e-03
6.607482423755671637e-03
7.106060679372896462e-03
8.032754958363828857e-03
9.028842943615757177e-03
9.807133076242011832e-03
1.016051276344212030e-02
1.122492592897252582e-02
1.221994538824193455e-02
1.285731105638115296e-02
1.328222150180729914e-02
1.384912493770300117e-02
1.427296685714662602e-02
1.498079475752936256e-02
1.597581421679877128e-02
1.682990921158114550e-02
1.761033639617243934e-02
1.853168804525076943e-02
1.917012223937250917e-02
2.002208018218984073e-02
2.023346687892039336e-02
2.065944585032905914e-02
2.115695557996376264e-02
2.221816316754660764e-02
2.299645330017286229e-02
2.377581195878163828e-02
2.448684543711193706e-02
2.541033413815530634e-02
2.583524458358145079e-02
2.661460324219022677e-02
2.718257520406845013e-02
2.832065617978993602e-02
2.882030296138968217e-02
2.995838393711116807e-02
3.073667406973742272e-02
3.137724531582420512e-02
3.237226477509361211e-02
3.315482901164994861e-02
3.400678695446728017e-02
3.457582744232802485e-02
3.564130913384094823e-02
3.613881886347565520e-02
3.670358524740631456e-02
3.727369426124958057e-02
3.805518997182339574e-02
3.848116894323206499e-02
3.926159612782335884e-02
3.982849956371906086e-02
4.103276866775398130e-02
4.174380214608428008e-02
4.259789714086665430e-02
4.309433834451883993e-02
4.358971102218850424e-02
4.408508369985816855e-02
4.458366195547538990e-02
4.550394507857120213e-02
4.600359186017094482e-02
4.657263234803168950e-02
4.763490846159705583e-02
4.792103149450120669e-02
4.877085238535349559e-02
4.947974881171875172e-02
5.026124452229256689e-02
5.090074724239682796e-02
5.139718844604901360e-02
5.196195482997967297e-02
5.274345054055348814e-02
5.323989174420567377e-02
5.373740147384038074e-02
5.466302722684879267e-02
5.579576557265767539e-02
5.686231579015312010e-02
5.771534225895297299e-02
5.835270792709219140e-02
5.885021765672689836e-02
5.941605256664007906e-02
6.005662381272686146e-02
6.118936215853574417e-02
6.182565930069244126e-02
6.246302496883165967e-02
6.303099693070987608e-02
6.366943112483161582e-02
6.416800938044883718e-02
6.523242254597924616e-02
6.586978821411847151e-02
6.657761611450120631e-02
6.778295374451864808e-02
6.863384316135345831e-02
6.906195918472717021e-02
6.998544788577054643e-02
7.069327578615328123e-02
7.154523372897061972e-02
7.239826019777047261e-02
7.317868738236177339e-02
7.431569983210073449e-02
7.495520255220498862e-02
7.587762272726583657e-02
7.665698138587460908e-02
7.701142959905724061e-02
7.800324348037908362e-02
7.892993775937001688e-02
7.950004677321327595e-02
7.992709427060445959e-02
8.085058297164783581e-02
8.113563747856947228e-02
8.198866394736932517e-02
8.241677997074303708e-02
8.312567639710830014e-02
8.376090501328248283e-02
8.432994550114322752e-02
8.496944822124748165e-02
8.567941317359525910e-02
8.645877183220403162e-02
8.737905495529983690e-02
8.809008843363012875e-02
8.901357713467350496e-02
9.000645954197787624e-02
9.071749302030816808e-02
9.121286569797783239e-02
9.206375511481264262e-02
9.256126484444734959e-02
9.348582207147324019e-02
9.405379403335145660e-02
9.490575197616879510e-02
9.554098059234297780e-02
9.610895255422119421e-02
9.653386299964733519e-02
9.724596500396015530e-02
9.809685442079496553e-02
9.866696343463822461e-02
9.894881236361229015e-02
9.972923954820359094e-02
1.003687422683078451e-01
1.008673205239250664e-01
1.018580658792643950e-01
1.024986371253511774e-01
1.033505950681685159e-01
1.040594914945337790e-01
1.045580697501510004e-01
1.051260417120292168e-01
1.058360066643769942e-01
1.069708820621509127e-01
1.076082477302901380e-01
1.085306679053509860e-01
1.093100265639597585e-01
1.098086048195769798e-01
1.109413431653858556e-01
1.114377843690380343e-01
1.121498863733508544e-01
1.130755121263592594e-01
1.136424155622549614e-01
1.141367197139420975e-01
1.149876091307769077e-01
1.153441943959245819e-01
1.161961523387419204e-01
1.170481102815592589e-01
1.174740892529679281e-01
1.180441982668111872e-01
1.188278310293500450e-01
1.197555938343234927e-01
1.206833566392969403e-01
1.213207223074361657e-01
1.219602250275404198e-01
1.222431424824970136e-01
1.227406522121317206e-01
1.235904731029840165e-01
1.245919037181485445e-01
1.250189512155397420e-01
1.254417246090008542e-01
1.262947510778007210e-01
1.267196615232268619e-01
1.276399446463226672e-01
1.287064948638181050e-01
1.294164598161658686e-01
1.300580995882351654e-01
1.308385267728264523e-01
1.320460014548089367e-01
1.325445797104261580e-01
1.333997432311910536e-01
1.340392459512953216e-01
1.347481423776605847e-01
1.356726996046864753e-01
1.363122023247907433e-01
1.370926295093820302e-01
1.375880021870516945e-01
1.380844433907038871e-01
1.387239461108081551e-01
1.397915648542861211e-01
1.403595368161643375e-01
1.409275087780425539e-01
1.419972645734855488e-01
1.425652365353637652e-01
1.434876567104246270e-01
1.441260909045463667e-01
1.450495796055897291e-01
1.458310753161635442e-01
1.463979787520592324e-01
1.471079437044069960e-01
1.475317856238506087e-01
1.483122128084418956e-01
1.487371232538680366e-01
1.491631022252767058e-01
1.498730671776244694e-01
1.507218195424942508e-01
1.515737774853115893e-01
1.528570570294501829e-01
1.536374842140414698e-01
1.542054561759196862e-01
1.546997603276068223e-01
1.554823245641631657e-01
1.561218272842674337e-01
1.571147096915717911e-01
1.583200473215892190e-01
1.590310807999195108e-01
1.597410457522672744e-01
1.605930036950846129e-01
1.613029686474323765e-01
1.620833958320236634e-01
1.629332167228759454e-01
1.637157809594322888e-01
1.644268144377625807e-01
1.652093786743189241e-01
1.659182751006841872e-01
1.667723700954665544e-01
1.682659678103531897e-01
1.689044020044749295e-01
1.696165040087877496e-01
1.704695304775876163e-01
1.708944409230137573e-01
1.720314533727527184e-01
1.726698875668744582e-01
1.731684658224916795e-01
1.745873272012047062e-01
1.752257613953264459e-01
1.758641955894481856e-01
1.766467598260045291e-01
1.774282555365783443e-01
1.777827037497609619e-01
1.784232749958477304e-01
1.792069077583865744e-01
1.797033489620387670e-01
1.804869817245776109e-01
1.811990837288904310e-01
1.817649186388036187e-01
1.825485514013424626e-01
1.832542422497601686e-01
1.837528205053773900e-01
1.846058469741772567e-01
1.852464182202640253e-01
1.860994446890638920e-01
1.865980229446811134e-01
1.872364571388028531e-01
1.880168843233941400e-01
1.890823660149070773e-01
1.897218687350113453e-01
1.905706210998811267e-01
1.915656405591505407e-01
1.919926880565417382e-01
1.924186670279504074e-01
1.931990942125416943e-01
1.936976724681589157e-01
1.940542577333065899e-01
1.946937604534108579e-01
1.953311261215500694e-01
1.959663547377242521e-01
1.971033671874632132e-01
1.983802355757066926e-01
1.995866417317066488e-01
2.000115521771327898e-01
2.008645786459326565e-01
2.014293450298633159e-01
2.022834400246456832e-01
2.029208056927848947e-01
2.039841503323327754e-01
2.046909097067329819e-01
2.052567446166461695e-01
2.060350347492724277e-01
2.065314759529246202e-01
2.073129716634984354e-01
2.078820121513591801e-01
2.084489155872548682e-01
2.095859280369938293e-01
2.102958929893415929e-01
2.110752516479503793e-01
2.117126173160895908e-01
2.125656437848894575e-01
2.134869954339677911e-01
2.143400219027676579e-01
2.152613735518459914e-01
2.158304140397067361e-01
2.163268552433589287e-01
2.170336146177591352e-01
2.178855725605764737e-01
2.184546130484372184e-01
2.193033654133069998e-01
2.195862828682635937e-01
2.200827240719157862e-01
2.207200897400549977e-01
2.219254273700724256e-01
2.223535433934461236e-01
2.230645768717764155e-01
2.238450040563677024e-01
2.244834382504894421e-01
2.252660024870457856e-01
2.263314841785587228e-01
2.270414491309064864e-01
2.276820203769932549e-01
2.286770398362626688e-01
2.291019502816888098e-01
2.301695690251667759e-01
2.303820242478798463e-01
2.312318451387321283e-01
2.316567555841582693e-01
2.321553338397754906e-01
2.331482162470798480e-01
2.337866504412015878e-01
2.344250846353233275e-01
2.348510636067319968e-01
2.357734837817928586e-01
2.369083591795667909e-01
2.378275737766800679e-01
2.384670764967843359e-01
2.396030204205407688e-01
2.405265091215841311e-01
2.413773985384189413e-01
2.424450172818969074e-01
2.432980437506967741e-01
2.438681527645400471e-01
2.442236695037051930e-01
2.450766959725050598e-01
2.457140616406442712e-01
2.464934202992530576e-01
2.471318544933747974e-01
2.476272271710444617e-01
2.485517843980703523e-01
2.491197563599485687e-01
2.499738513547309360e-01
2.504681555064180998e-01
2.511770519327833351e-01
2.517439553686790510e-01
2.525243825532703656e-01
2.528777622404704828e-01
2.532343475056181292e-01
2.539421754060008918e-01
2.544418221876006414e-01
2.554325675429399700e-01
2.566400422249224267e-01
2.577770546746613878e-01
2.584870196270091514e-01
2.594820390862785375e-01
2.604749214935829227e-01
2.614016157725738698e-01
2.619674506824870575e-01
2.627500149190433731e-01
2.634599798713911367e-01
2.642436126339299807e-01
2.653048202215128049e-01
2.656603369606779785e-01
2.664429011972342942e-01
2.671507290976170568e-01
2.677891632917387965e-01
2.683582037795995134e-01
2.689283127934427586e-01
2.694984218072860038e-01
2.700685308211292490e-01
2.710624817544161624e-01
2.714873921998423034e-01
2.724130179528507223e-01
2.730514521469724620e-01
2.736888178151116735e-01
2.746795631704510021e-01
2.752475351323292463e-01
2.758870378524335143e-01
2.761720923593551369e-01
2.765991398567463344e-01
2.771660432926420503e-01
2.777350837805027672e-01
2.784461172588330591e-01
2.789414899365026956e-01
2.794389996661373887e-01
2.805066184096153825e-01
2.809325973810240518e-01
2.816393567554242860e-01
2.823471846558070486e-01
2.829856188499287883e-01
2.836261900960155846e-01
2.840543061193893104e-01
2.846948773654761067e-01
2.852617808013718226e-01
2.859728142797021144e-01
2.866123169998063824e-01
2.873244190041192025e-01
2.880343839564669661e-01
2.883899006956321398e-01
2.890304719417189361e-01
2.892429271644320066e-01
2.898824298845362746e-01
2.904482647944494622e-01
2.913002227372668007e-01
2.917988009928840221e-01
2.928664197363620159e-01
2.939319014278749531e-01
2.947859964226573481e-01
2.955664236072486628e-01
2.967034360569876239e-01
2.977689177485005612e-01
2.989742553785180168e-01
2.993265665397356057e-01
2.996810147529182511e-01
2.999650007338573454e-01
3.003909797052660147e-01
3.007475649704136611e-01
3.017393788517355180e-01
3.028795968794220639e-01
3.037998800025178969e-01
3.045098449548656605e-01
3.055005903102049891e-01
3.061390245043267289e-01
3.067059279402224448e-01
3.074863551248137594e-01
3.078418718639789331e-01
3.089052165035268138e-01
3.096867122141006567e-01
3.101094856075617412e-01
3.107479198016834809e-01
3.111738987730921502e-01
3.118838637254399138e-01
3.126642909100312284e-01
3.134457866206050713e-01
3.140116215305182590e-01
3.145101997861354803e-01
3.153621577289528188e-01
3.161425849135441335e-01
3.167831561596309298e-01
3.173511281215091739e-01
3.181315553061004886e-01
3.191255062393874020e-01
3.196956152532306472e-01
3.206895661865175606e-01
3.220358282810220629e-01
3.227404506034572407e-01
3.238037952430051214e-01
3.243034420246048710e-01
3.247304895219960685e-01
3.252984614838743127e-01
3.261493509007091229e-01
3.267888536208133909e-01
3.275682122794221773e-01
3.282066464735439171e-01
3.284895639285004831e-01
3.294119841035613172e-01
3.299799560654395614e-01
3.309749755247089475e-01
3.319689264579958610e-01
3.327482851166046474e-01
3.332457948462393404e-01
3.336707052916654814e-01
3.344500639502742678e-01
3.350906351963610641e-01
3.358006001487088277e-01
3.363675035846045436e-01
3.369344070205002595e-01
3.372909922856479059e-01
3.381418817024827161e-01
3.387835214745520407e-01
3.392084319199781817e-01
3.401319206210215440e-01
3.411974023125344813e-01
3.417685798523602547e-01
3.426216063211601215e-01
3.435483006001510686e-01
3.444717893011944310e-01
3.451112920212986990e-01
3.461757051868291080e-01
3.470308687075939758e-01
3.478849637023763708e-01
3.487358531192111810e-01
3.497287355265155662e-01
3.502262452561502593e-01
3.507248235117674806e-01
3.519322981937499373e-01
3.522878149329151110e-01
3.527821190846022748e-01
3.535625462691935894e-01
3.546995587189325505e-01
3.556262529979234976e-01
3.564760738887757796e-01
3.570419087986889672e-01
3.579653974997323296e-01
3.586742939260975649e-01
3.595977826271409272e-01
3.600258986505146530e-01
3.605938706123928972e-01
3.607347950768799438e-01
3.616550781999757769e-01
3.622967179720451014e-01
3.631497444408449682e-01
3.643540135448798956e-01
3.649241225587231408e-01
3.657034812173319271e-01
3.661294601887405964e-01
3.673390719226881096e-01
3.681888928135403916e-01
3.690419192823402583e-01
3.697540212866530784e-01
3.705344484712443931e-01
3.713138071298531795e-01
3.721625594947229332e-01
3.728735929730532250e-01
3.735109586411924365e-01
3.742177180155926708e-01
3.749981452001839854e-01
3.755629115841146448e-01
3.759856849775757293e-01
3.763390646647758464e-01
3.771184233233846328e-01
3.777547204655413160e-01
3.785340791241501024e-01
3.794575678251934647e-01
3.803831935782018836e-01
3.810194907203585668e-01
3.820102360756978954e-01
3.826508073217846917e-01
3.830789233451584175e-01
3.839298127619932277e-01
3.843557917334018970e-01
3.852088182022017637e-01
3.857757216380974796e-01
3.866298166328798747e-01
3.874102438174711893e-01
3.882654073382360571e-01
3.890490401007749011e-01
3.899757343797658482e-01
3.905426378156615641e-01
3.910401475452962572e-01
3.916059824552094448e-01
3.921034921848441379e-01
3.928860564214004536e-01
3.931700424023395479e-01
3.940913940514178537e-01
3.945163044968439947e-01
3.952988687334003104e-01
3.962938881926696966e-01
3.967913979223043897e-01
3.973583013582001056e-01
3.983511837655044907e-01
3.987782312628956882e-01
3.990622172438347826e-01
3.995597269734694756e-01
4.002696919258172392e-01
4.009102631719040355e-01
4.020430015177129390e-01
4.025394427213651038e-01
4.033209384319389468e-01
4.038195166875561681e-01
4.044579508816779079e-01
4.051689843600081997e-01
4.058063500281474112e-01
4.061597297153475283e-01
4.065878457387212541e-01
4.071536806486344418e-01
4.077205840845301577e-01
4.084294805108953930e-01
4.088575965342691187e-01
4.099241467517645843e-01
4.105647179978513805e-01
4.111305529077645682e-01
4.117721926798338927e-01
4.121992401772250902e-01
4.127661436131208061e-01
4.133341155749990503e-01
4.138294882526686869e-01
4.145426587829640352e-01
4.153230859675553499e-01
4.160309138679381125e-01
4.168124095785119554e-01
4.174508437726336951e-01
4.182995961375034488e-01
4.192209477865817546e-01
4.207807336297818002e-01
4.218451467953122092e-01
4.224857180413990054e-01
4.233387445101988722e-01
4.241213087467551879e-01
4.248302051731204232e-01
4.255401701254681868e-01
4.259682861488419126e-01
4.274608153377460473e-01
4.281697117641112826e-01
4.286693585457110323e-01
4.291657997493631971e-01
4.298063709954499934e-01
4.305174044737802852e-01
4.314419617008061758e-01
4.325779056245626086e-01
4.331458775864408528e-01
4.335718565578495221e-01
4.342818215101972856e-01
4.350654542727361296e-01
4.360594052060230430e-01
4.364127848932231601e-01
4.370522876133274282e-01
4.377611840396926635e-01
4.382565567173623000e-01
4.388245286792405442e-01
4.393209698828927090e-01
4.399594040770144487e-01
4.408818242520752828e-01
4.413804025076925042e-01
4.419505115215357494e-01
4.425921512936050739e-01
4.433747155301613896e-01
4.435177770466134928e-01
4.442982042312048074e-01
4.451490936480396177e-01
4.456466033776743108e-01
4.462839690458135222e-01
4.469896598942312282e-01
4.474156388656398975e-01
4.479825423015356134e-01
4.486220450216398814e-01
4.494014036802486678e-01
4.501113686325964314e-01
4.506793405944746755e-01
4.509622580494312416e-01
4.518836096985095474e-01
4.523821879541267688e-01
4.528081669255354380e-01
4.535896626361092809e-01
4.545120828111701150e-01
4.550789862470658309e-01
4.554345029862310046e-01
4.562159986968048475e-01
4.569259636491526111e-01
4.578515894021610300e-01
4.589886018518999911e-01
4.599814842592043762e-01
4.607640484957606919e-01
4.615455442063345348e-01
4.623985706751344016e-01
4.628982174567341512e-01
4.636103194610469713e-01
4.639669047261946178e-01
4.646042703943338292e-01
4.651711738302295451e-01
4.659516010148208598e-01
4.666626344931511516e-01
4.677975098909250562e-01
4.683633448008382438e-01
4.690754468051510639e-01
4.697843432315162993e-01
4.703512466674120152e-01
4.707067634065771888e-01
4.714871905911685035e-01
4.721277618372552998e-01
4.726274086188550494e-01
4.728409323675506482e-01
4.732669113389593174e-01
4.739053455330810571e-01
4.741893315140201515e-01
4.747583720018808684e-01
4.751832824473070094e-01
4.756797236509591742e-01
4.767430682905070549e-01
4.775960947593069217e-01
4.783743848919331798e-01
4.787299016310983535e-01
4.795839966258807485e-01
4.800078385453243612e-01
1.180307126712809712e-01
