0.000000000000000000e+00
8.934953538241600848e-04
3.248671037306756493e-03
6.305807898432769232e-03
7.748235569967337234e-03
8.833265099972242157e-03
1.138639251234353778e-02
1.303318946547476175e-02
1.504380211284360620e-02
1.795432766674456837e-02
1.993927010328158667e-02
2.157323195099689755e-02
2.338589286947704085e-02
2.482190298830365405e-02
2.770675833137278832e-02
3.043858481450891634e-02
3.189384759145939829e-02
3.408315930959307516e-02
3.625321836960287980e-02
3.715954882884295318e-02
3.968058847767447217e-02
4.112301614920903930e-02
4.349102693810754511e-02
4.511857123311489859e-02
4.802267923430790508e-02
5.072883550661221042e-02
5.291172967203792987e-02
5.489667210857494817e-02
5.672216813247100281e-02
5.763491614441903360e-02
5.999650938060958894e-02
6.236452016950809474e-02
6.473253095840660054e-02
6.653877432417878990e-02
6.780250292494852116e-02
7.052149430266874131e-02
7.216829125579996007e-02
7.398736972698806424e-02
7.562133157470338207e-02
7.707017679894589968e-02
7.779139063471318671e-02
7.961688665860924830e-02
8.235513069445332679e-02
8.453160730717108884e-02
8.598687008412156385e-02
8.799106517878245437e-02
9.054419259115374652e-02
9.200587292081217894e-02
9.400365046276511205e-02
9.491639847471314284e-02
9.620579728631470373e-02
9.710571019284681971e-02
9.836943879361655096e-02
9.928218680556458176e-02
1.005459154063343130e-01
1.021927123594655318e-01
1.043756065248912512e-01
1.060224034780224700e-01
1.074712487022649876e-01
1.090987929972723480e-01
1.105412206688069221e-01
1.116390853042277392e-01
1.123667166927029837e-01
1.141729600584751730e-01
1.167004172600146494e-01
1.181685151423810393e-01
1.199875936135691434e-01
1.212705748724627469e-01
1.239831486974750097e-01
1.259809262394279428e-01
1.276405582979750764e-01
1.292681025929824368e-01
1.303595496756952965e-01
1.329255121934825035e-01
1.353127756405048676e-01
1.375020873586385306e-01
1.398700981475370364e-01
1.422252738310196274e-01
1.436869541606780598e-01
1.464187806438141948e-01
1.480655775969454135e-01
1.509761031508463636e-01
1.529802982455072402e-01
1.549973284455840317e-01
1.559100764575320486e-01
1.579142715521929252e-01
1.599056315414379148e-01
1.617311275653339764e-01
1.628161570953388926e-01
1.648075170845838822e-01
1.669839936973016581e-01
1.697286552858537079e-01
1.722753651455170565e-01
1.735455112989947590e-01
1.762901728875468088e-01
1.777390181117893264e-01
1.793858150649205452e-01
1.811984759834006919e-01
1.833621174907025531e-01
1.851683608564747285e-01
1.864449245626603746e-01
1.873512550219004480e-01
1.884362845519053642e-01
1.902425279176775397e-01
1.913275574476824559e-01
1.924318396358112304e-01
1.946083162485290063e-01
1.962551132016602251e-01
1.988210757194474321e-01
2.006337366379275788e-01
2.019038827914052814e-01
2.047951556871823731e-01
2.066206517110784346e-01
2.078972154172640807e-01
2.095183421595634699e-01
2.109928575946378171e-01
2.129970526892986937e-01
2.151863644074323567e-01
2.162778114901452164e-01
2.184478705501550211e-01
2.202862016794669975e-01
2.215691829383606148e-01
2.226542124683655310e-01
2.248178539756673922e-01
2.268220490703282688e-01
2.273709813880386843e-01
2.286347099888084156e-01
2.297389921769371901e-01
2.322921195893084823e-01
2.333899842247292855e-01
2.344942664128580601e-01
2.372260928959941950e-01
2.394089870614199145e-01
2.404811814860089159e-01
2.417577451921945619e-01
2.439342218049123379e-01
2.455617660999196983e-01
2.472021455003429735e-01
2.488553600061821636e-01
2.506551858192463955e-01
2.530231966081449291e-01
2.539359446200929460e-01
2.560931685746868358e-01
2.579122470458749539e-01
2.588249950578229708e-01
2.599036070351199434e-01
2.609822190124169161e-01
2.626290159655481626e-01
2.639119972244417522e-01
2.657246581429218990e-01
2.682906206607091337e-01
2.699117474030085506e-01
2.713734277326669830e-01
2.733968754854517180e-01
2.754074881328205660e-01
2.777690813690111282e-01
2.792307616986695606e-01
2.816180251456919525e-01
2.830604528172265266e-01
2.848731137357066734e-01
2.866793571014788489e-01
2.890281152322534686e-01
2.906556595272608012e-01
2.917342715045577739e-01
2.928321361399786049e-01
2.955703801758227112e-01
2.975938279286074462e-01
2.990426731528499915e-01
3.012191497655677397e-01
3.028659467186989862e-01
3.048701418133598628e-01
3.057764722725999085e-01
3.084826285449042138e-01
3.099507264272706175e-01
3.115782707222779502e-01
3.133973491934660682e-01
3.154015442881269449e-01
3.179675068059141796e-01
3.203419351475206289e-01
3.219758969952359329e-01
3.246948883729561253e-01
3.268842000910898160e-01
3.283330453153323614e-01
3.292457933272803783e-01
3.308797551749956822e-01
3.326988336461838003e-01
3.337838631761886887e-01
3.352327084004312341e-01
3.368730878008545093e-01
3.385070496485698133e-01
3.403197105670499600e-01
3.421387890382380781e-01
3.441365665801909834e-01
3.459556450513791015e-01
3.474173253810375339e-01
3.495809668883393950e-01
3.510169770071659978e-01
3.542849007025966057e-01
3.555550468560743083e-01
3.568251930095520108e-01
3.577379410215000277e-01
3.591932037984504889e-01
3.615676321400569382e-01
3.637697789636065160e-01
3.655696047766707757e-01
3.683206839179307690e-01
3.697823642475892014e-01
3.710525104010669040e-01
3.728715888722550220e-01
3.745119682726782973e-01
3.770586781323416181e-01
3.792415722977673376e-01
3.812521849451361855e-01
3.830712634163243036e-01
3.845201086405668489e-01
3.864922159716879801e-01
3.884835759609329697e-01
3.899452562905914021e-01
3.912282375494849918e-01
3.923132670794898802e-01
3.945089963503314867e-01
3.967047256211730932e-01
3.985173865396532400e-01
4.006810280469551011e-01
4.019640093058486907e-01
4.034192720827991518e-01
4.059659819424624727e-01
4.075999437901777767e-01
4.092210705324771935e-01
4.110465665563732274e-01
4.135868588633286325e-01
4.156038890634054517e-01
4.172314333584127843e-01
4.188589776534201170e-01
4.204801043957195339e-01
4.226437459030213950e-01
8.830955426392202157e-02
