0.000000000000000000e+00
1.926682503004369150e-03
4.008553718256810568e-03
4.804839791926909451e-03
6.566162326468337994e-03
8.479283154519548851e-03
9.916666589611674784e-03
1.151940999316674111e-02
1.248444645403807077e-02
1.408718985759313709e-02
1.489025676873981588e-02
1.665157930328124355e-02
1.841629225656096075e-02
2.064996176532318470e-02
2.241128429986461237e-02
2.385544857243331734e-02
2.561677110697474502e-02
2.721612409179152009e-02
2.946674569424519163e-02
3.106609867906196670e-02
3.235507423938260158e-02
3.524679320325829757e-02
3.669095747582699907e-02
3.796637136119447586e-02
4.037218167589622098e-02
4.197831549818957508e-02
4.358105890174464314e-02
4.581811882924515661e-02
4.726228310181385811e-02
4.966809341651560322e-02
5.128100807628553637e-02
5.288036106110231144e-02
5.559993921903848973e-02
5.688213394188254557e-02
5.928455383784599769e-02
6.055996772321347449e-02
6.247647897000297573e-02
6.375528327410874552e-02
6.567179452089824676e-02
6.727114750571502877e-02
6.950820743321554918e-02
7.095576212452253673e-02
7.239992639709123823e-02
7.319960288949962923e-02
7.480234629305469729e-02
7.608793143463704611e-02
7.817997390610435804e-02
7.913822952949910172e-02
8.105135035755031692e-02
8.298481369803126229e-02
8.474613623257269690e-02
8.681783619161026477e-02
8.858254914488998544e-02
9.066781077888071139e-02
9.178464553326182163e-02
9.402848629823891413e-02
9.563462012053226824e-02
9.739933307381198890e-02
9.852294866566968512e-02
1.004462407499357585e-01
1.020388128972759545e-01
1.036517275570458946e-01
1.044581848869308577e-01
1.057335987722983345e-01
1.075050925630546272e-01
1.086287081549123235e-01
1.103866402707154581e-01
1.121479628052568928e-01
1.137608774650268328e-01
1.153704017060584730e-01
1.176142424710355655e-01
1.187344676441549618e-01
1.195375345553016389e-01
1.214506553833528540e-01
1.240082639915643797e-01
1.252938491331467286e-01
1.264208551437427108e-01
1.273858916046140266e-01
1.288334462959210280e-01
1.307431767052339433e-01
1.328284383392246693e-01
1.347551208422290425e-01
1.355547973346374335e-01
1.373195102879171403e-01
1.389222536914722084e-01
1.409939536505097901e-01
1.417936301429181811e-01
1.432276231592720106e-01
1.448303665628270787e-01
1.469257994530326905e-01
1.483733541443396919e-01
1.496419871922305966e-01
1.522029862191804084e-01
1.538023392039971904e-01
1.549327356333314587e-01
1.557358025444781358e-01
1.576624850474825090e-01
1.599029353937213016e-01
1.618262274779873888e-01
1.632636109130795043e-01
1.647043847669099059e-01
1.661485490394786213e-01
1.680684507050064225e-01
1.701435410827822903e-01
1.728732904969333406e-01
1.743072835132871701e-01
1.749483808747092084e-01
1.768581112840221237e-01
1.790985616302609162e-01
1.800568172536556599e-01
1.819834997566600332e-01
1.829451457987930629e-01
1.840721518093890452e-01
1.853577369509713801e-01
1.867951203860634957e-01
1.877533760094582393e-01
1.903177654551463371e-01
1.920790879896877579e-01
1.947986661476239223e-01
1.967185678131517235e-01
1.988038294471424494e-01
2.004031824319592314e-01
2.016819867360649943e-01
2.036052788203310815e-01
2.048773022869602722e-01
2.064766552717770542e-01
2.079208195443457696e-01
2.098441116286118568e-01
2.122533123620518880e-01
2.141799948650562613e-01
2.159379269808593960e-01
2.172201217037034449e-01
2.186642859762721602e-01
2.192986025002175987e-01
2.209013459037726668e-01
2.220181806581537909e-01
2.239482535798964502e-01
2.250650883342775743e-01
2.279500264606766913e-01
2.290702516337961014e-01
2.303456655191635782e-01
2.317864393729939798e-01
2.341854688502191528e-01
2.354710539918014878e-01
2.373977364948058610e-01
2.394829981287965870e-01
2.407719736891172080e-01
2.430259857103091725e-01
2.441462108834285827e-01
2.455869847372589843e-01
2.471829473033374802e-01
2.486237211571678818e-01
2.500611045922599973e-01
2.519810062577877985e-01
2.535735784051280084e-01
2.545352244472610659e-01
2.558208095888434008e-01
2.574167721549218690e-01
2.591747042707250315e-01
2.606222589620320051e-01
2.630212884392571504e-01
2.649445805235232099e-01
2.663921352148301835e-01
2.686393663985455760e-01
2.700869210898525496e-01
2.713691158126966263e-01
2.726445296980640753e-01
2.745712122010684486e-01
2.761671747671469168e-01
2.782490459823993567e-01
2.798450085484778249e-01
2.825713675438905614e-01
2.835330135860236189e-01
2.851459282457935451e-01
2.870760011675361767e-01
2.881996167593938729e-01
2.899575488751970354e-01
2.914051035665040090e-01
2.933283956507700685e-01
2.954272189597139664e-01
2.971885414942553871e-01
2.979882179866637504e-01
3.005424361761369623e-01
3.021587412546452023e-01
3.035961246897373456e-01
3.053608376430170801e-01
3.069568002090955483e-01
3.080804158009532445e-01
3.100070983039576178e-01
3.125782685871222877e-01
3.149874693205623188e-01
3.162730544621446538e-01
3.178724074469614358e-01
3.197990899499658091e-01
3.205953760236359140e-01
3.229944055008610593e-01
3.238008628307460501e-01
3.254036062343010904e-01
3.273268983185671499e-01
3.292434095653566373e-01
3.306740121629722085e-01
3.317976277548299047e-01
3.332350111899220479e-01
3.338727181326057725e-01
1.401270821714241908e-02
