0.000000000000000000e+00
1.746742539364350144e-02
3.463577871900157257e-02
4.098095638397619006e-02
5.658120210805391015e-02
6.548869992563610687e-02
6.929580652462087598e-02
8.584176662679035563e-02
1.010944421093471768e-01
1.179394742798020868e-01
1.300316854731804750e-01
1.418005755116557021e-01
1.640450709689934561e-01
1.764363542306572608e-01
1.875586019593261378e-01
1.961427786220051872e-01
2.091807041934753142e-01
2.187105952342461024e-01
2.349089850948946900e-01
2.361780206278896177e-01
2.434931617575737395e-01
2.574768017071356607e-01
2.673300139028096378e-01
2.838759740049791036e-01
2.959439361117397471e-01
3.080361473051181354e-01
3.226664295644863789e-01
3.353810339810533447e-01
3.522260661515082547e-01
3.595412072811923765e-01
3.684244560121568424e-01
3.840004526496168524e-01
3.935303436903876406e-01
4.148291247696336281e-01
1.881469666288659859e-01
