0.000000000000000000e+00
1.141708663306935552e-02
2.237221022318214292e-02
2.916066714662826631e-02
3.795596352291816244e-02
5.199784017278617082e-02
5.940424766018717606e-02
7.174826013918884915e-02
8.332133429325652707e-02
1.013738900887928840e-01
1.117110631149507982e-01
1.279127669786417065e-01
1.320794336453083584e-01
1.430345572354211336e-01
1.550695944324453623e-01
1.664866810655147300e-01
1.725041996640268582e-01
1.833033357331413371e-01
1.964182865370770192e-01
2.123110151187904693e-01
2.215682745380369301e-01
2.359191264698823898e-01
2.471832253419726233e-01
2.598362131029517408e-01
2.684755219582433128e-01
2.737221022318214181e-01
2.851391888648907580e-01
2.982541396688264679e-01
3.138378929685624597e-01
3.244840412766978321e-01
3.403767698584113099e-01
3.510229181665466824e-01
3.676865850731941276e-01
3.877459803215742573e-01
3.945344372450204085e-01
4.024028077753779575e-01
4.213822894168466338e-01
4.429835613150947538e-01
4.577963762898967781e-01
4.659737221022318132e-01
4.815574754019678050e-01
4.993010559155267036e-01
1.105168372244506453e-01
