0.000000000000000000e+00
4.634516732411057133e-03
7.493141153344494258e-03
1.323287801703268776e-02
1.956457898454675229e-02
2.475732778805170634e-02
2.763844023080646098e-02
3.219424888684290637e-02
3.679503358652198852e-02
4.022313408945998175e-02
4.480143076731774726e-02
4.595162694223751954e-02
5.051867960918462325e-02
5.398051214485459492e-02
5.513070831977436720e-02
6.089293320528387649e-02
6.778286624389183446e-02
6.892181840790094494e-02
7.466155527158913063e-02
7.925109596035755100e-02
8.499083282404573669e-02
8.614102899896550203e-02
9.536508642014497605e-02
9.996587111982405127e-02
1.033939716227620376e-01
1.062525960436954686e-01
1.160011535032368646e-01
1.217408903669250642e-01
1.228910865418448295e-01
1.263416750666041533e-01
1.315119358482877976e-01
1.344042923019532210e-01
1.384243569087171000e-01
1.470002301715174209e-01
1.498700986033615068e-01
1.550628474068664608e-01
1.579439598496212294e-01
1.665872971778855072e-01
1.706186057955600410e-01
1.775197828450786608e-01
1.844209598945972806e-01
1.924723331190356657e-01
1.959341656547056443e-01
1.999767182832908330e-01
2.045887469938805769e-01
2.108979599395733318e-01
2.183911010929178165e-01
2.218416896176771402e-01
2.275814264813653398e-01
2.327179552303169918e-01
2.378657279901792987e-01
2.453138930998811640e-01
2.493452017175556978e-01
2.533652663243195491e-01
2.574078189529047100e-01
2.671788644342674157e-01
2.729073572870449604e-01
2.775193859976347044e-01
2.850237711618898717e-01
2.890775678013857153e-01
2.902390079872161355e-01
2.931088764190602491e-01
2.954205127798104624e-01
3.006020175724047339e-01
3.069224745290081158e-01
3.120814912997810775e-01
3.155095918027190915e-01
3.195409004203936254e-01
3.275922736448320105e-01
3.333544985303414920e-01
3.385360033229357635e-01
3.437175081155300349e-01
3.471793406511999858e-01
3.546162617499911685e-01
3.597977665425854399e-01
3.638290751602599737e-01
3.672684196741086149e-01
3.689993359419436181e-01
3.747278287947211628e-01
3.776089412374759036e-01
3.810482857513245447e-01
3.856378264400929790e-01
3.919920154294283532e-01
3.960008360252815773e-01
3.983124723860317906e-01
4.034939771786260621e-01
4.040746972715412721e-01
4.058056135393762753e-01
4.115453504030644472e-01
4.150071829387343980e-01
4.184240394307617295e-01
4.276031208082985979e-01
4.310312213112366120e-01
4.367822021858354664e-01
4.430689271097069115e-01
4.505170922194087768e-01
4.551291209299985208e-01
4.597074176078562724e-01
4.643194463184460163e-01
4.689314750290357603e-01
4.752744200074605074e-01
4.810254008820593619e-01
4.827675611608049921e-01
4.856711616253810426e-01
4.879603099643099462e-01
4.919916185819844801e-01
4.948839750356499034e-01
5.000767238391548020e-01
5.064084248066689220e-01
5.138678339272814144e-01
5.173296664629514208e-01
5.202220229166167886e-01
2.832462955730453702e-01
