1.000000000000000000e+00
9.989082969432314663e-01
9.945414847161572203e-01
9.934497816593886865e-01
9.912663755458515080e-01
9.901746724890829743e-01
9.847161572052401945e-01
9.814410480349344823e-01
9.803493449781659486e-01
9.748908296943231688e-01
9.716157205240174566e-01
9.705240174672489228e-01
9.694323144104803891e-01
9.672489082969432106e-01
9.617903930131004309e-01
9.606986899563318971e-01
9.574235807860261849e-01
9.399563318777293119e-01
9.388646288209606672e-01
9.366812227074235997e-01
9.323144104803493537e-01
9.213973799126637942e-01
9.159388646288210145e-01
9.082969432314410563e-01
9.072052401746725225e-01
9.017467248908297428e-01
8.853711790393012926e-01
8.711790393013100209e-01
8.537117903930131479e-01
8.526200873362445032e-01
8.515283842794759694e-01
8.155021834061135788e-01
8.111353711790393328e-01
8.100436681222706881e-01
7.969432314410480611e-01
7.958515283842795274e-01
7.947598253275108826e-01
7.903930131004366366e-01
7.860262008733623906e-01
7.827510917030567894e-01
7.816593886462882557e-01
7.740174672489082974e-01
7.685589519650655177e-01
7.565502183406113135e-01
7.554585152838427797e-01
7.532751091703057122e-01
7.521834061135370675e-01
7.194323144104803891e-01
7.183406113537117443e-01
7.161572052401746769e-01
7.150655021834061431e-01
7.117903930131004309e-01
6.888646288209606672e-01
6.866812227074235997e-01
6.768558951965065740e-01
6.724890829694323280e-01
6.615720524017467685e-01
6.604803493449781238e-01
6.266375545851528006e-01
6.189956331877729534e-01
6.037117903930131479e-01
5.938864628820961222e-01
5.895196506550218762e-01
5.829694323144104517e-01
5.786026200873362058e-01
5.633187772925764003e-01
5.567685589519650868e-01
5.556768558951965531e-01
5.556768558951965531e-01
4.759825327510917026e-01
4.465065502183406254e-01
4.344978165938864767e-01
4.312227074235807645e-01
4.312227074235807645e-01
4.301310043668122307e-01
4.192139737991266157e-01
3.919213973799126616e-01
3.700873362445414871e-01
3.689956331877729534e-01
3.668122270742358304e-01
3.668122270742358304e-01
3.231441048034934260e-01
3.209606986899563585e-01
3.198689956331877693e-01
3.198689956331877693e-01
3.198689956331877693e-01
3.067685589519650868e-01
3.067685589519650868e-01
2.871179039301309799e-01
2.871179039301309799e-01
2.860262008733624461e-01
2.740174672489082974e-01
2.663755458515283947e-01
2.412663755458515358e-01
1.397379912663755386e-01
1.397379912663755386e-01
8.078602620087335651e-02
8.078602620087335651e-02
8.078602620087335651e-02
8.078602620087335651e-02
8.078602620087335651e-02
8.078602620087335651e-02
8.078602620087335651e-02
8.078602620087335651e-02
8.078602620087335651e-02
7.641921397379912440e-02
6.331877729257641418e-02
6.331877729257641418e-02
5.458515283842794996e-02
5.458515283842794996e-02
5.458515283842794996e-02
5.458515283842794996e-02
5.458515283842794996e-02
3.275109170305676859e-02
3.275109170305676859e-02
3.275109170305676859e-02
3.275109170305676859e-02
3.275109170305676859e-02
3.275109170305676859e-02
3.275109170305676859e-02
3.275109170305676859e-02
3.275109170305676859e-02
3.275109170305676859e-02
3.275109170305676859e-02
3.275109170305676859e-02
3.275109170305676859e-02
3.275109170305676859e-02
3.275109170305676859e-02
3.275109170305676859e-02
3.275109170305676859e-02
3.275109170305676859e-02
1.746724890829694232e-02
1.746724890829694232e-02
1.746724890829694232e-02
1.746724890829694232e-02
1.419213973799126650e-02
1.419213973799126650e-02
1.419213973799126650e-02
1.419213973799126650e-02
1.419213973799126650e-02
1.419213973799126650e-02
1.419213973799126650e-02
1.419213973799126650e-02
1.419213973799126650e-02
1.200873362445414871e-02
1.200873362445414871e-02
1.200873362445414871e-02
1.200873362445414871e-02
1.200873362445414871e-02
1.200873362445414871e-02
1.200873362445414871e-02
1.200873362445414871e-02
1.200873362445414871e-02
1.200873362445414871e-02
1.200873362445414871e-02
1.200873362445414871e-02
1.200873362445414871e-02
1.200873362445414871e-02
1.200873362445414871e-02
1.200873362445414871e-02
1.200873362445414871e-02
1.200873362445414871e-02
1.200873362445414871e-02
1.200873362445414871e-02
1.200873362445414871e-02
1.200873362445414871e-02
1.200873362445414871e-02
1.200873362445414871e-02
9.825327510917030924e-03
9.825327510917030924e-03
9.825327510917030924e-03
9.825327510917030924e-03
9.825327510917030924e-03
9.825327510917030924e-03
9.825327510917030924e-03
9.825327510917030924e-03
9.825327510917030924e-03
9.825327510917030924e-03
9.825327510917030924e-03
9.825327510917030924e-03
9.825327510917030924e-03
9.825327510917030924e-03
9.825327510917030924e-03
9.825327510917030924e-03
9.825327510917030924e-03
9.825327510917030924e-03
9.825327510917030924e-03
9.825327510917030924e-03
9.825327510917030924e-03
9.825327510917030924e-03
9.825327510917030924e-03
9.825327510917030924e-03
9.825327510917030924e-03
9.825327510917030924e-03
8.733624454148471161e-03
8.733624454148471161e-03
8.733624454148471161e-03
8.733624454148471161e-03
8.733624454148471161e-03
8.733624454148471161e-03
8.733624454148471161e-03
8.733624454148471161e-03
7.641921397379912266e-03
7.641921397379912266e-03
6.550218340611353371e-03
6.550218340611353371e-03
6.550218340611353371e-03
6.550218340611353371e-03
6.550218340611353371e-03
6.550218340611353371e-03
6.550218340611353371e-03
6.550218340611353371e-03
6.550218340611353371e-03
6.550218340611353371e-03
6.550218340611353371e-03
6.550218340611353371e-03
6.550218340611353371e-03
6.550218340611353371e-03
6.550218340611353371e-03
6.550218340611353371e-03
6.550218340611353371e-03
6.550218340611353371e-03
6.550218340611353371e-03
6.550218340611353371e-03
6.550218340611353371e-03
6.550218340611353371e-03
6.550218340611353371e-03
6.550218340611353371e-03
6.550218340611353371e-03
6.550218340611353371e-03
6.550218340611353371e-03
6.550218340611353371e-03
6.550218340611353371e-03
6.550218340611353371e-03
6.550218340611353371e-03
6.550218340611353371e-03
6.550218340611353371e-03
6.550218340611353371e-03
6.550218340611353371e-03
6.550218340611353371e-03
6.550218340611353371e-03
6.550218340611353371e-03
6.550218340611353371e-03
6.550218340611353371e-03
6.550218340611353371e-03
6.550218340611353371e-03
6.550218340611353371e-03
6.550218340611353371e-03
6.550218340611353371e-03
6.550218340611353371e-03
6.550218340611353371e-03
4.366812227074235581e-03
4.366812227074235581e-03
4.366812227074235581e-03
4.366812227074235581e-03
4.366812227074235581e-03
4.366812227074235581e-03
4.366812227074235581e-03
4.366812227074235581e-03
4.366812227074235581e-03
4.366812227074235581e-03
4.366812227074235581e-03
4.366812227074235581e-03
4.366812227074235581e-03
4.366812227074235581e-03
4.366812227074235581e-03
4.366812227074235581e-03
4.366812227074235581e-03
4.366812227074235581e-03
4.366812227074235581e-03
4.366812227074235581e-03
4.366812227074235581e-03
4.366812227074235581e-03
4.366812227074235581e-03
4.366812227074235581e-03
4.366812227074235581e-03
4.366812227074235581e-03
4.366812227074235581e-03
4.366812227074235581e-03
4.366812227074235581e-03
4.366812227074235581e-03
4.366812227074235581e-03
4.366812227074235581e-03
4.366812227074235581e-03
4.366812227074235581e-03
4.366812227074235581e-03
4.366812227074235581e-03
4.366812227074235581e-03
4.366812227074235581e-03
4.366812227074235581e-03
4.366812227074235581e-03
4.366812227074235581e-03
4.366812227074235581e-03
4.366812227074235581e-03
4.366812227074235581e-03
4.366812227074235581e-03
4.366812227074235581e-03
4.366812227074235581e-03
4.366812227074235581e-03
4.366812227074235581e-03
4.366812227074235581e-03
4.366812227074235581e-03
4.366812227074235581e-03
4.366812227074235581e-03
4.366812227074235581e-03
4.366812227074235581e-03
4.366812227074235581e-03
4.366812227074235581e-03
4.366812227074235581e-03
4.366812227074235581e-03
4.366812227074235581e-03
4.366812227074235581e-03
4.366812227074235581e-03
4.366812227074235581e-03
4.366812227074235581e-03
4.366812227074235581e-03
4.366812227074235581e-03
4.366812227074235581e-03
4.366812227074235581e-03
4.366812227074235581e-03
4.366812227074235581e-03
4.366812227074235581e-03
4.366812227074235581e-03
4.366812227074235581e-03
4.366812227074235581e-03
4.366812227074235581e-03
4.366812227074235581e-03
4.366812227074235581e-03
3.275109170305676685e-03
3.275109170305676685e-03
3.275109170305676685e-03
3.275109170305676685e-03
3.275109170305676685e-03
3.275109170305676685e-03
3.275109170305676685e-03
3.275109170305676685e-03
3.275109170305676685e-03
3.275109170305676685e-03
3.275109170305676685e-03
3.275109170305676685e-03
3.275109170305676685e-03
3.275109170305676685e-03
3.275109170305676685e-03
3.275109170305676685e-03
3.275109170305676685e-03
3.275109170305676685e-03
3.275109170305676685e-03
3.275109170305676685e-03
3.275109170305676685e-03
3.275109170305676685e-03
3.275109170305676685e-03
3.275109170305676685e-03
3.275109170305676685e-03
3.275109170305676685e-03
3.275109170305676685e-03
3.275109170305676685e-03
3.275109170305676685e-03
3.275109170305676685e-03
3.275109170305676685e-03
3.275109170305676685e-03
3.275109170305676685e-03
3.275109170305676685e-03
3.275109170305676685e-03
3.275109170305676685e-03
3.275109170305676685e-03
3.275109170305676685e-03
3.275109170305676685e-03
3.275109170305676685e-03
3.275109170305676685e-03
3.275109170305676685e-03
3.275109170305676685e-03
3.275109170305676685e-03
3.275109170305676685e-03
3.275109170305676685e-03
3.275109170305676685e-03
3.275109170305676685e-03
3.275109170305676685e-03
3.275109170305676685e-03
3.275109170305676685e-03
3.275109170305676685e-03
3.275109170305676685e-03
3.275109170305676685e-03
3.275109170305676685e-03
3.275109170305676685e-03
3.275109170305676685e-03
3.275109170305676685e-03
3.275109170305676685e-03
3.275109170305676685e-03
3.275109170305676685e-03
3.275109170305676685e-03
3.275109170305676685e-03
3.275109170305676685e-03
3.275109170305676685e-03
3.275109170305676685e-03
3.275109170305676685e-03
3.275109170305676685e-03
3.275109170305676685e-03
3.275109170305676685e-03
3.275109170305676685e-03
3.275109170305676685e-03
3.275109170305676685e-03
3.275109170305676685e-03
3.275109170305676685e-03
3.275109170305676685e-03
3.275109170305676685e-03
3.275109170305676685e-03
3.275109170305676685e-03
3.275109170305676685e-03
3.275109170305676685e-03
3.275109170305676685e-03
3.275109170305676685e-03
3.275109170305676685e-03
3.275109170305676685e-03
3.275109170305676685e-03
3.275109170305676685e-03
3.275109170305676685e-03
3.275109170305676685e-03
3.275109170305676685e-03
3.275109170305676685e-03
3.275109170305676685e-03
3.275109170305676685e-03
3.275109170305676685e-03
3.275109170305676685e-03
3.275109170305676685e-03
3.275109170305676685e-03
3.275109170305676685e-03
3.275109170305676685e-03
2.183406113537117790e-03
2.183406113537117790e-03
2.183406113537117790e-03
2.183406113537117790e-03
2.183406113537117790e-03
2.183406113537117790e-03
2.183406113537117790e-03
2.183406113537117790e-03
2.183406113537117790e-03
2.183406113537117790e-03
2.183406113537117790e-03
2.183406113537117790e-03
2.183406113537117790e-03
2.183406113537117790e-03
2.183406113537117790e-03
2.183406113537117790e-03
2.183406113537117790e-03
2.183406113537117790e-03
2.183406113537117790e-03
2.183406113537117790e-03
2.183406113537117790e-03
2.183406113537117790e-03
2.183406113537117790e-03
2.183406113537117790e-03
2.183406113537117790e-03
2.183406113537117790e-03
2.183406113537117790e-03
2.183406113537117790e-03
2.183406113537117790e-03
2.183406113537117790e-03
2.183406113537117790e-03
2.183406113537117790e-03
2.183406113537117790e-03
2.183406113537117790e-03
2.183406113537117790e-03
2.183406113537117790e-03
2.183406113537117790e-03
2.183406113537117790e-03
2.183406113537117790e-03
2.183406113537117790e-03
2.183406113537117790e-03
2.183406113537117790e-03
2.183406113537117790e-03
2.183406113537117790e-03
2.183406113537117790e-03
2.183406113537117790e-03
2.183406113537117790e-03
2.183406113537117790e-03
2.183406113537117790e-03
2.183406113537117790e-03
2.183406113537117790e-03
2.183406113537117790e-03
2.183406113537117790e-03
2.183406113537117790e-03
2.183406113537117790e-03
2.183406113537117790e-03
2.183406113537117790e-03
2.183406113537117790e-03
2.183406113537117790e-03
2.183406113537117790e-03
2.183406113537117790e-03
2.183406113537117790e-03
2.183406113537117790e-03
2.183406113537117790e-03
2.183406113537117790e-03
2.183406113537117790e-03
2.183406113537117790e-03
2.183406113537117790e-03
2.183406113537117790e-03
2.183406113537117790e-03
2.183406113537117790e-03
2.183406113537117790e-03
2.183406113537117790e-03
2.183406113537117790e-03
2.183406113537117790e-03
2.183406113537117790e-03
2.183406113537117790e-03
2.183406113537117790e-03
2.183406113537117790e-03
2.183406113537117790e-03
2.183406113537117790e-03
2.183406113537117790e-03
2.183406113537117790e-03
2.183406113537117790e-03
2.183406113537117790e-03
2.183406113537117790e-03
2.183406113537117790e-03
2.183406113537117790e-03
2.183406113537117790e-03
2.183406113537117790e-03
2.183406113537117790e-03
2.183406113537117790e-03
2.183406113537117790e-03
2.183406113537117790e-03
2.183406113537117790e-03
2.183406113537117790e-03
2.183406113537117790e-03
2.183406113537117790e-03
2.183406113537117790e-03
2.183406113537117790e-03
2.183406113537117790e-03
2.183406113537117790e-03
2.183406113537117790e-03
2.183406113537117790e-03
2.183406113537117790e-03
2.183406113537117790e-03
2.183406113537117790e-03
2.183406113537117790e-03
2.183406113537117790e-03
2.183406113537117790e-03
2.183406113537117790e-03
2.183406113537117790e-03
2.183406113537117790e-03
2.183406113537117790e-03
2.183406113537117790e-03
2.183406113537117790e-03
2.183406113537117790e-03
2.183406113537117790e-03
2.183406113537117790e-03
2.183406113537117790e-03
2.183406113537117790e-03
2.183406113537117790e-03
2.183406113537117790e-03
2.183406113537117790e-03
2.183406113537117790e-03
2.183406113537117790e-03
2.183406113537117790e-03
2.183406113537117790e-03
2.183406113537117790e-03
2.183406113537117790e-03
2.183406113537117790e-03
2.183406113537117790e-03
2.183406113537117790e-03
2.183406113537117790e-03
2.183406113537117790e-03
2.183406113537117790e-03
2.183406113537117790e-03
2.183406113537117790e-03
2.183406113537117790e-03
2.183406113537117790e-03
2.183406113537117790e-03
2.183406113537117790e-03
2.183406113537117790e-03
2.183406113537117790e-03
2.183406113537117790e-03
2.183406113537117790e-03
2.183406113537117790e-03
2.183406113537117790e-03
2.183406113537117790e-03
2.183406113537117790e-03
2.183406113537117790e-03
2.183406113537117790e-03
2.183406113537117790e-03
2.183406113537117790e-03
2.183406113537117790e-03
2.183406113537117790e-03
2.183406113537117790e-03
2.183406113537117790e-03
2.183406113537117790e-03
2.183406113537117790e-03
2.183406113537117790e-03
2.183406113537117790e-03
2.183406113537117790e-03
2.183406113537117790e-03
2.183406113537117790e-03
2.183406113537117790e-03
2.183406113537117790e-03
2.183406113537117790e-03
2.183406113537117790e-03
2.183406113537117790e-03
2.183406113537117790e-03
2.183406113537117790e-03
2.183406113537117790e-03
2.183406113537117790e-03
2.183406113537117790e-03
2.183406113537117790e-03
2.183406113537117790e-03
2.183406113537117790e-03
2.183406113537117790e-03
2.183406113537117790e-03
2.183406113537117790e-03
2.183406113537117790e-03
2.183406113537117790e-03
2.183406113537117790e-03
2.183406113537117790e-03
2.183406113537117790e-03
2.183406113537117790e-03
2.183406113537117790e-03
2.183406113537117790e-03
2.183406113537117790e-03
2.183406113537117790e-03
2.183406113537117790e-03
2.183406113537117790e-03
2.183406113537117790e-03
2.183406113537117790e-03
2.183406113537117790e-03
2.183406113537117790e-03
2.183406113537117790e-03
2.183406113537117790e-03
2.183406113537117790e-03
2.183406113537117790e-03
2.183406113537117790e-03
2.183406113537117790e-03
2.183406113537117790e-03
2.183406113537117790e-03
2.183406113537117790e-03
2.183406113537117790e-03
2.183406113537117790e-03
2.183406113537117790e-03
2.183406113537117790e-03
2.183406113537117790e-03
2.183406113537117790e-03
2.183406113537117790e-03
2.183406113537117790e-03
2.183406113537117790e-03
2.183406113537117790e-03
2.183406113537117790e-03
2.183406113537117790e-03
2.183406113537117790e-03
2.183406113537117790e-03
2.183406113537117790e-03
2.183406113537117790e-03
2.183406113537117790e-03
2.183406113537117790e-03
2.183406113537117790e-03
2.183406113537117790e-03
2.183406113537117790e-03
2.183406113537117790e-03
2.183406113537117790e-03
2.183406113537117790e-03
2.183406113537117790e-03
2.183406113537117790e-03
2.183406113537117790e-03
2.183406113537117790e-03
2.183406113537117790e-03
2.183406113537117790e-03
2.183406113537117790e-03
2.183406113537117790e-03
2.183406113537117790e-03
2.183406113537117790e-03
2.183406113537117790e-03
2.183406113537117790e-03
2.183406113537117790e-03
2.183406113537117790e-03
2.183406113537117790e-03
2.183406113537117790e-03
2.183406113537117790e-03
2.183406113537117790e-03
2.183406113537117790e-03
2.183406113537117790e-03
2.183406113537117790e-03
2.183406113537117790e-03
2.183406113537117790e-03
2.183406113537117790e-03
2.183406113537117790e-03
2.183406113537117790e-03
2.183406113537117790e-03
2.183406113537117790e-03
2.183406113537117790e-03
2.183406113537117790e-03
2.183406113537117790e-03
2.183406113537117790e-03
2.183406113537117790e-03
2.183406113537117790e-03
2.183406113537117790e-03
2.183406113537117790e-03
2.183406113537117790e-03
2.183406113537117790e-03
2.183406113537117790e-03
2.183406113537117790e-03
2.183406113537117790e-03
2.183406113537117790e-03
2.183406113537117790e-03
2.183406113537117790e-03
2.183406113537117790e-03
2.183406113537117790e-03
2.183406113537117790e-03
2.183406113537117790e-03
2.183406113537117790e-03
2.183406113537117790e-03
2.183406113537117790e-03
2.183406113537117790e-03
2.183406113537117790e-03
2.183406113537117790e-03
2.183406113537117790e-03
2.183406113537117790e-03
2.183406113537117790e-03
2.183406113537117790e-03
2.183406113537117790e-03
1.091703056768558895e-03
