76
149
5
1
39
401
14
232
9
51
41
858
33
37
214
553
215
797
673
56
81
20
188
54
774
248
31120
68
80
743
35
59
1868
31118
40
61
1742
386
914
151
171
64
474
182
189
379
355
7
43
885
1390
10896
3671
2537
262
165
629
1389
29185
220
3917
9658
53
1767
1481
746
460
8866
114
1690
2834
2325
10244
354
1926
2666
519
2658
2273
328
9924
3223
664
643
206
5816
26
28354
22309
77
431
3062
69
968
29
3490
3248
45071
23702
547
621
44978
6692
5611
820
6809
154
12390
8144
4476
4817
3571
593
3225
2781
603
6078
3883
2344
3048
306
8594
4112
1564
988
12798
16757
34499
706
5157
381
3764
1919
36813
1839
5407
6478
533
3777
266
6260
10875
3043
35999
1587
8487
5287
492
5402
21318
2058
234
216
425
13492
5481
5180
348
2457
33746
7336
8168
444
9579
20815
4397
1553
28829
5308
11461
393
35909
2564
125
47072
14678
1634
7128
5699
22981
8485
3246
1024
4265
1663
30
935
6587
236
1644
2430
211
28796
4972
3923
5040
11197
471
1460
26529
1757
31575
2890
7217
6905
6867
1516
218
570
14905
18575
6034
678
2663
4302
6486
6497
15273
12758
21463
1881
787
1530
3522
3800
17410
42649
43069
8098
416
13197
22597
6201
5659
136
16687
8229
13276
19598
6155
5583
2225
295
7436
1737
3929
352
1913
60
4145
8513
1933
6699
17854
8934
17908
24327
3247
13446
7312
15804
7291
8902
93
1341
1622
2019
2313
2497
2500
3838
6184
21082
21897
35431
36052
104
1369
1443
1996
2851
3114
3724
4873
6257
6781
7203
10327
13345
14076
16088
22508
27562
2182
790
2660
3632
27318
979
2759
5167
10802
1695
10065
9819
8369
16561
10349
4140
15194
4799
946
36717
343
6423
7098
1507
811
6803
27011
4610
40040
57
8569
2942
5908
13362
15672
18350
22294
71
3930
987
13082
16387
13520
4478
666
6886
823
7020
230
4561
4051
923
5428
2
85
126
390
609
1276
1315
1417
1712
2005
2557
3066
3325
3435
3786
3855
3942
4068
4332
4775
4836
5347
6487
6556
6829
7028
7656
7858
10020
10339
10640
11918
12305
12463
12619
13183
13582
13604
13872
14740
16304
17785
17857
22574
25093
26708
31781
32051
33593
34633
35548
37046
37090
39690
46601
116
383
568
795
999
1254
1595
1668
5134
5149
5758
6389
6593
7158
8363
9876
10684
12591
13711
16851
18166
18724
19642
20540
25242
31188
40898
46955
242
12397
23843
1208
5748
6211
7473
8669
19040
31320
1611
7106
21391
102
1127
5423
17750
18471
27723
37171
9763
2356
3749
6390
27541
14611
6910
1152
20279
13389
14126
4763
6461
26410
480
6632
8624
3170
9767
22362
6283
6088
6096
27946
13487
6780
21573
5568
631
11496
7192
6037
7064
507
10063
6928
9503
28096
58
190
255
345
418
452
489
737
780
818
836
842
1224
1308
1334
1537
1550
1719
1768
1797
1812
1909
2433
2562
2585
2606
2644
2793
2935
2949
3091
3245
3283
3398
3503
3550
3591
3633
3652
3657
3713
3927
3988
4012
4039
4047
4073
4094
4240
4327
4495
4588
4599
4834
4930
4939
4969
5004
5069
5095
5195
5196
5218
5243
5291
5303
5325
5374
5385
5390
5394
5422
5427
5457
5523
5582
5721
5757
5763
5783
5784
5961
6052
6216
6219
6263
6432
6457
6517
6618
6640
6844
6958
7085
7094
7169
7195
7260
7276
7613
7635
7689
7757
8016
8019
8181
8312
8346
8407
8479
8532
8596
8737
8792
8980
9094
9240
9309
9315
9331
9530
9567
9735
9757
9781
11015
11286
11403
11423
11566
11672
11694
11884
12050
12227
12232
12237
12314
12687
12828
13051
13121
13156
13358
13396
13485
13565
13637
13663
13891
14321
14486
14633
14742
14761
14772
14820
15809
15939
16424
16528
16871
17627
17645
17693
17810
17869
18077
18224
18255
18467
18656
18666
18676
18689
19106
19466
19526
19723
19997
20292
21139
21191
21212
21637
21812
22271
23105
23219
24258
24461
24523
24610
24749
24759
25253
25292
25376
25751
26240
26644
26857
27836
28364
28981
29172
31179
31465
31838
31953
32448
32669
33588
33711
33714
34314
34348
34512
34565
34693
35130
35297
35486
35961
36164
36415
37478
37552
38231
38563
38976
38988
39042
39885
40515
40979
41425
41640
42220
45822
46008
46306
47449
51996
52068
52513
52718
54418
55813
173
249
564
575
928
1414
1506
1511
1943
2808
3135
3171
4165
4210
4554
4637
5189
5446
5734
5739
6035
6579
6968
7039
7108
8012
8096
8190
8554
9069
9184
9645
9717
10282
10482
12322
12512
12780
13981
17753
17914
18076
24234
24663
48
11350
1556
7174
1765
28195
2352
6036
3249
4418
3938
8156
5372
9750
7295
33429
7595
35868
9797
12992
39229
39784
5971
14360
6281
5436
11
27
31
34
44
47
63
72
89
90
117
129
141
144
161
167
195
197
240
260
273
275
278
292
308
313
353
366
368
382
392
398
413
420
426
427
441
454
456
485
498
499
504
512
516
530
537
538
548
558
569
616
625
641
646
648
700
704
763
796
812
814
852
871
878
894
925
933
944
948
950
960
977
983
992
993
1013
1019
1046
1085
1098
1131
1179
1188
1207
1220
1235
1260
1291
1299
1314
1348
1374
1402
1410
1418
1422
1432
1478
1487
1532
1554
1555
1588
1590
1593
1620
1637
1639
1670
1675
1685
1708
1725
1735
1743
1744
1771
1810
1870
1915
1994
2048
2097
2134
2139
2153
2193
2196
2207
2212
2248
2267
2304
2307
2338
2389
2423
2427
2446
2448
2480
2488
2508
2511
2522
2566
2579
2602
2604
2695
2700
2708
2762
2800
2805
2810
2842
2843
2858
2883
2893
2912
2933
2937
3021
3029
3040
3065
3074
3077
3086
3150
3208
3357
3404
3436
3457
3507
3508
3535
3543
3555
3566
3641
3697
3739
3753
3769
3829
3839
3856
3886
3937
3956
3973
3991
4016
4036
4078
4111
4137
4174
4216
4224
4229
4294
4336
4343
4380
4392
4408
4429
4463
4464
4467
4485
4487
4493
4501
4504
4517
4544
4559
4573
4630
4638
4687
4692
4703
4766
4781
4798
4804
4840
4858
4865
4896
4906
4909
4917
4919
4927
4946
4973
4975
4988
4991
5007
5056
5060
5064
5094
5110
5146
5163
5172
5208
5212
5227
5273
5283
5286
5329
5343
5346
5352
5358
5367
5373
5412
5420
5439
5443
5464
5479
5497
5502
5511
5547
5569
5573
5589
5596
5609
5615
5646
5649
5678
5690
5691
5706
5722
5766
5803
5814
5817
5859
5868
5888
5892
5946
5990
5997
6000
6005
6014
6029
6070
6092
6143
6194
6205
6209
6210
6269
6298
6318
6343
6368
6403
6408
6412
6459
6471
6481
6488
6494
6505
6542
6658
6659
6707
6726
6727
6730
6747
6751
6752
6758
6808
6835
6857
6869
6875
6887
6898
6909
6918
6932
6935
6942
6969
6979
6987
6990
6992
6993
7034
7053
7072
7074
7080
7133
7161
7167
7221
7245
7251
7252
7255
7279
7301
7306
7330
7353
7358
7393
7395
7400
7429
7431
7449
7451
7459
7482
7485
7495
7499
7501
7505
7506
7531
7551
7555
7564
7588
7606
7612
7650
7673
7676
7683
7695
7727
7741
7766
7812
7818
7821
7834
7839
7843
7867
7911
7923
7930
7965
7989
7990
7998
8006
8013
8014
8030
8042
8044
8059
8121
8162
8183
8214
8222
8226
8241
8269
8283
8288
8290
8361
8421
8439
8477
8505
8516
8524
8538
8546
8572
8577
8579
8585
8587
8641
8673
8677
8681
8725
8745
8746
8756
8763
8765
8772
8775
8798
8803
8810
8848
8857
8923
8943
8964
9008
9090
9093
9121
9130
9132
9140
9142
9212
9266
9273
9280
9282
9290
9310
9344
9356
9439
9441
9617
9623
9629
9638
9642
9643
9648
9656
9679
9755
9795
9820
9834
9857
9873
9950
9953
9990
10046
10067
10092
10233
10266
10301
10346
10367
10375
10440
10524
10541
10570
10585
10647
10652
10662
10663
10714
10723
10747
10770
10778
10804
10808
10812
10977
11001
11155
11313
11343
11592
11599
11647
11669
11729
11779
11821
11832
11858
11903
11921
11932
12019
12028
12048
12053
12069
12138
12147
12157
12162
12165
12176
12179
12217
12223
12252
12271
12272
12304
12330
12380
12399
12402
12448
12459
12472
12478
12551
12583
12589
12666
12669
12688
12696
12722
12752
12762
12769
12776
12807
12867
12908
12915
12925
12956
13013
13063
13104
13162
13190
13214
13221
13242
13271
13333
13340
13370
13440
13522
13548
13587
13589
13599
13636
13678
13691
13725
13734
13770
13779
13785
13799
13804
13805
13841
13864
13878
13898
13907
13957
14014
14042
14051
14148
14155
14165
14191
14194
14279
14296
14342
14343
14409
14452
14459
14467
14500
14537
14545
14637
14696
14713
14722
14770
14793
14822
14837
14839
14852
14901
14986
15024
15040
15097
15300
15375
15412
15435
15446
15455
15462
15502
15563
15569
15606
15620
15639
15643
15691
15698
15700
15744
15785
15850
15857
15892
15953
15957
16002
16027
16079
16136
16139
16190
16247
16295
16405
16578
16641
16750
16912
16945
16964
16980
17033
17092
17096
17134
17145
17181
17231
17306
17324
17348
17368
17370
17374
17465
17569
17571
17591
17610
17756
17822
17829
17846
17879
17888
17917
17921
17974
17983
18017
18042
18074
18081
18112
18232
18278
18330
18355
18379
18453
18495
18524
18581
18599
18617
18664
18699
18700
18717
18727
18809
18837
18854
18891
18919
18925
19028
19054
19103
19117
19138
19164
19191
19207
19349
19478
19489
19532
19586
19654
19761
19791
19845
19955
19985
19996
19998
20087
20113
20122
20127
20164
20253
20255
20312
20354
20395
20421
20445
20476
20481
20574
20630
20646
20672
20677
20753
20769
20882
20973
20983
20995
21064
21105
21114
21199
21289
21357
21377
21607
21612
21679
21682
21780
21783
21803
21875
21917
21984
22000
22013
22039
22087
22115
22126
22128
22243
22305
22312
22363
22401
22491
22512
22529
22553
22608
22716
22739
22793
22833
22839
22873
22953
22972
22991
23048
23050
23056
23138
23142
23239
23307
23362
23409
23415
23439
23444
23632
23668
23833
23842
23888
23890
23991
24002
24013
24035
24064
24279
24360
24375
24425
24671
24777
24811
24928
24932
24933
24998
25076
25088
25123
25243
25336
25433
25486
25528
25559
25567
25568
25608
25630
25657
25673
25720
25747
25776
25790
25825
25875
25879
25985
26108
26137
26215
26277
26319
26340
26449
26600
26692
26758
26855
27297
27320
27641
27657
27672
27796
27822
27912
28057
28134
28139
28229
28237
28299
28383
28385
28464
28528
28549
28564
28571
28691
28693
28744
28780
28858
28906
28949
29153
29180
29260
29302
29703
29726
29864
29879
29890
30091
30107
30152
30165
30226
30388
30439
30478
30652
30680
30753
31095
31238
31285
31388
31471
31479
31523
31614
31803
31936
31952
32019
32079
32201
32235
32252
32298
32398
32437
32519
32525
32797
32834
33071
33083
33215
33341
33351
33536
33600
33667
33679
34055
34075
34207
34319
34377
34418
34435
34483
34524
34671
34714
34848
34969
35046
35082
35086
35096
35133
35156
35196
35271
35289
35755
35769
36050
36083
36106
36202
36214
36246
36438
36523
36549
36559
36563
36594
36641
36783
36814
36965
37011
37122
37157
37169
37175
37575
37747
37845
37874
37991
38122
38467
38535
38603
38608
38867
38873
38896
38906
38960
39028
39157
39291
39303
39421
39483
39880
39958
40165
40245
40316
40337
40395
40428
40521
40611
40747
40877
40954
41021
41043
41226
41249
41294
41298
41385
41412
41601
41700
41747
41769
41776
41810
41940
42005
42128
42189
42246
42335
42449
42489
42648
42713
42815
42897
42903
42910
43035
43130
43170
43182
43948
44002
44131
44225
44416
44528
44549
44649
44796
45042
45241
45402
45413
45590
45654
45761
45909
45972
46079
46121
46151
46201
46616
46850
47029
47118
47198
47248
47332
47343
47408
47514
47543
47561
47640
47705
47746
47814
48279
48381
48585
48606
48843
49193
49248
49474
49518
49637
49772
50116
50137
50196
50390
50632
51043
51048
51244
51322
51666
51948
51988
52065
52071
52267
52327
52804
53031
53570
53612
53671
53764
53849
53875
53996
54253
54399
54424
54452
54594
54903
55320
55401
55568
55700
55775
55974
56240
56360
56439
