0.000000000000000000e+00
1.793273931859526337e-05
3.581782019748054363e-05
4.857337610010200050e-05
7.791102402519125344e-05
9.259487772512827093e-05
1.185033463598352628e-04
1.361632026286301738e-04
1.548402931018362061e-04
1.803714023337035419e-04
1.899446770041141150e-04
2.081148346271654963e-04
2.279247265091701065e-04
2.540701465886987111e-04
2.745791311881979474e-04
2.788010531770955557e-04
2.869220054101411952e-04
3.203184340948810722e-04
3.456558986583237506e-04
3.487949009078535078e-04
3.558895951500858101e-04
3.817804932558853219e-04
3.958826708794091704e-04
4.030549033053165264e-04
4.166033487128034066e-04
4.285487282791697219e-04
4.446906270121071922e-04
4.513569690616250863e-04
4.703665952257458645e-04
4.887555120442623564e-04
5.082901409992314967e-04
5.248982447278120050e-04
5.434732690982865605e-04
5.649945789303861387e-04
5.790766335112378094e-04
5.816298874871002594e-04
5.980959959815278140e-04
6.091202351395763170e-04
6.256107001195765393e-04
6.524205961189232308e-04
6.833565265605487252e-04
7.052966562138063885e-04
7.294529293144157937e-04
7.394577089180186941e-04
7.581060538633516404e-04
7.709643564562370993e-04
7.980019275196869287e-04
8.053117039495456429e-04
8.210093193234882644e-04
8.305081528933162642e-04
8.504867903795814603e-04
8.765223495158300368e-04
8.903696913312095229e-04
9.201260091368388067e-04
9.386150214870337891e-04
9.548440855965653661e-04
9.700230743162983199e-04
9.910268714547138327e-04
1.019538908434082253e-03
1.028379786932003773e-03
1.037881759380628304e-03
1.039065425884649636e-03
1.052583137228004732e-03
1.068835806612705849e-03
1.093445246472503178e-03
1.116898173617193388e-03
1.129025265997048904e-03
1.155605184614729841e-03
1.182218518851179756e-03
1.201076477454783098e-03
1.201899822222934899e-03
1.221801170536730360e-03
1.245129055909165736e-03
1.264339080812650583e-03
1.278225677839357364e-03
1.292786826284046805e-03
1.309958853959130361e-03
1.317176451791873858e-03
1.342894973153062766e-03
1.364208702760048939e-03
1.378503711891330931e-03
1.385622616326803811e-03
1.396185337023577539e-03
1.412450048897103587e-03
1.433924112448219839e-03
1.454623246219893589e-03
1.475534833617747664e-03
1.484112123351935758e-03
1.502073631650862511e-03
1.514993708079766764e-03
1.545327939153164510e-03
1.564151974720944102e-03
1.573808737081208243e-03
1.585125234104860226e-03
1.613570248363265869e-03
1.647757629116204572e-03
1.663073954971689122e-03
1.673555335706022407e-03
1.692873275732495551e-03
1.698473591441003634e-03
1.711184618795039440e-03
1.720486873297279347e-03
1.741836824177100560e-03
1.763254441481448311e-03
1.793213628434353266e-03
1.813015671379008664e-03
1.832929906414177725e-03
1.848154784213390913e-03
1.865314701368088251e-03
1.883710864507589242e-03
1.892411198041237799e-03
1.919032070042117925e-03
1.936727324738430006e-03
1.958923851905581236e-03
1.991813403734599836e-03
2.018305348764433318e-03
2.039051477692508003e-03
2.054134712617640673e-03
2.084128559635709931e-03
2.091009257477730986e-03
2.106738440292965642e-03
2.115437431382598439e-03
2.131682534691173476e-03
2.155786720337081463e-03
2.169717342664349412e-03
2.193021633625849565e-03
2.203454483362004158e-03
2.232958066156731734e-03
2.257573821818016115e-03
2.269633558431602242e-03
2.287712953366518014e-03
2.298906836061997278e-03
2.326813315187780014e-03
2.350973771018125338e-03
2.377235555589062715e-03
2.397673867252121584e-03
2.413901835827610663e-03
2.444597240484125411e-03
2.452351749343802470e-03
2.477132699031713969e-03
2.484442511548818396e-03
2.501792470909844617e-03
2.514652131358357384e-03
2.533118612449097948e-03
2.546491639605939512e-03
2.562550723836153586e-03
2.574884129521616896e-03
2.598269618751705094e-03
2.619184605295844358e-03
2.646292360713702572e-03
2.651510239368793601e-03
2.676716574523910642e-03
2.686666253992578152e-03
2.712367486475003326e-03
2.745188902642891823e-03
2.751481734552314439e-03
2.762504348822543161e-03
2.775331766911632528e-03
2.800345349703168424e-03
2.817048109902300750e-03
2.838539542656134170e-03
2.857946828287530241e-03
2.879817719847899832e-03
2.892433020553337487e-03
2.915272390537635219e-03
2.937242273773689114e-03
2.953873789146120935e-03
2.970112880538312849e-03
2.983054692928197634e-03
3.005229316605881155e-03
3.015875358323371301e-03
3.028766586835951805e-03
3.057946087357810410e-03
3.083080279380784328e-03
3.088344432729860003e-03
3.098652670224370277e-03
3.112437533399717640e-03
3.136537349852562290e-03
3.145667396358409629e-03
3.164886920739299909e-03
3.175002795125663347e-03
3.196460286395362213e-03
3.214486776344624343e-03
3.231928305294455746e-03
3.261824775657791008e-03
3.294376001473820533e-03
3.313853888134694978e-03
3.320997764675410243e-03
3.336370124535675569e-03
3.350870338058089919e-03
3.367720902584378159e-03
3.372278281355269632e-03
3.387066301843510031e-03
3.406673405449231733e-03
3.436396722880695823e-03
3.451906058614199243e-03
3.468408879622143868e-03
3.481638041565293749e-03
3.498262787928441489e-03
3.517803797531590584e-03
3.537065326614018210e-03
3.549948916933181112e-03
3.558953094975157196e-03
3.565899455097627530e-03
3.580079875375189336e-03
3.592984621202423724e-03
3.619067657199812483e-03
3.639055529182615243e-03
3.652049838474298767e-03
3.681606692446850321e-03
3.689334378001522287e-03
3.709454118140698663e-03
3.721768732189797372e-03
3.755223301544534376e-03
3.760824185719408453e-03
3.782627623982459230e-03
3.808510626904789559e-03
3.834750398170034321e-03
3.852984326328243777e-03
3.862350255004547064e-03
3.872061084718108823e-03
3.893098224427336308e-03
3.915252812716923415e-03
3.941887937286178180e-03
3.956403120292577812e-03
3.973056030474766791e-03
3.981170703219813131e-03
3.988714087114418952e-03
4.007707002291905490e-03
4.013792160476445901e-03
4.029927041159357161e-03
4.050042459893633817e-03
4.066864031861087449e-03
4.078232695940087887e-03
4.082185285707092860e-03
4.093065192748876653e-03
4.106334201261630304e-03
4.136425016036823776e-03
4.148024864504690212e-03
4.158510594801512542e-03
4.179745539428629704e-03
4.192193497721034834e-03
4.204635410876327722e-03
4.218410304229777349e-03
4.221940710879025331e-03
4.235299962831123519e-03
4.249450134203409772e-03
4.268041377005877234e-03
4.273368598453407101e-03
4.288584261829622019e-03
4.307242137983963853e-03
4.331409955539372060e-03
4.343940240563006275e-03
4.376302388412462233e-03
4.408563502550021454e-03
4.430885816144567585e-03
4.451848830788043831e-03
4.465453535826651582e-03
4.494272081521528787e-03
4.508240054589219593e-03
4.534521889259811311e-03
4.560030127211457153e-03
4.578511774586296532e-03
4.604104721987274142e-03
4.629584653593548163e-03
4.645406363214909899e-03
4.673115822897735451e-03
4.692478573922273348e-03
4.720676142016426435e-03
4.731841775207065726e-03
4.757825271396930351e-03
4.775084274199039094e-03
4.782684764906800813e-03
4.799981266664020765e-03
4.816617222327162356e-03
4.834312910331743478e-03
4.864237865423928255e-03
4.869156639197730688e-03
4.891518704790954845e-03
4.898702706920014284e-03
4.929273450666709321e-03
4.949711603073261336e-03
4.978620796746872045e-03
4.992464415490528544e-03
5.009073844300232330e-03
5.034035967837042352e-03
5.041761580057572793e-03
5.054620181838132345e-03
5.069974357831096012e-03
5.090836236037620498e-03
5.119548555577959313e-03
5.137239638951124690e-03
5.155067429067313085e-03
5.158573226420247633e-03
5.174438341928927834e-03
5.185797013637554430e-03
5.206876852106038546e-03
5.230684461782289692e-03
5.240398593585076335e-03
5.258935943230617048e-03
5.293732277412402723e-03
5.316495591606395024e-03
5.346903786195130771e-03
5.354862705375377195e-03
5.370107300416305379e-03
5.395121658846517392e-03
5.396815244453306674e-03
5.404490047295304467e-03
5.424381858351321264e-03
5.436843109804806971e-03
5.469127948989036501e-03
5.489603557685017975e-03
5.511331376550921042e-03
5.531439505291435403e-03
5.536675974575648931e-03
5.550547218466980043e-03
5.555190668223896136e-03
5.576839490478317785e-03
5.608714873825123258e-03
5.624212364927265451e-03
5.635054288077333273e-03
5.641396214787882703e-03
5.661048152488051821e-03
5.685535634952083341e-03
5.710512353744358512e-03
5.729731429744682608e-03
5.753313967846846420e-03
5.776214595871662777e-03
5.808078056091152928e-03
5.839231587380877726e-03
5.856045792037118877e-03
5.864862480156249162e-03
5.869921980643116356e-03
5.879571746608748886e-03
5.901734900875948119e-03
5.917716103941478636e-03
5.934745595436228052e-03
5.947875091480358915e-03
5.973271654269007511e-03
5.987519202083427423e-03
6.000902712375517749e-03
6.021222274040118408e-03
6.046713931107802406e-03
6.056463042847660093e-03
6.071560309352414496e-03
6.103722126463278878e-03
6.115894292098233813e-03
6.129012959603784977e-03
6.143348050756313947e-03
6.163919307273138699e-03
6.184388081746030816e-03
6.194067889989864073e-03
6.219327588062957893e-03
6.250651507491647961e-03
6.265841134836083563e-03
6.279947905607764259e-03
6.307277856969746056e-03
6.315317491983829523e-03
6.337686406905019589e-03
6.359288335859253870e-03
6.390164091728345666e-03
6.407892921106448161e-03
6.434415881141941282e-03
6.446087100173221798e-03
6.463155803711733392e-03
6.483770656767293139e-03
6.494025328088311351e-03
6.499407451259908361e-03
6.516051389037338937e-03
6.530734013899663383e-03
6.560092703197043136e-03
6.585514754167037625e-03
6.605595125653690274e-03
6.627147660819699207e-03
6.633512763995544174e-03
6.649551726970008569e-03
6.660487546677604752e-03
6.672765532521489351e-03
6.696554986153807447e-03
6.712796382712550927e-03
6.729430026644642876e-03
6.751450415613253868e-03
6.762119239049518490e-03
6.781145967598853179e-03
6.801047059781101245e-03
6.814132165672649732e-03
6.832065592313579273e-03
6.836636829969508153e-03
6.853473546167485053e-03
6.869098003180197989e-03
6.883480112760657563e-03
6.899524009414753460e-03
6.900026912487602047e-03
6.912749778368900734e-03
6.918615426972769995e-03
6.938859830863281300e-03
6.948466071124336819e-03
6.952977866724055316e-03
6.976063208327611467e-03
6.985576289639340575e-03
7.001420907323159699e-03
7.019706846909713922e-03
7.038790793835907229e-03
7.062871685667107373e-03
7.073197410178789189e-03
7.092483052919845710e-03
7.110708372407513120e-03
7.144077863029590914e-03
7.154138225269049932e-03
7.172115666171693937e-03
7.189560387665961186e-03
7.203554450700495188e-03
7.209363972499709117e-03
7.224457248205850939e-03
7.259257486354599685e-03
7.284693252251288505e-03
7.294506173468918997e-03
7.321348858213639135e-03
7.340288210813858925e-03
7.363251224041932053e-03
7.368585215575366998e-03
7.374971614543264498e-03
7.400589818552938057e-03
7.420147451508258066e-03
7.437390846957557360e-03
7.455993574672919663e-03
7.463873629929437814e-03
7.488113449939354238e-03
7.496110002385194745e-03
7.505922249868775785e-03
7.510191941117622463e-03
7.518183956208557978e-03
7.527304016115668114e-03
7.532319174494962744e-03
7.551804303118231539e-03
7.568147090907995436e-03
7.576751124478165247e-03
7.588340788467352015e-03
7.599811490544906498e-03
7.604343534561160481e-03
7.627796073977684277e-03
7.638823382470722075e-03
7.661836993160061997e-03
7.674604729696865232e-03
7.685113872087905723e-03
7.694350856113568900e-03
7.721096659198846759e-03
7.735650892984814730e-03
7.752708017884627455e-03
7.784699522701210399e-03
7.801205869506057725e-03
7.818779027500754805e-03
7.846674065250532071e-03
7.878014331929316522e-03
7.896019253524493714e-03
7.926029855387215287e-03
7.954012893716071522e-03
7.980772532565832272e-03
7.985482388144816979e-03
7.987656446373657751e-03
7.995233010415591160e-03
8.030078783773517831e-03
8.033032975060687420e-03
8.047812755240127056e-03
8.058149830653192625e-03
8.075748156168934336e-03
8.085985051035606691e-03
8.096782708093578848e-03
8.116092870527110564e-03
8.135173028885766058e-03
8.156803907322318636e-03
8.164750270610764832e-03
8.180811600353103674e-03
8.200636069826671218e-03
8.208324200037519017e-03
8.216071313643890511e-03
8.240385995497328045e-03
8.258777148324509057e-03
8.288251343778666944e-03
8.299106956660386863e-03
8.331071244991975280e-03
8.354227629255660259e-03
8.363680332588085617e-03
8.381849978605273449e-03
8.403079863337627881e-03
8.418640448629888251e-03
8.442329108719826697e-03
8.444324110611942796e-03
8.465445005265930314e-03
8.488525795167326318e-03
8.506526995089483401e-03
8.533368669470962550e-03
8.542205172475359279e-03
8.569654261834381767e-03
8.597541681441922198e-03
8.614462575614927065e-03
8.628678686910994100e-03
8.632260601007964856e-03
8.656109874381695893e-03
8.673387313951978414e-03
8.684843004500506988e-03
8.702720293125717002e-03
8.714225402767330694e-03
8.738513418862808857e-03
8.762393103352387677e-03
8.785714280072314322e-03
8.802235157514418443e-03
8.814672795781679226e-03
8.830229340079582753e-03
8.841636614187273896e-03
8.843860639694467798e-03
8.866750605759816939e-03
8.875468139131276885e-03
8.892753603803798396e-03
8.906283684417275540e-03
8.911291645428538744e-03
8.922884059858483471e-03
8.936714383934623793e-03
8.951355154274195230e-03
8.968594748697248167e-03
8.991421411114773610e-03
9.018053508417989833e-03
9.052279337867249684e-03
9.074385184877711147e-03
9.092896443737737144e-03
9.110599365454450163e-03
9.133210446411871991e-03
9.165229062858527842e-03
9.197199781625675294e-03
9.217547826374218600e-03
9.224369851501003012e-03
9.232158957215408357e-03
9.251986956298030584e-03
9.276664616244188061e-03
9.292571745890525897e-03
9.324390031945553950e-03
9.341280875211585913e-03
9.354650296570569262e-03
9.370030011335768808e-03
9.392803389769339983e-03
9.411256985614954024e-03
9.432193521771990372e-03
9.453268783188717786e-03
9.483156399336684778e-03
9.510168630545658489e-03
9.528918102210735472e-03
9.543948680928754369e-03
9.558500386453646150e-03
9.573456160759285377e-03
9.574215944522890959e-03
9.582464213479451737e-03
9.597340511529326920e-03
9.605253179951976292e-03
9.623172566264772201e-03
9.638429128655853773e-03
9.655400922168428171e-03
9.676435283216945279e-03
9.685093175082582634e-03
9.704746198755493172e-03
9.730485843302525556e-03
9.746471502481155250e-03
9.760577217999827707e-03
9.769075620048986441e-03
9.790935860943109081e-03
9.818620253436308523e-03
9.850227679344779677e-03
9.865125787205736990e-03
9.882185960320184412e-03
9.886478638989821752e-03
9.896144350684973195e-03
9.910324962094735346e-03
9.935195754433065463e-03
9.960216059165694080e-03
9.979687305295203287e-03
9.999238327810073060e-03
1.001107409488280302e-02
1.003079363557904738e-02
1.004661304480261759e-02
1.007004733331006222e-02
1.009058163994001021e-02
1.010572722733578573e-02
1.011933329011728729e-02
1.013364541799494090e-02
1.014097002474033046e-02
1.015416831216362122e-02
1.018473612799257640e-02
1.020320906156923189e-02
1.022284113269541009e-02
1.024496709953217656e-02
1.026101438334901805e-02
1.027892725120843967e-02
1.029554247795651765e-02
1.031987853146807028e-02
1.033714596459692388e-02
1.035674867094905048e-02
1.038479392205472751e-02
1.038985075727055958e-02
1.041801573887838998e-02
1.042616095084257510e-02
1.044144294801538884e-02
1.044472500812820316e-02
1.046211290884105187e-02
1.047760497421045510e-02
1.048766595097473317e-02
1.051722358653562131e-02
1.054510093618176055e-02
1.055154671580810048e-02
1.057091557996041147e-02
1.059479763154744583e-02
1.061286867839061551e-02
1.061813973499429499e-02
1.063972876885053986e-02
1.066212151410748064e-02
1.067523505378731828e-02
1.069471063807248511e-02
1.071258412896457755e-02
1.071877256571809357e-02
1.072959095695195063e-02
1.074923493407873958e-02
1.076526593588098685e-02
1.079025017442350291e-02
1.081042914383299053e-02
1.082196955600372816e-02
1.084939509557223021e-02
1.088065142967931109e-02
1.090087018803119305e-02
1.091573339748669498e-02
1.092203997044450571e-02
1.094479041595433806e-02
1.095440623056825012e-02
1.096921226960021790e-02
1.097586557802605368e-02
1.098999708499604107e-02
1.100625626851205532e-02
1.102005189658279531e-02
1.103652349103742374e-02
1.106357599018144983e-02
1.107257651162752050e-02
1.108303909589462496e-02
1.110047538980134772e-02
1.111037180780369456e-02
1.112561575675745547e-02
1.114047878587359416e-02
1.116125126859541898e-02
1.118333883590135434e-02
1.118953676864311436e-02
1.120763019375453987e-02
1.122579310161561650e-02
1.124354168927114289e-02
1.126547190432671160e-02
1.126899179035920420e-02
1.129480436031527445e-02
1.130879558231323231e-02
1.132270052234820613e-02
1.133576056504008271e-02
1.136003063019911177e-02
1.138352076354301294e-02
1.140233122277559130e-02
1.142167844764355178e-02
1.143504372489689315e-02
1.145809057840474141e-02
1.147795999465827180e-02
1.149894687844260112e-02
1.151580713868644024e-02
1.153238396535052890e-02
1.154393946286534633e-02
1.155621802472388271e-02
1.157788834195349822e-02
1.158992729282977939e-02
1.159605485467745355e-02
1.161747543556622408e-02
1.163242482152896523e-02
1.165194402118146892e-02
1.166754195670773389e-02
1.168691349796821717e-02
1.169363866573879147e-02
1.171675695520692749e-02
1.173066686493282225e-02
1.173640569196473214e-02
1.176762216866794261e-02
1.179079783324011102e-02
1.180667280921476880e-02
1.182883863592551314e-02
1.185529739911869197e-02
1.187599256572482130e-02
1.189758606608211540e-02
1.192431436341030021e-02
1.193508314040267991e-02
1.195927754870091016e-02
1.197298300788026369e-02
1.198658644703521139e-02
1.200109176388785073e-02
1.201340216125241014e-02
1.203790193111251884e-02
1.205522088967382263e-02
1.206569966156926382e-02
1.208255799157845201e-02
1.210626264002666666e-02
1.211586670767162040e-02
1.213648924199556799e-02
1.215551064363261206e-02
1.216896949682739343e-02
1.218485999815348275e-02
1.220736281543470005e-02
1.222729814663269660e-02
1.225960228876284488e-02
1.227500669879934107e-02
1.229195820627862652e-02
1.230406251261099808e-02
1.231540747860267529e-02
1.232355477079123164e-02
1.233373239795699204e-02
1.234427397975799111e-02
1.235797142094962123e-02
1.238760040768554713e-02
1.239768697864046185e-02
1.241250918327600067e-02
1.243208707720340478e-02
1.243916213571137977e-02
1.244913479884910031e-02
1.247121100250908263e-02
1.248224650610196655e-02
1.248948335446513694e-02
1.250774565289984770e-02
1.251864092058634255e-02
1.252782343911874700e-02
1.252943125523589551e-02
1.254459200444690489e-02
1.254970999893271696e-02
1.256656388697742488e-02
1.258684752036436615e-02
1.260685133719263024e-02
1.262630551295930437e-02
1.263587808543536334e-02
1.265251332157503288e-02
1.265957106518393778e-02
1.266688801273289575e-02
1.267665452788862418e-02
1.268187671734848088e-02
1.269718427488432735e-02
1.270405218424996811e-02
1.272653668081287666e-02
1.273936931059260237e-02
1.274738052086513661e-02
1.277198928444136898e-02
1.279839624999378443e-02
1.281507094153683073e-02
1.284373611654667478e-02
1.285757597960880509e-02
1.287054408435286609e-02
1.287195191160472180e-02
1.288700120940597729e-02
1.290342959445978446e-02
1.292241620386532647e-02
1.293758589199856500e-02
1.294949861895714621e-02
1.295633480043696661e-02
1.296340969146919653e-02
1.297162853156425336e-02
1.298465799295904152e-02
1.299554846170214613e-02
1.302533272968271934e-02
1.304917940388585634e-02
1.306530113914110454e-02
1.307943761041305102e-02
1.309326414566615131e-02
1.310381977094443075e-02
1.312210899110076261e-02
1.315502303955037346e-02
1.317494977126801997e-02
1.318745754964183517e-02
1.320482215739904146e-02
1.322836589378080692e-02
1.324690010709563860e-02
1.326201968756257274e-02
1.329208430978161271e-02
1.331856867591624423e-02
1.333276214447708281e-02
1.334109296365879917e-02
1.336890528125176530e-02
1.339705680823231881e-02
1.340847039624146371e-02
1.343234210788405228e-02
1.344419959924415819e-02
1.345183954413910719e-02
1.347704423737213289e-02
1.349336059377916931e-02
1.351322235450374241e-02
1.353338912961873051e-02
1.356171193414055370e-02
1.357424955812262454e-02
1.359268365239100357e-02
1.360089837393586680e-02
1.362604866420327222e-02
1.364424926269039613e-02
1.366432627603133415e-02
1.368899842948425455e-02
1.371005264273122796e-02
1.373231364122739183e-02
1.374905795457838364e-02
1.377927726673855782e-02
1.380027133899638415e-02
1.382957691585645979e-02
1.385283840722035392e-02
1.387102181615586238e-02
1.388438920894471615e-02
1.390109476277570644e-02
1.392586451448593610e-02
1.394656486349494726e-02
1.397588750796514324e-02
1.400270679021239396e-02
1.401970593910572237e-02
1.404190396812353935e-02
1.406714173042344918e-02
1.409235732814849255e-02
1.410608924572639457e-02
1.412810771200393931e-02
1.414292290979292550e-02
1.415227858059522892e-02
1.416645241894452269e-02
1.418150265081070255e-02
1.419473958863286776e-02
1.421543555086340893e-02
1.422919667214749863e-02
1.424234836148893964e-02
1.426337332157242947e-02
1.429316674245180788e-02
1.430061134956112784e-02
1.433276720813883055e-02
1.435647108926786306e-02
1.438856955658654457e-02
1.441072822835310491e-02
1.443172810191247803e-02
1.444732262316896464e-02
1.447174815200349095e-02
1.447843081364822565e-02
1.450572355002338783e-02
1.453091030549378930e-02
1.455013895385627934e-02
1.456227619889499496e-02
1.457929509255522123e-02
1.459179087436062415e-02
1.460661981072418174e-02
1.462425844429418934e-02
1.465601949715924883e-02
1.468185286084253485e-02
1.470761628045057223e-02
1.472013525888799662e-02
1.472892596801016543e-02
1.474447124068670525e-02
1.475993922123200811e-02
1.477659061373811505e-02
1.479805117212572990e-02
1.481100155334844071e-02
1.482063047224323367e-02
1.484001943223742237e-02
1.485428774179474790e-02
1.487859521472550094e-02
1.489316644848379285e-02
1.490983214338308625e-02
1.492199657712942398e-02
1.493718359269000269e-02
1.495581038795865125e-02
1.497275282474551036e-02
1.499111333631508898e-02
1.499344533499286959e-02
1.499976869205068251e-02
1.500709483787054585e-02
1.503107804396722376e-02
1.505172218942839660e-02
1.507896128707859537e-02
1.509642199142159982e-02
1.511913439862415907e-02
1.513912397851241605e-02
1.517053668713065455e-02
1.517927713079873439e-02
1.520691659703585392e-02
1.523152480839864813e-02
1.524991151299768220e-02
1.527257027248527833e-02
1.528391446666474765e-02
1.530330267242488960e-02
1.531279246396467092e-02
1.533580247770717671e-02
1.534615964207489483e-02
1.537160815822938634e-02
1.537933825003265191e-02
1.539138112408902637e-02
1.540824912893474022e-02
1.542292738497936903e-02
1.544583043490217744e-02
1.546151470938489196e-02
1.547950600072671261e-02
1.549184840412358780e-02
1.550005789354690251e-02
1.552253182061467084e-02
1.552387502145258398e-02
1.554729029502140668e-02
1.557100455633922582e-02
1.559799698395759535e-02
1.562389516562205823e-02
1.564659938919457302e-02
1.565265551993705664e-02
1.566668181749206190e-02
1.568526917407018703e-02
1.569950297781835119e-02
1.571720250938387145e-02
1.573198838822228302e-02
1.574276874566515882e-02
1.577124631219633394e-02
1.578371333823414338e-02
1.580376427771359310e-02
1.583056709314597382e-02
1.583766023358759018e-02
1.586116123702951616e-02
1.588250478411618385e-02
1.589170986132283983e-02
1.591778887542874554e-02
1.594422002431372318e-02
1.594893654393816917e-02
1.596841569613418471e-02
1.598408088611661879e-02
1.600333310546777493e-02
1.602955622271506897e-02
1.606042340778434177e-02
1.606569490638642267e-02
1.609781701829135839e-02
1.610701452814160620e-02
1.613582072825677644e-02
1.615961599963312845e-02
1.617355353697820866e-02
1.618174081782288234e-02
1.620757522996385536e-02
1.622171702832906487e-02
1.624522375972306878e-02
1.626767353895544610e-02
1.628777356780631777e-02
1.631574035654176011e-02
1.634429886467674356e-02
1.636732697965154540e-02
1.639705469353609085e-02
1.639780986061567178e-02
1.641663200599418476e-02
1.642937299123138628e-02
1.645523209131359924e-02
1.648295729685520655e-02
1.650915340336321646e-02
1.653789444117152035e-02
1.654598403558743894e-02
1.656073820504242247e-02
1.657515753403343214e-02
1.659190796883681929e-02
1.660865117639027597e-02
1.661553328415843467e-02
1.663384731103426453e-02
1.665041533071890886e-02
1.665978533215974403e-02
1.668191200614402292e-02
1.670237238902890636e-02
1.671689033189253243e-02
1.673683961831691838e-02
1.674847577445211580e-02
1.676684784197879016e-02
1.678120547194890400e-02
1.679019714196974822e-02
1.680722604168146533e-02
1.682882430246799774e-02
1.684576243832733647e-02
1.687533353723811441e-02
1.689795561648846367e-02
1.691674386358027124e-02
1.694777114470352383e-02
1.696497287230236753e-02
1.698205557509473163e-02
1.700519563422714028e-02
1.703704687383869251e-02
1.705282476640316083e-02
1.706586223140527450e-02
1.709130622016227091e-02
1.711817232859468366e-02
1.713020896438965587e-02
1.713238081266786270e-02
1.715183210523864993e-02
1.717776023795928447e-02
1.719905852229959911e-02
1.722591077881601568e-02
1.723334211619722070e-02
1.724119457079134263e-02
1.726023637456611595e-02
1.729257550337081478e-02
1.730998669674864085e-02
1.732053088334820773e-02
1.734008353459501328e-02
1.736581098866971443e-02
1.738927207773391381e-02
1.741593817739013617e-02
1.742552209492121904e-02
1.744514127629022415e-02
1.746017167959559857e-02
1.748357268965022512e-02
1.751674336766533696e-02
1.752832833801499374e-02
1.755081472410943699e-02
1.757661150726215135e-02
1.759725638969568753e-02
1.762613162937818473e-02
1.764090124269867416e-02
1.765910313787768388e-02
1.768929945811465593e-02
1.770853084757142634e-02
1.772685669261946789e-02
1.774882053879703672e-02
1.776358874745241276e-02
1.777799910017671334e-02
1.780367742408212745e-02
1.781380956919489597e-02
1.782684147095490654e-02
1.785356605956279694e-02
1.786136438711120183e-02
1.788077483773557047e-02
1.790924559203943903e-02
1.791687027238053273e-02
1.792661778179277868e-02
1.794886776498606784e-02
1.796514940671684393e-02
1.799276628080853299e-02
1.800636397431834568e-02
1.802183368291723417e-02
1.802678423610981281e-02
1.805240706132906631e-02
1.807855778830763302e-02
1.808445382273242766e-02
1.809745374583525412e-02
1.811256314772545853e-02
1.812272510781355594e-02
1.813904659930574981e-02
1.816031109636882801e-02
1.818776357781651254e-02
1.820383344695395214e-02
1.822952898005681874e-02
1.823974897874908185e-02
1.824844297536657237e-02
1.827619897293293605e-02
1.829513043270528452e-02
1.832093464942621819e-02
1.835218298001329781e-02
1.837966919745501540e-02
1.840848602521486660e-02
1.841216157498198544e-02
1.842752810637485195e-02
1.844294131639960185e-02
1.845369358894908413e-02
1.847495793729132460e-02
1.848751462733313686e-02
1.850134217674291592e-02
1.851497062923214074e-02
1.853788014910857582e-02
1.855612016691282617e-02
1.858192964506840891e-02
1.860162204146586368e-02
1.862673571135728401e-02
1.863611509551183973e-02
1.865085512990298164e-02
1.866916530504096963e-02
1.868845505376747623e-02
1.869576080478562233e-02
1.871989905830925838e-02
1.874376576352404858e-02
1.876881756829884562e-02
1.879410544355197832e-02
1.880520112283381312e-02
1.881572928662994179e-02
1.882981847702220463e-02
1.885897442020816397e-02
1.887429458915801730e-02
1.889915660160602223e-02
1.892213892972620728e-02
1.893689983386353040e-02
1.895561385013442429e-02
1.897768011932182350e-02
1.900170960629311151e-02
1.902379192575542541e-02
1.904699614775413885e-02
1.906839197664733296e-02
1.908643950537035686e-02
1.908968056552010073e-02
1.911834626243380519e-02
1.913806759246829137e-02
1.914322579294598994e-02
1.916098218370522119e-02
1.918161894015753266e-02
1.920989795459484770e-02
1.921783144714220640e-02
1.924412944363025277e-02
1.926422774767880958e-02
1.928305749784900783e-02
1.929856190346689385e-02
1.932498779130556107e-02
1.935472515274685307e-02
1.938815860355780005e-02
1.939638217244296636e-02
1.941649687148664510e-02
1.944895577180387816e-02
1.947243895145309850e-02
1.948352368819131902e-02
1.950630737784715685e-02
1.951539267491429752e-02
1.954696796995295666e-02
1.956052057912287603e-02
1.957162900202652489e-02
1.957605947194567680e-02
1.959607856932606487e-02
1.961245991922620432e-02
1.963298026113046227e-02
1.965592985168370874e-02
1.967604638833746547e-02
1.969990098306180840e-02
1.971613335960318431e-02
1.973596781460368668e-02
1.975346173008091927e-02
1.976889025954545187e-02
1.977628369950637163e-02
1.979868295316055890e-02
1.981916342992027721e-02
1.983814622407534603e-02
1.985260274338954481e-02
1.986649005917411059e-02
1.988260664946236295e-02
1.990259048216791449e-02
1.992370968950911772e-02
1.993104475619268331e-02
1.993259434312722247e-02
1.995699781415154889e-02
1.997953259145273178e-02
1.998724099940639778e-02
2.001011285129856640e-02
2.002718058534159670e-02
2.004389597848714802e-02
2.005646458997712572e-02
2.008501772578998729e-02
2.009529351532584121e-02
2.012740230628023985e-02
2.015758155813297120e-02
2.016776056766715966e-02
2.019170998699325315e-02
2.021287200227220304e-02
2.023522575587086494e-02
2.024349257837614741e-02
2.025215057110607564e-02
2.025816598010982822e-02
2.027774747568901470e-02
2.029379645361202925e-02
2.032322230941733393e-02
2.034204361640177400e-02
2.036443779693914227e-02
2.038849236702453688e-02
2.041698426844722192e-02
2.042189412850478961e-02
2.043345622334393277e-02
2.045882329817066622e-02
2.047812377541984030e-02
2.049648963192050519e-02
2.052397127686393999e-02
2.053148993451529847e-02
2.055856993290511997e-02
2.057562900329311731e-02
2.058864240055087100e-02
2.060605618766787883e-02
2.063227473905324474e-02
2.066104591577284585e-02
2.066681852855570961e-02
2.068544946911497068e-02
2.070329332050520332e-02
2.071629148913694055e-02
2.074137967205946440e-02
2.076896249512057147e-02
2.079857940498987257e-02
2.080361567333306391e-02
2.082575660259702519e-02
2.084484100379600108e-02
2.087667876817302787e-02
2.088718611120532129e-02
2.090622830848630487e-02
2.093551141389317014e-02
2.095861228509716956e-02
2.097960873348985941e-02
2.099915048707773693e-02
2.101553092771839965e-02
2.104591829779470583e-02
2.105395021540074074e-02
2.107537959514391851e-02
2.109412572590064344e-02
2.111949238197718265e-02
2.113417232547795677e-02
2.115094231683310386e-02
2.118120769704301409e-02
2.120786972443219898e-02
2.123864532526135301e-02
2.126083014067106300e-02
2.127298308387619297e-02
2.128501694952667292e-02
2.130947310012132334e-02
2.132431049379926447e-02
2.134009831666587587e-02
2.135753022641806789e-02
2.137644579118931978e-02
2.140328262097503445e-02
2.141942312339920398e-02
2.142842091233151947e-02
2.145924147557727243e-02
2.147331625705964364e-02
2.149758691387774687e-02
2.151072448660058464e-02
2.153218278615297646e-02
2.155184500399952990e-02
2.156410777496583359e-02
2.158605787888611544e-02
2.161420459812469358e-02
2.162997371344769007e-02
2.165215904114424494e-02
2.166973102241554275e-02
2.168847293322106670e-02
2.170210251670868021e-02
2.172904352816336024e-02
2.174974304304723785e-02
2.175374694190856939e-02
2.177437092766612917e-02
2.178825366502733923e-02
2.181557919897543149e-02
2.182588852128244244e-02
2.185227292823202841e-02
2.186360097670702121e-02
2.187743249433197340e-02
2.189786297645896287e-02
2.192023360851289016e-02
2.194757732899667996e-02
2.196277375563683576e-02
2.198023172650754101e-02
2.201310450021475712e-02
2.203181150448476483e-02
2.205830589761462526e-02
2.206315500565067880e-02
2.207117061013841655e-02
2.208853232965764940e-02
2.210203126464681950e-02
2.211773768219689115e-02
2.212889934659428848e-02
2.214571730686667322e-02
2.214843537959277145e-02
2.216350691226095376e-02
2.218792749847465356e-02
2.219717760731626521e-02
2.219942013842903308e-02
2.221728824175530845e-02
2.223334805224168667e-02
2.224381493449143626e-02
2.226558390564707668e-02
2.227936458737645939e-02
2.230680481939403825e-02
2.232565076619312527e-02
2.234445774418382033e-02
2.236484385985172338e-02
2.238690256988698501e-02
2.238994916709062186e-02
2.240675682173944375e-02
2.241707938697758834e-02
2.243599291716246238e-02
2.245344327920244937e-02
2.246136551568693462e-02
2.247974143795527027e-02
2.250828729408676024e-02
2.252424023282094401e-02
2.255150974153240576e-02
2.258195792849002070e-02
2.258607230245043146e-02
2.261160510186258424e-02
2.262573875053080011e-02
2.263960986169860981e-02
2.265873474145373503e-02
2.268441273341699482e-02
2.269929827799571295e-02
2.271315322750894553e-02
2.274545732953397667e-02
2.275858851592757470e-02
2.276870009728363883e-02
2.278613374853599716e-02
2.280201630469961063e-02
2.281536789527725817e-02
2.283714733606545533e-02
2.286431793879355537e-02
2.288410436481861168e-02
2.290341118315021574e-02
2.293454736003365871e-02
2.295384210245015807e-02
2.297096280945091704e-02
2.299800256513665625e-02
2.301636890070778846e-02
2.303276305706064564e-02
2.304909032208212957e-02
2.306722509132416374e-02
2.308775268056336566e-02
2.310251504103938078e-02
2.312196540553673740e-02
2.314748119738633050e-02
2.316763692640260927e-02
2.319307974176234438e-02
2.320892316576930736e-02
2.322642829772786008e-02
2.322993350232550186e-02
2.324868962845239029e-02
2.326654804367633139e-02
2.327790118609361636e-02
2.329310884792313088e-02
2.331654574462602852e-02
2.333852073077513981e-02
2.336009297041709634e-02
2.336508071135120004e-02
2.337630618931431370e-02
2.340673627447626207e-02
2.343459312894630164e-02
2.345623092325151496e-02
2.346204371102326644e-02
2.347111906135012846e-02
2.349107454443294038e-02
2.349903109575925478e-02
2.351245878708937975e-02
2.353746948326636279e-02
2.356037509622958825e-02
2.358173683688206609e-02
2.359352953686254598e-02
2.359433189265158770e-02
2.361207057607225129e-02
2.362434416439261262e-02
2.364283632874323790e-02
2.365951515908456745e-02
2.369066945656594578e-02
2.371420284495652855e-02
2.372788684780148538e-02
2.374937639553317825e-02
2.376457216331512648e-02
2.379292505309085412e-02
2.380356158288710750e-02
2.382196815603136036e-02
2.384086511572732978e-02
2.384546017321930236e-02
2.386480398100324779e-02
2.387844084275062700e-02
2.389801736064575688e-02
2.390734295913755567e-02
2.392994082632900546e-02
2.394453679671443291e-02
2.396068214896966003e-02
2.398777552463318349e-02
2.400789673341051367e-02
2.402744319907458917e-02
2.404465541827925656e-02
2.406077547162937397e-02
2.407950316400491592e-02
2.411036691980300573e-02
2.413614386603708112e-02
2.414853506975987371e-02
2.416189934723247251e-02
2.416631037419115363e-02
2.419166306045650999e-02
2.421280651828165362e-02
2.421735415834307473e-02
2.424374052164536553e-02
2.426371271294679513e-02
2.428182512521728093e-02
2.428786550944544639e-02
2.430516737960413537e-02
2.430918559358397416e-02
2.431964918462197617e-02
2.434674999293395467e-02
2.436507157459777070e-02
2.437142851141828326e-02
2.439448848001642481e-02
2.442803174021666510e-02
2.444556391137469101e-02
2.446589800868199591e-02
2.447005060084017289e-02
2.448508451827202670e-02
2.450398851283832474e-02
2.452116245018081189e-02
2.454932095491807117e-02
2.456124020299330080e-02
2.459311568133170853e-02
2.461839605461798100e-02
2.464236095398774848e-02
2.466376026298695151e-02
2.468662959544289104e-02
2.469122211185252255e-02
2.469536874170834631e-02
2.471893963573792291e-02
2.473954317760484328e-02
2.475622839927421256e-02
2.478177039777867963e-02
2.479992139838991388e-02
2.480796462335548014e-02
2.481542091021321506e-02
2.484088508479237803e-02
2.486855590658976559e-02
2.488677416385562391e-02
2.489296541831022974e-02
2.491071147616482837e-02
2.492544127891862041e-02
2.494011455330011687e-02
2.496202747145928602e-02
2.498680666909868994e-02
2.500420552278486558e-02
2.502443048822248009e-02
2.504541460929319771e-02
2.507089332315858357e-02
2.507724262303052953e-02
2.509396447797803201e-02
2.510919971720794799e-02
2.513128366560389571e-02
2.515225126056210014e-02
2.517247330765760155e-02
2.519554206561229470e-02
2.521546274663498052e-02
2.522330225330494946e-02
2.523490958454320532e-02
2.525687319916300466e-02
2.527230789200854422e-02
2.530367114127315964e-02
2.531456394973830362e-02
2.532263790847014487e-02
2.533332386178881179e-02
2.534830260035791927e-02
2.536755026653848485e-02
2.537570376624401908e-02
2.538881288467692565e-02
2.540493426945938590e-02
2.540716146474617312e-02
2.543742897758170807e-02
2.544800077593683402e-02
2.546621367787087545e-02
2.547867812054556771e-02
2.550538689478867860e-02
2.551028617160539316e-02
2.552647821918653526e-02
2.554332702511613595e-02
2.557513311074524967e-02
2.559381792883936788e-02
2.559770364567589759e-02
2.562652428544884634e-02
2.563355277146029537e-02
2.564531459017582379e-02
2.565293660217929372e-02
2.568357644389062180e-02
2.570422943855083311e-02
2.572990253852006429e-02
2.574382640689892865e-02
2.577423305270531984e-02
2.580573557963235579e-02
2.581801704832815264e-02
2.583186729312027946e-02
2.584894153299635913e-02
2.587456148392123373e-02
2.588874305471955753e-02
2.590967398090093798e-02
2.593031349072541861e-02
2.593718641971348368e-02
2.594985936451851827e-02
2.597960878203689136e-02
2.599826032280994417e-02
2.600915339938686746e-02
2.602632172325870449e-02
2.603828006294854266e-02
2.606380300861817906e-02
2.609424470516408592e-02
2.611223880163983033e-02
2.612958003455271086e-02
2.614353754731407395e-02
2.616011965155612407e-02
2.616486949395751410e-02
2.618235295773572308e-02
2.620409286076462105e-02
2.622099689795011693e-02
2.624612808106505102e-02
2.625544150710856089e-02
2.626815604657989009e-02
2.627148490297520622e-02
2.628985915924303071e-02
2.630806960805370451e-02
2.633253451692180863e-02
2.634910433704595878e-02
2.636895665887630316e-02
2.638762077318308752e-02
2.641711812068865337e-02
2.643605715354667082e-02
2.646054101351350690e-02
2.647610452134890185e-02
2.648946154273617085e-02
2.651020717273615615e-02
2.652211531368990627e-02
2.655137214912509439e-02
2.656740408609791285e-02
2.658930861789954303e-02
2.661036455603482329e-02
2.662668985473291838e-02
2.664758515141605125e-02
2.667296006755835031e-02
2.668054392047955123e-02
2.669105330361933731e-02
2.670880294296424512e-02
2.673280522205831802e-02
2.674343015902600623e-02
2.676422028432556138e-02
2.677012826711967081e-02
2.679292212595505568e-02
2.679982183062413342e-02
2.680612713386499105e-02
2.682011527297523470e-02
2.683650275701326970e-02
2.685595038172168547e-02
2.687738784300962303e-02
2.688755876866465166e-02
2.689860362219352596e-02
2.692062910069620979e-02
2.695339764158125040e-02
2.696328203657163622e-02
2.697850043788687507e-02
2.700335536980741011e-02
2.701376792604528315e-02
2.702397245585540578e-02
2.704730154140780329e-02
2.707626626552574536e-02
2.709350588844677485e-02
2.711825069220437714e-02
2.714290204647708260e-02
2.717292626228373295e-02
2.718703714033913685e-02
2.720493044978712638e-02
2.722479177424168284e-02
2.724874768298168881e-02
2.727441338419468730e-02
2.729696780259522129e-02
2.732564661004186282e-02
2.735500102841713702e-02
2.737590902159951073e-02
2.738578431286626397e-02
2.740610575838946586e-02
2.741273098085895629e-02
2.743460359321814659e-02
2.746952533717299944e-02
2.747373011583106872e-02
2.748537735622801070e-02
2.749695214697873286e-02
2.751378506754380976e-02
2.753324227822042183e-02
2.755327940904376063e-02
2.756618260201515458e-02
2.758404423233500047e-02
2.760093091352268380e-02
2.761627074400012372e-02
2.763075930230455071e-02
2.765401393585133899e-02
2.767730087757830360e-02
2.770444775417471237e-02
2.771755067306501050e-02
2.773532713665815067e-02
2.775814317046237933e-02
2.778034364948868407e-02
2.779701357041002713e-02
2.780817574510269577e-02
2.783077324589571661e-02
2.783816583157817590e-02
2.786377436935425986e-02
2.788103955636295206e-02
2.789945230319046052e-02
2.790812298064497890e-02
2.791273677950864562e-02
2.792512842126607456e-02
2.793025600547960688e-02
2.794522288454708708e-02
2.796576564515573793e-02
2.798619011016445154e-02
2.798968484298663614e-02
2.800234499931924734e-02
2.802726586333940950e-02
2.805309637090471278e-02
2.805426666863092972e-02
2.805980431832915539e-02
2.808733688439986678e-02
2.810173677658571803e-02
2.810454356719250396e-02
2.812029878863523541e-02
2.812680632248638207e-02
2.813958294795200141e-02
2.816606164043486751e-02
2.817656824928379752e-02
2.818634365791482937e-02
2.821300391595657139e-02
2.824035238442989398e-02
2.826939297667247983e-02
2.828141409160869757e-02
2.830157478714330141e-02
2.832524954619154711e-02
2.834231459256961530e-02
2.836008932462507834e-02
2.836526583802318272e-02
2.838326121033251173e-02
2.841231972645663975e-02
2.842437715513180738e-02
2.844230437983204240e-02
2.847189600231759751e-02
2.849187182320520387e-02
2.850696981432483332e-02
2.852711846658181893e-02
2.855445556042189581e-02
2.856333696445573916e-02
2.858577045882215381e-02
2.861403701017808943e-02
2.863632134935902365e-02
2.865356105521069466e-02
2.868150934360765361e-02
2.868894065493135873e-02
2.869405963927056796e-02
2.870597299975823427e-02
2.872840414168808393e-02
2.876059211377568481e-02
2.877746017561464906e-02
2.880291081740007572e-02
2.881639324138688188e-02
2.884060559519696643e-02
2.885903007403321438e-02
2.888308801277979926e-02
2.889866992361903031e-02
2.892148557758256189e-02
2.893269469233594737e-02
2.895712026203283232e-02
2.897254495079901876e-02
2.899754644773577111e-02
2.901152388682499625e-02
2.902517579910485895e-02
2.905512708762864049e-02
2.906029631585518164e-02
2.908045608284589439e-02
2.909577180529575660e-02
2.912306062800843615e-02
2.913981327237527910e-02
2.916366278270958109e-02
2.919683699603345742e-02
2.920591516857889980e-02
2.922501737495157917e-02
2.923789684271642028e-02
2.926581354929667575e-02
2.928506807633194514e-02
2.929580658770190513e-02
2.931542950766763411e-02
2.934083451838899112e-02
2.937296349050905198e-02
2.939124089103140047e-02
2.940065430734118204e-02
2.941599622034169609e-02
2.943526801809398519e-02
2.944523408180205540e-02
2.945048390373046499e-02
2.947629079023710713e-02
2.948750864018514356e-02
2.951659984552119573e-02
2.953772226764404471e-02
2.956552622984983184e-02
2.959471048524796657e-02
2.961627591287989414e-02
2.962951246658651963e-02
2.965503375289367874e-02
2.966475770124269232e-02
2.967452245331950525e-02
2.969792305216110984e-02
2.971737842130186061e-02
2.972949870683147880e-02
2.974813796466687851e-02
2.977514608292087042e-02
2.980011951378402565e-02
2.981710292934813475e-02
2.984598703442806200e-02
2.984995010965226306e-02
2.986987787802530478e-02
2.987533108990894984e-02
2.990251751979498135e-02
2.992408564149927341e-02
2.993942709180336462e-02
2.995884337537119482e-02
2.998996342839753762e-02
3.000977793143520464e-02
3.002002307043049809e-02
3.004582206545515846e-02
3.006305107128766363e-02
3.007982596882589899e-02
3.010513092458095771e-02
3.011502488559749877e-02
3.012419910622578939e-02
3.012917462624313536e-02
3.013118896475622602e-02
3.013991129735779304e-02
3.016981198146918494e-02
3.018306686649593548e-02
3.020360288914670371e-02
3.022444913508746597e-02
3.024970936352080683e-02
3.026331059555847566e-02
3.027262550741869826e-02
3.028165735783554247e-02
3.030928837306105447e-02
3.033725502774578531e-02
3.034392063927588909e-02
3.035407140613880297e-02
3.037279641797927671e-02
3.039146132646251483e-02
3.041095246268197064e-02
3.042705467861145374e-02
3.045017786221912437e-02
3.048100860883089236e-02
3.051111142813738714e-02
3.051917919791022685e-02
3.052900552867512593e-02
3.053458667267364146e-02
3.055540171076720837e-02
3.056843834492316281e-02
3.057107097261696493e-02
3.059255640168009188e-02
3.061927639818740401e-02
3.062827418412198549e-02
3.064467361269129081e-02
3.065879916916556050e-02
3.067982544081240132e-02
3.069996450653955655e-02
3.073255533507907727e-02
3.074989544241673103e-02
3.076135858934661571e-02
3.077178882789792860e-02
3.079355097535997968e-02
3.080847062522136526e-02
3.083231957406684307e-02
3.085519088465470128e-02
3.087649349320185921e-02
3.088636035542135019e-02
3.089434052116957555e-02
3.091773847588243779e-02
3.092487497673328256e-02
3.094122439611047756e-02
3.096149306651059877e-02
3.097148316107811369e-02
3.099156237814653519e-02
3.101028466433048206e-02
3.102650651528878270e-02
3.105064781867297383e-02
3.107832156040797600e-02
3.110206512080771965e-02
3.110791587395942553e-02
3.113822584109963987e-02
3.115399721907846642e-02
3.117700406083278794e-02
3.119834715655387183e-02
3.121190126702913514e-02
3.122859238771331925e-02
3.124216841323139773e-02
3.126217132961760931e-02
3.127758354046950018e-02
3.129674265051115428e-02
3.131569170905303817e-02
3.133983854111468265e-02
3.135373511729763751e-02
3.136346255830404356e-02
3.138980955962783481e-02
3.140754065901968373e-02
3.142638203539820096e-02
3.143963830962396427e-02
3.145028601082012348e-02
3.147673366147524243e-02
3.150523160183044818e-02
3.153256607330735123e-02
3.154882330951557651e-02
3.156056411394451283e-02
3.157984815673282875e-02
3.161003469988395154e-02
3.162663177658113500e-02
3.164311190083948094e-02
3.165419533373148991e-02
3.166948058531487975e-02
3.169718392989132744e-02
3.171987209974127392e-02
3.173273590489519846e-02
3.174628827582574864e-02
3.176264190119649361e-02
3.177531226752524501e-02
3.179034231844254238e-02
3.179677255489885696e-02
3.181663073126721891e-02
3.184144951784403238e-02
3.185238149464433149e-02
3.186925368305104644e-02
3.189272785365039609e-02
3.191649657573666921e-02
3.194284473522534390e-02
3.196536323593002216e-02
3.198761322723005923e-02
3.200466223819317668e-02
3.203020695424352304e-02
3.204897085489922387e-02
3.207794142147799704e-02
3.210040179027314616e-02
3.212169419333516657e-02
3.214335669799911477e-02
3.216248863013491249e-02
3.218650889978386803e-02
3.219822302033787526e-02
3.221653409632251053e-02
3.222447443323552679e-02
3.223880995426450097e-02
3.226011969913966659e-02
3.227465786534251813e-02
3.228747462287380465e-02
3.231189096778554898e-02
3.232171153157910315e-02
3.233195972768748011e-02
3.234828591389210528e-02
3.237759920561657234e-02
3.239447138553523675e-02
3.241979779056324701e-02
3.243272342261657726e-02
3.244852486726344798e-02
3.245359361113530489e-02
3.248047406268285420e-02
3.250768145847788421e-02
3.253651611160551099e-02
3.255888240821429302e-02
3.257126884605807821e-02
3.258804518192393029e-02
3.261488259815355922e-02
3.262986367809326410e-02
3.265805307055916207e-02
3.268044717749323674e-02
3.271088771909602677e-02
3.273688937230597590e-02
3.275790439779457941e-02
3.276529324235609442e-02
3.278036715879431573e-02
3.279510238737429889e-02
3.280010751379937306e-02
3.282245174069595151e-02
3.284990334512986887e-02
3.286965097695546123e-02
3.288806488409708878e-02
3.290801407162335934e-02
3.292376881032258590e-02
3.294374571133545926e-02
3.295977765634093559e-02
3.297603355247055723e-02
3.299541030425629656e-02
3.301652480417279628e-02
3.302680439922463240e-02
3.304367135033967756e-02
3.306104032214501193e-02
3.309123267948423097e-02
3.311684504959282183e-02
3.313854235111515084e-02
3.315427158741000857e-02
3.318618319954986379e-02
3.320748162901297762e-02
3.323781416429701097e-02
3.324303033070407504e-02
3.326185368147887428e-02
3.327754352545312516e-02
3.329689994400476805e-02
3.330452758558802295e-02
3.331951883142392906e-02
3.334178219046256275e-02
3.335171693425829226e-02
3.337092350677990649e-02
3.339353859900996702e-02
3.341813382939916310e-02
3.344792580717237396e-02
3.347139398169624025e-02
3.348885031066790169e-02
3.351719194632207105e-02
3.352674590479706729e-02
3.354664186902310552e-02
3.354807046635528006e-02
3.355076528469143338e-02
3.356691893734799204e-02
3.359155364730082027e-02
3.361672700826707355e-02
3.362982421931048210e-02
3.365458599179525778e-02
3.367529553850369395e-02
3.368582924350030372e-02
3.369463136605482106e-02
3.370881506645041770e-02
3.372243523155354222e-02
3.374749489511262579e-02
3.376125823416330912e-02
3.377030809623869645e-02
3.377528765412551176e-02
3.378252443942873079e-02
3.380781351267717061e-02
3.382389301176823293e-02
3.383846474259773196e-02
3.385539096243046775e-02
3.386709564839427561e-02
3.388044483152236747e-02
3.388471547579217924e-02
3.390174632901529761e-02
3.392775956938242493e-02
3.395747799257482075e-02
3.396981139573915232e-02
3.399155166679102003e-02
3.401087069687774855e-02
3.402028931591945943e-02
3.404887874232623290e-02
3.407389167412320369e-02
3.410376032838690480e-02
3.411499853291839746e-02
3.413878042849509409e-02
3.416136776000304465e-02
3.418022687637446017e-02
3.419447945199277639e-02
3.422290773009416254e-02
3.425126412467384418e-02
3.427054148980341469e-02
3.429448531370771214e-02
3.431858513655608456e-02
3.434283556356729911e-02
3.435502169017944085e-02
3.435888624462922480e-02
3.438990083691764038e-02
3.440665481934538500e-02
3.442867808396293805e-02
3.444138251696377689e-02
3.446576738240463705e-02
3.448139019612832257e-02
3.450455238365261745e-02
3.452437233406913802e-02
3.453931942698731938e-02
3.454136958497675686e-02
3.455474188429085575e-02
3.456766873534961731e-02
3.458386974862839164e-02
3.461131850444686131e-02
3.462210627339278729e-02
3.463254841589288868e-02
3.464264550345391713e-02
3.465133622100095151e-02
3.468149094434628404e-02
3.468939899189691506e-02
3.471358503464098966e-02
3.473836215189009258e-02
3.476598795412946807e-02
3.478523717071971971e-02
3.479476205637542507e-02
3.481467467216116385e-02
3.484151461882190048e-02
3.484994286758410359e-02
3.485275419527074370e-02
3.488489871167329420e-02
3.490171843729057005e-02
3.492093888372788113e-02
3.494033286148222339e-02
3.495041267515993505e-02
3.496854899692435070e-02
3.499094087823550331e-02
3.500205385354931975e-02
3.502748221984374605e-02
3.505731821468376086e-02
3.507393810208426360e-02
3.510031916636674465e-02
3.511236357810227499e-02
3.512871719981566082e-02
3.514458733924791245e-02
3.515635219906183828e-02
3.517551895807980583e-02
3.518565752168308081e-02
3.518921013705225698e-02
3.519303431332120730e-02
3.521338928387778011e-02
3.521808657011422927e-02
3.524176428827573843e-02
3.525835593084832714e-02
3.528020875170990306e-02
3.530271089654581085e-02
3.533544412290950260e-02
3.535772326691066086e-02
3.537002324702694100e-02
3.538041813057269530e-02
3.539532835370520769e-02
3.540963527894123997e-02
3.542946989183962808e-02
3.545937260665599916e-02
3.547020590434590143e-02
3.548450261367875475e-02
3.551681970507909736e-02
3.553252262531341604e-02
3.554203732351660094e-02
3.555226015300548548e-02
3.558269576386710598e-02
3.561013442081448210e-02
3.562905423894376089e-02
3.564473370477398012e-02
3.566612285087842477e-02
3.567630127009482899e-02
3.570642991378914638e-02
9.747853641918803602e-04
