1.000000000000000000e+00
9.867890903455757146e-01
9.623430962343095807e-01
9.598248876491554116e-01
9.542073454207344874e-01
9.423136525646985673e-01
9.362699519603285836e-01
8.833100883310088802e-01
8.609948860994885989e-01
8.560359522702618573e-01
8.495660932899427031e-01
8.487137765380443621e-01
8.346892918022624785e-01
8.323260498992716139e-01
8.293041995970866775e-01
8.043158220982489226e-01
8.010615217728188631e-01
7.974972880830621946e-01
7.858360452502711757e-01
7.854873702154037129e-01
7.845575701224236642e-01
7.838602200526886277e-01
7.809545947621261419e-01
7.798698279869827887e-01
7.774678444134510702e-01
7.754920192158686332e-01
7.730512939717960608e-01
7.684022935068960392e-01
7.647218348055168091e-01
7.633658763365875899e-01
7.596466759646676170e-01
7.551913838524717537e-01
7.531768169843483518e-01
7.527119169378583274e-01
7.233844723384472708e-01
6.929335192933518961e-01
6.607779327444599504e-01
6.349759801642647083e-01
5.987137765380443621e-01
5.731442739810940212e-01
5.390516039051603814e-01
5.201069270106927211e-01
5.068572756857275818e-01
4.924453742445374371e-01
4.886874322020765549e-01
4.881837904850457321e-01
4.834573066790640028e-01
4.823337982333797958e-01
4.791957229195722978e-01
4.785371145203781151e-01
4.576553540988687607e-01
4.572291957229195902e-01
4.554083372075004021e-01
4.508368200836820328e-01
4.487835115450178325e-01
4.483960948396094603e-01
4.475825197582519732e-01
4.467689446768944861e-01
4.466914613358127784e-01
4.416550441655044401e-01
4.409189524252285497e-01
4.406477607314427392e-01
4.403765690376569286e-01
4.393692856035952277e-01
4.378583604525027040e-01
4.234464590113125593e-01
4.045017821168448990e-01
3.936928560359522766e-01
3.787773128777313092e-01
3.693243452657678505e-01
3.583991941732527775e-01
3.363551836355183622e-01
3.342243917557725097e-01
3.339919417325274975e-01
3.336820083682008331e-01
3.326747249341391877e-01
3.322873082287308155e-01
3.321323415465675111e-01
3.317836665116999928e-01
3.315124748179141267e-01
3.309700914303424502e-01
3.304277080427708291e-01
3.299240663257399508e-01
3.298465829846582986e-01
3.295753912908724881e-01
3.294591662792499820e-01
3.293429412676274759e-01
3.291104912443824637e-01
3.288392995505965977e-01
3.275995660932899400e-01
3.146598481326514651e-01
3.080737641407097493e-01
2.982721214938788279e-01
2.933519293351929402e-01
2.869982953664961811e-01
2.834728033472803110e-01
2.773128777312877657e-01
2.757244692391135898e-01
2.733999690066635790e-01
2.686347435301409958e-01
2.661165349449868267e-01
2.619711761971176278e-01
2.569347590268092341e-01
2.557337672400433748e-01
2.520533085386642003e-01
2.490314582364791529e-01
2.452735161940182984e-01
2.420192158685882666e-01
2.385712071904540488e-01
2.364016736401673702e-01
2.337284983728498411e-01
2.315589648225631625e-01
2.302030063536339710e-01
2.282659228265922768e-01
2.262513559584689304e-01
2.229970556330388987e-01
2.212149387881605367e-01
2.196265302959863608e-01
2.174182550751588283e-01
2.153649465364946558e-01
2.149387881605454853e-01
2.149000464900046592e-01
2.142801797613513026e-01
2.133116379978304555e-01
2.126142879280954467e-01
2.124205795753912884e-01
2.122656128932279562e-01
2.121106462110646240e-01
2.118394545172787857e-01
2.098248876491554393e-01
2.089338292267162445e-01
2.073454207345420686e-01
2.069192623585928981e-01
2.066480706648070598e-01
2.036262203626220402e-01
2.032775453277545219e-01
2.026576785991011931e-01
2.026189369285603670e-01
2.002169533550286762e-01
1.990547032388036708e-01
1.980861614752828237e-01
1.966527196652719800e-01
1.958391445839144651e-01
1.956841779017511329e-01
1.956454362312102790e-01
1.945606694560669536e-01
1.942507360917402892e-01
1.941345110801177831e-01
1.940957694095769293e-01
1.940182860684952770e-01
1.937858360452502648e-01
1.919262358592902507e-01
1.918874941887494245e-01
1.917712691771269184e-01
1.917325275065860923e-01
1.916937858360452385e-01
1.915388191538819063e-01
1.899504106617077304e-01
1.896792189679218921e-01
1.896017356268402398e-01
1.886719355338602189e-01
1.882845188284518745e-01
1.882070354873702223e-01
1.880520688052068901e-01
1.866186269951960464e-01
1.856888269022160254e-01
1.856500852316751993e-01
1.855338602200526932e-01
1.851464435146443488e-01
1.849139934913993366e-01
1.834418100108476668e-01
1.828994266232759902e-01
1.827444599411126580e-01
1.824345265767859936e-01
1.820858515419184753e-01
1.818921431892143170e-01
1.813497598016426404e-01
1.799550596621726228e-01
1.798775763210909706e-01
1.777855261118859442e-01
1.769332093599876032e-01
1.767395010072834449e-01
1.745699674569967386e-01
1.736014256934758915e-01
1.721679838834650478e-01
1.720905005423833956e-01
1.710057337672400424e-01
1.693011002634433604e-01
1.679838834650550228e-01
1.675577250891058523e-01
1.663954749728808191e-01
1.652719665271966398e-01
1.642259414225941405e-01
1.632186579885324673e-01
1.627537579420424707e-01
1.614752828141949592e-01
1.612815744614907731e-01
1.602742910274290999e-01
1.575236324190299186e-01
1.557802572446923828e-01
1.543468154346815391e-01
1.542693320935998869e-01
1.536882070354873564e-01
1.526809236014256832e-01
1.521385402138540344e-01
1.512087401208740134e-01
1.495428482876181575e-01
1.483031148303114721e-01
1.481094064776073138e-01
1.476057647605764633e-01
1.460173562684022874e-01
1.457461645746164491e-01
1.452037811870447725e-01
1.442739810940647793e-01
1.433829226716256122e-01
1.423368975670230852e-01
1.420269642026964207e-01
1.413683558035022381e-01
1.409809390980939214e-01
1.405160390516038971e-01
1.401673640167364066e-01
1.400898806756547266e-01
1.400511390051139005e-01
1.396637222997055561e-01
1.390825972415930534e-01
1.388114055478072151e-01
1.385789555245622307e-01
1.385014721834805507e-01
1.383465055013172185e-01
1.381140554780722063e-01
1.372617387261738653e-01
1.371455137145513592e-01
1.362931969626530182e-01
1.355183635518363572e-01
1.354796218812955311e-01
1.347822718115605223e-01
1.342786300945296718e-01
1.340461800712846874e-01
1.333488300015496786e-01
1.324577715791104837e-01
1.319153881915388071e-01
1.309855880985588139e-01
1.298233379823338085e-01
1.287385712071904553e-01
1.283898961723229371e-01
1.277312877731287821e-01
1.276925461025879560e-01
1.268402293506896150e-01
1.267627460096079350e-01
1.265302959863629229e-01
1.261041376104137524e-01
1.253680458701379175e-01
1.252905625290562652e-01
1.252130791879745852e-01
1.251743375174337591e-01
1.251355958468929053e-01
1.249806291647295869e-01
1.244769874476987503e-01
1.243995041066170842e-01
1.230822873082287328e-01
1.223849372384937240e-01
1.219200371920037135e-01
1.210677204401053725e-01
1.208740120874012142e-01
1.208352704168603742e-01
1.207965287463195481e-01
1.203316286998295376e-01
1.195567952890128627e-01
1.172710367271036780e-01
1.171935533860220119e-01
1.168061366806136675e-01
1.167673950100728275e-01
1.164962033162870031e-01
1.161475282814194987e-01
1.149465364946536533e-01
1.148690531535719872e-01
1.140554780722144723e-01
1.136293196962653018e-01
1.133968696730203035e-01
1.128544862854486269e-01
1.126220362622036286e-01
1.118084611808461137e-01
1.110723694405702788e-01
1.104912443824577761e-01
1.097164109716411012e-01
1.082442274910894175e-01
1.070819773748643983e-01
1.064621106462110695e-01
1.058422439175577268e-01
1.055710522237718885e-01
1.054160855416085563e-01
1.050286688362002119e-01
1.044862854486285492e-01
1.039826437315977126e-01
1.039439020610568726e-01
1.039051603905160326e-01
1.035177436851077021e-01
1.026654269332093611e-01
1.023554935688826967e-01
1.013869518053618496e-01
1.007283434061676808e-01
1.002634433596776703e-01
1.000309933364326720e-01
9.995350999535100589e-02
9.979854331318765981e-02
9.968231830156516760e-02
9.960483496048350149e-02
9.933364326669766320e-02
9.902370990237098491e-02
9.848132651479932220e-02
9.821013482101348391e-02
9.813265147993181781e-02
9.782271811560513952e-02
9.762900976290098121e-02
9.693165969316597241e-02
9.635053463505346971e-02
9.588563458856345922e-02
9.530450953045095652e-02
9.480086781342011992e-02
9.449093444909344164e-02
9.394855106152177893e-02
9.344490934449092845e-02
9.321245932124593014e-02
9.313497598016426404e-02
9.239888423988842914e-02
8.980319231365256616e-02
8.968696730203006007e-02
8.833100883310088247e-02
8.755617542228420758e-02
8.713001704633503708e-02
8.705253370525337098e-02
8.678134201146753268e-02
8.654889198822253438e-02
8.627770029443669608e-02
8.608399194173252389e-02
8.604525027119169778e-02
8.561909189524252728e-02
8.499922516658918459e-02
8.406942507360917749e-02
8.399194173252751139e-02
8.306214163954749041e-02
8.236479156981249550e-02
8.135750813575080842e-02
8.116379978304665010e-02
8.089260808926081181e-02
8.027274136060746912e-02
8.015651634898496303e-02
7.992406632573996472e-02
7.914923291492328983e-02
7.814194948086161663e-02
7.790949945761661832e-02
7.756082442274911393e-02
7.756082442274911393e-02
7.756082442274911393e-02
7.713466604679994343e-02
7.678599101193243903e-02
7.632109096544242854e-02
7.612738261273825635e-02
7.531380753138075534e-02
7.488764915543158485e-02
7.450023245002324046e-02
7.376414070974740556e-02
7.357043235704323336e-02
7.322175732217572897e-02
7.318301565163490285e-02
7.306679064001239676e-02
7.271811560514489237e-02
7.260189059352238627e-02
7.151712381837904697e-02
7.143964047729738087e-02
7.136215713621571477e-02
7.109096544242987648e-02
7.097474043080737038e-02
7.093599876026654427e-02
7.050984038431737377e-02
7.023864869053153548e-02
6.961878196187819279e-02
6.907639857430653008e-02
6.837904850457152128e-02
6.671315667131566540e-02
6.632573996590733489e-02
6.539593987292731392e-02
6.489229815589647732e-02
6.450488145048814681e-02
6.326514799318146143e-02
6.287773128777313092e-02
6.276150627615062483e-02
6.237408957074228738e-02
6.136680613668061418e-02
6.094064776073144368e-02
6.074693940802727149e-02
6.024329769099643489e-02
5.981713931504726439e-02
5.745389741205640666e-02
5.706648070664806921e-02
5.629164729583139432e-02
5.582674724934139077e-02
5.392840539284053658e-02
5.365721369905470522e-02
5.319231365256470168e-02
5.307608864094219558e-02
5.303734697040136253e-02
5.264993026499302509e-02
5.206880520688052238e-02
5.079033007903301089e-02
4.966682163334883160e-02
4.815589648225631486e-02
4.614132961413296152e-02
4.614132961413296152e-02
4.614132961413296152e-02
4.614132961413296152e-02
4.614132961413296152e-02
4.583139624980629018e-02
4.404927940492794208e-02
4.335192933519293329e-02
4.335192933519293329e-02
4.319696265302960109e-02
4.203471253680458875e-02
4.168603750193708435e-02
4.064001239733457116e-02
4.021385402138540066e-02
3.823802882380288037e-02
3.800557880055788207e-02
3.788935378893537598e-02
3.761816209514954462e-02
3.734697040136370633e-02
3.633968696730203313e-02
3.610723694405702788e-02
3.599101193243452873e-02
3.014101968076863397e-02
2.909499457616612425e-02
2.894002789400278858e-02
1.235859290252595659e-02
8.329459166279249913e-03
8.329459166279249913e-03
8.329459166279249913e-03
8.329459166279249913e-03
8.329459166279249913e-03
8.329459166279249913e-03
8.329459166279249913e-03
8.329459166279249913e-03
8.329459166279249913e-03
7.942042460870912465e-03
7.942042460870912465e-03
7.942042460870912465e-03
7.942042460870912465e-03
7.942042460870912465e-03
7.942042460870912465e-03
7.322175732217573244e-03
7.050984038431737551e-03
7.050984038431737551e-03
7.050984038431737551e-03
7.050984038431737551e-03
5.617542228420889516e-03
5.617542228420889516e-03
2.440725244072524270e-03
2.440725244072524270e-03
2.440725244072524270e-03
2.440725244072524270e-03
2.440725244072524270e-03
2.440725244072524270e-03
2.440725244072524270e-03
2.440725244072524270e-03
2.440725244072524270e-03
2.440725244072524270e-03
2.440725244072524270e-03
1.007283434061676669e-03
1.007283434061676669e-03
1.007283434061676669e-03
1.007283434061676669e-03
1.007283434061676669e-03
1.007283434061676669e-03
1.007283434061676669e-03
1.007283434061676669e-03
1.007283434061676669e-03
8.910584224391755650e-04
8.910584224391755650e-04
8.910584224391755650e-04
8.910584224391755650e-04
8.910584224391755650e-04
8.910584224391755650e-04
8.910584224391755650e-04
8.910584224391755650e-04
8.910584224391755650e-04
8.910584224391755650e-04
8.910584224391755650e-04
8.910584224391755650e-04
8.910584224391755650e-04
8.910584224391755650e-04
8.910584224391755650e-04
8.910584224391755650e-04
8.910584224391755650e-04
8.910584224391755650e-04
8.910584224391755650e-04
8.910584224391755650e-04
8.910584224391755650e-04
8.910584224391755650e-04
8.910584224391755650e-04
8.523167518983418636e-04
8.523167518983418636e-04
8.523167518983418636e-04
8.523167518983418636e-04
8.523167518983418636e-04
8.523167518983418636e-04
8.523167518983418636e-04
8.523167518983418636e-04
8.523167518983418636e-04
8.523167518983418636e-04
8.523167518983418636e-04
8.523167518983418636e-04
8.523167518983418636e-04
8.523167518983418636e-04
8.523167518983418636e-04
8.523167518983418636e-04
8.523167518983418636e-04
8.523167518983418636e-04
5.423833875716721443e-04
5.423833875716721443e-04
5.423833875716721443e-04
5.423833875716721443e-04
5.423833875716721443e-04
5.423833875716721443e-04
5.423833875716721443e-04
5.423833875716721443e-04
5.423833875716721443e-04
5.423833875716721443e-04
5.423833875716721443e-04
5.423833875716721443e-04
5.423833875716721443e-04
5.423833875716721443e-04
5.423833875716721443e-04
5.423833875716721443e-04
5.423833875716721443e-04
5.423833875716721443e-04
5.423833875716721443e-04
5.423833875716721443e-04
5.423833875716721443e-04
5.423833875716721443e-04
5.423833875716721443e-04
5.423833875716721443e-04
4.649000464900046332e-04
4.261583759491709318e-04
4.261583759491709318e-04
4.261583759491709318e-04
4.261583759491709318e-04
4.261583759491709318e-04
4.261583759491709318e-04
4.261583759491709318e-04
4.261583759491709318e-04
4.261583759491709318e-04
4.261583759491709318e-04
4.261583759491709318e-04
4.261583759491709318e-04
4.261583759491709318e-04
4.261583759491709318e-04
4.261583759491709318e-04
3.874167054083372305e-04
3.874167054083372305e-04
3.874167054083372305e-04
3.874167054083372305e-04
3.874167054083372305e-04
3.874167054083372305e-04
3.874167054083372305e-04
3.874167054083372305e-04
3.874167054083372305e-04
3.874167054083372305e-04
3.874167054083372305e-04
3.874167054083372305e-04
3.874167054083372305e-04
3.874167054083372305e-04
3.874167054083372305e-04
3.874167054083372305e-04
3.874167054083372305e-04
3.874167054083372305e-04
3.874167054083372305e-04
3.874167054083372305e-04
3.874167054083372305e-04
3.874167054083372305e-04
3.874167054083372305e-04
3.874167054083372305e-04
3.874167054083372305e-04
3.874167054083372305e-04
3.874167054083372305e-04
3.874167054083372305e-04
3.874167054083372305e-04
3.874167054083372305e-04
3.874167054083372305e-04
3.874167054083372305e-04
3.874167054083372305e-04
3.874167054083372305e-04
3.874167054083372305e-04
3.874167054083372305e-04
3.874167054083372305e-04
3.874167054083372305e-04
3.874167054083372305e-04
3.874167054083372305e-04
3.874167054083372305e-04
3.874167054083372305e-04
3.874167054083372305e-04
3.874167054083372305e-04
3.874167054083372305e-04
3.874167054083372305e-04
3.874167054083372305e-04
3.874167054083372305e-04
3.874167054083372305e-04
3.874167054083372305e-04
3.874167054083372305e-04
3.874167054083372305e-04
3.874167054083372305e-04
3.874167054083372305e-04
3.874167054083372305e-04
3.874167054083372305e-04
3.874167054083372305e-04
3.874167054083372305e-04
3.874167054083372305e-04
3.874167054083372305e-04
3.874167054083372305e-04
3.874167054083372305e-04
3.874167054083372305e-04
3.874167054083372305e-04
3.874167054083372305e-04
3.874167054083372305e-04
3.874167054083372305e-04
3.874167054083372305e-04
3.874167054083372305e-04
3.874167054083372305e-04
3.874167054083372305e-04
3.874167054083372305e-04
3.874167054083372305e-04
3.874167054083372305e-04
3.874167054083372305e-04
3.874167054083372305e-04
3.874167054083372305e-04
3.874167054083372305e-04
3.874167054083372305e-04
3.874167054083372305e-04
3.874167054083372305e-04
3.874167054083372305e-04
3.874167054083372305e-04
3.874167054083372305e-04
3.874167054083372305e-04
3.486750348675034749e-04
3.486750348675034749e-04
2.324500232450023166e-04
2.324500232450023166e-04
1.937083527041686152e-04
1.937083527041686152e-04
1.937083527041686152e-04
1.937083527041686152e-04
1.937083527041686152e-04
1.937083527041686152e-04
1.937083527041686152e-04
1.937083527041686152e-04
1.937083527041686152e-04
1.937083527041686152e-04
1.937083527041686152e-04
1.937083527041686152e-04
1.937083527041686152e-04
1.937083527041686152e-04
1.937083527041686152e-04
1.937083527041686152e-04
1.937083527041686152e-04
1.937083527041686152e-04
1.937083527041686152e-04
1.937083527041686152e-04
1.937083527041686152e-04
1.937083527041686152e-04
1.937083527041686152e-04
1.937083527041686152e-04
1.937083527041686152e-04
1.937083527041686152e-04
1.937083527041686152e-04
1.937083527041686152e-04
1.937083527041686152e-04
1.937083527041686152e-04
1.937083527041686152e-04
1.937083527041686152e-04
1.937083527041686152e-04
1.937083527041686152e-04
1.937083527041686152e-04
1.937083527041686152e-04
1.937083527041686152e-04
1.937083527041686152e-04
1.937083527041686152e-04
1.937083527041686152e-04
1.937083527041686152e-04
1.937083527041686152e-04
1.937083527041686152e-04
1.937083527041686152e-04
1.937083527041686152e-04
1.937083527041686152e-04
1.937083527041686152e-04
1.937083527041686152e-04
1.937083527041686152e-04
1.937083527041686152e-04
1.937083527041686152e-04
1.937083527041686152e-04
1.937083527041686152e-04
1.937083527041686152e-04
1.937083527041686152e-04
1.937083527041686152e-04
1.937083527041686152e-04
1.937083527041686152e-04
1.937083527041686152e-04
1.937083527041686152e-04
1.937083527041686152e-04
1.937083527041686152e-04
1.937083527041686152e-04
1.937083527041686152e-04
1.937083527041686152e-04
1.937083527041686152e-04
1.937083527041686152e-04
1.937083527041686152e-04
1.937083527041686152e-04
1.937083527041686152e-04
1.937083527041686152e-04
1.937083527041686152e-04
1.937083527041686152e-04
1.937083527041686152e-04
1.937083527041686152e-04
1.937083527041686152e-04
1.937083527041686152e-04
1.937083527041686152e-04
1.937083527041686152e-04
1.937083527041686152e-04
1.937083527041686152e-04
1.937083527041686152e-04
1.937083527041686152e-04
1.937083527041686152e-04
1.937083527041686152e-04
1.937083527041686152e-04
1.937083527041686152e-04
1.937083527041686152e-04
1.937083527041686152e-04
1.937083527041686152e-04
1.937083527041686152e-04
1.937083527041686152e-04
1.937083527041686152e-04
1.937083527041686152e-04
1.937083527041686152e-04
1.937083527041686152e-04
1.937083527041686152e-04
1.937083527041686152e-04
1.937083527041686152e-04
1.937083527041686152e-04
1.937083527041686152e-04
1.937083527041686152e-04
1.937083527041686152e-04
1.937083527041686152e-04
1.937083527041686152e-04
1.937083527041686152e-04
1.937083527041686152e-04
1.937083527041686152e-04
1.937083527041686152e-04
1.937083527041686152e-04
1.937083527041686152e-04
1.937083527041686152e-04
1.937083527041686152e-04
1.937083527041686152e-04
1.937083527041686152e-04
1.937083527041686152e-04
1.937083527041686152e-04
1.937083527041686152e-04
1.937083527041686152e-04
1.937083527041686152e-04
1.937083527041686152e-04
1.937083527041686152e-04
1.937083527041686152e-04
1.937083527041686152e-04
1.937083527041686152e-04
1.937083527041686152e-04
1.937083527041686152e-04
1.937083527041686152e-04
1.937083527041686152e-04
1.937083527041686152e-04
1.937083527041686152e-04
1.937083527041686152e-04
1.937083527041686152e-04
1.937083527041686152e-04
1.937083527041686152e-04
1.937083527041686152e-04
1.937083527041686152e-04
1.937083527041686152e-04
1.937083527041686152e-04
1.937083527041686152e-04
1.937083527041686152e-04
1.937083527041686152e-04
1.937083527041686152e-04
1.937083527041686152e-04
1.937083527041686152e-04
1.937083527041686152e-04
1.937083527041686152e-04
1.937083527041686152e-04
1.937083527041686152e-04
1.937083527041686152e-04
1.937083527041686152e-04
1.937083527041686152e-04
1.937083527041686152e-04
1.937083527041686152e-04
1.937083527041686152e-04
1.937083527041686152e-04
1.937083527041686152e-04
1.937083527041686152e-04
1.937083527041686152e-04
1.937083527041686152e-04
1.937083527041686152e-04
1.937083527041686152e-04
1.937083527041686152e-04
1.937083527041686152e-04
1.937083527041686152e-04
1.937083527041686152e-04
1.937083527041686152e-04
1.937083527041686152e-04
1.937083527041686152e-04
1.937083527041686152e-04
1.937083527041686152e-04
1.937083527041686152e-04
1.937083527041686152e-04
1.937083527041686152e-04
1.937083527041686152e-04
1.937083527041686152e-04
1.937083527041686152e-04
1.937083527041686152e-04
1.937083527041686152e-04
1.937083527041686152e-04
1.937083527041686152e-04
1.937083527041686152e-04
1.937083527041686152e-04
1.937083527041686152e-04
1.937083527041686152e-04
1.937083527041686152e-04
1.937083527041686152e-04
1.937083527041686152e-04
1.937083527041686152e-04
1.937083527041686152e-04
1.937083527041686152e-04
1.937083527041686152e-04
1.937083527041686152e-04
1.937083527041686152e-04
1.937083527041686152e-04
1.937083527041686152e-04
1.937083527041686152e-04
1.937083527041686152e-04
1.937083527041686152e-04
1.937083527041686152e-04
1.937083527041686152e-04
1.937083527041686152e-04
1.937083527041686152e-04
1.937083527041686152e-04
1.937083527041686152e-04
1.937083527041686152e-04
1.162250116225011583e-04
1.162250116225011583e-04
1.162250116225011583e-04
1.162250116225011583e-04
1.162250116225011583e-04
7.748334108166744338e-05
7.748334108166744338e-05
7.748334108166744338e-05
7.748334108166744338e-05
7.748334108166744338e-05
7.748334108166744338e-05
7.748334108166744338e-05
7.748334108166744338e-05
7.748334108166744338e-05
7.748334108166744338e-05
7.748334108166744338e-05
7.748334108166744338e-05
7.748334108166744338e-05
7.748334108166744338e-05
7.748334108166744338e-05
7.748334108166744338e-05
7.748334108166744338e-05
7.748334108166744338e-05
7.748334108166744338e-05
7.748334108166744338e-05
7.748334108166744338e-05
7.748334108166744338e-05
7.748334108166744338e-05
7.748334108166744338e-05
7.748334108166744338e-05
7.748334108166744338e-05
7.748334108166744338e-05
7.748334108166744338e-05
7.748334108166744338e-05
7.748334108166744338e-05
7.748334108166744338e-05
7.748334108166744338e-05
7.748334108166744338e-05
7.748334108166744338e-05
7.748334108166744338e-05
7.748334108166744338e-05
7.748334108166744338e-05
7.748334108166744338e-05
7.748334108166744338e-05
7.748334108166744338e-05
7.748334108166744338e-05
7.748334108166744338e-05
7.748334108166744338e-05
7.748334108166744338e-05
7.748334108166744338e-05
7.748334108166744338e-05
7.748334108166744338e-05
7.748334108166744338e-05
7.748334108166744338e-05
7.748334108166744338e-05
7.748334108166744338e-05
7.748334108166744338e-05
7.748334108166744338e-05
7.748334108166744338e-05
7.748334108166744338e-05
7.748334108166744338e-05
7.748334108166744338e-05
7.748334108166744338e-05
7.748334108166744338e-05
7.748334108166744338e-05
7.748334108166744338e-05
7.748334108166744338e-05
7.748334108166744338e-05
7.748334108166744338e-05
7.748334108166744338e-05
7.748334108166744338e-05
7.748334108166744338e-05
7.748334108166744338e-05
7.748334108166744338e-05
7.748334108166744338e-05
7.748334108166744338e-05
7.748334108166744338e-05
7.748334108166744338e-05
7.748334108166744338e-05
7.748334108166744338e-05
7.748334108166744338e-05
7.748334108166744338e-05
7.748334108166744338e-05
7.748334108166744338e-05
7.748334108166744338e-05
7.748334108166744338e-05
7.748334108166744338e-05
7.748334108166744338e-05
7.748334108166744338e-05
7.748334108166744338e-05
7.748334108166744338e-05
7.748334108166744338e-05
7.748334108166744338e-05
7.748334108166744338e-05
7.748334108166744338e-05
7.748334108166744338e-05
7.748334108166744338e-05
7.748334108166744338e-05
7.748334108166744338e-05
7.748334108166744338e-05
7.748334108166744338e-05
7.748334108166744338e-05
7.748334108166744338e-05
7.748334108166744338e-05
7.748334108166744338e-05
7.748334108166744338e-05
7.748334108166744338e-05
7.748334108166744338e-05
7.748334108166744338e-05
7.748334108166744338e-05
7.748334108166744338e-05
7.748334108166744338e-05
7.748334108166744338e-05
7.748334108166744338e-05
7.748334108166744338e-05
7.748334108166744338e-05
7.748334108166744338e-05
7.748334108166744338e-05
7.748334108166744338e-05
7.748334108166744338e-05
7.748334108166744338e-05
7.748334108166744338e-05
7.748334108166744338e-05
7.748334108166744338e-05
7.748334108166744338e-05
7.748334108166744338e-05
7.748334108166744338e-05
7.748334108166744338e-05
7.748334108166744338e-05
7.748334108166744338e-05
7.748334108166744338e-05
7.748334108166744338e-05
7.748334108166744338e-05
7.748334108166744338e-05
7.748334108166744338e-05
7.748334108166744338e-05
7.748334108166744338e-05
7.748334108166744338e-05
7.748334108166744338e-05
7.748334108166744338e-05
7.748334108166744338e-05
7.748334108166744338e-05
7.748334108166744338e-05
7.748334108166744338e-05
7.748334108166744338e-05
7.748334108166744338e-05
7.748334108166744338e-05
7.748334108166744338e-05
7.748334108166744338e-05
7.748334108166744338e-05
7.748334108166744338e-05
7.748334108166744338e-05
7.748334108166744338e-05
7.748334108166744338e-05
7.748334108166744338e-05
7.748334108166744338e-05
7.748334108166744338e-05
7.748334108166744338e-05
7.748334108166744338e-05
7.748334108166744338e-05
7.748334108166744338e-05
7.748334108166744338e-05
7.748334108166744338e-05
7.748334108166744338e-05
7.748334108166744338e-05
7.748334108166744338e-05
7.748334108166744338e-05
7.748334108166744338e-05
7.748334108166744338e-05
7.748334108166744338e-05
7.748334108166744338e-05
7.748334108166744338e-05
7.748334108166744338e-05
7.748334108166744338e-05
7.748334108166744338e-05
7.748334108166744338e-05
7.748334108166744338e-05
7.748334108166744338e-05
7.748334108166744338e-05
7.748334108166744338e-05
7.748334108166744338e-05
7.748334108166744338e-05
7.748334108166744338e-05
7.748334108166744338e-05
7.748334108166744338e-05
7.748334108166744338e-05
7.748334108166744338e-05
7.748334108166744338e-05
7.748334108166744338e-05
7.748334108166744338e-05
7.748334108166744338e-05
7.748334108166744338e-05
7.748334108166744338e-05
7.748334108166744338e-05
7.748334108166744338e-05
7.748334108166744338e-05
7.748334108166744338e-05
7.748334108166744338e-05
7.748334108166744338e-05
7.748334108166744338e-05
7.748334108166744338e-05
7.748334108166744338e-05
7.748334108166744338e-05
7.748334108166744338e-05
7.748334108166744338e-05
7.748334108166744338e-05
7.748334108166744338e-05
7.748334108166744338e-05
7.748334108166744338e-05
7.748334108166744338e-05
7.748334108166744338e-05
7.748334108166744338e-05
7.748334108166744338e-05
7.748334108166744338e-05
7.748334108166744338e-05
7.748334108166744338e-05
7.748334108166744338e-05
7.748334108166744338e-05
7.748334108166744338e-05
7.748334108166744338e-05
7.748334108166744338e-05
7.748334108166744338e-05
7.748334108166744338e-05
7.748334108166744338e-05
7.748334108166744338e-05
7.748334108166744338e-05
7.748334108166744338e-05
7.748334108166744338e-05
7.748334108166744338e-05
7.748334108166744338e-05
7.748334108166744338e-05
7.748334108166744338e-05
7.748334108166744338e-05
7.748334108166744338e-05
7.748334108166744338e-05
7.748334108166744338e-05
7.748334108166744338e-05
7.748334108166744338e-05
7.748334108166744338e-05
7.748334108166744338e-05
7.748334108166744338e-05
7.748334108166744338e-05
7.748334108166744338e-05
7.748334108166744338e-05
7.748334108166744338e-05
7.748334108166744338e-05
7.748334108166744338e-05
7.748334108166744338e-05
7.748334108166744338e-05
7.748334108166744338e-05
7.748334108166744338e-05
7.748334108166744338e-05
7.748334108166744338e-05
7.748334108166744338e-05
7.748334108166744338e-05
7.748334108166744338e-05
7.748334108166744338e-05
7.748334108166744338e-05
7.748334108166744338e-05
7.748334108166744338e-05
7.748334108166744338e-05
7.748334108166744338e-05
7.748334108166744338e-05
7.748334108166744338e-05
7.748334108166744338e-05
7.748334108166744338e-05
7.748334108166744338e-05
7.748334108166744338e-05
7.748334108166744338e-05
7.748334108166744338e-05
7.748334108166744338e-05
7.748334108166744338e-05
7.748334108166744338e-05
7.748334108166744338e-05
7.748334108166744338e-05
7.748334108166744338e-05
7.748334108166744338e-05
7.748334108166744338e-05
7.748334108166744338e-05
7.748334108166744338e-05
7.748334108166744338e-05
7.748334108166744338e-05
7.748334108166744338e-05
7.748334108166744338e-05
7.748334108166744338e-05
7.748334108166744338e-05
7.748334108166744338e-05
7.748334108166744338e-05
7.748334108166744338e-05
7.748334108166744338e-05
7.748334108166744338e-05
7.748334108166744338e-05
7.748334108166744338e-05
7.748334108166744338e-05
7.748334108166744338e-05
7.748334108166744338e-05
7.748334108166744338e-05
7.748334108166744338e-05
7.748334108166744338e-05
7.748334108166744338e-05
7.748334108166744338e-05
7.748334108166744338e-05
7.748334108166744338e-05
7.748334108166744338e-05
7.748334108166744338e-05
7.748334108166744338e-05
7.748334108166744338e-05
7.748334108166744338e-05
7.748334108166744338e-05
7.748334108166744338e-05
7.748334108166744338e-05
7.748334108166744338e-05
7.748334108166744338e-05
7.748334108166744338e-05
7.748334108166744338e-05
7.748334108166744338e-05
7.748334108166744338e-05
7.748334108166744338e-05
7.748334108166744338e-05
7.748334108166744338e-05
7.748334108166744338e-05
7.748334108166744338e-05
7.748334108166744338e-05
7.748334108166744338e-05
7.748334108166744338e-05
7.748334108166744338e-05
7.748334108166744338e-05
7.748334108166744338e-05
7.748334108166744338e-05
7.748334108166744338e-05
7.748334108166744338e-05
7.748334108166744338e-05
7.748334108166744338e-05
7.748334108166744338e-05
7.748334108166744338e-05
7.748334108166744338e-05
7.748334108166744338e-05
7.748334108166744338e-05
7.748334108166744338e-05
7.748334108166744338e-05
7.748334108166744338e-05
7.748334108166744338e-05
7.748334108166744338e-05
7.748334108166744338e-05
7.748334108166744338e-05
7.748334108166744338e-05
7.748334108166744338e-05
7.748334108166744338e-05
7.748334108166744338e-05
7.748334108166744338e-05
7.748334108166744338e-05
7.748334108166744338e-05
7.748334108166744338e-05
7.748334108166744338e-05
7.748334108166744338e-05
7.748334108166744338e-05
7.748334108166744338e-05
7.748334108166744338e-05
7.748334108166744338e-05
7.748334108166744338e-05
7.748334108166744338e-05
7.748334108166744338e-05
7.748334108166744338e-05
7.748334108166744338e-05
7.748334108166744338e-05
7.748334108166744338e-05
7.748334108166744338e-05
7.748334108166744338e-05
7.748334108166744338e-05
7.748334108166744338e-05
7.748334108166744338e-05
7.748334108166744338e-05
7.748334108166744338e-05
7.748334108166744338e-05
7.748334108166744338e-05
7.748334108166744338e-05
7.748334108166744338e-05
7.748334108166744338e-05
7.748334108166744338e-05
7.748334108166744338e-05
7.748334108166744338e-05
7.748334108166744338e-05
7.748334108166744338e-05
7.748334108166744338e-05
7.748334108166744338e-05
7.748334108166744338e-05
7.748334108166744338e-05
7.748334108166744338e-05
7.748334108166744338e-05
7.748334108166744338e-05
7.748334108166744338e-05
7.748334108166744338e-05
7.748334108166744338e-05
7.748334108166744338e-05
7.748334108166744338e-05
7.748334108166744338e-05
7.748334108166744338e-05
7.748334108166744338e-05
7.748334108166744338e-05
7.748334108166744338e-05
7.748334108166744338e-05
7.748334108166744338e-05
7.748334108166744338e-05
7.748334108166744338e-05
7.748334108166744338e-05
7.748334108166744338e-05
7.748334108166744338e-05
7.748334108166744338e-05
7.748334108166744338e-05
7.748334108166744338e-05
7.748334108166744338e-05
7.748334108166744338e-05
7.748334108166744338e-05
7.748334108166744338e-05
7.748334108166744338e-05
7.748334108166744338e-05
7.748334108166744338e-05
7.748334108166744338e-05
7.748334108166744338e-05
7.748334108166744338e-05
7.748334108166744338e-05
7.748334108166744338e-05
7.748334108166744338e-05
7.748334108166744338e-05
7.748334108166744338e-05
7.748334108166744338e-05
7.748334108166744338e-05
7.748334108166744338e-05
7.748334108166744338e-05
7.748334108166744338e-05
7.748334108166744338e-05
7.748334108166744338e-05
7.748334108166744338e-05
7.748334108166744338e-05
7.748334108166744338e-05
7.748334108166744338e-05
7.748334108166744338e-05
7.748334108166744338e-05
7.748334108166744338e-05
7.748334108166744338e-05
7.748334108166744338e-05
7.748334108166744338e-05
7.748334108166744338e-05
7.748334108166744338e-05
7.748334108166744338e-05
7.748334108166744338e-05
7.748334108166744338e-05
7.748334108166744338e-05
7.748334108166744338e-05
7.748334108166744338e-05
7.748334108166744338e-05
7.748334108166744338e-05
7.748334108166744338e-05
7.748334108166744338e-05
7.748334108166744338e-05
7.748334108166744338e-05
7.748334108166744338e-05
7.748334108166744338e-05
7.748334108166744338e-05
7.748334108166744338e-05
7.748334108166744338e-05
7.748334108166744338e-05
7.748334108166744338e-05
7.748334108166744338e-05
7.748334108166744338e-05
7.748334108166744338e-05
7.748334108166744338e-05
7.748334108166744338e-05
7.748334108166744338e-05
7.748334108166744338e-05
7.748334108166744338e-05
7.748334108166744338e-05
7.748334108166744338e-05
7.748334108166744338e-05
7.748334108166744338e-05
7.748334108166744338e-05
7.748334108166744338e-05
7.748334108166744338e-05
7.748334108166744338e-05
7.748334108166744338e-05
7.748334108166744338e-05
7.748334108166744338e-05
7.748334108166744338e-05
7.748334108166744338e-05
7.748334108166744338e-05
7.748334108166744338e-05
7.748334108166744338e-05
7.748334108166744338e-05
7.748334108166744338e-05
7.748334108166744338e-05
7.748334108166744338e-05
7.748334108166744338e-05
7.748334108166744338e-05
7.748334108166744338e-05
7.748334108166744338e-05
7.748334108166744338e-05
7.748334108166744338e-05
7.748334108166744338e-05
7.748334108166744338e-05
7.748334108166744338e-05
7.748334108166744338e-05
7.748334108166744338e-05
7.748334108166744338e-05
7.748334108166744338e-05
7.748334108166744338e-05
7.748334108166744338e-05
7.748334108166744338e-05
7.748334108166744338e-05
7.748334108166744338e-05
7.748334108166744338e-05
7.748334108166744338e-05
3.874167054083372169e-05
