1.000000000000000000e+00
9.665924276169265417e-01
9.599109131403118500e-01
9.376391982182628038e-01
9.331848552338529723e-01
9.220489977728285602e-01
9.042316258351893454e-01
8.663697104677060556e-01
8.596881959910913640e-01
8.440979955456570094e-01
8.307349665924276261e-01
8.040089086859688594e-01
7.906458797327394761e-01
7.772828507795099817e-01
7.706013363028952901e-01
7.639198218262805984e-01
7.461024498886413836e-01
7.394209354120266919e-01
7.327394209354120003e-01
6.926503340757238503e-01
6.859688195991091586e-01
6.837416481069041874e-01
6.726057906458797753e-01
6.703786191536748040e-01
6.570155902004454207e-01
6.458797327394208976e-01
6.035634743875278874e-01
5.991091314031180559e-01
5.946547884187082245e-01
5.924276169265033642e-01
5.902004454342983930e-01
5.835189309576837013e-01
5.590200445434297949e-01
5.545657015590200745e-01
5.501113585746102430e-01
5.412026726057906911e-01
5.345211581291759995e-01
5.300668151447661680e-01
5.189309576837416449e-01
5.122494432071269532e-01
5.055679287305122616e-01
4.922048997772828782e-01
4.855233853006681310e-01
4.543429844097995329e-01
4.498886414253897570e-01
4.476614699331848413e-01
4.432071269487750653e-01
4.342984409799554579e-01
4.276169265033407663e-01
3.741648106904231774e-01
3.674832962138084858e-01
3.608017817371937386e-01
3.363028953229398876e-01
3.296213808463251405e-01
3.273942093541202802e-01
3.051224944320712895e-01
7.795100222717149530e-02
7.572383073496659345e-02
3.563474387527839488e-02
3.563474387527839488e-02
3.563474387527839488e-02
3.563474387527839488e-02
3.563474387527839488e-02
3.563474387527839488e-02
3.563474387527839488e-02
3.563474387527839488e-02
3.340757238307349997e-02
3.340757238307349997e-02
3.340757238307349997e-02
3.340757238307349997e-02
1.781737193763919744e-02
1.113585746102449883e-02
1.113585746102449883e-02
1.113585746102449883e-02
6.681514476614699473e-03
6.681514476614699473e-03
6.681514476614699473e-03
6.681514476614699473e-03
6.681514476614699473e-03
6.681514476614699473e-03
6.681514476614699473e-03
6.681514476614699473e-03
6.681514476614699473e-03
6.681514476614699473e-03
6.681514476614699473e-03
6.681514476614699473e-03
6.681514476614699473e-03
6.681514476614699473e-03
6.681514476614699473e-03
6.681514476614699473e-03
6.681514476614699473e-03
6.681514476614699473e-03
6.681514476614699473e-03
6.681514476614699473e-03
6.681514476614699473e-03
6.681514476614699473e-03
6.681514476614699473e-03
6.681514476614699473e-03
6.681514476614699473e-03
6.681514476614699473e-03
4.454342984409799359e-03
4.454342984409799359e-03
4.454342984409799359e-03
4.454342984409799359e-03
4.454342984409799359e-03
4.454342984409799359e-03
4.454342984409799359e-03
4.454342984409799359e-03
4.454342984409799359e-03
4.454342984409799359e-03
4.454342984409799359e-03
4.454342984409799359e-03
4.454342984409799359e-03
4.454342984409799359e-03
4.454342984409799359e-03
4.454342984409799359e-03
4.454342984409799359e-03
4.454342984409799359e-03
4.454342984409799359e-03
4.454342984409799359e-03
4.454342984409799359e-03
4.454342984409799359e-03
4.454342984409799359e-03
4.454342984409799359e-03
4.454342984409799359e-03
4.454342984409799359e-03
4.454342984409799359e-03
4.454342984409799359e-03
4.454342984409799359e-03
4.454342984409799359e-03
4.454342984409799359e-03
4.454342984409799359e-03
4.454342984409799359e-03
4.454342984409799359e-03
4.454342984409799359e-03
4.454342984409799359e-03
4.454342984409799359e-03
4.454342984409799359e-03
4.454342984409799359e-03
4.454342984409799359e-03
4.454342984409799359e-03
4.454342984409799359e-03
4.454342984409799359e-03
4.454342984409799359e-03
4.454342984409799359e-03
4.454342984409799359e-03
2.227171492204899680e-03
