1
3
7
8
9
8199
11
2060
4108
4109
4110
17
4115
4116
23
26
2074
29
31
6177
35
36
39
41
2094
4145
50
53
54
55
6198
57
58
4154
60
4155
4159
64
67
2116
69
70
71
4165
74
4170
77
78
79
8269
82
83
4178
85
86
87
88
89
6235
93
2146
101
107
108
4205
112
114
115
2163
118
119
120
4215
122
123
124
4216
126
127
2176
6271
130
131
2181
136
137
141
143
6291
148
8343
153
158
4254
4256
6304
163
2213
4261
4262
168
169
2216
171
6313
4276
182
183
6326
2233
2235
189
190
192
195
201
202
4300
205
4302
207
208
4306
211
12499
8405
215
216
218
220
2271
10463
225
227
2275
229
230
231
2280
6371
8428
8429
238
242
243
2295
248
249
2299
252
253
254
8445
4354
259
260
4357
264
6410
4367
273
274
4370
277
278
4373
280
8472
282
6427
4383
288
291
2341
297
299
300
2347
6445
307
308
311
2361
4409
316
317
2369
4418
2374
4424
329
10573
334
338
6483
343
4440
348
349
351
4448
353
6496
6497
363
364
365
4459
367
368
4461
6507
371
4468
373
374
375
376
8568
6523
380
2430
383
384
4482
6533
391
393
6537
2445
398
399
409
410
4507
413
415
4512
4515
8612
2468
4521
2474
428
429
430
431
4526
4527
434
435
2484
2486
439
445
448
449
4545
452
453
6598
458
461
464
467
4564
470
471
472
475
8667
6620
478
8671
482
6626
6628
486
2535
489
490
2538
8684
497
2545
2546
4595
501
4601
510
511
512
513
2567
8712
10761
522
523
528
2576
8722
534
536
6681
2586
542
4639
545
6692
2601
8746
558
559
8752
561
2610
563
568
4665
573
2624
582
2636
591
2639
6736
594
8787
2645
4693
599
600
6745
605
2653
2657
4706
6756
613
2671
8816
4720
4721
4723
629
631
636
641
4737
643
4738
2696
2700
2702
2705
2706
2708
665
2714
2715
10907
2718
672
673
674
2722
2724
2725
8872
2728
682
4777
4781
688
2736
691
4787
2741
694
6838
699
702
704
705
706
2754
2755
2756
710
4804
12999
713
2762
2763
719
720
721
723
2774
732
733
2781
736
737
739
743
2793
746
747
749
750
751
752
4845
4849
755
756
2804
2805
8951
6904
761
763
764
8956
766
8958
2811
2814
2817
2819
4867
4868
777
2825
2827
780
2832
785
8980
8981
2839
792
4889
794
6940
798
799
800
801
8993
2849
2850
805
2852
807
2855
809
810
4898
9006
2862
817
818
820
2868
2869
824
2872
2873
2875
2876
2877
2878
2879
6970
833
4929
4931
837
838
2885
840
2887
2890
843
2892
6982
849
2897
852
2906
4954
9052
862
863
866
13156
870
871
872
878
880
2928
4980
4982
891
4987
896
9090
901
902
2952
908
5006
911
7058
917
5013
921
925
2975
2977
2978
933
7078
2983
940
15280
2999
3002
956
957
961
973
5071
3031
986
3035
989
3039
993
5094
3047
1000
5103
5105
1010
3060
1016
3065
3066
5113
1020
1022
1024
5120
7172
3080
1037
11279
5136
1041
1042
1044
3093
1046
11286
3096
3099
1053
1056
1059
5156
1069
1074
3122
3125
5174
1082
3130
1085
1086
9277
1088
1089
1102
5198
1104
5201
1109
9301
5210
1115
5211
1117
11372
1134
5233
1138
5234
15475
1141
5239
5240
1145
7293
3198
3208
3211
1168
3231
5279
3239
5290
3244
5294
5299
5306
9404
3274
3278
5326
3288
3293
5349
7400
5353
3318
3319
9483
3344
5400
3362
7458
11563
3372
3384
3386
3390
3396
3397
3402
3405
5460
3414
3416
1369
5470
1375
3425
11620
3433
1387
1388
3442
5495
1404
1407
11652
1417
5516
1421
3470
3478
1431
3479
5527
1435
5539
3493
3497
3499
5548
1454
1463
5560
1466
3515
3520
1473
9671
1480
3528
5579
3551
5599
3557
1513
9706
1520
1529
3577
1531
1536
3588
3599
1556
3612
1571
1573
5673
3630
1586
1587
3640
3645
5702
1612
3670
3675
3679
3680
3681
7783
1641
1643
5739
3695
1648
5743
3700
3702
3703
5750
3706
3707
1663
3716
1671
5774
1680
5777
1682
3736
3740
5789
3746
1703
3752
3753
1708
3757
1712
1713
3760
3761
3762
3772
5831
1736
3792
3793
3794
3797
1751
1752
3799
5849
3803
3804
3805
3806
1759
5853
5856
3812
1770
9962
1772
9963
3818
3819
3826
1779
3828
3829
5877
1783
5879
3833
3834
1787
3835
3836
1790
3839
3840
1800
1803
3854
1807
1808
3855
7952
3859
5908
3862
3863
1817
3867
3868
3869
1823
3872
3874
3875
3876
1829
3877
5925
1835
5932
3890
3892
1847
3895
3898
1851
3899
1862
5960
3913
1866
3922
1875
10070
1881
8030
1890
5992
8047
3957
1912
6012
6014
3967
3973
3979
1933
10125
10126
3981
10129
1938
3984
3986
6034
3991
3993
1946
10142
1952
1953
4003
1956
4015
4017
4020
6068
1976
1978
1980
1981
4031
1988
4037
4043
1996
1999
4047
4049
2002
4060
2015
8164
4069
4075
4084
2042
4092
2047
0
6145
2
2050
12290
5
6
6153
10
12
13
15
2064
4111
18
19
6164
21
2069
4120
8217
4121
27
2075
4122
30
4123
4127
33
4130
4132
38
6183
43
2091
45
4142
47
48
51
2101
4149
4151
6199
16441
10297
59
2108
6203
6204
63
2111
6212
2118
6214
72
6215
2122
2128
84
2132
2134
6230
90
2138
4187
2144
97
98
99
100
8290
2145
103
4195
4196
4199
109
6256
4213
6262
4217
4224
129
6272
2179
4227
6273
134
6278
4232
138
139
140
4234
4238
6282
2193
146
147
8339
149
2197
4247
6295
4249
6298
156
6300
6303
160
161
2211
164
6308
166
167
2218
172
175
176
2223
2224
2225
4279
4282
2240
194
4291
4292
197
2246
4293
4295
8394
203
4298
6349
2255
4303
2259
212
2260
2262
4307
4308
6362
6364
8413
222
2269
6368
6369
8421
234
235
237
2286
4334
244
246
4348
4350
255
256
257
2303
2306
261
6405
4360
2319
272
2321
2322
4371
276
6415
14611
279
2330
283
4378
2335
2336
289
6435
292
293
8485
295
296
4398
303
4399
305
4400
6448
309
4406
2359
4407
313
315
319
4415
321
4419
324
325
326
327
8516
2375
2376
2377
4420
6469
14669
337
339
341
4444
350
2399
2400
2401
356
357
4452
6501
4456
361
2409
369
2417
2420
8565
2425
6524
381
2429
386
6530
388
390
4488
4489
395
4492
400
404
405
407
408
2457
4505
4514
6563
425
2476
6574
2479
432
433
6575
6576
437
438
2485
441
442
4541
447
6592
2497
12737
6593
2501
456
459
460
8651
8652
2509
2511
465
4557
4560
4561
4565
6616
6617
483
14820
4581
2536
4584
4585
491
6635
4589
6639
499
500
6644
502
4599
505
507
4606
4609
2562
515
4610
4612
4613
12808
4619
527
530
531
6676
535
8729
16923
541
4638
14880
8737
4642
547
4643
6690
4649
4651
556
4652
4654
6704
4659
4660
567
2615
570
6721
578
12866
4676
4677
2630
4678
584
585
8777
6731
6732
592
2641
2648
4696
6746
604
2652
606
608
2660
4710
615
4711
617
618
6760
6761
622
2670
625
628
12917
2679
2680
633
4729
4731
8828
637
4734
639
640
4744
651
4747
654
655
4751
657
661
8857
667
6816
675
4771
4774
679
6822
2730
2731
684
4783
689
6834
4788
2743
6841
2748
2749
4798
8896
4802
708
6854
2759
2761
4809
716
4813
718
6860
2768
2769
10962
2771
725
4823
17112
2776
2778
731
4824
4825
6876
2783
2784
4837
10986
4842
748
6892
4848
6896
6902
6903
2812
765
4861
767
4862
771
772
2821
774
6922
781
782
4877
2833
2834
787
788
4881
790
791
4888
6937
803
2851
806
808
2856
811
815
2866
4917
823
826
827
832
4928
834
835
4933
4934
6986
4941
6990
847
4944
6992
850
2901
856
859
860
864
4962
868
869
4968
875
881
2932
885
4981
9082
11131
7034
893
2941
4991
900
4997
7045
7047
7048
7063
5016
926
5022
5024
7073
931
5027
934
935
7079
937
942
5039
944
7088
946
947
9138
5044
951
953
5052
959
960
7106
5060
965
967
3015
969
5069
977
979
11219
982
987
988
990
7137
996
15334
1001
7147
1004
1009
7154
1011
3064
15353
3071
1026
15363
7174
1031
3079
15373
7183
1040
5137
5138
1043
3094
1048
1049
5147
1054
3104
7204
9253
5159
1064
1065
1068
5166
1071
1072
1073
3121
3123
7221
1080
7224
5182
1087
13377
1095
11337
5196
15440
1105
5203
9302
3158
9306
5214
1120
3168
3169
7268
1127
1129
5226
1132
1133
5232
15476
5237
9338
1147
7292
1149
1151
1159
1161
7306
15500
5261
9365
5270
9376
11425
17570
17571
5286
5289
7345
7347
5303
5307
7363
3268
5322
3275
11476
7380
7383
5336
17625
9443
11494
3303
5352
3307
9454
7412
5365
5366
3322
5373
5374
17667
3335
3336
7434
5389
5393
7441
7445
11543
5403
5405
3361
1325
5424
11569
3378
5427
7476
17719
5435
17728
5445
1356
5454
5459
5462
1370
5466
5471
1377
5473
5475
1389
5485
1392
5489
5490
1395
1398
1400
3449
1402
7544
1406
1408
1410
5507
1412
1414
1416
5512
1423
7568
5522
1427
7576
1433
7579
5534
1440
1445
1446
1450
7594
1452
5549
5550
1457
1458
1459
1460
7605
5558
9657
1468
1470
3519
11714
1475
1476
1477
9667
9668
17863
3524
1482
1484
5581
1486
1487
9678
7631
7633
5587
1494
1495
1496
1498
5598
1505
9699
1512
1517
1522
1524
1527
1530
1535
7683
7684
11782
7695
7696
7698
3603
7699
5654
1559
1560
1561
5655
5657
1564
1568
5669
5670
5674
7722
7724
1588
1602
7749
1608
7752
1614
1616
1618
1624
5720
1627
3677
9822
5727
9824
3683
9830
9832
1644
3693
7788
7792
1650
1651
1652
1655
1657
1658
1659
9851
15993
3710
1666
7810
7815
7816
1673
1676
1678
1681
9874
5778
1687
1690
1691
7838
1695
1696
1698
5801
9903
5808
9905
7855
16047
1716
3764
1718
1721
1722
7870
5823
5824
5825
7877
5834
5835
1747
1748
3801
1755
1757
9949
5855
3809
3810
3811
5857
5861
3814
1767
1768
5864
5868
1778
3831
3832
16121
9978
7931
1788
3837
7934
1791
7936
1797
1799
3847
3848
1802
5900
1806
5902
3856
1809
3858
5903
5905
7951
3864
6467
7970
1830
3878
3882
1842
3894
7990
5947
5949
3906
3908
3914
1871
8017
8019
3925
5974
12119
1884
3934
12126
3938
5988
5989
1894
10086
3944
5991
10092
1903
8048
8049
1911
3959
16249
3963
1920
1922
1923
3971
6020
6021
1927
3976
3977
6027
10130
3987
6037
3997
3999
8095
1955
6052
10150
4011
1965
4013
1968
4016
4018
4024
4026
4028
6080
1985
6088
8140
8141
8142
8145
6100
2005
8151
2009
16346
4059
16349
2016
2017
4066
4067
6113
6114
6115
6116
8160
8162
2026
6123
8169
2035
2037
2040
8192
8200
16
8214
22
24
8218
32
34
42
8236
8245
61
62
68
8268
8270
8271
91
92
94
110
111
8303
8305
116
117
128
8321
8322
150
8342
8353
8355
8356
8358
179
180
181
8371
8373
184
8376
186
187
188
8380
8384
8386
199
204
8397
206
8401
213
214
8406
219
8412
8417
8418
8425
8431
240
241
8435
258
8454
8456
269
8466
8467
8468
8473
8476
286
287
8484
8486
8487
8488
301
8495
304
8496
8497
8500
8501
8503
312
314
8508
8509
8510
8511
8512
322
8517
333
8531
8534
346
8543
8551
8553
8556
8558
8559
8570
382
8574
8577
392
394
8588
406
8599
414
8608
418
8616
426
427
8620
8624
8626
8632
443
8644
454
8647
8649
462
463
8659
469
477
480
8672
487
488
8683
493
8687
8694
8695
8696
8697
508
8701
8702
8703
8704
8707
8708
517
519
520
8714
526
8718
529
8731
8732
546
548
549
550
551
552
8745
8748
8751
560
8753
564
574
576
8771
580
8779
590
8782
8783
8786
596
8788
601
603
8797
8799
609
610
611
8804
8805
8810
619
621
632
8824
634
635
8825
8826
8829
8830
8835
8836
646
647
648
8841
650
8842
8846
8850
8855
8864
676
8868
681
8873
8874
8876
8878
690
693
695
698
701
707
8899
709
8904
715
8911
722
726
729
735
741
742
744
745
762
8955
8957
8959
8960
769
8968
8969
778
779
8970
8975
784
8977
786
8978
789
8982
795
8987
8988
8990
8992
8995
8996
8999
9002
9003
814
9007
816
819
9011
9017
828
9020
830
831
9023
9027
836
9028
9030
9031
9032
844
845
9043
861
9056
867
9060
9063
877
9070
9074
886
9078
888
9080
9084
897
899
904
905
9096
9100
913
915
932
939
941
943
9139
948
949
9154
968
971
9163
976
978
984
997
999
9210
1021
1029
1030
1032
1036
1038
1047
9258
1075
9268
1081
9274
9289
1100
9292
9299
1110
1116
1121
1125
9317
9325
1135
1136
1139
9331
1144
9337
1156
1160
1162
9356
17586
17587
9400
9411
9427
9429
9431
9432
9433
9435
9441
9451
9456
9459
9460
9482
9484
9486
1317
1374
1380
1394
1418
9638
1453
9646
1464
9660
9661
9662
1472
1479
1483
9676
9689
9691
1507
1515
9709
9716
9726
1542
1545
9748
1557
9749
9754
1563
1569
1570
1580
1589
1591
9786
9788
9793
1606
1607
1610
9804
9808
9810
1626
9818
1637
1654
1674
1675
9867
1683
1685
1693
9895
1705
1710
1711
9904
1724
1725
9919
1728
1732
9924
1734
9928
1742
9942
9945
1758
1763
1786
1796
9993
1810
10009
1818
10014
10015
10016
10018
10020
10021
1832
10027
1837
10029
10032
1844
10038
10039
10041
10042
10057
1868
10062
1872
1876
1877
10074
10076
10077
10078
1887
10079
10084
10089
1899
10101
1910
10102
10103
1913
10105
10106
10108
1917
10116
1930
10123
1936
1939
10133
1943
10135
10139
1948
1949
1951
1954
10146
10154
10159
1971
1977
1979
10173
10182
10184
1995
10189
10190
2018
10228
10230
2048
10247
10248
2057
10250
2059
2066
10260
2077
10273
10276
10278
2087
2088
2103
10300
10320
10322
2142
2147
2148
10339
10342
2152
10348
2157
2158
10351
2160
2164
10362
2174
2178
2184
2187
2189
2191
2196
2198
10391
2201
10394
2203
2205
2207
2212
10404
10407
10411
2226
2229
2234
10432
2242
2244
10438
2248
2250
2251
10443
2253
10446
2258
10450
2264
2267
10469
10470
10471
2283
10476
10477
2291
10487
2296
2297
10491
10496
2305
10497
2307
10498
10499
2310
10500
2312
10501
10502
10505
2316
10506
10508
10509
10507
10514
2326
2328
10522
2331
10523
10527
10528
10529
2339
10532
10533
2343
10536
10542
2351
10543
2353
10546
10545
10548
2357
10559
10561
2370
2371
10563
10565
10572
2381
2382
10574
2384
10575
2403
2404
2406
2407
10605
10609
2426
2432
2434
2436
2437
2446
2449
2454
2459
2463
2465
2471
2478
2481
10673
10676
2500
10693
10697
10704
2514
2515
2516
2517
10706
2519
10709
10710
10711
2529
2531
2541
10734
10735
2544
2553
2563
10757
10759
10762
10763
2572
2573
10764
10767
10769
2578
10771
10773
2583
10775
10782
2592
10786
10787
10788
10789
10790
10791
10793
10794
10795
10796
2605
10797
10798
10800
2609
10801
10802
10803
10804
10806
10799
10805
10809
10807
10812
10813
10814
10815
10818
10820
10821
10822
2632
2633
10833
2642
10840
2650
2651
10844
10847
2662
2664
2684
10879
2689
2693
2695
2698
2699
2701
10893
2703
10895
10899
10905
10911
2721
10913
2723
2732
2735
10929
2742
2747
10950
10955
2764
2788
10982
10991
2806
2808
11005
2815
2826
2829
2830
2831
2837
11041
11042
2865
2871
2874
11073
11075
2884
2886
2888
2889
2891
2893
2895
2896
2898
2899
2902
2903
2904
2908
2910
2911
2912
2913
2916
2918
2919
2920
2922
2924
11120
2930
2931
2933
2938
2943
2945
2947
2948
2950
2951
2953
2954
2956
2957
2960
2961
2963
2966
2973
2976
11169
2982
11174
2986
11179
2988
2989
2990
2991
2993
2994
11188
2998
3003
3005
3006
3008
3009
3011
11203
3014
3018
3019
3020
11213
3023
3024
3027
3030
11227
3037
11230
3041
3045
3046
3049
3050
3056
3057
3058
3061
3068
3070
3073
3076
3078
3081
3083
3084
3087
3088
3091
3092
3103
11296
3105
3108
11300
11301
3113
3117
11310
11312
11315
11317
3126
3127
3132
3134
3137
3138
11333
3142
3143
3146
3147
3148
3149
3150
11343
3152
3154
3157
11349
3159
3161
3162
3163
11354
11355
11358
3167
11360
3172
3173
3175
3178
3181
3182
3184
11380
11381
3190
11382
3199
3201
3203
3204
11396
11406
3215
3216
3217
11408
3220
11412
3222
11414
3225
3226
3227
3230
11426
3235
3236
3237
11428
11432
3241
3242
11440
3250
11448
3257
3258
11449
3261
3262
3277
3279
3280
3282
3284
3286
3287
3292
3294
3296
3297
3304
3308
3311
3312
3316
3317
3323
3327
11519
11522
3332
3333
11529
3340
11533
3343
11535
11537
3351
3352
3354
3355
3359
3360
11552
3364
3365
3367
3368
11559
3373
11570
3379
3382
3383
3385
3388
3389
3391
3393
3394
11587
3398
3401
11594
3404
11596
11600
3413
3415
11609
11611
3422
3431
3434
3435
3437
3438
3439
3445
11637
3447
3450
3453
3460
3461
3462
3463
3465
3467
3474
3476
11673
3482
3484
3485
3486
3489
3490
3492
11684
3495
3496
11689
3498
3503
3505
3506
3507
3509
3514
11707
3516
3521
3526
11720
11723
3538
3540
3541
3542
11732
3549
3550
3552
11748
11749
3561
3563
3567
3568
3569
3570
3571
3572
3573
11762
3575
3583
3584
11775
11776
3587
11777
3591
3592
11784
11785
3598
3600
11792
11797
3606
11798
11800
3609
3610
3615
3617
3621
3624
3625
3626
11818
11820
3629
3631
3632
3633
3634
3635
3636
3637
3639
3642
3643
11835
3646
3649
3650
3653
3655
3657
3659
3661
3662
3663
3664
3672
11873
3684
3686
3687
3688
3689
3690
3691
3697
3699
3701
3704
3709
3714
11907
11908
11911
3723
3730
3731
3733
11925
3738
3739
3743
3744
3748
3750
3751
3754
3756
3758
3763
3765
11971
11974
11975
3791
11983
3795
11987
3800
11998
3807
12000
12006
3816
12010
12011
3820
3821
12014
12015
3824
3827
12024
12027
12032
12034
3845
12037
12044
12052
3866
3870
3871
3880
3885
3886
3893
3896
12115
3926
3927
12121
3931
3932
3941
3943
3949
12146
3955
3958
12152
12158
12159
3975
12171
3980
3985
3988
3992
12186
3996
12189
12190
12195
12197
4014
4021
4023
12216
4038
4044
4045
12236
4050
4054
4055
4056
4057
4064
4065
12260
4072
4073
12265
4076
4079
4082
4088
4089
4091
12284
4093
4095
4096
4097
4101
4104
4105
4107
4112
4114
4117
4119
4125
12319
4131
12325
4134
4136
4137
4138
12330
4140
4141
12334
4143
4144
4147
4148
4150
4152
4153
4157
4161
12361
4171
4172
4177
4179
4183
4189
4191
4194
12393
12405
12413
4231
4233
4237
4239
4245
12442
12446
4255
12449
12451
12453
4263
4264
4265
4268
4269
12464
4274
4275
12474
12475
12478
4294
12498
12509
12515
12524
4347
12541
4351
12553
12555
4368
12563
12566
12570
12572
12573
12577
12578
4396
12592
4402
4410
4413
12608
4426
4432
4443
4446
4449
4450
4455
12653
4464
4469
4474
12666
4476
4480
4484
12685
4494
12689
4498
4499
12690
12699
12702
12707
4516
4517
4520
4529
4532
4533
12731
4549
12745
4558
4567
4571
4573
12767
4577
12769
12770
12776
12777
4586
4587
12779
12781
12787
12789
4600
12792
4602
4603
12794
12795
12801
4611
12804
4615
4618
12813
12814
12817
12818
4627
12822
4636
12840
12842
12853
12854
4670
12864
4673
4683
4691
12898
12909
4718
12910
4725
12919
12920
12929
4739
12932
4743
12936
4745
4760
12952
12960
12964
4776
12969
4779
12985
12987
12989
12990
4800
13000
4811
4812
13012
4821
13014
13016
4827
13040
4850
13042
4853
4854
4855
13045
4857
13046
13047
13050
13051
4866
4869
13065
4876
13069
4884
4891
13086
4901
13101
13102
13109
4921
4922
13115
4925
13136
13137
13140
4951
4959
13158
13161
4970
13168
4978
4983
4986
4988
13181
13189
13193
5002
13199
13202
13204
13207
13208
13209
5018
5023
13216
5025
13225
5038
13235
5048
5049
13246
5063
5065
13265
13266
13269
5080
5084
5085
5090
5091
13287
5096
5097
13288
5099
5101
5102
13295
5112
13305
5117
5121
5128
13327
13331
13333
5151
13351
5160
13360
5170
5181
5190
5191
5193
13388
5197
5199
5200
5204
5205
5206
5209
5215
13407
5223
5235
13430
5242
13446
5255
5280
5284
13480
5293
5297
13489
5302
5305
5324
13528
13529
5351
13548
13550
5361
5368
5372
13570
13571
5385
13584
5398
13593
5407
13607
5420
5421
5422
5437
5438
13629
5440
13632
5455
5456
5458
13654
13660
5476
5477
5478
13671
13676
13678
5493
5502
5504
5508
5532
5533
5535
5537
5538
13733
5542
13744
5569
5572
5575
5578
13773
5584
5590
13790
5602
13796
5605
13797
5607
5608
5611
5621
5631
5649
5650
13842
13846
5658
5664
5666
5671
5676
5684
5689
5709
5718
13911
5722
5723
5726
5729
5730
13925
5736
5740
5747
5748
5751
5757
5759
5760
5761
5764
5766
5768
5769
5770
13969
13972
5782
5788
13990
5799
5805
5813
5814
5818
5827
5828
5839
5841
5842
5862
5863
5867
5870
5873
5876
5880
14074
5889
5896
5899
5901
14094
5911
5912
14108
5917
5919
5921
5923
5929
5930
5936
14129
5938
5940
5942
14135
5946
14138
5952
5953
5958
14152
5967
5972
5973
5978
5983
5986
14179
5996
6000
6005
6006
6008
14205
6016
6022
14217
14219
6031
6032
14234
6051
6061
6062
6066
6074
14266
6091
6097
6098
6105
6110
6121
6131
6134
6143
6152
6161
6167
6169
14363
6172
6173
6223
14417
6228
6237
6261
14475
6287
14479
6310
14507
6318
6320
6322
6339
6340
6341
14531
6343
6356
6357
6370
14570
6381
6386
14581
6390
6392
14586
6395
6421
6429
6431
6436
14631
6440
6444
14644
6480
6490
6500
6503
6515
6535
6538
6543
6546
6548
6549
6551
6586
14784
6596
6614
6615
14832
6651
6666
6686
6696
6706
6709
6716
14911
6747
6764
6765
6768
6775
6778
6784
6788
6789
14980
6808
6809
6811
6817
6828
6829
6831
6850
6864
6878
15078
6889
6898
6910
6914
15114
6947
6948
6950
6969
6971
6972
6978
6994
6995
6996
7013
7016
7037
7049
7054
15283
7094
7095
7103
7104
7114
7118
7133
7135
7142
7151
15346
7166
7179
7184
7186
7192
7193
7194
7199
15398
7207
7244
15443
7267
7271
7272
7273
7274
7281
7330
7335
7339
7354
7355
7356
7357
7360
7365
7371
7390
15599
7409
15622
7437
7438
7442
7447
7456
7457
7463
7465
7467
7468
7470
15670
7516
7525
7527
7551
7573
7583
7585
7591
15784
15806
7629
15826
7660
7662
7667
7668
7679
15874
15883
7692
7693
7718
7723
7739
7751
7753
7760
7776
7780
7781
7800
7806
7809
7819
7821
7840
16036
7857
7858
7859
7885
7899
7907
7915
7920
7924
16118
7928
16125
7935
16129
16130
7939
16131
16132
16133
16134
16135
16136
16137
16138
16139
7949
16140
16141
16142
7953
7954
16143
7956
16144
16145
16146
16147
16148
16150
16151
16152
16153
16154
16155
16156
7969
16159
16163
16166
16167
16168
16170
16176
16177
16178
16181
16183
16189
8018
8028
8031
8042
8043
8045
8054
8075
8076
8080
8084
8101
8103
8149
8171
8172
