1.000000000000000000e+00
9.997426659804425908e-01
9.989706639217704742e-01
9.981986618630982466e-01
9.969119917653114227e-01
9.963973237261966043e-01
9.953679876479670785e-01
9.948533196088522601e-01
9.943386515697375527e-01
9.933093154915080270e-01
9.909933093154914552e-01
9.907359752959341570e-01
9.462171899125064733e-01
9.459598558929490641e-01
9.457025218733916549e-01
9.431291816778177850e-01
9.384971693257848635e-01
9.377251672671127469e-01
9.356664951106535844e-01
9.341224909933093512e-01
9.333504889346371236e-01
9.330931549150798254e-01
9.318064848172928905e-01
9.289758106021616113e-01
9.287184765826042021e-01
9.279464745239320855e-01
9.274318064848172671e-01
9.271744724652598579e-01
9.269171384457025598e-01
9.261451363870303322e-01
9.246011322696860990e-01
9.243437982501286898e-01
9.225424601132269364e-01
9.222851260936696383e-01
9.220277920741122291e-01
9.217704580545548199e-01
9.215131240349974107e-01
9.209984559958827033e-01
9.207411219763252941e-01
9.199691199176530665e-01
9.197117858980957683e-01
9.191971178589809499e-01
9.181677817807514241e-01
9.176531137416366057e-01
9.173957797220793076e-01
9.155944415851775542e-01
9.153371075656201450e-01
9.145651055069480284e-01
9.143077714873906192e-01
9.140504374678332100e-01
9.135357694287185026e-01
9.130211013896036842e-01
9.112197632527020419e-01
9.104477611940298143e-01
9.104477611940298143e-01
9.101904271744725161e-01
9.096757591353576977e-01
9.078744209984559443e-01
9.071024189397838278e-01
9.065877509006691204e-01
9.063304168811117112e-01
9.050437467833247762e-01
9.027277406073083155e-01
9.024704065877509063e-01
9.001544004117344455e-01
8.991250643335049197e-01
8.978383942357179848e-01
8.973237261966031664e-01
8.970663921770457572e-01
8.968090581574884590e-01
8.962943901183736406e-01
8.960370560988162314e-01
8.957797220792589332e-01
8.952650540401441148e-01
8.944930519814719982e-01
8.934637159032423614e-01
8.929490478641276541e-01
8.924343798250128357e-01
8.919197117858981283e-01
8.916623777663407191e-01
8.908903757076686025e-01
8.901183736489963749e-01
8.890890375707668492e-01
8.883170355120947326e-01
8.878023674729799142e-01
8.857436953165208626e-01
8.818836850231600577e-01
8.813690169840452393e-01
8.811116829644879411e-01
8.808543489449305319e-01
8.805970149253731227e-01
8.793103448275861878e-01
8.782810087493566620e-01
8.780236747297992528e-01
8.777663407102418436e-01
8.775090066906845454e-01
8.775090066906845454e-01
8.772516726711271362e-01
8.762223365928976104e-01
8.757076685537827920e-01
8.746783324755532663e-01
8.744209984559958571e-01
8.736489963973237405e-01
8.733916623777663313e-01
8.723623262995368055e-01
8.721049922799793963e-01
8.710756562017498705e-01
8.708183221821924613e-01
8.705609881626350521e-01
8.703036541430777540e-01
8.703036541430777540e-01
8.697889861039629356e-01
8.672156459083890656e-01
8.669583118888316564e-01
8.667009778692743582e-01
8.654143077714874233e-01
8.630983015954709625e-01
8.618116314976840275e-01
8.612969634585692091e-01
8.610396294390117999e-01
8.607822954194545018e-01
8.605249613998970926e-01
8.597529593412248650e-01
8.594956253216675668e-01
8.592382913021101576e-01
8.589809572825527484e-01
8.587236232629953392e-01
8.584662892434379300e-01
8.564076170869788784e-01
8.556356150283067619e-01
8.548636129696345343e-01
8.543489449305198269e-01
8.538342768914050085e-01
8.533196088522903011e-01
8.522902727740607753e-01
8.520329387545033661e-01
8.517756047349459569e-01
8.517756047349459569e-01
8.512609366958311385e-01
8.502316006176016128e-01
8.502316006176016128e-01
8.497169325784869054e-01
8.492022645393720870e-01
8.476582604220277428e-01
8.468862583633556262e-01
8.463715903242409189e-01
8.458569222851261005e-01
8.455995882655686913e-01
8.453422542460112821e-01
8.450849202264539839e-01
8.448275862068965747e-01
8.445702521873391655e-01
8.432835820895522305e-01
8.427689140504375231e-01
8.412249099330931790e-01
8.407102418939783606e-01
8.404529078744209514e-01
8.399382398353062440e-01
8.383942357179618998e-01
8.381369016984044906e-01
8.376222336592897832e-01
8.373648996397323740e-01
8.371075656201749648e-01
8.368502316006175556e-01
8.329902213072568617e-01
8.324755532681420434e-01
8.322182192485846342e-01
8.319608852290272250e-01
8.317035512094699268e-01
8.309315491507976992e-01
8.306742151312404010e-01
8.301595470921255826e-01
8.299022130725681734e-01
8.296448790530107642e-01
8.293875450334534660e-01
8.291302110138960568e-01
8.286155429747812384e-01
8.283582089552238292e-01
8.281008749356665311e-01
8.278435409161091219e-01
8.275862068965517127e-01
8.270715388574370053e-01
8.265568708183221869e-01
8.257848687596500703e-01
8.237261966031909077e-01
8.234688625836336096e-01
8.224395265054039728e-01
8.208955223880597396e-01
8.201235203293875120e-01
8.198661863098302138e-01
8.196088522902728046e-01
8.190941842511579862e-01
8.188368502316005770e-01
8.175501801338136421e-01
8.175501801338136421e-01
8.170355120946989347e-01
8.167781780751415255e-01
8.162635100360268181e-01
8.142048378795676555e-01
8.136901698404529482e-01
8.134328358208955390e-01
8.126608337622233114e-01
8.106021616057642598e-01
8.093154915079773248e-01
8.090581574884199156e-01
8.085434894493052083e-01
8.072568193515182733e-01
8.067421513124034549e-01
8.059701492537313383e-01
8.057128152341739291e-01
8.051981471950592217e-01
8.049408131755018125e-01
8.046834791559444033e-01
8.044261451363869941e-01
8.041688111168296960e-01
8.039114770972722868e-01
8.036541430777148776e-01
8.031394750386000592e-01
8.003088008234688910e-01
8.000514668039114818e-01
7.997941327843540726e-01
7.995367987647966634e-01
7.992794647452393653e-01
7.990221307256819561e-01
7.979927946474524303e-01
7.977354606278950211e-01
7.972207925887802027e-01
7.928461142563046904e-01
7.920741121976325738e-01
7.910447761194029370e-01
7.907874420998456388e-01
7.905301080802882296e-01
7.900154400411734112e-01
7.887287699433864763e-01
7.871847658260422431e-01
7.869274318064848339e-01
7.866700977869274247e-01
7.858980957282553081e-01
7.856407617086978989e-01
7.853834276891404897e-01
7.851260936695830805e-01
7.848687596500257824e-01
7.843540916109109640e-01
7.840967575913535548e-01
7.828100874935666198e-01
7.822954194544519124e-01
7.812660833762223866e-01
7.807514153371075682e-01
7.804940813175501590e-01
7.802367472979927498e-01
7.802367472979927498e-01
7.799794132784354517e-01
7.784354091610911075e-01
7.779207411219762891e-01
7.756047349459598284e-01
7.738033968090581860e-01
7.732887287699433676e-01
7.730313947503859584e-01
7.727740607308286602e-01
7.722593926917138418e-01
7.717447246525990234e-01
7.709727225939269069e-01
7.699433865156973811e-01
7.683993823983530369e-01
7.681420483787956277e-01
7.678847143592383295e-01
7.676273803396809203e-01
7.671127123005661019e-01
7.668553782810088038e-01
7.665980442614513946e-01
7.663407102418939854e-01
7.660833762223365762e-01
7.658260422027791670e-01
7.650540401441070504e-01
7.647967061245496412e-01
7.629953679876479988e-01
7.627380339680905896e-01
7.624806999485331804e-01
7.619660319094184731e-01
7.617086978898610639e-01
7.611940298507462455e-01
7.609366958311888363e-01
7.606793618116315381e-01
7.606793618116315381e-01
7.599073597529593105e-01
7.599073597529593105e-01
7.591353576942871939e-01
7.586206896551723755e-01
7.583633556356150773e-01
7.563046834791559148e-01
7.557900154400412074e-01
7.496139989706639417e-01
7.485846628924344159e-01
7.467833247555326626e-01
7.465259907359752534e-01
7.460113226968605460e-01
7.457539886773031368e-01
7.452393206381883184e-01
7.452393206381883184e-01
7.447246525990736110e-01
7.444673185795162018e-01
7.442099845599587926e-01
7.439526505404014944e-01
7.436953165208440852e-01
7.434379825012866760e-01
7.431806484817292668e-01
7.429233144621718576e-01
7.426659804426145595e-01
7.424086464230571503e-01
7.416366443643849227e-01
7.413793103448276245e-01
7.411219763252702153e-01
7.400926402470406895e-01
7.398353062274832803e-01
7.395779722079258711e-01
7.390633041688111637e-01
7.388059701492537545e-01
7.380339680905815269e-01
7.377766340710242288e-01
7.372619660319094104e-01
7.367472979927945920e-01
7.367472979927945920e-01
7.334019557385486054e-01
7.331446217189911962e-01
7.321152856407616705e-01
7.318579516212043723e-01
7.316006176016469631e-01
7.313432835820895539e-01
7.310859495625321447e-01
7.308286155429747355e-01
7.303139475038600281e-01
7.303139475038600281e-01
7.290272774060730931e-01
7.290272774060730931e-01
7.218219248584663017e-01
7.215645908389088925e-01
7.210499227997941851e-01
7.200205867215645483e-01
7.197632527020072502e-01
7.187339166237776134e-01
7.184765826042203152e-01
7.182192485846629060e-01
7.182192485846629060e-01
7.182192485846629060e-01
7.179619145651054968e-01
7.174472465259907894e-01
7.166752444673185618e-01
7.153885743695316268e-01
7.151312403499742176e-01
7.138445702521873937e-01
7.128152341739577569e-01
7.128152341739577569e-01
7.125579001544004587e-01
7.123005661348430495e-01
7.120432321152856403e-01
7.117858980957282311e-01
7.112712300566135237e-01
7.110138960370561145e-01
7.092125579001543612e-01
7.081832218219248354e-01
7.076685537828101280e-01
7.074112197632527188e-01
7.071538857436953096e-01
7.066392177045804912e-01
7.058672156459083746e-01
7.040658775090067323e-01
7.038085434894493231e-01
7.032938754503345047e-01
7.027792074112197973e-01
7.025218733916623881e-01
7.012352032938754531e-01
7.009778692743180439e-01
7.004632012352033366e-01
6.991765311374164016e-01
6.986618630983015832e-01
6.984045290787441740e-01
6.984045290787441740e-01
6.978898610396294666e-01
6.976325270200720574e-01
6.971178589809572390e-01
6.968605249613999408e-01
6.968605249613999408e-01
6.932578486875965451e-01
6.917138445702522009e-01
6.914565105506947917e-01
6.911991765311373825e-01
6.906845084920226752e-01
6.906845084920226752e-01
6.901698404529078568e-01
6.899125064333504476e-01
6.886258363355635126e-01
6.883685023160062144e-01
6.875965002573339868e-01
6.873391662377766886e-01
6.870818322182192794e-01
6.868244981986618702e-01
6.865671641791044610e-01
6.863098301595470518e-01
6.860524961399897537e-01
6.857951621204323445e-01
6.842511580030880003e-01
6.827071538857436561e-01
6.819351518270715395e-01
6.819351518270715395e-01
6.816778178075141303e-01
6.791044776119402604e-01
6.791044776119402604e-01
6.785898095728255530e-01
6.775604734945960272e-01
6.773031394750386180e-01
6.767884714359237996e-01
6.762738033968090923e-01
6.752444673185795665e-01
6.749871332990221573e-01
6.747297992794647481e-01
6.744724652599073389e-01
6.734431291816778131e-01
6.724137931034482873e-01
6.721564590838908781e-01
6.700977869274318266e-01
6.682964487905300732e-01
6.680391147709727750e-01
6.675244467318579566e-01
6.667524446731858401e-01
6.657231085949562033e-01
6.657231085949562033e-01
6.654657745753989051e-01
6.649511065362840867e-01
6.641791044776119701e-01
6.636644364384971517e-01
6.628924343798250352e-01
6.626351003602676260e-01
6.621204323211528076e-01
6.603190941842511652e-01
6.600617601646937560e-01
6.598044261451363468e-01
6.595470921255790486e-01
6.590324240864642302e-01
6.577457539886772953e-01
6.569737519300051787e-01
6.567164179104477695e-01
6.567164179104477695e-01
6.562017498713329511e-01
6.544004117344313087e-01
6.528564076170869646e-01
6.523417395779722572e-01
6.523417395779722572e-01
6.513124034997426204e-01
6.505404014410705038e-01
6.487390633041688615e-01
6.484817292846114523e-01
6.477097272259392247e-01
6.456510550694801731e-01
6.438497169325785308e-01
6.435923829130211216e-01
6.430777148739063032e-01
6.420483787956767774e-01
6.420483787956767774e-01
6.420483787956767774e-01
6.417910447761193682e-01
6.415337107565620700e-01
6.415337107565620700e-01
6.394750386001029074e-01
6.394750386001029074e-01
6.358723623262995117e-01
6.356150283067421025e-01
6.335563561502830510e-01
6.330416881111683436e-01
6.294390118373649479e-01
6.276376737004631945e-01
6.271230056613483761e-01
6.266083376222336687e-01
6.253216675244467337e-01
6.248069994853319153e-01
6.245496654657746172e-01
6.240349974266597988e-01
6.227483273288728638e-01
6.224909933093154546e-01
6.217189912506433380e-01
6.214616572310859288e-01
6.204323211528564030e-01
6.199176531137415846e-01
6.196603190941842865e-01
6.194029850746268773e-01
6.188883170355120589e-01
6.186309830159547607e-01
6.183736489963973515e-01
6.178589809572825331e-01
6.173443129181678257e-01
6.165723108594955981e-01
6.163149768399381889e-01
6.155429747812660723e-01
6.142563046834791374e-01
6.139989706639217282e-01
6.137416366443644300e-01
6.114256304683479692e-01
6.109109624292331508e-01
6.106536284096757417e-01
6.098816263510036251e-01
6.091096242923313975e-01
6.085949562532166901e-01
6.080802882141018717e-01
6.078229541945445735e-01
6.062789500772002294e-01
6.057642820380854110e-01
6.055069480185280018e-01
6.039629439011837686e-01
6.037056098816263594e-01
6.034482758620689502e-01
6.021616057642820152e-01
6.001029336078229637e-01
5.998455995882655545e-01
5.983015954709212103e-01
5.959855892949047496e-01
5.952135872362326330e-01
5.934122490993308796e-01
5.928975810602161722e-01
5.926402470406587630e-01
5.921255790015440557e-01
5.900669068450848931e-01
5.892949047864127765e-01
5.890375707668553673e-01
5.864642305712814974e-01
5.846628924343798550e-01
5.841482243952650366e-01
5.828615542974781016e-01
5.826042202779206924e-01
5.820895522388059851e-01
5.815748841996911667e-01
5.813175501801338685e-01
5.810602161605764593e-01
5.808028821410190501e-01
5.805455481214616409e-01
5.792588780236747059e-01
5.790015440041172967e-01
5.784868759650025893e-01
5.779722079258877709e-01
5.774575398867730636e-01
5.761708697889861286e-01
5.759135357694287194e-01
5.738548636129696678e-01
5.735975295934122586e-01
5.723108594956253237e-01
5.715388574369532071e-01
5.707668553782809795e-01
5.694801852804940445e-01
5.692228512609367463e-01
5.689655172413793371e-01
5.687081832218219279e-01
5.676788471435924022e-01
5.674215131240349930e-01
5.658775090066906488e-01
5.656201749871333506e-01
5.651055069480185322e-01
5.651055069480185322e-01
5.651055069480185322e-01
5.648481729284611230e-01
5.638188368502315972e-01
5.630468347915594807e-01
5.627895007720020715e-01
5.620174987133299549e-01
5.620174987133299549e-01
5.617601646937725457e-01
5.615028306742151365e-01
5.602161605764282015e-01
5.584148224395265592e-01
5.581574884199691500e-01
5.579001544004117408e-01
5.579001544004117408e-01
5.571281523417396242e-01
5.571281523417396242e-01
5.560988162635099874e-01
5.548121461657231634e-01
5.545548121461657542e-01
5.540401441070509359e-01
5.535254760679362285e-01
5.524961399897065917e-01
5.524961399897065917e-01
5.440041173443128653e-01
5.440041173443128653e-01
5.432321152856407487e-01
5.429747812660833395e-01
5.424601132269686321e-01
5.422027792074112229e-01
5.411734431291816971e-01
5.409161091096242879e-01
5.404014410705094695e-01
5.404014410705094695e-01
5.401441070509521714e-01
5.401441070509521714e-01
5.398867730313947622e-01
5.388574369531652364e-01
5.383427689140504180e-01
5.378281008749357106e-01
5.375707668553783014e-01
5.365414307771487756e-01
5.365414307771487756e-01
5.360267627380339572e-01
5.360267627380339572e-01
5.342254246011323149e-01
5.342254246011323149e-01
5.339680905815749057e-01
5.337107565620174965e-01
5.311374163664436265e-01
5.311374163664436265e-01
5.308800823468862173e-01
5.306227483273289192e-01
5.293360782295419842e-01
5.288214101904271658e-01
5.285640761708697566e-01
5.280494081317550492e-01
5.247040658775089517e-01
5.241893978383942443e-01
5.234173957797221277e-01
5.231600617601647185e-01
5.208440555841482578e-01
5.205867215645908486e-01
5.203293875450334394e-01
5.195573854863613228e-01
5.195573854863613228e-01
5.174987133299021602e-01
5.162120432321153363e-01
5.159547092125579271e-01
5.151827071538856995e-01
5.149253731343284013e-01
5.141533710756561737e-01
5.131240349974266479e-01
5.131240349974266479e-01
5.123520329387545313e-01
5.118373648996397129e-01
5.115800308800823037e-01
5.113226968605250056e-01
5.110653628409675964e-01
5.074626865671642006e-01
5.069480185280493822e-01
5.012866700977869350e-01
5.010293360782295258e-01
5.010293360782295258e-01
5.002573340195574092e-01
5.000000000000000000e-01
4.997426659804425908e-01
4.994853319608852371e-01
4.994853319608852371e-01
4.976839938239835393e-01
4.971693257848687764e-01
4.969119917653113672e-01
4.966546577457540135e-01
4.956253216675244322e-01
4.953679876479670785e-01
4.948533196088523156e-01
4.930519814719506178e-01
4.917653113741636828e-01
4.902213072568193386e-01
4.899639732372619849e-01
4.861039629439011800e-01
4.853319608852290079e-01
4.845599588265568913e-01
4.837879567678847192e-01
4.837879567678847192e-01
4.832732887287699564e-01
4.825012866700977843e-01
4.794132784354091514e-01
4.791559444158517977e-01
4.727225939269171229e-01
4.722079258878023600e-01
4.719505918682450063e-01
4.719505918682450063e-01
4.706639217704580713e-01
4.696345856922284900e-01
4.686052496139989643e-01
4.680905815748842014e-01
4.678332475553267922e-01
4.652599073597529777e-01
4.642305712815233965e-01
4.639732372619660428e-01
4.634585692228512799e-01
4.632012352032938707e-01
4.632012352032938707e-01
4.632012352032938707e-01
4.629439011837365170e-01
4.626865671641791078e-01
4.619145651055069357e-01
4.616572310859495820e-01
4.603705609881626470e-01
4.590838908903757121e-01
4.577972207925887771e-01
4.572825527534740142e-01
4.570252187339166050e-01
4.541945445187853814e-01
4.539372104992279722e-01
4.536798764796706185e-01
4.511065362840967485e-01
4.508492022645393948e-01
4.505918682449819856e-01
4.500772002058672228e-01
4.482758620689655249e-01
4.480185280494081157e-01
4.475038600102933528e-01
4.464745239320638270e-01
4.462171899125064178e-01
4.459598558929490641e-01
4.451878538342768921e-01
4.439011837364899571e-01
4.436438497169326034e-01
4.433865156973751942e-01
4.423571796191456684e-01
4.418425115800309055e-01
4.413278435409160871e-01
4.405558414822439706e-01
4.392691713844570356e-01
4.387545033453422727e-01
4.387545033453422727e-01
4.387545033453422727e-01
4.372104992279979285e-01
4.372104992279979285e-01
4.369531652084405748e-01
4.366958311888831656e-01
4.359238291302109936e-01
4.343798250128667049e-01
4.343798250128667049e-01
4.341224909933092957e-01
4.341224909933092957e-01
4.333504889346371791e-01
4.328358208955223607e-01
4.325784868759650070e-01
4.323211528564075978e-01
4.323211528564075978e-01
4.310344827586206629e-01
4.310344827586206629e-01
1.335563561502830787e-01
1.332990221307256695e-01
1.309830159547092088e-01
1.299536798764796830e-01
1.299536798764796830e-01
1.284096757591353666e-01
1.278950077200205759e-01
1.273803396809058130e-01
1.273803396809058130e-01
1.271230056613484316e-01
1.224909933093154962e-01
1.222336592897581009e-01
1.217189912506433380e-01
1.217189912506433380e-01
1.217189912506433380e-01
1.217189912506433380e-01
1.217189912506433380e-01
1.212043232115285613e-01
1.194029850746268634e-01
1.119402985074626905e-01
1.119402985074626905e-01
1.101389603705609926e-01
1.098816263510035973e-01
1.098816263510035973e-01
1.098816263510035973e-01
1.098816263510035973e-01
1.096242923314462159e-01
1.096242923314462159e-01
1.093669583118888344e-01
1.093669583118888344e-01
1.093669583118888344e-01
1.093669583118888344e-01
1.011322696860524895e-01
9.752959341224909373e-02
9.444158517756047477e-02
9.366958311888831656e-02
9.238291302110139547e-02
9.186824498198661870e-02
9.032424086464230228e-02
8.980957282552753940e-02
8.980957282552753940e-02
8.980957282552753940e-02
8.980957282552753940e-02
8.672156459083890656e-02
8.672156459083890656e-02
8.620689655172414367e-02
8.337622233659289228e-02
8.311888831703551084e-02
8.311888831703551084e-02
8.311888831703551084e-02
8.234688625836335263e-02
8.003088008234689188e-02
8.003088008234689188e-02
8.003088008234689188e-02
7.771487390633041725e-02
7.642820380854349616e-02
7.642820380854349616e-02
7.642820380854349616e-02
7.642820380854349616e-02
7.642820380854349616e-02
7.642820380854349616e-02
7.488419969119917974e-02
7.488419969119917974e-02
7.462686567164178442e-02
7.462686567164178442e-02
7.436953165208440297e-02
7.436953165208440297e-02
7.436953165208440297e-02
6.587750900669069043e-02
6.253216675244467615e-02
6.253216675244467615e-02
6.227483273288728777e-02
2.830674215131240290e-02
2.727740607308286325e-02
2.727740607308286325e-02
2.676273803396808995e-02
2.676273803396808995e-02
2.032938754503345324e-02
2.032938754503345324e-02
2.032938754503345324e-02
2.032938754503345324e-02
2.032938754503345324e-02
2.032938754503345324e-02
2.032938754503345324e-02
1.724137931034482735e-02
1.724137931034482735e-02
1.724137931034482735e-02
1.724137931034482735e-02
1.724137931034482735e-02
1.724137931034482735e-02
1.724137931034482735e-02
1.724137931034482735e-02
1.724137931034482735e-02
1.724137931034482735e-02
1.698404529078744243e-02
1.698404529078744243e-02
1.698404529078744243e-02
1.698404529078744243e-02
1.698404529078744243e-02
1.698404529078744243e-02
1.698404529078744243e-02
1.698404529078744243e-02
1.698404529078744243e-02
1.698404529078744243e-02
1.698404529078744243e-02
1.698404529078744243e-02
1.698404529078744243e-02
1.698404529078744243e-02
1.698404529078744243e-02
1.646937725167267261e-02
1.646937725167267261e-02
1.544004117344312949e-02
1.544004117344312949e-02
1.544004117344312949e-02
1.544004117344312949e-02
1.544004117344312949e-02
1.338136901698404498e-02
1.338136901698404498e-02
1.338136901698404498e-02
1.338136901698404498e-02
1.338136901698404498e-02
1.338136901698404498e-02
1.338136901698404498e-02
1.338136901698404498e-02
1.338136901698404498e-02
1.338136901698404498e-02
1.338136901698404498e-02
1.338136901698404498e-02
1.338136901698404498e-02
1.338136901698404498e-02
1.338136901698404498e-02
1.338136901698404498e-02
1.338136901698404498e-02
1.338136901698404498e-02
1.338136901698404498e-02
1.338136901698404498e-02
1.338136901698404498e-02
1.338136901698404498e-02
1.338136901698404498e-02
1.338136901698404498e-02
1.338136901698404498e-02
2.058672156459084076e-03
2.058672156459084076e-03
2.058672156459084076e-03
2.058672156459084076e-03
2.058672156459084076e-03
2.058672156459084076e-03
2.058672156459084076e-03
2.058672156459084076e-03
2.058672156459084076e-03
2.058672156459084076e-03
2.058672156459084076e-03
2.058672156459084076e-03
2.058672156459084076e-03
2.058672156459084076e-03
2.058672156459084076e-03
2.058672156459084076e-03
2.058672156459084076e-03
2.058672156459084076e-03
2.058672156459084076e-03
2.058672156459084076e-03
2.058672156459084076e-03
2.058672156459084076e-03
2.058672156459084076e-03
2.058672156459084076e-03
2.058672156459084076e-03
2.058672156459084076e-03
2.058672156459084076e-03
2.058672156459084076e-03
2.058672156459084076e-03
2.058672156459084076e-03
2.058672156459084076e-03
2.058672156459084076e-03
2.058672156459084076e-03
2.058672156459084076e-03
2.058672156459084076e-03
2.058672156459084076e-03
2.058672156459084076e-03
2.058672156459084076e-03
2.058672156459084076e-03
2.058672156459084076e-03
2.058672156459084076e-03
2.058672156459084076e-03
2.058672156459084076e-03
2.058672156459084076e-03
2.058672156459084076e-03
2.058672156459084076e-03
2.058672156459084076e-03
2.058672156459084076e-03
2.058672156459084076e-03
2.058672156459084076e-03
2.058672156459084076e-03
2.058672156459084076e-03
2.058672156459084076e-03
2.058672156459084076e-03
2.058672156459084076e-03
2.058672156459084076e-03
2.058672156459084076e-03
2.058672156459084076e-03
2.058672156459084076e-03
2.058672156459084076e-03
2.058672156459084076e-03
2.058672156459084076e-03
2.058672156459084076e-03
2.058672156459084076e-03
2.058672156459084076e-03
2.058672156459084076e-03
2.058672156459084076e-03
2.058672156459084076e-03
2.058672156459084076e-03
2.058672156459084076e-03
2.058672156459084076e-03
2.058672156459084076e-03
2.058672156459084076e-03
2.058672156459084076e-03
2.058672156459084076e-03
2.058672156459084076e-03
2.058672156459084076e-03
2.058672156459084076e-03
2.058672156459084076e-03
2.058672156459084076e-03
2.058672156459084076e-03
2.058672156459084076e-03
2.058672156459084076e-03
2.058672156459084076e-03
2.058672156459084076e-03
2.058672156459084076e-03
2.058672156459084076e-03
2.058672156459084076e-03
2.058672156459084076e-03
2.058672156459084076e-03
2.058672156459084076e-03
2.058672156459084076e-03
2.058672156459084076e-03
2.058672156459084076e-03
2.058672156459084076e-03
2.058672156459084076e-03
2.058672156459084076e-03
2.058672156459084076e-03
2.058672156459084076e-03
2.058672156459084076e-03
2.058672156459084076e-03
2.058672156459084076e-03
2.058672156459084076e-03
2.058672156459084076e-03
2.058672156459084076e-03
2.058672156459084076e-03
2.058672156459084076e-03
2.058672156459084076e-03
2.058672156459084076e-03
2.058672156459084076e-03
2.058672156459084076e-03
2.058672156459084076e-03
2.058672156459084076e-03
2.058672156459084076e-03
2.058672156459084076e-03
2.058672156459084076e-03
2.058672156459084076e-03
2.058672156459084076e-03
2.058672156459084076e-03
2.058672156459084076e-03
2.058672156459084076e-03
2.058672156459084076e-03
2.058672156459084076e-03
2.058672156459084076e-03
2.058672156459084076e-03
2.058672156459084076e-03
2.058672156459084076e-03
2.058672156459084076e-03
2.058672156459084076e-03
2.058672156459084076e-03
2.058672156459084076e-03
2.058672156459084076e-03
2.058672156459084076e-03
2.058672156459084076e-03
2.058672156459084076e-03
2.058672156459084076e-03
2.058672156459084076e-03
2.058672156459084076e-03
2.058672156459084076e-03
2.058672156459084076e-03
2.058672156459084076e-03
2.058672156459084076e-03
2.058672156459084076e-03
2.058672156459084076e-03
2.058672156459084076e-03
2.058672156459084076e-03
2.058672156459084076e-03
2.058672156459084076e-03
2.058672156459084076e-03
2.058672156459084076e-03
2.058672156459084076e-03
2.058672156459084076e-03
2.058672156459084076e-03
2.058672156459084076e-03
2.058672156459084076e-03
2.058672156459084076e-03
2.058672156459084076e-03
2.058672156459084076e-03
2.058672156459084076e-03
2.058672156459084076e-03
2.058672156459084076e-03
2.058672156459084076e-03
2.058672156459084076e-03
2.058672156459084076e-03
2.058672156459084076e-03
2.058672156459084076e-03
2.058672156459084076e-03
2.058672156459084076e-03
2.058672156459084076e-03
2.058672156459084076e-03
2.058672156459084076e-03
2.058672156459084076e-03
2.058672156459084076e-03
2.058672156459084076e-03
2.058672156459084076e-03
2.058672156459084076e-03
2.058672156459084076e-03
2.058672156459084076e-03
2.058672156459084076e-03
2.058672156459084076e-03
2.058672156459084076e-03
2.058672156459084076e-03
2.058672156459084076e-03
2.058672156459084076e-03
2.058672156459084076e-03
2.058672156459084076e-03
2.058672156459084076e-03
2.058672156459084076e-03
2.058672156459084076e-03
2.058672156459084076e-03
2.058672156459084076e-03
2.058672156459084076e-03
2.058672156459084076e-03
2.058672156459084076e-03
2.058672156459084076e-03
2.058672156459084076e-03
2.058672156459084076e-03
2.058672156459084076e-03
2.058672156459084076e-03
2.058672156459084076e-03
2.058672156459084076e-03
2.058672156459084076e-03
2.058672156459084076e-03
2.058672156459084076e-03
2.058672156459084076e-03
2.058672156459084076e-03
2.058672156459084076e-03
2.058672156459084076e-03
2.058672156459084076e-03
2.058672156459084076e-03
2.058672156459084076e-03
2.058672156459084076e-03
2.058672156459084076e-03
2.058672156459084076e-03
2.058672156459084076e-03
2.058672156459084076e-03
2.058672156459084076e-03
2.058672156459084076e-03
2.058672156459084076e-03
2.058672156459084076e-03
2.058672156459084076e-03
2.058672156459084076e-03
2.058672156459084076e-03
2.058672156459084076e-03
2.058672156459084076e-03
2.058672156459084076e-03
2.058672156459084076e-03
2.058672156459084076e-03
2.058672156459084076e-03
2.058672156459084076e-03
2.058672156459084076e-03
2.058672156459084076e-03
2.058672156459084076e-03
2.058672156459084076e-03
2.058672156459084076e-03
2.058672156459084076e-03
2.058672156459084076e-03
2.058672156459084076e-03
2.058672156459084076e-03
2.058672156459084076e-03
2.058672156459084076e-03
2.058672156459084076e-03
2.058672156459084076e-03
2.058672156459084076e-03
2.058672156459084076e-03
2.058672156459084076e-03
2.058672156459084076e-03
2.058672156459084076e-03
2.058672156459084076e-03
2.058672156459084076e-03
2.058672156459084076e-03
2.058672156459084076e-03
2.058672156459084076e-03
2.058672156459084076e-03
2.058672156459084076e-03
2.058672156459084076e-03
2.058672156459084076e-03
2.058672156459084076e-03
2.058672156459084076e-03
2.058672156459084076e-03
2.058672156459084076e-03
2.058672156459084076e-03
2.058672156459084076e-03
2.058672156459084076e-03
2.058672156459084076e-03
2.058672156459084076e-03
2.058672156459084076e-03
2.058672156459084076e-03
2.058672156459084076e-03
2.058672156459084076e-03
2.058672156459084076e-03
2.058672156459084076e-03
2.058672156459084076e-03
2.058672156459084076e-03
2.058672156459084076e-03
2.058672156459084076e-03
2.058672156459084076e-03
2.058672156459084076e-03
2.058672156459084076e-03
2.058672156459084076e-03
2.058672156459084076e-03
2.058672156459084076e-03
2.058672156459084076e-03
2.058672156459084076e-03
2.058672156459084076e-03
2.058672156459084076e-03
2.058672156459084076e-03
2.058672156459084076e-03
2.058672156459084076e-03
2.058672156459084076e-03
2.058672156459084076e-03
2.058672156459084076e-03
2.058672156459084076e-03
2.058672156459084076e-03
2.058672156459084076e-03
2.058672156459084076e-03
2.058672156459084076e-03
2.058672156459084076e-03
2.058672156459084076e-03
2.058672156459084076e-03
2.058672156459084076e-03
2.058672156459084076e-03
2.058672156459084076e-03
2.058672156459084076e-03
2.058672156459084076e-03
2.058672156459084076e-03
2.058672156459084076e-03
2.058672156459084076e-03
2.058672156459084076e-03
2.058672156459084076e-03
2.058672156459084076e-03
2.058672156459084076e-03
2.058672156459084076e-03
2.058672156459084076e-03
2.058672156459084076e-03
2.058672156459084076e-03
2.058672156459084076e-03
2.058672156459084076e-03
2.058672156459084076e-03
2.058672156459084076e-03
2.058672156459084076e-03
2.058672156459084076e-03
2.058672156459084076e-03
2.058672156459084076e-03
2.058672156459084076e-03
2.058672156459084076e-03
2.058672156459084076e-03
2.058672156459084076e-03
2.058672156459084076e-03
2.058672156459084076e-03
2.058672156459084076e-03
2.058672156459084076e-03
2.058672156459084076e-03
2.058672156459084076e-03
2.058672156459084076e-03
2.058672156459084076e-03
2.058672156459084076e-03
2.058672156459084076e-03
2.058672156459084076e-03
2.058672156459084076e-03
2.058672156459084076e-03
2.058672156459084076e-03
2.058672156459084076e-03
2.058672156459084076e-03
2.058672156459084076e-03
2.058672156459084076e-03
2.058672156459084076e-03
2.058672156459084076e-03
2.058672156459084076e-03
2.058672156459084076e-03
2.058672156459084076e-03
2.058672156459084076e-03
2.058672156459084076e-03
2.058672156459084076e-03
2.058672156459084076e-03
2.058672156459084076e-03
2.058672156459084076e-03
2.058672156459084076e-03
2.058672156459084076e-03
2.058672156459084076e-03
2.058672156459084076e-03
2.058672156459084076e-03
2.058672156459084076e-03
2.058672156459084076e-03
2.058672156459084076e-03
2.058672156459084076e-03
2.058672156459084076e-03
2.058672156459084076e-03
2.058672156459084076e-03
2.058672156459084076e-03
2.058672156459084076e-03
2.058672156459084076e-03
2.058672156459084076e-03
2.058672156459084076e-03
2.058672156459084076e-03
2.058672156459084076e-03
2.058672156459084076e-03
2.058672156459084076e-03
2.058672156459084076e-03
2.058672156459084076e-03
2.058672156459084076e-03
2.058672156459084076e-03
2.058672156459084076e-03
2.058672156459084076e-03
2.058672156459084076e-03
2.058672156459084076e-03
2.058672156459084076e-03
2.058672156459084076e-03
2.058672156459084076e-03
2.058672156459084076e-03
2.058672156459084076e-03
2.058672156459084076e-03
2.058672156459084076e-03
2.058672156459084076e-03
2.058672156459084076e-03
2.058672156459084076e-03
2.058672156459084076e-03
2.058672156459084076e-03
2.058672156459084076e-03
2.058672156459084076e-03
2.058672156459084076e-03
2.058672156459084076e-03
2.058672156459084076e-03
2.058672156459084076e-03
2.058672156459084076e-03
2.058672156459084076e-03
2.058672156459084076e-03
2.058672156459084076e-03
2.058672156459084076e-03
2.058672156459084076e-03
2.058672156459084076e-03
2.058672156459084076e-03
2.058672156459084076e-03
2.058672156459084076e-03
2.058672156459084076e-03
2.058672156459084076e-03
2.058672156459084076e-03
2.058672156459084076e-03
2.058672156459084076e-03
2.058672156459084076e-03
2.058672156459084076e-03
2.058672156459084076e-03
2.058672156459084076e-03
2.058672156459084076e-03
2.058672156459084076e-03
2.058672156459084076e-03
2.058672156459084076e-03
2.058672156459084076e-03
2.058672156459084076e-03
2.058672156459084076e-03
2.058672156459084076e-03
2.058672156459084076e-03
2.058672156459084076e-03
2.058672156459084076e-03
2.058672156459084076e-03
2.058672156459084076e-03
2.058672156459084076e-03
2.058672156459084076e-03
2.058672156459084076e-03
2.058672156459084076e-03
2.058672156459084076e-03
2.058672156459084076e-03
2.058672156459084076e-03
2.058672156459084076e-03
2.058672156459084076e-03
2.058672156459084076e-03
2.058672156459084076e-03
2.058672156459084076e-03
2.058672156459084076e-03
2.058672156459084076e-03
2.058672156459084076e-03
2.058672156459084076e-03
2.058672156459084076e-03
2.058672156459084076e-03
2.058672156459084076e-03
2.058672156459084076e-03
2.058672156459084076e-03
2.058672156459084076e-03
2.058672156459084076e-03
2.058672156459084076e-03
2.058672156459084076e-03
2.058672156459084076e-03
2.058672156459084076e-03
2.058672156459084076e-03
2.058672156459084076e-03
2.058672156459084076e-03
2.058672156459084076e-03
2.058672156459084076e-03
2.058672156459084076e-03
2.058672156459084076e-03
2.058672156459084076e-03
2.058672156459084076e-03
2.058672156459084076e-03
2.058672156459084076e-03
2.058672156459084076e-03
2.058672156459084076e-03
2.058672156459084076e-03
2.058672156459084076e-03
2.058672156459084076e-03
2.058672156459084076e-03
2.058672156459084076e-03
2.058672156459084076e-03
2.058672156459084076e-03
2.058672156459084076e-03
2.058672156459084076e-03
2.058672156459084076e-03
2.058672156459084076e-03
2.058672156459084076e-03
2.058672156459084076e-03
2.058672156459084076e-03
2.058672156459084076e-03
2.058672156459084076e-03
2.058672156459084076e-03
2.058672156459084076e-03
2.058672156459084076e-03
2.058672156459084076e-03
2.058672156459084076e-03
2.058672156459084076e-03
2.058672156459084076e-03
2.058672156459084076e-03
2.058672156459084076e-03
2.058672156459084076e-03
2.058672156459084076e-03
2.058672156459084076e-03
2.058672156459084076e-03
2.058672156459084076e-03
2.058672156459084076e-03
2.058672156459084076e-03
2.058672156459084076e-03
2.058672156459084076e-03
2.058672156459084076e-03
2.058672156459084076e-03
2.058672156459084076e-03
2.058672156459084076e-03
2.058672156459084076e-03
2.058672156459084076e-03
2.058672156459084076e-03
2.058672156459084076e-03
2.058672156459084076e-03
2.058672156459084076e-03
2.058672156459084076e-03
2.058672156459084076e-03
2.058672156459084076e-03
2.058672156459084076e-03
2.058672156459084076e-03
2.058672156459084076e-03
2.058672156459084076e-03
2.058672156459084076e-03
2.058672156459084076e-03
2.058672156459084076e-03
2.058672156459084076e-03
2.058672156459084076e-03
2.058672156459084076e-03
2.058672156459084076e-03
2.058672156459084076e-03
2.058672156459084076e-03
2.058672156459084076e-03
2.058672156459084076e-03
2.058672156459084076e-03
2.058672156459084076e-03
2.058672156459084076e-03
2.058672156459084076e-03
2.058672156459084076e-03
2.058672156459084076e-03
2.058672156459084076e-03
2.058672156459084076e-03
2.058672156459084076e-03
2.058672156459084076e-03
2.058672156459084076e-03
2.058672156459084076e-03
2.058672156459084076e-03
2.058672156459084076e-03
2.058672156459084076e-03
2.058672156459084076e-03
2.058672156459084076e-03
2.058672156459084076e-03
2.058672156459084076e-03
2.058672156459084076e-03
2.058672156459084076e-03
2.058672156459084076e-03
2.058672156459084076e-03
2.058672156459084076e-03
2.058672156459084076e-03
2.058672156459084076e-03
2.058672156459084076e-03
2.058672156459084076e-03
2.058672156459084076e-03
2.058672156459084076e-03
2.058672156459084076e-03
2.058672156459084076e-03
2.058672156459084076e-03
2.058672156459084076e-03
2.058672156459084076e-03
2.058672156459084076e-03
2.058672156459084076e-03
2.058672156459084076e-03
2.058672156459084076e-03
2.058672156459084076e-03
2.058672156459084076e-03
2.058672156459084076e-03
2.058672156459084076e-03
2.058672156459084076e-03
2.058672156459084076e-03
2.058672156459084076e-03
2.058672156459084076e-03
2.058672156459084076e-03
2.058672156459084076e-03
2.058672156459084076e-03
2.058672156459084076e-03
2.058672156459084076e-03
2.058672156459084076e-03
2.058672156459084076e-03
2.058672156459084076e-03
2.058672156459084076e-03
2.058672156459084076e-03
2.058672156459084076e-03
2.058672156459084076e-03
2.058672156459084076e-03
2.058672156459084076e-03
2.058672156459084076e-03
2.058672156459084076e-03
2.058672156459084076e-03
2.058672156459084076e-03
2.058672156459084076e-03
2.058672156459084076e-03
2.058672156459084076e-03
2.058672156459084076e-03
2.058672156459084076e-03
2.058672156459084076e-03
2.058672156459084076e-03
2.058672156459084076e-03
2.058672156459084076e-03
2.058672156459084076e-03
2.058672156459084076e-03
2.058672156459084076e-03
2.058672156459084076e-03
2.058672156459084076e-03
2.058672156459084076e-03
2.058672156459084076e-03
2.058672156459084076e-03
2.058672156459084076e-03
2.058672156459084076e-03
2.058672156459084076e-03
2.058672156459084076e-03
2.058672156459084076e-03
2.058672156459084076e-03
2.058672156459084076e-03
2.058672156459084076e-03
2.058672156459084076e-03
2.058672156459084076e-03
2.058672156459084076e-03
2.058672156459084076e-03
2.058672156459084076e-03
2.058672156459084076e-03
2.058672156459084076e-03
2.058672156459084076e-03
2.058672156459084076e-03
2.058672156459084076e-03
2.058672156459084076e-03
2.058672156459084076e-03
2.058672156459084076e-03
2.058672156459084076e-03
2.058672156459084076e-03
2.058672156459084076e-03
2.058672156459084076e-03
2.058672156459084076e-03
2.058672156459084076e-03
2.058672156459084076e-03
2.058672156459084076e-03
2.058672156459084076e-03
2.058672156459084076e-03
2.058672156459084076e-03
2.058672156459084076e-03
2.058672156459084076e-03
2.058672156459084076e-03
2.058672156459084076e-03
2.058672156459084076e-03
2.058672156459084076e-03
2.058672156459084076e-03
2.058672156459084076e-03
2.058672156459084076e-03
2.058672156459084076e-03
2.058672156459084076e-03
2.058672156459084076e-03
2.058672156459084076e-03
2.058672156459084076e-03
2.058672156459084076e-03
2.058672156459084076e-03
2.058672156459084076e-03
2.058672156459084076e-03
2.058672156459084076e-03
2.058672156459084076e-03
2.058672156459084076e-03
2.058672156459084076e-03
2.058672156459084076e-03
2.058672156459084076e-03
2.058672156459084076e-03
2.058672156459084076e-03
2.058672156459084076e-03
2.058672156459084076e-03
2.058672156459084076e-03
2.058672156459084076e-03
2.058672156459084076e-03
2.058672156459084076e-03
2.058672156459084076e-03
2.058672156459084076e-03
2.058672156459084076e-03
2.058672156459084076e-03
2.058672156459084076e-03
2.058672156459084076e-03
2.058672156459084076e-03
2.058672156459084076e-03
2.058672156459084076e-03
2.058672156459084076e-03
2.058672156459084076e-03
2.058672156459084076e-03
2.058672156459084076e-03
2.058672156459084076e-03
2.058672156459084076e-03
2.058672156459084076e-03
2.058672156459084076e-03
2.058672156459084076e-03
2.058672156459084076e-03
2.058672156459084076e-03
2.058672156459084076e-03
2.058672156459084076e-03
2.058672156459084076e-03
2.058672156459084076e-03
2.058672156459084076e-03
2.058672156459084076e-03
2.058672156459084076e-03
2.058672156459084076e-03
2.058672156459084076e-03
2.058672156459084076e-03
2.058672156459084076e-03
2.058672156459084076e-03
2.058672156459084076e-03
2.058672156459084076e-03
2.058672156459084076e-03
2.058672156459084076e-03
2.058672156459084076e-03
2.058672156459084076e-03
2.058672156459084076e-03
2.058672156459084076e-03
2.058672156459084076e-03
2.058672156459084076e-03
2.058672156459084076e-03
2.058672156459084076e-03
2.058672156459084076e-03
2.058672156459084076e-03
2.058672156459084076e-03
2.058672156459084076e-03
2.058672156459084076e-03
2.058672156459084076e-03
2.058672156459084076e-03
2.058672156459084076e-03
2.058672156459084076e-03
2.058672156459084076e-03
2.058672156459084076e-03
2.058672156459084076e-03
2.058672156459084076e-03
2.058672156459084076e-03
2.058672156459084076e-03
2.058672156459084076e-03
2.058672156459084076e-03
2.058672156459084076e-03
2.058672156459084076e-03
2.058672156459084076e-03
2.058672156459084076e-03
2.058672156459084076e-03
2.058672156459084076e-03
2.058672156459084076e-03
2.058672156459084076e-03
2.058672156459084076e-03
2.058672156459084076e-03
2.058672156459084076e-03
2.058672156459084076e-03
2.058672156459084076e-03
2.058672156459084076e-03
2.058672156459084076e-03
2.058672156459084076e-03
2.058672156459084076e-03
2.058672156459084076e-03
2.058672156459084076e-03
2.058672156459084076e-03
2.058672156459084076e-03
2.058672156459084076e-03
2.058672156459084076e-03
2.058672156459084076e-03
2.058672156459084076e-03
2.058672156459084076e-03
2.058672156459084076e-03
2.058672156459084076e-03
2.058672156459084076e-03
2.058672156459084076e-03
2.058672156459084076e-03
2.058672156459084076e-03
2.058672156459084076e-03
2.058672156459084076e-03
2.058672156459084076e-03
2.058672156459084076e-03
2.058672156459084076e-03
2.058672156459084076e-03
2.058672156459084076e-03
2.058672156459084076e-03
2.058672156459084076e-03
2.058672156459084076e-03
2.058672156459084076e-03
2.058672156459084076e-03
2.058672156459084076e-03
2.058672156459084076e-03
2.058672156459084076e-03
2.058672156459084076e-03
2.058672156459084076e-03
2.058672156459084076e-03
2.058672156459084076e-03
2.058672156459084076e-03
2.058672156459084076e-03
2.058672156459084076e-03
2.058672156459084076e-03
2.058672156459084076e-03
2.058672156459084076e-03
2.058672156459084076e-03
2.058672156459084076e-03
2.058672156459084076e-03
2.058672156459084076e-03
2.058672156459084076e-03
2.058672156459084076e-03
2.058672156459084076e-03
2.058672156459084076e-03
2.058672156459084076e-03
2.058672156459084076e-03
2.058672156459084076e-03
2.058672156459084076e-03
2.058672156459084076e-03
2.058672156459084076e-03
2.058672156459084076e-03
2.058672156459084076e-03
2.058672156459084076e-03
2.058672156459084076e-03
2.058672156459084076e-03
2.058672156459084076e-03
2.058672156459084076e-03
2.058672156459084076e-03
2.058672156459084076e-03
2.058672156459084076e-03
2.058672156459084076e-03
2.058672156459084076e-03
2.058672156459084076e-03
2.058672156459084076e-03
2.058672156459084076e-03
2.058672156459084076e-03
2.058672156459084076e-03
2.058672156459084076e-03
2.058672156459084076e-03
2.058672156459084076e-03
2.058672156459084076e-03
2.058672156459084076e-03
2.058672156459084076e-03
2.058672156459084076e-03
2.058672156459084076e-03
2.058672156459084076e-03
2.058672156459084076e-03
2.058672156459084076e-03
2.058672156459084076e-03
2.058672156459084076e-03
2.058672156459084076e-03
2.058672156459084076e-03
2.058672156459084076e-03
2.058672156459084076e-03
2.058672156459084076e-03
2.058672156459084076e-03
2.058672156459084076e-03
2.058672156459084076e-03
2.058672156459084076e-03
2.058672156459084076e-03
2.058672156459084076e-03
2.058672156459084076e-03
2.058672156459084076e-03
2.058672156459084076e-03
2.058672156459084076e-03
2.058672156459084076e-03
2.058672156459084076e-03
2.058672156459084076e-03
2.058672156459084076e-03
2.058672156459084076e-03
2.058672156459084076e-03
2.058672156459084076e-03
2.058672156459084076e-03
2.058672156459084076e-03
2.058672156459084076e-03
2.058672156459084076e-03
2.058672156459084076e-03
2.058672156459084076e-03
2.058672156459084076e-03
2.058672156459084076e-03
2.058672156459084076e-03
2.058672156459084076e-03
2.058672156459084076e-03
2.058672156459084076e-03
2.058672156459084076e-03
2.058672156459084076e-03
2.058672156459084076e-03
2.058672156459084076e-03
2.058672156459084076e-03
2.058672156459084076e-03
2.058672156459084076e-03
2.058672156459084076e-03
2.058672156459084076e-03
2.058672156459084076e-03
2.058672156459084076e-03
2.058672156459084076e-03
2.058672156459084076e-03
2.058672156459084076e-03
2.058672156459084076e-03
2.058672156459084076e-03
2.058672156459084076e-03
2.058672156459084076e-03
2.058672156459084076e-03
2.058672156459084076e-03
2.058672156459084076e-03
2.058672156459084076e-03
2.058672156459084076e-03
2.058672156459084076e-03
2.058672156459084076e-03
2.058672156459084076e-03
2.058672156459084076e-03
2.058672156459084076e-03
2.058672156459084076e-03
2.058672156459084076e-03
2.058672156459084076e-03
2.058672156459084076e-03
2.058672156459084076e-03
2.058672156459084076e-03
2.058672156459084076e-03
2.058672156459084076e-03
2.058672156459084076e-03
2.058672156459084076e-03
2.058672156459084076e-03
2.058672156459084076e-03
2.058672156459084076e-03
2.058672156459084076e-03
2.058672156459084076e-03
2.058672156459084076e-03
2.058672156459084076e-03
2.058672156459084076e-03
2.058672156459084076e-03
2.058672156459084076e-03
2.058672156459084076e-03
2.058672156459084076e-03
2.058672156459084076e-03
2.058672156459084076e-03
2.058672156459084076e-03
2.058672156459084076e-03
2.058672156459084076e-03
2.058672156459084076e-03
2.058672156459084076e-03
2.058672156459084076e-03
2.058672156459084076e-03
2.058672156459084076e-03
2.058672156459084076e-03
2.058672156459084076e-03
2.058672156459084076e-03
2.058672156459084076e-03
2.058672156459084076e-03
2.058672156459084076e-03
2.058672156459084076e-03
2.058672156459084076e-03
2.058672156459084076e-03
2.058672156459084076e-03
2.058672156459084076e-03
2.058672156459084076e-03
2.058672156459084076e-03
2.058672156459084076e-03
2.058672156459084076e-03
2.058672156459084076e-03
2.058672156459084076e-03
2.058672156459084076e-03
2.058672156459084076e-03
2.058672156459084076e-03
2.058672156459084076e-03
2.058672156459084076e-03
2.058672156459084076e-03
2.058672156459084076e-03
2.058672156459084076e-03
2.058672156459084076e-03
2.058672156459084076e-03
2.058672156459084076e-03
2.058672156459084076e-03
2.058672156459084076e-03
2.058672156459084076e-03
2.058672156459084076e-03
2.058672156459084076e-03
2.058672156459084076e-03
2.058672156459084076e-03
2.058672156459084076e-03
2.058672156459084076e-03
2.058672156459084076e-03
2.058672156459084076e-03
2.058672156459084076e-03
2.058672156459084076e-03
2.058672156459084076e-03
2.058672156459084076e-03
2.058672156459084076e-03
2.058672156459084076e-03
2.058672156459084076e-03
2.058672156459084076e-03
2.058672156459084076e-03
2.058672156459084076e-03
2.058672156459084076e-03
2.058672156459084076e-03
2.058672156459084076e-03
2.058672156459084076e-03
2.058672156459084076e-03
2.058672156459084076e-03
2.058672156459084076e-03
2.058672156459084076e-03
2.058672156459084076e-03
2.058672156459084076e-03
2.058672156459084076e-03
2.058672156459084076e-03
2.058672156459084076e-03
2.058672156459084076e-03
2.058672156459084076e-03
2.058672156459084076e-03
2.058672156459084076e-03
2.058672156459084076e-03
2.058672156459084076e-03
2.058672156459084076e-03
2.058672156459084076e-03
2.058672156459084076e-03
2.058672156459084076e-03
2.058672156459084076e-03
2.058672156459084076e-03
2.058672156459084076e-03
2.058672156459084076e-03
2.058672156459084076e-03
2.058672156459084076e-03
2.058672156459084076e-03
2.058672156459084076e-03
2.058672156459084076e-03
2.058672156459084076e-03
2.058672156459084076e-03
2.058672156459084076e-03
2.058672156459084076e-03
2.058672156459084076e-03
2.058672156459084076e-03
2.058672156459084076e-03
2.058672156459084076e-03
2.058672156459084076e-03
2.058672156459084076e-03
2.058672156459084076e-03
2.058672156459084076e-03
2.058672156459084076e-03
2.058672156459084076e-03
2.058672156459084076e-03
2.058672156459084076e-03
2.058672156459084076e-03
2.058672156459084076e-03
2.058672156459084076e-03
2.058672156459084076e-03
2.058672156459084076e-03
2.058672156459084076e-03
2.058672156459084076e-03
2.058672156459084076e-03
2.058672156459084076e-03
2.058672156459084076e-03
2.058672156459084076e-03
2.058672156459084076e-03
2.058672156459084076e-03
2.058672156459084076e-03
2.058672156459084076e-03
2.058672156459084076e-03
2.058672156459084076e-03
2.058672156459084076e-03
2.058672156459084076e-03
2.058672156459084076e-03
2.058672156459084076e-03
2.058672156459084076e-03
2.058672156459084076e-03
2.058672156459084076e-03
2.058672156459084076e-03
2.058672156459084076e-03
2.058672156459084076e-03
2.058672156459084076e-03
2.058672156459084076e-03
2.058672156459084076e-03
2.058672156459084076e-03
2.058672156459084076e-03
2.058672156459084076e-03
2.058672156459084076e-03
2.058672156459084076e-03
2.058672156459084076e-03
2.058672156459084076e-03
2.058672156459084076e-03
2.058672156459084076e-03
2.058672156459084076e-03
2.058672156459084076e-03
2.058672156459084076e-03
2.058672156459084076e-03
2.058672156459084076e-03
2.058672156459084076e-03
2.058672156459084076e-03
2.058672156459084076e-03
2.058672156459084076e-03
2.058672156459084076e-03
2.058672156459084076e-03
2.058672156459084076e-03
2.058672156459084076e-03
2.058672156459084076e-03
2.058672156459084076e-03
2.058672156459084076e-03
2.058672156459084076e-03
2.058672156459084076e-03
2.058672156459084076e-03
2.058672156459084076e-03
2.058672156459084076e-03
2.058672156459084076e-03
2.058672156459084076e-03
2.058672156459084076e-03
2.058672156459084076e-03
2.058672156459084076e-03
2.058672156459084076e-03
2.058672156459084076e-03
2.058672156459084076e-03
2.058672156459084076e-03
2.058672156459084076e-03
2.058672156459084076e-03
2.058672156459084076e-03
2.058672156459084076e-03
2.058672156459084076e-03
2.058672156459084076e-03
2.058672156459084076e-03
2.058672156459084076e-03
2.058672156459084076e-03
2.058672156459084076e-03
2.058672156459084076e-03
2.058672156459084076e-03
2.058672156459084076e-03
2.058672156459084076e-03
2.058672156459084076e-03
2.058672156459084076e-03
2.058672156459084076e-03
2.058672156459084076e-03
2.058672156459084076e-03
2.058672156459084076e-03
2.058672156459084076e-03
2.058672156459084076e-03
2.058672156459084076e-03
2.058672156459084076e-03
2.058672156459084076e-03
2.058672156459084076e-03
2.058672156459084076e-03
2.058672156459084076e-03
2.058672156459084076e-03
2.058672156459084076e-03
2.058672156459084076e-03
2.058672156459084076e-03
2.058672156459084076e-03
2.058672156459084076e-03
2.058672156459084076e-03
2.058672156459084076e-03
2.058672156459084076e-03
2.058672156459084076e-03
2.058672156459084076e-03
2.058672156459084076e-03
2.058672156459084076e-03
2.058672156459084076e-03
2.058672156459084076e-03
2.058672156459084076e-03
2.058672156459084076e-03
2.058672156459084076e-03
2.058672156459084076e-03
2.058672156459084076e-03
2.058672156459084076e-03
2.058672156459084076e-03
2.058672156459084076e-03
2.058672156459084076e-03
2.058672156459084076e-03
2.058672156459084076e-03
2.058672156459084076e-03
2.058672156459084076e-03
2.058672156459084076e-03
2.058672156459084076e-03
2.058672156459084076e-03
2.058672156459084076e-03
2.058672156459084076e-03
2.058672156459084076e-03
2.058672156459084076e-03
2.058672156459084076e-03
2.058672156459084076e-03
2.058672156459084076e-03
2.058672156459084076e-03
2.058672156459084076e-03
2.058672156459084076e-03
2.058672156459084076e-03
2.058672156459084076e-03
2.058672156459084076e-03
2.058672156459084076e-03
2.058672156459084076e-03
2.058672156459084076e-03
2.058672156459084076e-03
2.058672156459084076e-03
2.058672156459084076e-03
2.058672156459084076e-03
2.058672156459084076e-03
2.058672156459084076e-03
2.058672156459084076e-03
2.058672156459084076e-03
2.058672156459084076e-03
2.058672156459084076e-03
2.058672156459084076e-03
2.058672156459084076e-03
2.058672156459084076e-03
2.058672156459084076e-03
2.058672156459084076e-03
2.058672156459084076e-03
2.058672156459084076e-03
2.058672156459084076e-03
2.058672156459084076e-03
2.058672156459084076e-03
2.058672156459084076e-03
2.058672156459084076e-03
2.058672156459084076e-03
2.058672156459084076e-03
2.058672156459084076e-03
2.058672156459084076e-03
2.058672156459084076e-03
2.058672156459084076e-03
2.058672156459084076e-03
2.058672156459084076e-03
2.058672156459084076e-03
2.058672156459084076e-03
2.058672156459084076e-03
2.058672156459084076e-03
2.058672156459084076e-03
2.058672156459084076e-03
2.058672156459084076e-03
2.058672156459084076e-03
2.058672156459084076e-03
2.058672156459084076e-03
2.058672156459084076e-03
2.058672156459084076e-03
2.058672156459084076e-03
2.058672156459084076e-03
2.058672156459084076e-03
2.058672156459084076e-03
2.058672156459084076e-03
2.058672156459084076e-03
2.058672156459084076e-03
2.058672156459084076e-03
2.058672156459084076e-03
2.058672156459084076e-03
2.058672156459084076e-03
2.058672156459084076e-03
2.058672156459084076e-03
2.058672156459084076e-03
2.058672156459084076e-03
2.058672156459084076e-03
2.058672156459084076e-03
2.058672156459084076e-03
2.058672156459084076e-03
2.058672156459084076e-03
2.058672156459084076e-03
2.058672156459084076e-03
2.058672156459084076e-03
2.058672156459084076e-03
2.058672156459084076e-03
2.058672156459084076e-03
2.058672156459084076e-03
2.058672156459084076e-03
2.058672156459084076e-03
2.058672156459084076e-03
2.058672156459084076e-03
2.058672156459084076e-03
2.058672156459084076e-03
2.058672156459084076e-03
2.058672156459084076e-03
2.058672156459084076e-03
2.058672156459084076e-03
2.058672156459084076e-03
2.058672156459084076e-03
2.058672156459084076e-03
2.058672156459084076e-03
2.058672156459084076e-03
2.058672156459084076e-03
2.058672156459084076e-03
2.058672156459084076e-03
2.058672156459084076e-03
2.058672156459084076e-03
2.058672156459084076e-03
2.058672156459084076e-03
2.058672156459084076e-03
2.058672156459084076e-03
2.058672156459084076e-03
2.058672156459084076e-03
2.058672156459084076e-03
2.058672156459084076e-03
2.058672156459084076e-03
2.058672156459084076e-03
2.058672156459084076e-03
2.058672156459084076e-03
2.058672156459084076e-03
2.058672156459084076e-03
2.058672156459084076e-03
2.058672156459084076e-03
2.058672156459084076e-03
2.058672156459084076e-03
2.058672156459084076e-03
2.058672156459084076e-03
2.058672156459084076e-03
2.058672156459084076e-03
2.058672156459084076e-03
2.058672156459084076e-03
2.058672156459084076e-03
2.058672156459084076e-03
2.058672156459084076e-03
2.058672156459084076e-03
2.058672156459084076e-03
2.058672156459084076e-03
2.058672156459084076e-03
2.058672156459084076e-03
2.058672156459084076e-03
2.058672156459084076e-03
2.058672156459084076e-03
2.058672156459084076e-03
2.058672156459084076e-03
2.058672156459084076e-03
2.058672156459084076e-03
2.058672156459084076e-03
2.058672156459084076e-03
2.058672156459084076e-03
2.058672156459084076e-03
2.058672156459084076e-03
2.058672156459084076e-03
2.058672156459084076e-03
2.058672156459084076e-03
2.058672156459084076e-03
2.058672156459084076e-03
2.058672156459084076e-03
2.058672156459084076e-03
2.058672156459084076e-03
2.058672156459084076e-03
2.058672156459084076e-03
2.058672156459084076e-03
2.058672156459084076e-03
2.058672156459084076e-03
2.058672156459084076e-03
2.058672156459084076e-03
2.058672156459084076e-03
2.058672156459084076e-03
2.058672156459084076e-03
2.058672156459084076e-03
2.058672156459084076e-03
2.058672156459084076e-03
2.058672156459084076e-03
2.058672156459084076e-03
2.058672156459084076e-03
2.058672156459084076e-03
2.058672156459084076e-03
2.058672156459084076e-03
2.058672156459084076e-03
2.058672156459084076e-03
2.058672156459084076e-03
2.058672156459084076e-03
2.058672156459084076e-03
2.058672156459084076e-03
2.058672156459084076e-03
2.058672156459084076e-03
2.058672156459084076e-03
2.058672156459084076e-03
2.058672156459084076e-03
2.058672156459084076e-03
2.058672156459084076e-03
2.058672156459084076e-03
2.058672156459084076e-03
2.058672156459084076e-03
2.058672156459084076e-03
2.058672156459084076e-03
2.058672156459084076e-03
2.058672156459084076e-03
2.058672156459084076e-03
2.058672156459084076e-03
2.058672156459084076e-03
2.058672156459084076e-03
2.058672156459084076e-03
2.058672156459084076e-03
2.058672156459084076e-03
2.058672156459084076e-03
2.058672156459084076e-03
2.058672156459084076e-03
2.058672156459084076e-03
2.058672156459084076e-03
2.058672156459084076e-03
2.058672156459084076e-03
2.058672156459084076e-03
2.058672156459084076e-03
2.058672156459084076e-03
2.058672156459084076e-03
2.058672156459084076e-03
2.058672156459084076e-03
2.058672156459084076e-03
2.058672156459084076e-03
2.058672156459084076e-03
2.058672156459084076e-03
2.058672156459084076e-03
2.058672156459084076e-03
2.058672156459084076e-03
2.058672156459084076e-03
2.058672156459084076e-03
2.058672156459084076e-03
2.058672156459084076e-03
2.058672156459084076e-03
2.058672156459084076e-03
2.058672156459084076e-03
2.058672156459084076e-03
2.058672156459084076e-03
2.058672156459084076e-03
2.058672156459084076e-03
2.058672156459084076e-03
2.058672156459084076e-03
2.058672156459084076e-03
2.058672156459084076e-03
2.058672156459084076e-03
2.058672156459084076e-03
2.058672156459084076e-03
2.058672156459084076e-03
2.058672156459084076e-03
2.058672156459084076e-03
2.058672156459084076e-03
2.058672156459084076e-03
2.058672156459084076e-03
2.058672156459084076e-03
2.058672156459084076e-03
2.058672156459084076e-03
2.058672156459084076e-03
2.058672156459084076e-03
2.058672156459084076e-03
2.058672156459084076e-03
2.058672156459084076e-03
2.058672156459084076e-03
2.058672156459084076e-03
2.058672156459084076e-03
2.058672156459084076e-03
2.058672156459084076e-03
2.058672156459084076e-03
2.058672156459084076e-03
2.058672156459084076e-03
2.058672156459084076e-03
2.058672156459084076e-03
2.058672156459084076e-03
2.058672156459084076e-03
2.058672156459084076e-03
2.058672156459084076e-03
2.058672156459084076e-03
2.058672156459084076e-03
2.058672156459084076e-03
2.058672156459084076e-03
2.058672156459084076e-03
2.058672156459084076e-03
2.058672156459084076e-03
2.058672156459084076e-03
2.058672156459084076e-03
2.058672156459084076e-03
2.058672156459084076e-03
2.058672156459084076e-03
2.058672156459084076e-03
2.058672156459084076e-03
2.058672156459084076e-03
2.058672156459084076e-03
2.058672156459084076e-03
2.058672156459084076e-03
2.058672156459084076e-03
2.058672156459084076e-03
2.058672156459084076e-03
2.058672156459084076e-03
2.058672156459084076e-03
2.058672156459084076e-03
2.058672156459084076e-03
2.058672156459084076e-03
2.058672156459084076e-03
2.058672156459084076e-03
2.058672156459084076e-03
2.058672156459084076e-03
2.058672156459084076e-03
2.058672156459084076e-03
2.058672156459084076e-03
2.058672156459084076e-03
2.058672156459084076e-03
2.058672156459084076e-03
2.058672156459084076e-03
2.058672156459084076e-03
2.058672156459084076e-03
2.058672156459084076e-03
2.058672156459084076e-03
2.058672156459084076e-03
2.058672156459084076e-03
2.058672156459084076e-03
2.058672156459084076e-03
2.058672156459084076e-03
2.058672156459084076e-03
2.058672156459084076e-03
2.058672156459084076e-03
2.058672156459084076e-03
2.058672156459084076e-03
2.058672156459084076e-03
2.058672156459084076e-03
2.058672156459084076e-03
2.058672156459084076e-03
2.058672156459084076e-03
2.058672156459084076e-03
2.058672156459084076e-03
2.058672156459084076e-03
2.058672156459084076e-03
2.058672156459084076e-03
2.058672156459084076e-03
2.058672156459084076e-03
2.058672156459084076e-03
2.058672156459084076e-03
2.058672156459084076e-03
2.058672156459084076e-03
2.058672156459084076e-03
2.058672156459084076e-03
2.058672156459084076e-03
2.058672156459084076e-03
2.058672156459084076e-03
2.058672156459084076e-03
2.058672156459084076e-03
2.058672156459084076e-03
2.058672156459084076e-03
2.058672156459084076e-03
2.058672156459084076e-03
2.058672156459084076e-03
2.058672156459084076e-03
2.058672156459084076e-03
2.058672156459084076e-03
2.058672156459084076e-03
2.058672156459084076e-03
2.058672156459084076e-03
2.058672156459084076e-03
2.058672156459084076e-03
2.058672156459084076e-03
2.058672156459084076e-03
2.058672156459084076e-03
2.058672156459084076e-03
2.058672156459084076e-03
2.058672156459084076e-03
1.544004117344312949e-03
1.544004117344312949e-03
1.544004117344312949e-03
1.544004117344312949e-03
1.544004117344312949e-03
1.544004117344312949e-03
1.544004117344312949e-03
1.544004117344312949e-03
1.544004117344312949e-03
1.544004117344312949e-03
1.544004117344312949e-03
1.544004117344312949e-03
1.544004117344312949e-03
1.544004117344312949e-03
1.544004117344312949e-03
1.544004117344312949e-03
1.544004117344312949e-03
1.544004117344312949e-03
1.544004117344312949e-03
1.544004117344312949e-03
1.544004117344312949e-03
1.544004117344312949e-03
1.544004117344312949e-03
1.544004117344312949e-03
1.544004117344312949e-03
1.544004117344312949e-03
1.544004117344312949e-03
1.544004117344312949e-03
1.544004117344312949e-03
1.544004117344312949e-03
1.544004117344312949e-03
1.544004117344312949e-03
1.544004117344312949e-03
1.544004117344312949e-03
1.544004117344312949e-03
1.544004117344312949e-03
1.544004117344312949e-03
1.544004117344312949e-03
1.544004117344312949e-03
1.544004117344312949e-03
1.544004117344312949e-03
1.544004117344312949e-03
1.544004117344312949e-03
1.544004117344312949e-03
1.544004117344312949e-03
1.544004117344312949e-03
1.544004117344312949e-03
1.544004117344312949e-03
1.544004117344312949e-03
1.544004117344312949e-03
1.544004117344312949e-03
1.544004117344312949e-03
1.544004117344312949e-03
1.544004117344312949e-03
1.544004117344312949e-03
1.544004117344312949e-03
1.544004117344312949e-03
1.544004117344312949e-03
1.544004117344312949e-03
1.544004117344312949e-03
1.544004117344312949e-03
1.544004117344312949e-03
1.544004117344312949e-03
1.544004117344312949e-03
1.544004117344312949e-03
1.544004117344312949e-03
1.544004117344312949e-03
1.544004117344312949e-03
1.544004117344312949e-03
1.544004117344312949e-03
1.544004117344312949e-03
1.544004117344312949e-03
1.544004117344312949e-03
1.544004117344312949e-03
1.544004117344312949e-03
1.544004117344312949e-03
1.544004117344312949e-03
1.544004117344312949e-03
1.544004117344312949e-03
1.544004117344312949e-03
1.544004117344312949e-03
1.544004117344312949e-03
1.544004117344312949e-03
1.544004117344312949e-03
1.544004117344312949e-03
1.544004117344312949e-03
1.544004117344312949e-03
1.544004117344312949e-03
1.544004117344312949e-03
1.544004117344312949e-03
1.544004117344312949e-03
1.544004117344312949e-03
1.544004117344312949e-03
1.544004117344312949e-03
1.544004117344312949e-03
1.544004117344312949e-03
1.544004117344312949e-03
1.544004117344312949e-03
1.544004117344312949e-03
1.544004117344312949e-03
1.544004117344312949e-03
1.544004117344312949e-03
1.544004117344312949e-03
1.544004117344312949e-03
1.544004117344312949e-03
1.544004117344312949e-03
1.544004117344312949e-03
1.544004117344312949e-03
1.544004117344312949e-03
1.544004117344312949e-03
1.544004117344312949e-03
1.544004117344312949e-03
1.544004117344312949e-03
1.544004117344312949e-03
1.544004117344312949e-03
1.544004117344312949e-03
1.544004117344312949e-03
1.544004117344312949e-03
1.544004117344312949e-03
1.544004117344312949e-03
1.544004117344312949e-03
1.544004117344312949e-03
1.544004117344312949e-03
1.544004117344312949e-03
1.544004117344312949e-03
1.544004117344312949e-03
1.544004117344312949e-03
1.544004117344312949e-03
1.544004117344312949e-03
1.544004117344312949e-03
1.544004117344312949e-03
1.544004117344312949e-03
1.544004117344312949e-03
1.544004117344312949e-03
1.544004117344312949e-03
1.544004117344312949e-03
1.544004117344312949e-03
1.544004117344312949e-03
1.544004117344312949e-03
1.544004117344312949e-03
1.544004117344312949e-03
1.544004117344312949e-03
1.544004117344312949e-03
1.544004117344312949e-03
1.544004117344312949e-03
1.544004117344312949e-03
1.544004117344312949e-03
1.544004117344312949e-03
1.544004117344312949e-03
1.544004117344312949e-03
1.544004117344312949e-03
1.544004117344312949e-03
1.544004117344312949e-03
1.544004117344312949e-03
1.544004117344312949e-03
1.544004117344312949e-03
1.544004117344312949e-03
1.544004117344312949e-03
1.544004117344312949e-03
1.544004117344312949e-03
1.544004117344312949e-03
1.544004117344312949e-03
1.544004117344312949e-03
1.544004117344312949e-03
1.544004117344312949e-03
1.544004117344312949e-03
1.544004117344312949e-03
1.544004117344312949e-03
1.544004117344312949e-03
1.544004117344312949e-03
1.544004117344312949e-03
1.544004117344312949e-03
1.544004117344312949e-03
1.544004117344312949e-03
1.544004117344312949e-03
1.544004117344312949e-03
1.544004117344312949e-03
1.544004117344312949e-03
1.544004117344312949e-03
1.544004117344312949e-03
1.544004117344312949e-03
1.544004117344312949e-03
1.544004117344312949e-03
1.544004117344312949e-03
1.544004117344312949e-03
1.544004117344312949e-03
1.544004117344312949e-03
1.544004117344312949e-03
1.544004117344312949e-03
1.544004117344312949e-03
1.544004117344312949e-03
1.544004117344312949e-03
1.544004117344312949e-03
1.544004117344312949e-03
1.544004117344312949e-03
1.544004117344312949e-03
1.544004117344312949e-03
1.544004117344312949e-03
1.544004117344312949e-03
1.544004117344312949e-03
1.544004117344312949e-03
1.544004117344312949e-03
1.544004117344312949e-03
1.544004117344312949e-03
1.544004117344312949e-03
1.544004117344312949e-03
1.544004117344312949e-03
1.544004117344312949e-03
1.544004117344312949e-03
1.544004117344312949e-03
1.544004117344312949e-03
1.544004117344312949e-03
1.544004117344312949e-03
1.544004117344312949e-03
1.544004117344312949e-03
1.544004117344312949e-03
1.544004117344312949e-03
1.544004117344312949e-03
1.544004117344312949e-03
1.544004117344312949e-03
1.544004117344312949e-03
1.544004117344312949e-03
1.544004117344312949e-03
1.544004117344312949e-03
1.544004117344312949e-03
1.544004117344312949e-03
1.544004117344312949e-03
1.544004117344312949e-03
1.544004117344312949e-03
1.544004117344312949e-03
1.544004117344312949e-03
1.544004117344312949e-03
1.544004117344312949e-03
1.544004117344312949e-03
1.544004117344312949e-03
1.544004117344312949e-03
1.544004117344312949e-03
1.544004117344312949e-03
1.544004117344312949e-03
1.544004117344312949e-03
1.544004117344312949e-03
1.544004117344312949e-03
1.544004117344312949e-03
1.544004117344312949e-03
1.544004117344312949e-03
1.544004117344312949e-03
1.544004117344312949e-03
1.544004117344312949e-03
1.544004117344312949e-03
1.544004117344312949e-03
1.544004117344312949e-03
1.544004117344312949e-03
1.544004117344312949e-03
1.544004117344312949e-03
1.544004117344312949e-03
1.544004117344312949e-03
1.544004117344312949e-03
1.544004117344312949e-03
1.544004117344312949e-03
1.544004117344312949e-03
1.544004117344312949e-03
1.544004117344312949e-03
1.544004117344312949e-03
1.544004117344312949e-03
1.544004117344312949e-03
1.544004117344312949e-03
1.544004117344312949e-03
1.544004117344312949e-03
1.544004117344312949e-03
1.544004117344312949e-03
1.544004117344312949e-03
1.544004117344312949e-03
1.544004117344312949e-03
1.544004117344312949e-03
1.544004117344312949e-03
1.544004117344312949e-03
1.544004117344312949e-03
1.544004117344312949e-03
1.544004117344312949e-03
1.544004117344312949e-03
1.544004117344312949e-03
1.544004117344312949e-03
1.544004117344312949e-03
1.544004117344312949e-03
1.544004117344312949e-03
1.544004117344312949e-03
1.544004117344312949e-03
1.544004117344312949e-03
1.544004117344312949e-03
1.544004117344312949e-03
1.544004117344312949e-03
1.544004117344312949e-03
1.544004117344312949e-03
1.544004117344312949e-03
1.544004117344312949e-03
1.544004117344312949e-03
1.544004117344312949e-03
1.544004117344312949e-03
1.544004117344312949e-03
1.544004117344312949e-03
1.544004117344312949e-03
1.544004117344312949e-03
1.544004117344312949e-03
1.544004117344312949e-03
1.544004117344312949e-03
1.544004117344312949e-03
1.544004117344312949e-03
1.544004117344312949e-03
1.544004117344312949e-03
1.544004117344312949e-03
1.544004117344312949e-03
1.544004117344312949e-03
1.544004117344312949e-03
1.544004117344312949e-03
1.544004117344312949e-03
1.544004117344312949e-03
1.544004117344312949e-03
1.544004117344312949e-03
1.544004117344312949e-03
1.544004117344312949e-03
1.544004117344312949e-03
1.544004117344312949e-03
1.544004117344312949e-03
1.544004117344312949e-03
1.544004117344312949e-03
1.544004117344312949e-03
1.544004117344312949e-03
1.544004117344312949e-03
1.544004117344312949e-03
1.544004117344312949e-03
1.544004117344312949e-03
1.544004117344312949e-03
1.544004117344312949e-03
1.544004117344312949e-03
1.544004117344312949e-03
1.544004117344312949e-03
1.544004117344312949e-03
1.544004117344312949e-03
1.544004117344312949e-03
1.544004117344312949e-03
1.544004117344312949e-03
1.544004117344312949e-03
1.544004117344312949e-03
1.544004117344312949e-03
1.544004117344312949e-03
1.544004117344312949e-03
1.544004117344312949e-03
1.544004117344312949e-03
1.544004117344312949e-03
1.544004117344312949e-03
1.544004117344312949e-03
1.544004117344312949e-03
1.544004117344312949e-03
1.544004117344312949e-03
1.544004117344312949e-03
1.544004117344312949e-03
1.544004117344312949e-03
1.544004117344312949e-03
1.544004117344312949e-03
1.544004117344312949e-03
1.544004117344312949e-03
1.544004117344312949e-03
1.544004117344312949e-03
1.544004117344312949e-03
1.544004117344312949e-03
1.544004117344312949e-03
1.544004117344312949e-03
1.544004117344312949e-03
1.544004117344312949e-03
1.544004117344312949e-03
1.544004117344312949e-03
1.544004117344312949e-03
1.544004117344312949e-03
1.544004117344312949e-03
1.544004117344312949e-03
1.544004117344312949e-03
1.544004117344312949e-03
1.544004117344312949e-03
1.544004117344312949e-03
1.544004117344312949e-03
1.544004117344312949e-03
1.544004117344312949e-03
1.544004117344312949e-03
1.544004117344312949e-03
1.544004117344312949e-03
1.544004117344312949e-03
1.544004117344312949e-03
1.544004117344312949e-03
1.544004117344312949e-03
1.544004117344312949e-03
1.544004117344312949e-03
1.544004117344312949e-03
1.544004117344312949e-03
1.544004117344312949e-03
1.544004117344312949e-03
1.544004117344312949e-03
1.544004117344312949e-03
1.544004117344312949e-03
1.544004117344312949e-03
1.544004117344312949e-03
1.544004117344312949e-03
1.544004117344312949e-03
1.544004117344312949e-03
1.544004117344312949e-03
1.544004117344312949e-03
1.544004117344312949e-03
1.544004117344312949e-03
1.544004117344312949e-03
1.544004117344312949e-03
1.544004117344312949e-03
1.544004117344312949e-03
1.544004117344312949e-03
1.544004117344312949e-03
1.544004117344312949e-03
1.544004117344312949e-03
1.544004117344312949e-03
1.544004117344312949e-03
1.544004117344312949e-03
1.544004117344312949e-03
1.544004117344312949e-03
1.544004117344312949e-03
1.544004117344312949e-03
1.544004117344312949e-03
1.544004117344312949e-03
1.544004117344312949e-03
1.544004117344312949e-03
1.544004117344312949e-03
1.544004117344312949e-03
1.544004117344312949e-03
1.544004117344312949e-03
1.544004117344312949e-03
1.544004117344312949e-03
1.544004117344312949e-03
1.544004117344312949e-03
1.544004117344312949e-03
1.544004117344312949e-03
1.544004117344312949e-03
1.544004117344312949e-03
1.544004117344312949e-03
1.544004117344312949e-03
1.544004117344312949e-03
1.544004117344312949e-03
1.544004117344312949e-03
1.544004117344312949e-03
1.544004117344312949e-03
1.544004117344312949e-03
1.544004117344312949e-03
1.544004117344312949e-03
1.544004117344312949e-03
1.544004117344312949e-03
1.544004117344312949e-03
1.544004117344312949e-03
1.544004117344312949e-03
1.544004117344312949e-03
1.544004117344312949e-03
1.544004117344312949e-03
1.544004117344312949e-03
1.544004117344312949e-03
1.544004117344312949e-03
1.544004117344312949e-03
1.544004117344312949e-03
1.544004117344312949e-03
1.544004117344312949e-03
1.544004117344312949e-03
1.544004117344312949e-03
1.544004117344312949e-03
1.544004117344312949e-03
1.544004117344312949e-03
1.544004117344312949e-03
1.544004117344312949e-03
1.544004117344312949e-03
1.544004117344312949e-03
1.544004117344312949e-03
1.544004117344312949e-03
1.544004117344312949e-03
1.544004117344312949e-03
1.544004117344312949e-03
1.544004117344312949e-03
1.544004117344312949e-03
1.544004117344312949e-03
1.544004117344312949e-03
1.544004117344312949e-03
1.544004117344312949e-03
1.544004117344312949e-03
1.544004117344312949e-03
1.544004117344312949e-03
1.544004117344312949e-03
1.544004117344312949e-03
1.544004117344312949e-03
1.544004117344312949e-03
1.544004117344312949e-03
1.544004117344312949e-03
1.544004117344312949e-03
1.544004117344312949e-03
1.544004117344312949e-03
1.544004117344312949e-03
1.544004117344312949e-03
1.544004117344312949e-03
1.544004117344312949e-03
1.544004117344312949e-03
1.544004117344312949e-03
1.544004117344312949e-03
1.544004117344312949e-03
1.544004117344312949e-03
1.544004117344312949e-03
1.544004117344312949e-03
1.544004117344312949e-03
1.544004117344312949e-03
1.544004117344312949e-03
1.544004117344312949e-03
1.544004117344312949e-03
1.544004117344312949e-03
1.544004117344312949e-03
1.544004117344312949e-03
1.544004117344312949e-03
1.544004117344312949e-03
1.544004117344312949e-03
1.544004117344312949e-03
1.544004117344312949e-03
1.544004117344312949e-03
1.544004117344312949e-03
1.544004117344312949e-03
1.544004117344312949e-03
1.544004117344312949e-03
1.544004117344312949e-03
1.544004117344312949e-03
1.544004117344312949e-03
1.544004117344312949e-03
1.544004117344312949e-03
1.544004117344312949e-03
1.544004117344312949e-03
1.544004117344312949e-03
1.544004117344312949e-03
1.544004117344312949e-03
1.544004117344312949e-03
1.544004117344312949e-03
1.544004117344312949e-03
1.544004117344312949e-03
1.544004117344312949e-03
1.544004117344312949e-03
1.544004117344312949e-03
1.544004117344312949e-03
1.544004117344312949e-03
1.544004117344312949e-03
1.544004117344312949e-03
1.544004117344312949e-03
1.544004117344312949e-03
1.544004117344312949e-03
1.544004117344312949e-03
1.544004117344312949e-03
1.544004117344312949e-03
1.544004117344312949e-03
1.544004117344312949e-03
1.544004117344312949e-03
1.544004117344312949e-03
1.544004117344312949e-03
1.544004117344312949e-03
1.544004117344312949e-03
1.544004117344312949e-03
1.544004117344312949e-03
1.544004117344312949e-03
1.544004117344312949e-03
1.544004117344312949e-03
1.544004117344312949e-03
1.544004117344312949e-03
1.544004117344312949e-03
1.544004117344312949e-03
1.544004117344312949e-03
1.544004117344312949e-03
1.544004117344312949e-03
1.544004117344312949e-03
1.544004117344312949e-03
1.544004117344312949e-03
1.544004117344312949e-03
1.544004117344312949e-03
1.544004117344312949e-03
1.544004117344312949e-03
1.544004117344312949e-03
1.544004117344312949e-03
1.544004117344312949e-03
1.544004117344312949e-03
1.544004117344312949e-03
1.544004117344312949e-03
1.544004117344312949e-03
1.544004117344312949e-03
1.544004117344312949e-03
1.544004117344312949e-03
1.544004117344312949e-03
1.544004117344312949e-03
1.544004117344312949e-03
1.544004117344312949e-03
1.544004117344312949e-03
1.544004117344312949e-03
1.544004117344312949e-03
1.544004117344312949e-03
1.544004117344312949e-03
1.544004117344312949e-03
1.544004117344312949e-03
1.544004117344312949e-03
1.544004117344312949e-03
1.544004117344312949e-03
1.544004117344312949e-03
1.544004117344312949e-03
1.544004117344312949e-03
1.544004117344312949e-03
1.544004117344312949e-03
1.544004117344312949e-03
1.544004117344312949e-03
1.544004117344312949e-03
1.544004117344312949e-03
1.544004117344312949e-03
1.544004117344312949e-03
1.544004117344312949e-03
1.544004117344312949e-03
1.544004117344312949e-03
1.544004117344312949e-03
1.544004117344312949e-03
1.544004117344312949e-03
1.544004117344312949e-03
1.544004117344312949e-03
1.544004117344312949e-03
1.544004117344312949e-03
1.544004117344312949e-03
1.544004117344312949e-03
1.544004117344312949e-03
1.544004117344312949e-03
1.544004117344312949e-03
1.544004117344312949e-03
1.544004117344312949e-03
1.544004117344312949e-03
1.544004117344312949e-03
1.544004117344312949e-03
1.544004117344312949e-03
1.544004117344312949e-03
1.544004117344312949e-03
1.544004117344312949e-03
1.544004117344312949e-03
1.544004117344312949e-03
1.544004117344312949e-03
1.544004117344312949e-03
1.544004117344312949e-03
1.544004117344312949e-03
1.544004117344312949e-03
1.544004117344312949e-03
1.544004117344312949e-03
1.544004117344312949e-03
1.544004117344312949e-03
1.544004117344312949e-03
1.544004117344312949e-03
1.544004117344312949e-03
1.544004117344312949e-03
1.544004117344312949e-03
1.544004117344312949e-03
1.544004117344312949e-03
1.544004117344312949e-03
1.544004117344312949e-03
1.544004117344312949e-03
1.544004117344312949e-03
1.544004117344312949e-03
1.544004117344312949e-03
1.544004117344312949e-03
1.544004117344312949e-03
1.544004117344312949e-03
1.544004117344312949e-03
1.544004117344312949e-03
1.544004117344312949e-03
1.544004117344312949e-03
1.544004117344312949e-03
1.544004117344312949e-03
1.544004117344312949e-03
1.544004117344312949e-03
1.544004117344312949e-03
1.544004117344312949e-03
1.544004117344312949e-03
1.544004117344312949e-03
1.544004117344312949e-03
1.544004117344312949e-03
1.544004117344312949e-03
1.544004117344312949e-03
1.544004117344312949e-03
1.544004117344312949e-03
1.544004117344312949e-03
1.544004117344312949e-03
1.544004117344312949e-03
1.544004117344312949e-03
1.544004117344312949e-03
1.544004117344312949e-03
1.544004117344312949e-03
1.544004117344312949e-03
1.544004117344312949e-03
1.544004117344312949e-03
1.544004117344312949e-03
1.544004117344312949e-03
1.544004117344312949e-03
1.544004117344312949e-03
1.544004117344312949e-03
1.544004117344312949e-03
1.544004117344312949e-03
1.544004117344312949e-03
1.544004117344312949e-03
1.544004117344312949e-03
1.544004117344312949e-03
1.544004117344312949e-03
1.544004117344312949e-03
1.544004117344312949e-03
1.544004117344312949e-03
1.544004117344312949e-03
1.544004117344312949e-03
1.286670097786927385e-03
1.286670097786927385e-03
1.286670097786927385e-03
1.286670097786927385e-03
1.286670097786927385e-03
1.286670097786927385e-03
1.286670097786927385e-03
1.286670097786927385e-03
1.286670097786927385e-03
1.286670097786927385e-03
1.286670097786927385e-03
1.286670097786927385e-03
1.286670097786927385e-03
1.286670097786927385e-03
1.286670097786927385e-03
1.286670097786927385e-03
1.286670097786927385e-03
1.286670097786927385e-03
1.286670097786927385e-03
1.286670097786927385e-03
1.286670097786927385e-03
1.286670097786927385e-03
1.286670097786927385e-03
1.286670097786927385e-03
1.286670097786927385e-03
1.286670097786927385e-03
1.286670097786927385e-03
1.286670097786927385e-03
1.286670097786927385e-03
1.286670097786927385e-03
1.286670097786927385e-03
1.286670097786927385e-03
1.286670097786927385e-03
1.286670097786927385e-03
1.286670097786927385e-03
1.286670097786927385e-03
1.286670097786927385e-03
1.286670097786927385e-03
1.286670097786927385e-03
1.286670097786927385e-03
1.286670097786927385e-03
1.286670097786927385e-03
1.286670097786927385e-03
1.286670097786927385e-03
1.286670097786927385e-03
1.286670097786927385e-03
1.286670097786927385e-03
1.286670097786927385e-03
1.286670097786927385e-03
1.286670097786927385e-03
1.286670097786927385e-03
1.286670097786927385e-03
1.286670097786927385e-03
1.286670097786927385e-03
1.029336078229542038e-03
1.029336078229542038e-03
1.029336078229542038e-03
1.029336078229542038e-03
1.029336078229542038e-03
1.029336078229542038e-03
1.029336078229542038e-03
1.029336078229542038e-03
1.029336078229542038e-03
1.029336078229542038e-03
1.029336078229542038e-03
1.029336078229542038e-03
1.029336078229542038e-03
1.029336078229542038e-03
1.029336078229542038e-03
1.029336078229542038e-03
1.029336078229542038e-03
1.029336078229542038e-03
1.029336078229542038e-03
1.029336078229542038e-03
1.029336078229542038e-03
1.029336078229542038e-03
1.029336078229542038e-03
1.029336078229542038e-03
1.029336078229542038e-03
1.029336078229542038e-03
1.029336078229542038e-03
1.029336078229542038e-03
1.029336078229542038e-03
1.029336078229542038e-03
1.029336078229542038e-03
1.029336078229542038e-03
1.029336078229542038e-03
1.029336078229542038e-03
1.029336078229542038e-03
1.029336078229542038e-03
1.029336078229542038e-03
1.029336078229542038e-03
1.029336078229542038e-03
1.029336078229542038e-03
1.029336078229542038e-03
1.029336078229542038e-03
1.029336078229542038e-03
1.029336078229542038e-03
1.029336078229542038e-03
1.029336078229542038e-03
1.029336078229542038e-03
1.029336078229542038e-03
1.029336078229542038e-03
1.029336078229542038e-03
1.029336078229542038e-03
1.029336078229542038e-03
1.029336078229542038e-03
1.029336078229542038e-03
1.029336078229542038e-03
1.029336078229542038e-03
1.029336078229542038e-03
1.029336078229542038e-03
1.029336078229542038e-03
1.029336078229542038e-03
1.029336078229542038e-03
1.029336078229542038e-03
1.029336078229542038e-03
1.029336078229542038e-03
1.029336078229542038e-03
1.029336078229542038e-03
1.029336078229542038e-03
1.029336078229542038e-03
1.029336078229542038e-03
1.029336078229542038e-03
1.029336078229542038e-03
1.029336078229542038e-03
1.029336078229542038e-03
1.029336078229542038e-03
1.029336078229542038e-03
1.029336078229542038e-03
1.029336078229542038e-03
1.029336078229542038e-03
1.029336078229542038e-03
1.029336078229542038e-03
1.029336078229542038e-03
1.029336078229542038e-03
1.029336078229542038e-03
1.029336078229542038e-03
1.029336078229542038e-03
1.029336078229542038e-03
1.029336078229542038e-03
1.029336078229542038e-03
1.029336078229542038e-03
1.029336078229542038e-03
1.029336078229542038e-03
1.029336078229542038e-03
1.029336078229542038e-03
1.029336078229542038e-03
1.029336078229542038e-03
1.029336078229542038e-03
1.029336078229542038e-03
1.029336078229542038e-03
1.029336078229542038e-03
1.029336078229542038e-03
1.029336078229542038e-03
1.029336078229542038e-03
1.029336078229542038e-03
1.029336078229542038e-03
1.029336078229542038e-03
1.029336078229542038e-03
1.029336078229542038e-03
1.029336078229542038e-03
1.029336078229542038e-03
1.029336078229542038e-03
1.029336078229542038e-03
1.029336078229542038e-03
1.029336078229542038e-03
1.029336078229542038e-03
1.029336078229542038e-03
1.029336078229542038e-03
1.029336078229542038e-03
1.029336078229542038e-03
1.029336078229542038e-03
1.029336078229542038e-03
1.029336078229542038e-03
1.029336078229542038e-03
1.029336078229542038e-03
1.029336078229542038e-03
1.029336078229542038e-03
1.029336078229542038e-03
1.029336078229542038e-03
1.029336078229542038e-03
1.029336078229542038e-03
1.029336078229542038e-03
7.720020586721564743e-04
7.720020586721564743e-04
7.720020586721564743e-04
7.720020586721564743e-04
7.720020586721564743e-04
7.720020586721564743e-04
7.720020586721564743e-04
7.720020586721564743e-04
7.720020586721564743e-04
7.720020586721564743e-04
7.720020586721564743e-04
7.720020586721564743e-04
7.720020586721564743e-04
7.720020586721564743e-04
7.720020586721564743e-04
7.720020586721564743e-04
7.720020586721564743e-04
7.720020586721564743e-04
7.720020586721564743e-04
7.720020586721564743e-04
7.720020586721564743e-04
7.720020586721564743e-04
7.720020586721564743e-04
7.720020586721564743e-04
7.720020586721564743e-04
7.720020586721564743e-04
7.720020586721564743e-04
7.720020586721564743e-04
7.720020586721564743e-04
7.720020586721564743e-04
7.720020586721564743e-04
7.720020586721564743e-04
7.720020586721564743e-04
7.720020586721564743e-04
7.720020586721564743e-04
7.720020586721564743e-04
7.720020586721564743e-04
7.720020586721564743e-04
7.720020586721564743e-04
7.720020586721564743e-04
7.720020586721564743e-04
7.720020586721564743e-04
7.720020586721564743e-04
7.720020586721564743e-04
7.720020586721564743e-04
7.720020586721564743e-04
7.720020586721564743e-04
7.720020586721564743e-04
7.720020586721564743e-04
7.720020586721564743e-04
7.720020586721564743e-04
7.720020586721564743e-04
7.720020586721564743e-04
7.720020586721564743e-04
7.720020586721564743e-04
7.720020586721564743e-04
7.720020586721564743e-04
7.720020586721564743e-04
7.720020586721564743e-04
7.720020586721564743e-04
7.720020586721564743e-04
7.720020586721564743e-04
7.720020586721564743e-04
7.720020586721564743e-04
7.720020586721564743e-04
7.720020586721564743e-04
7.720020586721564743e-04
7.720020586721564743e-04
7.720020586721564743e-04
7.720020586721564743e-04
7.720020586721564743e-04
7.720020586721564743e-04
7.720020586721564743e-04
7.720020586721564743e-04
7.720020586721564743e-04
7.720020586721564743e-04
7.720020586721564743e-04
7.720020586721564743e-04
7.720020586721564743e-04
7.720020586721564743e-04
7.720020586721564743e-04
7.720020586721564743e-04
7.720020586721564743e-04
7.720020586721564743e-04
7.720020586721564743e-04
7.720020586721564743e-04
7.720020586721564743e-04
7.720020586721564743e-04
7.720020586721564743e-04
7.720020586721564743e-04
7.720020586721564743e-04
7.720020586721564743e-04
7.720020586721564743e-04
7.720020586721564743e-04
7.720020586721564743e-04
7.720020586721564743e-04
7.720020586721564743e-04
7.720020586721564743e-04
7.720020586721564743e-04
7.720020586721564743e-04
7.720020586721564743e-04
7.720020586721564743e-04
7.720020586721564743e-04
7.720020586721564743e-04
7.720020586721564743e-04
7.720020586721564743e-04
7.720020586721564743e-04
7.720020586721564743e-04
7.720020586721564743e-04
7.720020586721564743e-04
7.720020586721564743e-04
7.720020586721564743e-04
7.720020586721564743e-04
7.720020586721564743e-04
7.720020586721564743e-04
7.720020586721564743e-04
7.720020586721564743e-04
7.720020586721564743e-04
7.720020586721564743e-04
7.720020586721564743e-04
7.720020586721564743e-04
7.720020586721564743e-04
7.720020586721564743e-04
7.720020586721564743e-04
7.720020586721564743e-04
7.720020586721564743e-04
7.720020586721564743e-04
7.720020586721564743e-04
7.720020586721564743e-04
7.720020586721564743e-04
7.720020586721564743e-04
7.720020586721564743e-04
7.720020586721564743e-04
7.720020586721564743e-04
7.720020586721564743e-04
7.720020586721564743e-04
7.720020586721564743e-04
7.720020586721564743e-04
7.720020586721564743e-04
7.720020586721564743e-04
7.720020586721564743e-04
7.720020586721564743e-04
7.720020586721564743e-04
7.720020586721564743e-04
7.720020586721564743e-04
7.720020586721564743e-04
7.720020586721564743e-04
7.720020586721564743e-04
7.720020586721564743e-04
7.720020586721564743e-04
7.720020586721564743e-04
7.720020586721564743e-04
7.720020586721564743e-04
7.720020586721564743e-04
7.720020586721564743e-04
7.720020586721564743e-04
7.720020586721564743e-04
7.720020586721564743e-04
7.720020586721564743e-04
7.720020586721564743e-04
7.720020586721564743e-04
7.720020586721564743e-04
7.720020586721564743e-04
7.720020586721564743e-04
7.720020586721564743e-04
7.720020586721564743e-04
7.720020586721564743e-04
7.720020586721564743e-04
7.720020586721564743e-04
7.720020586721564743e-04
7.720020586721564743e-04
7.720020586721564743e-04
7.720020586721564743e-04
7.720020586721564743e-04
7.720020586721564743e-04
7.720020586721564743e-04
7.720020586721564743e-04
7.720020586721564743e-04
7.720020586721564743e-04
7.720020586721564743e-04
7.720020586721564743e-04
7.720020586721564743e-04
7.720020586721564743e-04
7.720020586721564743e-04
7.720020586721564743e-04
7.720020586721564743e-04
7.720020586721564743e-04
7.720020586721564743e-04
7.720020586721564743e-04
7.720020586721564743e-04
7.720020586721564743e-04
7.720020586721564743e-04
7.720020586721564743e-04
7.720020586721564743e-04
7.720020586721564743e-04
7.720020586721564743e-04
7.720020586721564743e-04
7.720020586721564743e-04
7.720020586721564743e-04
7.720020586721564743e-04
7.720020586721564743e-04
7.720020586721564743e-04
7.720020586721564743e-04
7.720020586721564743e-04
7.720020586721564743e-04
7.720020586721564743e-04
7.720020586721564743e-04
7.720020586721564743e-04
7.720020586721564743e-04
7.720020586721564743e-04
7.720020586721564743e-04
7.720020586721564743e-04
7.720020586721564743e-04
7.720020586721564743e-04
7.720020586721564743e-04
7.720020586721564743e-04
7.720020586721564743e-04
7.720020586721564743e-04
7.720020586721564743e-04
7.720020586721564743e-04
7.720020586721564743e-04
7.720020586721564743e-04
7.720020586721564743e-04
7.720020586721564743e-04
7.720020586721564743e-04
7.720020586721564743e-04
7.720020586721564743e-04
7.720020586721564743e-04
7.720020586721564743e-04
7.720020586721564743e-04
7.720020586721564743e-04
7.720020586721564743e-04
7.720020586721564743e-04
7.720020586721564743e-04
7.720020586721564743e-04
7.720020586721564743e-04
7.720020586721564743e-04
7.720020586721564743e-04
7.720020586721564743e-04
7.720020586721564743e-04
7.720020586721564743e-04
7.720020586721564743e-04
7.720020586721564743e-04
7.720020586721564743e-04
7.720020586721564743e-04
7.720020586721564743e-04
7.720020586721564743e-04
7.720020586721564743e-04
7.720020586721564743e-04
7.720020586721564743e-04
7.720020586721564743e-04
7.720020586721564743e-04
7.720020586721564743e-04
7.720020586721564743e-04
7.720020586721564743e-04
7.720020586721564743e-04
7.720020586721564743e-04
7.720020586721564743e-04
7.720020586721564743e-04
7.720020586721564743e-04
7.720020586721564743e-04
7.720020586721564743e-04
7.720020586721564743e-04
7.720020586721564743e-04
7.720020586721564743e-04
7.720020586721564743e-04
7.720020586721564743e-04
7.720020586721564743e-04
7.720020586721564743e-04
7.720020586721564743e-04
7.720020586721564743e-04
7.720020586721564743e-04
7.720020586721564743e-04
7.720020586721564743e-04
7.720020586721564743e-04
7.720020586721564743e-04
7.720020586721564743e-04
7.720020586721564743e-04
7.720020586721564743e-04
7.720020586721564743e-04
7.720020586721564743e-04
7.720020586721564743e-04
7.720020586721564743e-04
7.720020586721564743e-04
7.720020586721564743e-04
7.720020586721564743e-04
7.720020586721564743e-04
7.720020586721564743e-04
7.720020586721564743e-04
7.720020586721564743e-04
7.720020586721564743e-04
7.720020586721564743e-04
7.720020586721564743e-04
7.720020586721564743e-04
7.720020586721564743e-04
7.720020586721564743e-04
7.720020586721564743e-04
7.720020586721564743e-04
7.720020586721564743e-04
7.720020586721564743e-04
7.720020586721564743e-04
7.720020586721564743e-04
7.720020586721564743e-04
7.720020586721564743e-04
7.720020586721564743e-04
7.720020586721564743e-04
7.720020586721564743e-04
7.720020586721564743e-04
7.720020586721564743e-04
7.720020586721564743e-04
7.720020586721564743e-04
7.720020586721564743e-04
7.720020586721564743e-04
7.720020586721564743e-04
7.720020586721564743e-04
7.720020586721564743e-04
7.720020586721564743e-04
7.720020586721564743e-04
7.720020586721564743e-04
7.720020586721564743e-04
7.720020586721564743e-04
7.720020586721564743e-04
7.720020586721564743e-04
7.720020586721564743e-04
7.720020586721564743e-04
7.720020586721564743e-04
7.720020586721564743e-04
7.720020586721564743e-04
7.720020586721564743e-04
7.720020586721564743e-04
7.720020586721564743e-04
7.720020586721564743e-04
7.720020586721564743e-04
7.720020586721564743e-04
7.720020586721564743e-04
7.720020586721564743e-04
7.720020586721564743e-04
7.720020586721564743e-04
7.720020586721564743e-04
7.720020586721564743e-04
7.720020586721564743e-04
7.720020586721564743e-04
7.720020586721564743e-04
7.720020586721564743e-04
7.720020586721564743e-04
7.720020586721564743e-04
7.720020586721564743e-04
7.720020586721564743e-04
7.720020586721564743e-04
7.720020586721564743e-04
7.720020586721564743e-04
7.720020586721564743e-04
7.720020586721564743e-04
7.720020586721564743e-04
7.720020586721564743e-04
7.720020586721564743e-04
7.720020586721564743e-04
7.720020586721564743e-04
7.720020586721564743e-04
7.720020586721564743e-04
7.720020586721564743e-04
7.720020586721564743e-04
7.720020586721564743e-04
7.720020586721564743e-04
7.720020586721564743e-04
7.720020586721564743e-04
7.720020586721564743e-04
7.720020586721564743e-04
7.720020586721564743e-04
7.720020586721564743e-04
7.720020586721564743e-04
7.720020586721564743e-04
7.720020586721564743e-04
7.720020586721564743e-04
7.720020586721564743e-04
7.720020586721564743e-04
7.720020586721564743e-04
7.720020586721564743e-04
7.720020586721564743e-04
7.720020586721564743e-04
7.720020586721564743e-04
7.720020586721564743e-04
7.720020586721564743e-04
7.720020586721564743e-04
7.720020586721564743e-04
7.720020586721564743e-04
7.720020586721564743e-04
7.720020586721564743e-04
7.720020586721564743e-04
7.720020586721564743e-04
7.720020586721564743e-04
7.720020586721564743e-04
7.720020586721564743e-04
7.720020586721564743e-04
7.720020586721564743e-04
7.720020586721564743e-04
7.720020586721564743e-04
7.720020586721564743e-04
7.720020586721564743e-04
7.720020586721564743e-04
7.720020586721564743e-04
7.720020586721564743e-04
7.720020586721564743e-04
7.720020586721564743e-04
7.720020586721564743e-04
7.720020586721564743e-04
7.720020586721564743e-04
7.720020586721564743e-04
7.720020586721564743e-04
7.720020586721564743e-04
7.720020586721564743e-04
7.720020586721564743e-04
7.720020586721564743e-04
7.720020586721564743e-04
7.720020586721564743e-04
7.720020586721564743e-04
7.720020586721564743e-04
7.720020586721564743e-04
7.720020586721564743e-04
7.720020586721564743e-04
7.720020586721564743e-04
7.720020586721564743e-04
7.720020586721564743e-04
7.720020586721564743e-04
7.720020586721564743e-04
7.720020586721564743e-04
7.720020586721564743e-04
7.720020586721564743e-04
7.720020586721564743e-04
7.720020586721564743e-04
7.720020586721564743e-04
7.720020586721564743e-04
7.720020586721564743e-04
7.720020586721564743e-04
7.720020586721564743e-04
7.720020586721564743e-04
7.720020586721564743e-04
7.720020586721564743e-04
7.720020586721564743e-04
7.720020586721564743e-04
7.720020586721564743e-04
7.720020586721564743e-04
7.720020586721564743e-04
7.720020586721564743e-04
7.720020586721564743e-04
7.720020586721564743e-04
7.720020586721564743e-04
7.720020586721564743e-04
7.720020586721564743e-04
7.720020586721564743e-04
7.720020586721564743e-04
7.720020586721564743e-04
7.720020586721564743e-04
7.720020586721564743e-04
7.720020586721564743e-04
7.720020586721564743e-04
7.720020586721564743e-04
7.720020586721564743e-04
7.720020586721564743e-04
7.720020586721564743e-04
7.720020586721564743e-04
7.720020586721564743e-04
7.720020586721564743e-04
7.720020586721564743e-04
7.720020586721564743e-04
7.720020586721564743e-04
7.720020586721564743e-04
7.720020586721564743e-04
7.720020586721564743e-04
7.720020586721564743e-04
7.720020586721564743e-04
7.720020586721564743e-04
7.720020586721564743e-04
7.720020586721564743e-04
7.720020586721564743e-04
7.720020586721564743e-04
7.720020586721564743e-04
7.720020586721564743e-04
7.720020586721564743e-04
7.720020586721564743e-04
7.720020586721564743e-04
7.720020586721564743e-04
7.720020586721564743e-04
7.720020586721564743e-04
7.720020586721564743e-04
7.720020586721564743e-04
7.720020586721564743e-04
7.720020586721564743e-04
7.720020586721564743e-04
7.720020586721564743e-04
7.720020586721564743e-04
7.720020586721564743e-04
7.720020586721564743e-04
7.720020586721564743e-04
7.720020586721564743e-04
7.720020586721564743e-04
7.720020586721564743e-04
7.720020586721564743e-04
7.720020586721564743e-04
7.720020586721564743e-04
7.720020586721564743e-04
7.720020586721564743e-04
7.720020586721564743e-04
7.720020586721564743e-04
7.720020586721564743e-04
7.720020586721564743e-04
7.720020586721564743e-04
7.720020586721564743e-04
7.720020586721564743e-04
7.720020586721564743e-04
7.720020586721564743e-04
7.720020586721564743e-04
7.720020586721564743e-04
7.720020586721564743e-04
7.720020586721564743e-04
7.720020586721564743e-04
7.720020586721564743e-04
7.720020586721564743e-04
7.720020586721564743e-04
7.720020586721564743e-04
7.720020586721564743e-04
7.720020586721564743e-04
7.720020586721564743e-04
7.720020586721564743e-04
7.720020586721564743e-04
7.720020586721564743e-04
7.720020586721564743e-04
7.720020586721564743e-04
7.720020586721564743e-04
7.720020586721564743e-04
7.720020586721564743e-04
7.720020586721564743e-04
7.720020586721564743e-04
7.720020586721564743e-04
7.720020586721564743e-04
7.720020586721564743e-04
7.720020586721564743e-04
7.720020586721564743e-04
7.720020586721564743e-04
7.720020586721564743e-04
7.720020586721564743e-04
7.720020586721564743e-04
7.720020586721564743e-04
7.720020586721564743e-04
7.720020586721564743e-04
7.720020586721564743e-04
7.720020586721564743e-04
7.720020586721564743e-04
7.720020586721564743e-04
7.720020586721564743e-04
7.720020586721564743e-04
7.720020586721564743e-04
7.720020586721564743e-04
7.720020586721564743e-04
7.720020586721564743e-04
7.720020586721564743e-04
7.720020586721564743e-04
7.720020586721564743e-04
7.720020586721564743e-04
7.720020586721564743e-04
7.720020586721564743e-04
7.720020586721564743e-04
7.720020586721564743e-04
7.720020586721564743e-04
7.720020586721564743e-04
7.720020586721564743e-04
7.720020586721564743e-04
7.720020586721564743e-04
7.720020586721564743e-04
7.720020586721564743e-04
7.720020586721564743e-04
7.720020586721564743e-04
7.720020586721564743e-04
7.720020586721564743e-04
7.720020586721564743e-04
7.720020586721564743e-04
7.720020586721564743e-04
7.720020586721564743e-04
7.720020586721564743e-04
7.720020586721564743e-04
7.720020586721564743e-04
7.720020586721564743e-04
7.720020586721564743e-04
7.720020586721564743e-04
7.720020586721564743e-04
7.720020586721564743e-04
7.720020586721564743e-04
7.720020586721564743e-04
7.720020586721564743e-04
7.720020586721564743e-04
7.720020586721564743e-04
7.720020586721564743e-04
7.720020586721564743e-04
7.720020586721564743e-04
7.720020586721564743e-04
7.720020586721564743e-04
7.720020586721564743e-04
7.720020586721564743e-04
7.720020586721564743e-04
7.720020586721564743e-04
7.720020586721564743e-04
7.720020586721564743e-04
7.720020586721564743e-04
7.720020586721564743e-04
7.720020586721564743e-04
7.720020586721564743e-04
7.720020586721564743e-04
7.720020586721564743e-04
7.720020586721564743e-04
7.720020586721564743e-04
7.720020586721564743e-04
7.720020586721564743e-04
7.720020586721564743e-04
7.720020586721564743e-04
7.720020586721564743e-04
7.720020586721564743e-04
7.720020586721564743e-04
7.720020586721564743e-04
7.720020586721564743e-04
7.720020586721564743e-04
7.720020586721564743e-04
7.720020586721564743e-04
7.720020586721564743e-04
7.720020586721564743e-04
7.720020586721564743e-04
7.720020586721564743e-04
7.720020586721564743e-04
7.720020586721564743e-04
7.720020586721564743e-04
7.720020586721564743e-04
7.720020586721564743e-04
7.720020586721564743e-04
7.720020586721564743e-04
7.720020586721564743e-04
7.720020586721564743e-04
7.720020586721564743e-04
7.720020586721564743e-04
7.720020586721564743e-04
7.720020586721564743e-04
7.720020586721564743e-04
7.720020586721564743e-04
7.720020586721564743e-04
7.720020586721564743e-04
7.720020586721564743e-04
7.720020586721564743e-04
7.720020586721564743e-04
7.720020586721564743e-04
7.720020586721564743e-04
7.720020586721564743e-04
7.720020586721564743e-04
7.720020586721564743e-04
7.720020586721564743e-04
7.720020586721564743e-04
7.720020586721564743e-04
7.720020586721564743e-04
7.720020586721564743e-04
7.720020586721564743e-04
7.720020586721564743e-04
7.720020586721564743e-04
7.720020586721564743e-04
7.720020586721564743e-04
7.720020586721564743e-04
7.720020586721564743e-04
7.720020586721564743e-04
7.720020586721564743e-04
7.720020586721564743e-04
7.720020586721564743e-04
7.720020586721564743e-04
7.720020586721564743e-04
7.720020586721564743e-04
7.720020586721564743e-04
7.720020586721564743e-04
