1.00000000
0.99331849
0.97327394
0.93763920
0.92650334
0.90868597
0.90423163
0.89755011
0.87973274
0.85523385
0.81959911
0.80400891
0.79064588
0.76837416
0.75501114
0.74832962
0.74164811
0.73496659
0.71714922
0.71046771
0.69933185
0.69710468
0.67260579
0.67037862
0.65701559
0.65256125
0.64810690
0.60579065
0.60356347
0.59910913
0.57461024
0.56347439
0.55902004
0.55456570
0.54565702
0.53897550
0.52561247
0.51893096
0.51224944
0.50556793
0.50111359
0.49665924
0.49443207
0.48775056
0.47438753
0.46993318
0.46325167
0.45879733
0.42761693
0.42538976
0.41202673
0.39420935
0.38530067
0.38307350
0.37861915
0.36080178
0.30512249
0.10690423
0.10690423
0.08017817
0.08017817
0.07795100
0.03340757
0.03340757
0.03340757
0.02227171
0.02004454
0.02004454
0.01781737
0.01559020
0.01559020
0.01559020
0.01559020
0.01559020
0.01336303
0.01336303
0.01336303
0.01336303
0.00890869
0.00890869
0.00890869
0.00890869
0.00668151
0.00668151
0.00668151
0.00668151
0.00668151
0.00668151
0.00668151
0.00668151
0.00668151
0.00668151
0.00668151
0.00668151
0.00668151
0.00668151
0.00668151
0.00668151
0.00668151
0.00668151
0.00668151
0.00445434
0.00445434
0.00445434
0.00445434
0.00445434
0.00445434
0.00445434
0.00445434
0.00445434
0.00445434
0.00445434
0.00445434
0.00445434
0.00445434
0.00445434
0.00445434
0.00445434
0.00445434
0.00445434
0.00445434
0.00445434
0.00445434
0.00445434
0.00445434
0.00445434
0.00445434
0.00445434
0.00445434
0.00445434
0.00445434
0.00445434
0.00445434
0.00445434
0.00445434
0.00445434
0.00445434
0.00445434
0.00445434
0.00445434
0.00445434
0.00445434
0.00445434
0.00445434
0.00445434
0.00445434
0.00445434
0.00445434
0.00445434
0.00445434
0.00222717
0.00222717
0.00222717
0.00222717
0.00222717
0.00222717
0.00222717
0.00222717
0.00222717
0.00222717
0.00222717
0.00222717
0.00222717
0.00222717
0.00222717
0.00222717
0.00222717
0.00222717
0.00222717
0.00222717
0.00222717
0.00222717
0.00222717
0.00222717
0.00222717
0.00222717
0.00222717
0.00222717
0.00222717
0.00222717
0.00222717
0.00222717
0.00222717
0.00222717
0.00222717
0.00222717
0.00222717
0.00222717
0.00222717
0.00222717
0.00222717
0.00222717
0.00222717
0.00222717
0.00222717
0.00222717
0.00222717
0.00222717
0.00222717
0.00222717
0.00222717
0.00222717
0.00222717
0.00222717
0.00222717
0.00222717
0.00222717
0.00222717
0.00222717
0.00222717
0.00222717
0.00222717
0.00222717
0.00222717
0.00222717
0.00222717
0.00222717
0.00222717
0.00222717
0.00222717
0.00222717
0.00222717
0.00222717
0.00222717
0.00222717
0.00222717
0.00222717
0.00222717
0.00222717
0.00222717
0.00222717
0.00222717
0.00222717
0.00222717
0.00222717
0.00222717
0.00222717
0.00222717
0.00222717
0.00222717
0.00222717
0.00222717
0.00222717
0.00222717
0.00222717
0.00222717
0.00222717
0.00222717
0.00222717
0.00222717
0.00222717
0.00222717
0.00222717
0.00222717
0.00222717
0.00222717
0.00222717
0.00222717
0.00222717
0.00222717
0.00222717
0.00222717
0.00222717
0.00222717
0.00222717
0.00222717
0.00222717
0.00222717
0.00222717
0.00222717
0.00222717
0.00222717
0.00222717
0.00222717
0.00222717
0.00222717
0.00222717
0.00222717
0.00222717
0.00222717
0.00222717
0.00222717
0.00222717
0.00222717
0.00222717
0.00222717
0.00222717
0.00222717
0.00222717
0.00222717
0.00222717
0.00222717
0.00222717
0.00222717
0.00222717
0.00222717
0.00222717
0.00222717
0.00222717
0.00222717
0.00222717
0.00222717
0.00222717
0.00222717
0.00222717
0.00222717
0.00222717
0.00222717
0.00222717
0.00222717
0.00222717
0.00222717
0.00222717
0.00222717
0.00222717
0.00222717
0.00222717
0.00222717
0.00222717
0.00222717
0.00222717
0.00222717
0.00222717
0.00222717
0.00222717
0.00222717
0.00222717
0.00222717
0.00222717
0.00222717
0.00222717
0.00222717
0.00222717
0.00222717
0.00222717
0.00222717
0.00222717
0.00222717
0.00222717
0.00222717
0.00222717
0.00222717
0.00222717
0.00222717
0.00222717
0.00222717
0.00222717
0.00222717
0.00222717
0.00222717
0.00222717
0.00222717
0.00222717
0.00222717
0.00222717
0.00222717
0.00222717
0.00222717
0.00222717
0.00222717
0.00222717
0.00222717
0.00222717
0.00222717
0.00222717
0.00222717
0.00222717
0.00222717
0.00222717
0.00222717
0.00222717
0.00222717
0.00222717
0.00222717
0.00222717
0.00222717
0.00222717
0.00222717
0.00222717
0.00222717
0.00222717
0.00222717
0.00222717
0.00222717
0.00222717
0.00222717
0.00222717
0.00222717
0.00222717
0.00222717
0.00222717
0.00222717
0.00222717
0.00222717
0.00222717
0.00222717
0.00222717
0.00222717
0.00222717
0.00222717
0.00222717
0.00222717
0.00222717
0.00222717
0.00222717
0.00222717
0.00222717
0.00222717
0.00222717
0.00222717
0.00222717
0.00222717
0.00222717
0.00222717
0.00222717
0.00222717
0.00222717
0.00222717
0.00222717
0.00222717
0.00222717
0.00222717
0.00222717
0.00222717
0.00222717
0.00222717
0.00222717
0.00222717
0.00222717
0.00222717
0.00222717
0.00222717
0.00222717
0.00222717
0.00222717
0.00222717
0.00222717
0.00222717
0.00222717
0.00222717
0.00222717
0.00222717
0.00222717
0.00222717
0.00222717
0.00222717
0.00222717
0.00222717
0.00222717
0.00222717
0.00222717
0.00222717
0.00222717
0.00222717
0.00222717
0.00222717
0.00222717
0.00222717
0.00222717
0.00222717
0.00222717
0.00222717
0.00222717
0.00222717
0.00222717
0.00222717
0.00222717
0.00222717
0.00222717
0.00222717
0.00222717
0.00222717
0.00222717
0.00222717
0.00222717
0.00222717
0.00222717
0.00222717
0.00222717
0.00222717
0.00222717
0.00222717
0.00222717
0.00222717
0.00222717
0.00222717
0.00222717
0.00222717
0.00222717
0.00222717
0.00222717
0.00222717
0.00222717
0.00222717
0.00222717
0.00222717
0.00222717
0.00222717
0.00222717
0.00222717
0.00222717
0.00222717
0.00222717
0.00222717
0.00222717
0.00222717
0.00222717
0.00222717
0.00222717
0.00222717
0.00222717
0.00222717
0.00222717
0.00222717
0.00222717
0.00222717
0.00222717
0.00222717
0.00222717
0.00222717
0.00222717
0.00222717
0.00222717
0.00222717
0.00222717
0.00222717
0.00222717
0.00222717
0.00222717
0.00222717
0.00222717
0.00222717
0.00222717
0.00222717
0.00222717
0.00222717
0.00222717
0.00222717
0.00222717
0.00222717
0.00222717
0.00222717
0.00222717
0.00222717
0.00222717
0.00222717
0.00222717
0.00222717
0.00222717
0.00222717
0.00222717
0.00222717
0.00222717
0.00222717
0.00222717
0.00222717
0.00222717
0.06505580
0.00000000
