1.00000000
0.91973244
0.85953177
0.83946488
0.74581940
0.68227425
0.66889632
0.62876254
0.43812709
0.41806020
0.03344482
0.02675585
0.02341137
0.02341137
0.01337793
0.01337793
0.01337793
0.01337793
0.01337793
0.01337793
0.01003344
0.01003344
0.01003344
0.01003344
0.01003344
0.01003344
0.01003344
0.01003344
0.00668896
0.00668896
0.00668896
0.00668896
0.00668896
0.00668896
0.00668896
0.00668896
0.00668896
0.00668896
0.00668896
0.00668896
0.00668896
0.00668896
0.00668896
0.00668896
0.00668896
0.00668896
0.00668896
0.00334448
0.00334448
0.00334448
0.00334448
0.00334448
0.00334448
0.00334448
0.00334448
0.00334448
0.00334448
0.00334448
0.00334448
0.00334448
0.00334448
0.00334448
0.00334448
0.00334448
0.00334448
0.00334448
0.00334448
0.00334448
0.00334448
0.00334448
0.00334448
0.00334448
0.00334448
0.00334448
0.00334448
0.00334448
0.00334448
0.00334448
0.00334448
0.00334448
0.00334448
0.00334448
0.00334448
0.00334448
0.00334448
0.00334448
0.00334448
0.00334448
0.00334448
0.00334448
0.00334448
0.00334448
0.00334448
0.00334448
0.00334448
0.00334448
0.00334448
0.00334448
0.00334448
0.00334448
0.00334448
0.00334448
0.00334448
0.00334448
0.00334448
0.00334448
0.00334448
0.00334448
0.00334448
0.00334448
0.00334448
0.00334448
0.00334448
0.00334448
0.00334448
0.00334448
0.00334448
0.00334448
0.00334448
0.00334448
0.00334448
0.00334448
0.00334448
0.00334448
0.00334448
0.00334448
0.00334448
0.00334448
0.00334448
0.00334448
0.00334448
0.00334448
0.00334448
0.00334448
0.00334448
0.00334448
0.00334448
0.00334448
0.00334448
0.00334448
0.00334448
0.00334448
0.00334448
0.00334448
0.00334448
0.00334448
0.00334448
0.00334448
0.00334448
0.00334448
0.00334448
0.00334448
0.00334448
0.00334448
0.00334448
0.00334448
0.00334448
0.00334448
0.00334448
0.00334448
0.00334448
0.00334448
0.00334448
0.00334448
0.00334448
0.00334448
0.00334448
0.00334448
0.00334448
0.00334448
0.00334448
0.00334448
0.00334448
0.00334448
0.00334448
0.00334448
0.00334448
0.00334448
0.00334448
0.00334448
0.00334448
0.00334448
0.00334448
0.00334448
0.00334448
0.00334448
0.00334448
0.00334448
0.00334448
0.00334448
0.00334448
0.00334448
0.00334448
0.00334448
0.00334448
0.00334448
0.00334448
0.00334448
0.00334448
0.00334448
0.00334448
0.00334448
0.00334448
0.00334448
0.00334448
0.00334448
0.00334448
0.00334448
0.00334448
0.00334448
0.00334448
0.00334448
0.00334448
0.00334448
0.00334448
0.00334448
0.00334448
0.00334448
0.00334448
0.00334448
0.00334448
0.00334448
0.00334448
0.00334448
0.00334448
0.00334448
0.00334448
0.00334448
0.00334448
0.00334448
0.00334448
0.00334448
0.00334448
0.00334448
0.00334448
0.00334448
0.00334448
0.00334448
0.00334448
0.00334448
0.00334448
0.00334448
0.00334448
0.00334448
0.00334448
0.00334448
0.00334448
0.00334448
0.00334448
0.00334448
0.00334448
0.00334448
0.00334448
0.00334448
0.00334448
0.00334448
0.00334448
0.00334448
0.00334448
0.00334448
0.00334448
0.00334448
0.00334448
0.00334448
0.00334448
0.00334448
0.00334448
0.00334448
0.00334448
0.00334448
0.00334448
0.00334448
0.00334448
0.00334448
0.00334448
0.00334448
0.00334448
0.00334448
0.00334448
0.00334448
0.00334448
0.00334448
0.00334448
0.00334448
0.00334448
0.00334448
0.00334448
0.00334448
0.00334448
0.00334448
0.00334448
0.00334448
0.00334448
0.00334448
0.00334448
0.00334448
0.00334448
0.00334448
0.00334448
0.00334448
0.00334448
0.00334448
0.00334448
0.00334448
0.00334448
0.00334448
0.00334448
0.00334448
0.00334448
0.00334448
0.00334448
0.00334448
0.00334448
0.00334448
0.00334448
0.00334448
0.00334448
0.00334448
0.00334448
0.00334448
0.00334448
0.00334448
0.00334448
0.00334448
0.00334448
0.00334448
0.00334448
0.00334448
0.00334448
0.00334448
0.00334448
0.00334448
0.00334448
0.00334448
0.00334448
0.00334448
0.00334448
0.00334448
0.00334448
0.00334448
0.00334448
0.00334448
0.00334448
0.00334448
0.00334448
0.00334448
0.00334448
0.00334448
0.00334448
0.00334448
0.00334448
0.00334448
0.00334448
0.00334448
0.00334448
0.00334448
0.00334448
0.00334448
0.00334448
0.00334448
0.00334448
0.00334448
0.00334448
0.00334448
0.00334448
0.00334448
0.00334448
0.00334448
0.00334448
0.00334448
0.00334448
0.00334448
0.00334448
0.00334448
0.00334448
0.00334448
0.00334448
0.00334448
0.00334448
0.00334448
0.00334448
0.00334448
0.00334448
0.00334448
0.00334448
0.00334448
0.00334448
0.00334448
0.00334448
0.00334448
0.00334448
0.00334448
0.00334448
0.00334448
0.00334448
0.00334448
0.00334448
0.00334448
0.00334448
0.00334448
0.00334448
0.00334448
0.00334448
0.00334448
0.00334448
0.00334448
0.00334448
0.00334448
0.00334448
0.00334448
0.00334448
0.00334448
0.00334448
0.00334448
0.00334448
0.00334448
0.00334448
0.00334448
0.00334448
0.00334448
0.00334448
0.00334448
0.00334448
0.00334448
0.00334448
0.00334448
0.00334448
0.00334448
0.00334448
0.00334448
0.00334448
0.00334448
0.00334448
0.00334448
0.00334448
0.00334448
0.00334448
0.00334448
0.00334448
0.00334448
0.00334448
0.00334448
0.00334448
0.00334448
0.00334448
0.00334448
0.00334448
0.00334448
0.00334448
0.00334448
0.00334448
0.00334448
0.00334448
0.00334448
0.00334448
0.00334448
0.00334448
0.00334448
0.00334448
0.00334448
0.00334448
0.00334448
0.00334448
0.00334448
0.00334448
0.00334448
0.00334448
0.00334448
0.00334448
0.00334448
0.00334448
0.00334448
0.00334448
0.00334448
0.00334448
0.00334448
0.00334448
0.00334448
0.00334448
0.00334448
0.00334448
0.00334448
0.00334448
0.00334448
0.00334448
0.00334448
0.00334448
0.00334448
0.00334448
0.00334448
0.00334448
0.00334448
0.00334448
0.00334448
0.00334448
0.00334448
0.00334448
0.00334448
0.00334448
0.00334448
0.00334448
0.00334448
0.00334448
0.00334448
0.00334448
0.00334448
0.00334448
0.00334448
0.00334448
0.00334448
0.00334448
0.00334448
0.00334448
0.00334448
0.00334448
0.00334448
0.00334448
0.00334448
0.00334448
0.00334448
0.00334448
0.00334448
0.00334448
0.00334448
0.00334448
0.00334448
0.00334448
0.00334448
0.00334448
0.00334448
0.00334448
0.00334448
0.00334448
0.00334448
0.00334448
0.00334448
0.00334448
0.00334448
0.00334448
0.00334448
0.00334448
0.00334448
0.00334448
0.00334448
0.00334448
0.00334448
0.00334448
0.00334448
0.00334448
0.00334448
0.00334448
0.00334448
0.00334448
0.00334448
0.00334448
0.00334448
0.00334448
0.00334448
0.00334448
0.00334448
0.00334448
0.00334448
0.00334448
0.00334448
0.00334448
0.00334448
0.00334448
0.00334448
0.00334448
0.00334448
0.00334448
0.00334448
0.00334448
0.00334448
0.00334448
0.00334448
0.00334448
0.00334448
0.00334448
0.00334448
0.00334448
0.00334448
0.00334448
0.00334448
0.00334448
0.00334448
0.00334448
0.00334448
0.00334448
0.00334448
0.00334448
0.00334448
0.00334448
0.00334448
0.00334448
0.00334448
0.00334448
0.00334448
0.00334448
0.00334448
0.00334448
0.00334448
0.00334448
0.00334448
0.00334448
0.00334448
0.00334448
0.00334448
0.00334448
0.00334448
0.00334448
0.00334448
0.00334448
0.00334448
0.00334448
0.00334448
0.00334448
0.00334448
0.00334448
0.00334448
0.00334448
0.00334448
0.00334448
0.00334448
0.00334448
0.00334448
0.00334448
0.00334448
0.00334448
0.00334448
0.00334448
0.00334448
0.00334448
0.00334448
0.00334448
0.00334448
0.00334448
0.00334448
0.00334448
0.00334448
0.00334448
0.00334448
0.00334448
0.00334448
0.00334448
0.00334448
0.00334448
0.00334448
0.00334448
0.00334448
0.00334448
0.00334448
0.00334448
0.00334448
0.00334448
0.00334448
0.00334448
0.00334448
0.00334448
0.00334448
0.00334448
0.00334448
0.00334448
0.00334448
0.00334448
0.00334448
0.00334448
0.00334448
0.00334448
0.00334448
0.00334448
0.00334448
0.00334448
0.00334448
0.00334448
0.00334448
0.00976133
0.00000000
