1.00000000
0.92592593
0.88888889
0.79012346
0.70370370
0.62962963
0.53086420
0.46913580
0.44444444
0.35802469
0.16049383
0.02469136
0.02469136
0.02469136
0.02469136
0.02469136
0.01234568
0.01234568
0.01234568
0.01234568
0.01234568
0.01234568
0.01234568
0.01234568
0.01234568
0.01234568
0.01234568
0.01234568
0.01234568
0.01234568
0.01234568
0.01234568
0.01234568
0.01234568
0.01234568
0.01234568
0.01234568
0.01234568
0.01234568
0.01234568
0.01234568
0.01234568
0.01234568
0.01234568
0.01234568
0.01234568
0.01234568
0.01234568
0.01234568
0.01234568
0.01234568
0.01234568
0.01234568
0.01234568
0.01234568
0.01234568
0.01234568
0.01234568
0.01234568
0.01234568
0.01234568
0.01234568
0.01234568
0.01234568
0.01234568
0.01234568
0.01234568
0.01234568
0.01234568
0.01234568
0.01234568
0.01234568
0.01234568
0.01234568
0.01234568
0.01234568
0.01234568
0.01234568
0.01234568
0.01234568
0.01234568
0.01234568
0.07362240
0.00000000
