1.00000000
0.92857143
0.89047619
0.89047619
0.76666667
0.76666667
0.68571429
0.59047619
0.58571429
0.58095238
0.58095238
0.57619048
0.56190476
0.22380952
0.18095238
0.18095238
0.18095238
0.18095238
0.18095238
0.15238095
0.15238095
0.15238095
0.15238095
0.15238095
0.15238095
0.08571429
0.08571429
0.08571429
0.08571429
0.08571429
0.08571429
0.08571429
0.08571429
0.08571429
0.08571429
0.08571429
0.08571429
0.08571429
0.08571429
0.08095238
0.08095238
0.08095238
0.08095238
0.08095238
0.08095238
0.08095238
0.08095238
0.08095238
0.08095238
0.08095238
0.08095238
0.04761905
0.04761905
0.04761905
0.04761905
0.04761905
0.04761905
0.04761905
0.04761905
0.04761905
0.04761905
0.03333333
0.03333333
0.03333333
0.03333333
0.03333333
0.02857143
0.02857143
0.02857143
0.02857143
0.02857143
0.02857143
0.02857143
0.02857143
0.02857143
0.02857143
0.02857143
0.02857143
0.02857143
0.02857143
0.02857143
0.02857143
0.02857143
0.02857143
0.02857143
0.02857143
0.02857143
0.02857143
0.02380952
0.02380952
0.02380952
0.02380952
0.02380952
0.02380952
0.02380952
0.02380952
0.02380952
0.02380952
0.02380952
0.02380952
0.02380952
0.02380952
0.02380952
0.02380952
0.02380952
0.02380952
0.02380952
0.02380952
0.02380952
0.02380952
0.02380952
0.02380952
0.02380952
0.02380952
0.02380952
0.02380952
0.02380952
0.02380952
0.02380952
0.01904762
0.01904762
0.01904762
0.01904762
0.01904762
0.01904762
0.01904762
0.01904762
0.01428571
0.01428571
0.01428571
0.01428571
0.01428571
0.01428571
0.01428571
0.01428571
0.01428571
0.01428571
0.01428571
0.01428571
0.01428571
0.01428571
0.01428571
0.01428571
0.01428571
0.01428571
0.01428571
0.01428571
0.01428571
0.01428571
0.01428571
0.01428571
0.01428571
0.01428571
0.01428571
0.01428571
0.01428571
0.01428571
0.01428571
0.01428571
0.01428571
0.01428571
0.01428571
0.01428571
0.01428571
0.01428571
0.01428571
0.01428571
0.01428571
0.01428571
0.01428571
0.01428571
0.01428571
0.01428571
0.01428571
0.01428571
0.01428571
0.01428571
0.01428571
0.01428571
0.01428571
0.01428571
0.01428571
0.01428571
0.01428571
0.01428571
0.01428571
0.01428571
0.01428571
0.01428571
0.01428571
0.01428571
0.01428571
0.01428571
0.01428571
0.01428571
0.01428571
0.01428571
0.01428571
0.01428571
0.01428571
0.01428571
0.01428571
0.01428571
0.01428571
0.01428571
0.01428571
0.01428571
0.01428571
0.01428571
0.01428571
0.01428571
0.01428571
0.01428571
0.01428571
0.01428571
0.01428571
0.01428571
0.01428571
0.01428571
0.01428571
0.01428571
0.01428571
0.01428571
0.00952381
0.00952381
0.00952381
0.00952381
0.00952381
0.00952381
0.00952381
0.00952381
0.00952381
0.00952381
0.00952381
0.00952381
0.00952381
0.00952381
0.00952381
0.00952381
0.00952381
0.00952381
0.00952381
0.00952381
0.00952381
0.00952381
0.00952381
0.00952381
0.00952381
0.00952381
0.00952381
0.00952381
0.00952381
0.00952381
0.00952381
0.00952381
0.00952381
0.00952381
0.00952381
0.00952381
0.00952381
0.00952381
0.00952381
0.00952381
0.00952381
0.00952381
0.00952381
0.00952381
0.00952381
0.00952381
0.00952381
0.00952381
0.00952381
0.00952381
0.00952381
0.00952381
0.00952381
0.00952381
0.00952381
0.00952381
0.00952381
0.00952381
0.00952381
0.00952381
0.00952381
0.00952381
0.00952381
0.00952381
0.00952381
0.00952381
0.00952381
0.00952381
0.00952381
0.00952381
0.00952381
0.00952381
0.00952381
0.00952381
0.00952381
0.00952381
0.00952381
0.00952381
0.00952381
0.00952381
0.00952381
0.00952381
0.00952381
0.00952381
0.00952381
0.00952381
0.00952381
0.00952381
0.00952381
0.00952381
0.00952381
0.00952381
0.00952381
0.00952381
0.00952381
0.00952381
0.00952381
0.00952381
0.00952381
0.00952381
0.00952381
0.00952381
0.00952381
0.00952381
0.00952381
0.00952381
0.00952381
0.00952381
0.00952381
0.00952381
0.00952381
0.00952381
0.00952381
0.00952381
0.00952381
0.00952381
0.00952381
0.00952381
0.00952381
0.00952381
0.00952381
0.00952381
0.00952381
0.00952381
0.00952381
0.00952381
0.00952381
0.00952381
0.00952381
0.00952381
0.00952381
0.00952381
0.00952381
0.00952381
0.00952381
0.00952381
0.00952381
0.00952381
0.00952381
0.00952381
0.00952381
0.00952381
0.00952381
0.00952381
0.00952381
0.00952381
0.00952381
0.00952381
0.00952381
0.00952381
0.00952381
0.00952381
0.00952381
0.00952381
0.00952381
0.00952381
0.00952381
0.00476190
0.00476190
0.00476190
0.00476190
0.00476190
0.00476190
0.00476190
0.00476190
0.00476190
0.00476190
0.00476190
0.00476190
0.00476190
0.00476190
0.00476190
0.00476190
0.00476190
0.00476190
0.00476190
0.00476190
0.00476190
0.00476190
0.00476190
0.00476190
0.00476190
0.00476190
0.00476190
0.00476190
0.00476190
0.00476190
0.00476190
0.00476190
0.00476190
0.00476190
0.00476190
0.00476190
0.00476190
0.00476190
0.00476190
0.00476190
0.00476190
0.00476190
0.00476190
0.00476190
0.00476190
0.00476190
0.00476190
0.00476190
0.00476190
0.00476190
0.00476190
0.00476190
0.00476190
0.00476190
0.00476190
0.00476190
0.00476190
0.00476190
0.00476190
0.00476190
0.00476190
0.00476190
0.00476190
0.00476190
0.00476190
0.00476190
0.00476190
0.00476190
0.00476190
0.00476190
0.00476190
0.00476190
0.00476190
0.00476190
0.00476190
0.00476190
0.00476190
0.00476190
0.00476190
0.00476190
0.00476190
0.00476190
0.00476190
0.00476190
0.00476190
0.00476190
0.00476190
0.00476190
0.00476190
0.00476190
0.00476190
0.00476190
0.00476190
0.00476190
0.00476190
0.00476190
0.00476190
0.00476190
0.00476190
0.00476190
0.00476190
0.00476190
0.00476190
0.00476190
0.00476190
0.00476190
0.00476190
0.00476190
0.00476190
0.00476190
0.00476190
0.00476190
0.00476190
0.00476190
0.00476190
0.00476190
0.00476190
0.00476190
0.00476190
0.00476190
0.00476190
0.00476190
0.00476190
0.00476190
0.00476190
0.00476190
0.00476190
0.00476190
0.00476190
0.00476190
0.00476190
0.00476190
0.00476190
0.00476190
0.00476190
0.00476190
0.00476190
0.00476190
0.00476190
0.00476190
0.00476190
0.00476190
0.00476190
0.00476190
0.00476190
0.00476190
0.00476190
0.00476190
0.00476190
0.00476190
0.00476190
0.00476190
0.00476190
0.00476190
0.00476190
0.00476190
0.00476190
0.00476190
0.00476190
0.00476190
0.00476190
0.00476190
0.00476190
0.00476190
0.00476190
0.00476190
0.00476190
0.00476190
0.00476190
0.00476190
0.00476190
0.00476190
0.00476190
0.00476190
0.00476190
0.00476190
0.00476190
0.00476190
0.00476190
0.00476190
0.00476190
0.00476190
0.00476190
0.00476190
0.00476190
0.00476190
0.00476190
0.00476190
0.00476190
0.00476190
0.00476190
0.00476190
0.00476190
0.00476190
0.00476190
0.00476190
0.00476190
0.00476190
0.00476190
0.00476190
0.00476190
0.00476190
0.00476190
0.00476190
0.00476190
0.00476190
0.00476190
0.00476190
0.00476190
0.00476190
0.00476190
0.00476190
0.00476190
0.00476190
0.00476190
0.00476190
0.00476190
0.00476190
0.00476190
0.00476190
0.00476190
0.00476190
0.00476190
0.00476190
0.00476190
0.00476190
0.00476190
0.00476190
0.00476190
0.00476190
0.00476190
0.00476190
0.00476190
0.00476190
0.00476190
0.00476190
0.00476190
0.00476190
0.00476190
0.00476190
0.00476190
0.00476190
0.00476190
0.00476190
0.00476190
0.00476190
0.00476190
0.00476190
0.00476190
0.00476190
0.00476190
0.00476190
0.00476190
0.00476190
0.00476190
0.00476190
0.00476190
0.00476190
0.00476190
0.00476190
0.00476190
0.00476190
0.00476190
0.00476190
0.00476190
0.00476190
0.00476190
0.00476190
0.00476190
0.00476190
0.00476190
0.00476190
0.00476190
0.00476190
0.00476190
0.00476190
0.00476190
0.00476190
0.00476190
0.00476190
0.00476190
0.00476190
0.00476190
0.00476190
0.00476190
0.00476190
0.00476190
0.00476190
0.00476190
0.00476190
0.00476190
0.00476190
0.00476190
0.00476190
0.00476190
0.00476190
0.00476190
0.00476190
0.00476190
0.00476190
0.00476190
0.00476190
0.00476190
0.00476190
0.00476190
0.00476190
0.00476190
0.00476190
0.00476190
0.00476190
0.00476190
0.00476190
0.00476190
0.00476190
0.00476190
0.00476190
0.00476190
0.00476190
0.00476190
0.00476190
0.00476190
0.00476190
0.00476190
0.00476190
0.00476190
0.00476190
0.00476190
0.00476190
0.00476190
0.02489758
0.00000000
