6
8
21
809
604
16
314
726
28
30
19
326
114
1593
289
399
571
5106
45
1597
222
233
1059
40
206
1019
6069
190
4641
15212
6349
1508
3016
2294
243
1770
936
161
3425
228
738
3000
7099
19703
828
26
63
168
4567
740
1741
3067
2515
3224
1250
38
2979
3266
4995
731
1070
353
802
1098
12
3075
4737
1339
29
11
194
1275
593
3892
11017
2698
2348
513
3373
4327
6639
1249
6732
2836
39282
7226
8803
2264
4436
5068
34639
92
6607
367
1810
7256
4039
6050
24476
10
832
332
4913
6642
11540
768
5693
142
3081
3655
39894
127
2745
136
1978
2841
3875
6617
1773
5498
902
7894
247
1628
2253
1367
5873
6103
6632
1340
86
3001
4778
6283
1228
1752
237
282
464
1376
451
1260
15633
55560
1497
1567
133
1060
1742
1788
1319
45815
6871
10049
2820
1546
1677
3174
3237
3864
11852
58894
58
6190
14868
394
3608
56022
1656
2086
2265
2347
12875
177
985
5086
5566
7561
55561
1921
6661
973
1258
5783
926
268
523
996
1281
3085
5040
6450
10249
486
4588
13702
712
4150
6367
12233
2966
3620
15147
1616
3110
6179
496
1172
1510
2727
47715
73
178
1152
4590
4974
5188
1283
1662
2295
49772
1592
1813
1824
4814
6022
6272
8131
13712
39654
41374
1125
6716
8925
12050
32992
508
811
5191
5494
33
3257
510
1170
1798
2438
6643
7630
11703
135
418
1110
1724
2886
89
1816
2044
64
424
442
1715
3940
6267
6861
9929
954
2444
6606
12874
38632
408
420
2808
2950
10313
12411
47002
83
477
1419
2790
12073
16077
1
283
1771
2160
2786
5178
12195
22448
434
1063
1746
1907
7446
11546
13381
14815
15055
521
1337
4375
4610
4765
7531
15162
47605
48673
51700
416
2122
3511
4725
6937
7427
9640
47608
164
241
497
782
825
1632
3157
6068
14
68
193
239
277
1101
1148
1302
5127
6218
6223
6327
6959
26039
713
1006
1625
1833
1875
2870
3114
4027
4050
4638
6329
7691
14105
73607
34
204
1952
2931
3159
4649
6755
7096
16200
187
603
736
915
1495
1579
1867
2027
2871
4718
4758
4958
5039
7771
7890
10518
12487
60861
529
771
904
1025
1889
1950
2391
2773
3387
3536
4284
5242
6141
7344
13328
19789
40920
71
110
1629
1751
2375
2480
3084
3792
4356
4508
5741
6337
6645
8016
11238
11851
12552
30345
181
551
826
1173
1245
2137
3107
3293
6301
6553
6712
7129
10608
11776
11888
13603
21105
102
524
835
836
1024
1338
2049
2103
3044
3152
3202
5825
6220
7495
10177
10674
15753
18599
49207
52
109
263
984
1105
1745
1934
2768
2932
3228
4102
4572
4987
5334
6938
15609
24267
32489
40854
42023
48583
53905
31
182
635
964
1615
1650
1663
1777
2161
2431
3170
3300
4709
5321
5670
6160
7384
13940
14391
16868
22502
25184
25303
235
281
387
742
747
1085
1213
1657
2617
5623
6547
6569
7806
12400
13164
14279
25442
35501
49153
338
651
1723
1821
3264
3777
4633
5800
10214
10371
10794
12032
12099
12154
12421
12635
13542
14983
16674
16727
16817
23847
24481
25383
45592
47869
53899
58875
78451
100
152
778
1073
1082
1177
1286
1441
2861
2892
2928
3122
3285
3515
4478
4812
5035
5135
5232
6295
6481
6526
6624
6889
10729
11112
11210
11385
11815
14290
19378
19986
20328
22457
31534
31666
36045
37511
39807
40096
41191
57583
65824
97
388
572
708
1087
1234
1305
1321
1359
1509
1767
1868
1982
2096
2193
2734
3363
3372
4010
4359
4540
5057
5352
5507
5992
6049
6353
6964
7488
7602
7982
8204
8858
9102
9917
9992
10185
10802
10883
12568
13190
14080
15611
19073
21001
21781
23653
23694
25167
26699
28149
29777
38110
48424
53417
56290
57158
74731
83378
88353
17
65
137
140
145
214
305
395
532
534
584
676
834
861
943
1095
1252
1573
1776
1852
2088
2831
2891
2904
2907
2937
2989
3011
3045
3229
3458
3479
3534
3755
3821
4033
4536
4724
5049
5125
5687
5832
6173
6202
6407
6491
6555
6689
6819
7191
7285
7290
7387
7654
8249
8548
10054
10130
10638
10716
10761
10934
11242
11786
12092
12976
13122
13321
15653
15803
16162
18629
18702
19687
19790
22357
24165
24874
25957
28640
29286
29410
30812
30956
32467
37354
39422
39525
40904
41185
45362
47547
48026
48456
50171
50196
50942
51636
52897
53425
53432
57900
59237
65735
70079
73472
73988
81454
81686
125
191
232
238
274
318
378
409
410
509
645
656
696
800
910
949
977
1049
1113
1131
1179
1285
1365
1446
1466
1494
1542
1647
2045
2082
2149
2238
2314
2437
2483
2564
2796
2799
2939
3014
3052
3063
3065
3097
3259
3420
3542
3681
4030
4070
4154
4227
4549
4884
4997
5026
5062
5067
5128
5210
5277
5463
5659
5700
5881
5885
5902
6079
6213
6227
6263
6268
6390
6527
6724
7201
7284
7429
7780
7891
7910
7924
7946
8776
9987
10116
10275
10688
10801
10869
11001
11089
11338
11655
11698
11709
11828
11913
11944
11979
12093
12116
12286
12862
13057
13578
13966
14953
15245
15595
15635
15766
16345
16398
17543
18455
18591
18740
19906
20604
21057
21197
21278
21969
22936
23629
23814
23823
24144
24166
24192
24218
24349
24761
24844
25241
25483
26464
26819
27031
27712
28189
28237
28460
28556
29018
29140
30354
30813
32183
34812
38199
39639
40314
40349
40354
40530
40552
42483
42707
43020
44006
46217
47455
48284
48949
49510
54202
54239
55353
55536
55669
55846
56882
57195
58866
59360
59505
59991
65294
69160
69271
71204
71523
73118
73277
73662
73810
74030
75829
78995
80324
81093
81481
81648
86909
87587
22
51
56
93
101
124
128
134
173
174
196
211
227
278
336
343
448
461
470
495
540
595
615
626
652
659
718
739
795
814
881
950
987
1002
1010
1016
1042
1128
1198
1199
1202
1288
1289
1296
1352
1355
1385
1408
1440
1478
1489
1521
1525
1540
1641
1674
1686
1714
1737
1760
1849
1893
1953
2001
2033
2066
2100
2113
2120
2162
2179
2202
2232
2262
2268
2285
2287
2293
2372
2379
2396
2411
2440
2533
2557
2642
2681
2691
2702
2708
2775
2793
2833
2846
2858
2869
2922
2923
2946
2988
3007
3009
3020
3026
3028
3068
3069
3072
3091
3153
3163
3208
3268
3277
3281
3319
3333
3354
3441
3469
3473
3537
3570
3671
3685
3724
3760
3766
3837
3862
3923
3944
4008
4017
4101
4240
4252
4326
4448
4481
4591
4618
4629
4739
4742
4747
4819
4826
4842
4887
4963
4964
5002
5038
5234
5248
5294
5295
5445
5458
5608
5634
5655
5705
5926
5931
5954
5977
6044
6129
6235
6325
6334
6360
6369
6377
6381
6397
6452
6507
6508
6572
6581
6604
6621
6662
6709
6730
6805
6817
6836
6870
6882
6891
6905
6932
6933
6961
6973
7032
7053
7112
7130
7228
7317
7356
7360
7443
7456
7478
7568
7599
7635
7671
7710
7918
7990
7992
8053
8177
8279
8442
8621
8642
8927
9390
9466
9496
9498
9514
9615
9919
10051
10157
10158
10245
10246
10295
10343
10378
10382
10436
10515
10517
10533
10576
10585
10602
10603
10616
10635
10684
10919
10931
10963
10970
10978
11021
11138
11149
11150
11221
11317
11373
11382
11458
11471
11473
11481
11518
11637
11649
11661
11674
11922
11946
12107
12131
12244
12276
12298
12301
12358
12359
12363
12396
12444
12472
12531
12626
12653
12669
12788
12975
13033
13042
13109
13113
13176
13250
13320
13385
13476
13525
13580
13588
13681
13743
13753
13820
13862
13926
14103
14126
14174
14188
14350
14351
14369
14522
14598
14627
14675
14744
14750
14795
14834
14871
15036
15318
15446
15705
15709
15714
15813
15921
15953
16029
16032
16036
16037
16044
16159
16163
16183
16205
16228
16338
16351
16372
16451
16535
16646
16765
16810
16877
16946
17084
17182
17311
17927
18006
18020
18083
18462
18572
18613
18621
18716
18794
18840
19152
19193
19252
19423
19546
19571
19658
19809
19865
20047
20095
20141
20193
20222
20329
20428
20641
20677
21031
21194
21566
21762
21793
21850
21931
21983
22145
22255
22279
22378
22443
22541
22743
22916
22951
23123
23247
23453
23523
23704
23910
24193
24276
24375
24392
24532
24596
24800
24817
24868
24979
25157
25182
25209
25554
25584
25751
25809
25872
25955
25956
26011
26076
26148
26236
26366
26402
26417
26439
26790
26828
26830
26923
27086
27113
27308
27385
27470
27656
27682
28025
28102
28144
28243
28292
28317
28474
28496
28509
28512
28551
28927
29041
29099
29173
29239
29333
29394
29478
29689
29723
29855
29856
29864
29946
30415
30499
30571
31041
31066
31239
31274
31321
31462
31656
31696
31803
31917
32071
32193
32271
32439
32550
32577
32626
32691
32700
32930
33013
33371
33796
34304
35023
35728
35986
36750
36939
37125
37439
37583
37646
37970
38964
39311
39402
39628
39668
39693
39715
39962
39964
40191
40315
40345
40477
40571
40616
40992
41001
41027
41063
41175
41307
41353
41699
41807
42497
43004
43258
43489
43997
44278
44366
44602
44738
44878
45204
45261
45390
45468
45770
45962
46091
46500
46526
46702
47435
47558
47663
47682
47717
47864
48099
48107
48285
48461
48507
48840
48960
49086
49257
49286
49356
49385
49439
49460
49523
49595
49692
49746
49930
50085
50206
50583
50787
51091
51224
51358
51835
51848
52145
52214
52945
53650
53766
53786
53925
54039
54177
55136
55459
55754
56246
56544
56626
56783
56860
57348
57805
58204
58380
58458
58671
58696
58992
59147
59388
59436
59464
59576
59719
59725
59910
60217
60844
61425
61603
62752
64228
64561
64859
65270
65514
66061
66213
66279
66417
66881
67002
67278
67427
67788
68638
68706
69873
70865
71363
71773
72694
73159
73422
73765
73778
73814
74008
74109
74424
74588
74644
74850
75061
75231
75765
75895
76627
76636
76814
77216
78300
79095
79278
79600
79610
80089
80608
81266
81409
81728
81770
81839
82192
82332
82974
82993
83168
83220
83345
83853
85465
86464
86716
86929
87079
87421
87463
88276
88309
