455
515
653
105
358
529
167
33
648
198
339
372
454
677
51
77
308
80
288
534
68
84
252
316
134
158
256
393
403
601
161
431
657
16
261
344
347
356
453
668
24
63
94
294
364
427
466
496
506
612
642
670
107
125
130
135
153
166
241
255
440
452
563
584
614
626
662
14
50
56
65
70
79
154
162
165
172
185
247
250
251
262
297
320
437
523
530
596
604
620
2
3
23
26
28
36
38
44
49
82
111
113
118
124
126
128
132
189
193
234
270
290
293
341
370
387
407
426
436
447
462
502
522
549
582
622
660
0
1
4
6
7
9
15
22
25
27
30
31
39
41
42
48
53
60
62
72
75
78
85
86
93
99
103
110
114
121
122
131
133
139
157
159
163
164
168
169
175
177
178
181
183
184
187
194
196
200
201
204
208
210
211
212
215
217
229
230
242
264
274
275
278
283
310
315
317
334
335
338
340
350
352
357
366
374
377
432
450
464
481
485
489
508
510
536
538
562
564
589
621
634
650
701
5
10
12
19
20
21
29
34
37
45
46
52
55
57
58
64
66
69
71
74
76
83
88
91
92
95
98
104
106
109
127
136
138
141
143
145
147
150
152
156
170
171
174
176
188
191
192
195
202
206
209
218
222
224
226
227
228
231
232
237
238
239
243
245
253
257
258
265
266
271
277
279
281
284
285
287
289
295
300
304
306
307
309
312
323
325
326
328
329
336
343
353
355
360
365
369
371
373
378
382
383
385
389
394
395
396
401
405
406
408
411
412
416
418
420
421
428
434
438
441
443
446
473
477
478
482
486
487
491
498
500
503
517
524
531
543
548
553
555
560
565
568
570
573
593
598
600
605
607
611
616
619
628
640
651
672
674
