1
7
825
22
3078
93
17614
141
1690
776
123
42
2077
49803
201
442
17357
1401
78
103
352
104
6727
58055
57477
163
44599
11
216
414
13534
572
6534
41
14538
7050
32493
2348
6433
321
1337
5813
11620
25543
4673
13023
731
34603
678
11536
50793
10653
3972
1206
1748
14000
2629
44722
16156
68
30
1722
11203
3243
6751
732
35447
44500
113
4724
64549
4484
261
6340
13010
159
14
5277
42342
3390
3545
10798
7246
35505
1403
1305
827
1161
1818
6749
13269
36900
17034
146
28849
646
9630
37824
1665
10864
3730
4488
5941
8948
1194
7288
20802
406
578
40
117
17812
17865
37542
4495
8708
139
1558
87168
35202
1846
10173
62
41354
56
4656
1060
3006
12061
1644
2106
35506
3122
16014
2063
616
14185
17359
107
7012
76130
1129
833
6353
1596
2129
854
2275
449
13
18320
27967
458
6333
15
259
289
316
3665
3070
6451
15302
2990
13136
714
988
44723
3688
12745
14248
23674
43061
250
8730
89
3337
511
37793
76
429
2212
1539
3872
925
6673
1006
7125
16947
32391
1698
3649
5627
11664
63
11609
380
2353
6471
206
1535
2568
5020
2782
33761
156
496
1399
2425
937
6837
1267
3257
25045
49077
2350
2742
27255
426
12397
54
308
916
6221
12955
2933
6677
7985
16074
46
189
5793
11964
7908
48910
293
63956
4722
32769
115
9305
16834
33558
4671
7423
13851
664
865
2226
41492
1182
6012
34051
6589
7000
10728
3658
6818
11337
3162
14853
90994
807
6395
7677
5242
9705
16460
19593
1918
2593
6401
6591
7727
37786
37910
101
1775
147
14485
24123
2380
37672
5204
5707
38884
765
14882
1515
2260
15445
16477
590
6745
36580
1527
16811
36323
142
144
2920
19533
4225
8768
16514
31826
1125
3486
44
302
1813
9413
34863
38563
61296
7394
16878
30147
4700
6247
32207
18210
40333
1963
5809
11741
12071
16528
41500
52737
82147
37992
369
2788
8751
25865
630
1881
4866
12428
27499
54814
2215
3270
5629
8448
17433
4480
5076
234
266
723
4949
5803
9486
9641
31093
71
8166
41455
43986
277
758
1132
4288
12342
49211
2673
21491
1149
1511
1868
5878
16012
26293
29179
48659
64
3110
9397
23028
35621
270
359
1228
3246
3901
5453
20190
23856
1238
5922
6921
12331
16091
49003
708
10082
10606
12335
3143
4268
7822
13233
18113
42663
72135
931
4515
10110
15857
636
4929
39416
92180
568
4615
4658
5003
9419
10463
13519
18178
28914
41381
3777
4324
4470
4771
4804
20945
29701
40699
2570
6750
9533
16824
17344
45031
55340
36
286
3045
7450
7846
8011
8706
38964
84180
3131
3633
3643
3996
4745
5354
13137
16538
22572
38611
40959
214
1543
3171
8694
10087
10885
21786
69699
1192
4543
5653
8013
16256
17301
19098
29007
55239
1029
1048
2949
5462
5877
5953
17749
22944
26520
29711
58245
759
810
942
1366
1370
1433
5840
7294
18125
38476
90
487
7327
8447
14666
19284
32854
35190
41573
2299
2940
5733
7877
8088
8568
9310
14761
16468
33602
37799
1173
4044
4556
6888
9509
12783
16445
17400
17640
21431
32151
37777
41241
606
1565
3394
5284
14801
20627
21822
24810
31963
40358
73
132
1153
1333
4372
6367
8662
11238
14281
20136
41453
49244
50493
2750
7271
8008
8821
16264
18922
20629
35275
35962
49212
74710
812
5568
5990
7518
7658
12638
12917
44499
61605
729
2016
2638
2678
5177
14395
15627
18520
33529
53044
58131
787
862
1217
1329
3725
4061
4068
14912
20626
54329
90057
130
154
1463
2007
3376
4454
5640
6748
7674
8710
10714
13404
18212
19114
27148
29340
43998
49038
70347
2231
2973
3560
8429
18260
21503
25489
41950
44160
56420
86138
109
901
2279
3218
4202
4601
4946
7750
7849
8536
13069
14872
17589
43700
54393
65053
1661
2715
4240
7566
9489
9517
11850
14467
15493
37979
39158
41037
41161
53634
61788
328
1798
2147
2952
4121
6088
6169
8386
8587
10245
10658
12620
13379
17833
17955
27979
28401
49710
81393
335
1171
1358
2676
3873
7965
9054
10410
12440
14434
15261
18503
18983
20726
22855
39366
54072
10
457
1146
1561
1688
2200
3091
3144
3311
4312
5194
6446
9039
10388
11892
12126
12281
13080
13966
14306
15611
19491
25652
39592
45062
49961
50564
355
409
567
2270
3175
3887
5107
5582
6432
8998
10088
11643
19737
31243
32121
41685
45183
49544
73770
75949
1720
3209
3788
6335
8204
12623
17392
20149
35960
41374
65865
936
2071
3687
3962
5703
5804
6008
7432
7449
7574
7657
8070
10715
14530
17113
18137
19487
23362
33409
38794
40932
41342
44409
51393
57475
2156
2583
3430
4545
4600
6015
7201
9380
9980
10334
14529
17770
18302
27190
32859
44208
44993
55718
76828
37
482
797
3533
4834
6265
6742
7342
7751
8688
9741
12643
13504
16896
27326
28669
632
1975
2151
2892
2979
3115
3262
3770
3826
3874
4827
4921
5035
7898
7926
8832
9241
9796
10683
17753
17924
19705
23331
24420
26404
31033
32296
41142
52028
697
4006
4171
4602
4611
7603
7923
8399
12558
12916
13060
13401
15474
18009
18286
20370
20628
24508
24920
29023
35753
42287
42479
45720
56793
57920
78493
79
298
746
2301
3263
3367
4223
4429
5074
5482
5859
5965
6493
6559
6593
7164
7988
8380
11171
15312
15339
15552
17314
18396
26959
33956
41005
42183
44448
45260
45518
26
199
210
294
1789
2309
2819
3269
4432
4825
7090
7098
7253
9693
10242
13627
14788
16524
18134
19886
22588
30882
36633
38981
42442
43489
48346
49960
50252
48
81
116
326
525
654
1559
2262
2268
4231
7093
8475
9273
9660
10958
12636
13128
21797
24791
25289
32373
35047
55890
65092
89399
53
489
661
757
1951
2107
2795
4181
4233
4789
5658
5791
6481
6719
7439
7970
10455
10494
12616
13607
15006
16639
28879
35685
35910
40647
43990
44289
48589
50390
72037
73118
66
597
1318
1792
2111
3064
3325
3333
5590
6585
7752
8104
8790
11853
11877
13648
17145
18205
19512
24571
25465
28952
29310
31007
33022
45404
55227
57970
1491
2121
2302
2517
2817
2842
2947
3316
3793
4157
4272
4709
6137
7190
7612
10254
11588
16993
18701
28436
37998
39559
41407
47719
52674
55734
488
623
676
1160
1279
1791
2566
2995
3176
3201
4524
4688
4826
5279
5806
5838
6190
6257
6752
7676
8009
8144
8645
9579
10141
14286
14997
17151
17948
18005
20082
23644
25315
31828
50763
54964
59082
59162
164
231
232
248
315
370
1326
1958
2317
2363
3096
3105
3499
4899
5674
6450
7515
7572
7881
9089
10820
10858
13593
14253
14787
15110
15112
19150
25317
26223
30628
35897
38333
38851
40781
44568
55629
60940
61735
96003
99462
1270
1536
2948
3044
3251
3253
9733
11726
12307
13501
14503
15199
17635
18240
23978
24536
27278
30281
30942
32232
32291
32693
35784
37474
38826
41081
41616
43094
44735
52352
82239
83856
90810
4027
5817
7057
7455
7924
9057
9846
10287
10624
13255
14303
14454
19292
19423
19733
20280
21395
25612
26010
28511
28525
29185
30840
33344
35011
39173
43114
44863
48246
51906
59081
93288
75
475
683
1236
1292
1528
1974
2305
2562
3429
3561
3893
3905
4369
4419
5892
6055
7662
8497
8731
10113
10342
11615
11980
12219
12296
12947
13227
13430
13484
16234
17243
18107
19028
19285
19793
22299
26610
26782
27550
28932
28988
30881
31810
32760
34653
35969
37217
38109
38641
40616
40629
41624
42745
43390
46514
53239
54815
66367
67917
71760
79579
12
143
913
1005
1015
1041
1296
2606
2686
2950
3093
3106
3237
3568
3705
3722
3850
3857
4173
4667
4869
5069
5081
5187
5554
5958
6352
6765
6874
8107
8375
9006
9041
9616
9935
10062
10458
11077
11366
11646
11840
11921
12271
12798
13273
13321
13364
14378
14483
14616
14828
14968
14970
15050
15464
16086
16147
16306
17464
18540
18957
19129
20609
21159
25962
26456
28314
29704
30218
33419
35763
37225
37336
37619
38100
38223
38259
38329
39183
39445
40288
42186
43083
43303
44050
44206
45126
46058
46391
49840
50140
50155
52116
57897
62128
62220
62712
67616
74842
76294
78588
95367
84
119
127
244
280
340
351
750
803
929
1009
1033
1141
1237
1652
1653
2024
2240
2360
2369
2401
2565
2579
2962
3204
3227
3234
3341
3479
3691
3760
4050
4249
4258
4375
4682
4764
4873
5034
5160
5476
5603
6168
6228
6258
7660
7745
7971
8337
8396
8435
8678
8894
9034
9299
9519
9754
9868
10075
10273
10280
10360
10762
10865
10866
11608
11906
12923
13048
13089
14778
16129
16628
17474
17824
17971
19097
19337
19563
19642
20123
20512
21025
21880
23315
23833
24668
24875
26768
27699
27898
29241
29528
30735
31367
31607
32288
32297
32784
33501
34037
34124
36666
37621
37956
38532
38635
39640
40257
40316
40478
42563
43132
44264
44968
45234
46216
47777
47971
47976
48512
49402
49638
49951
49965
50409
50606
53330
55839
56632
57088
57264
59624
59985
60573
61051
62430
63025
63670
64377
67393
68087
70647
72855
77050
79106
80906
92846
96874
97196
38
219
257
288
433
474
477
571
634
752
889
1080
1156
1275
1299
1322
1324
1395
1598
1618
1684
1687
1738
1915
1962
2068
2087
2122
2220
2229
2343
2576
2595
2688
2694
2743
2759
2877
2899
2987
2988
3119
3192
3261
3321
3472
3596
3702
3707
3763
3956
3958
3998
4190
4437
4703
4717
5002
5063
5097
5168
5197
5302
5373
5430
5681
6341
6792
6920
7140
7454
7485
7632
7724
7835
7885
7929
8048
8091
8160
8398
8486
8494
8584
8691
8718
8896
8955
8962
8983
9119
9126
9150
9271
9280
9364
9594
9764
9767
10032
10133
10702
10802
10871
11244
11336
11389
11734
11858
11926
11941
12614
13107
14179
14359
14497
14587
14611
15658
15729
16024
16206
16284
16287
16399
16443
16497
16533
16699
16747
16760
16780
16911
16924
16970
17094
17242
17277
17578
17581
17817
18360
18507
18588
18964
20282
20607
20647
20976
21071
21494
21711
22375
22652
23062
23118
23191
23697
23973
24078
24144
24375
24603
24809
24923
25376
25483
26033
26911
26950
27000
27185
27209
27241
27362
27431
27527
27721
28317
28347
28505
28566
28830
28878
29009
29485
29722
30139
30645
31156
31705
31733
32586
33047
33494
34016
35196
35273
35555
35756
35774
37321
37769
38047
38058
38115
39930
40231
40424
40557
40888
40967
41854
41883
42107
42345
42348
42883
44081
45278
46281
46336
46372
48984
49307
50094
50433
51910
52537
52806
52845
53039
53074
54102
54686
54847
54909
55746
56616
57913
57964
58310
58626
59435
60444
61211
62929
64335
66770
67920
68945
69485
69570
71507
77211
78724
85226
85895
89430
90220
91758
92185
96384
100669
17
85
91
171
282
318
337
361
397
471
473
501
554
562
599
619
671
764
795
806
860
877
880
900
922
943
1012
1070
1075
1077
1087
1119
1124
1131
1286
1311
1404
1448
1468
1472
1475
1508
1569
1603
1612
1633
1659
1795
1801
1832
1856
1976
1985
2148
2183
2194
2254
2258
2264
2371
2421
2446
2456
2471
2477
2597
2654
2662
2669
2708
2724
2735
2740
2878
2896
2978
2980
3009
3068
3104
3336
3384
3451
3481
3516
3558
3694
3699
3815
3865
3875
3919
3966
3985
4128
4177
4189
4219
4238
4313
4353
4370
4388
4396
4438
4464
4523
4660
4739
4799
4807
4818
4821
4828
4955
4966
4974
5009
5036
5125
5141
5166
5191
5230
5244
5296
5306
5539
5553
5556
5928
5935
5976
6064
6145
6207
6231
6248
6310
6319
6364
6506
6620
6667
6789
6885
7002
7010
7063
7137
7173
7258
7308
7356
7424
7431
7434
7481
7527
7576
7615
7650
7688
7777
7785
7811
7925
7931
8055
8120
8154
8294
8515
8522
8557
8585
8606
8721
8789
8833
8877
9099
9115
9143
9202
9240
9391
9393
9498
9730
9790
9803
9873
9985
9989
10010
10115
10207
10213
10275
10543
10685
10742
10985
11010
11019
11081
11152
11156
11170
11186
11227
11248
11267
11288
11306
11314
11355
11394
11571
11673
11805
11864
11872
11979
12018
12065
12107
12152
12156
12310
12467
12489
12506
12509
12547
12715
12792
12835
13059
13096
13142
13184
13306
13319
13512
13578
13588
13610
13630
13871
14163
14231
14237
14438
14501
14520
14573
14618
14699
14713
14742
14883
14965
15166
15258
15329
15531
15548
15632
15744
15755
15892
15904
16275
16357
16486
16693
16807
17000
17023
17121
17249
17350
17412
17486
17515
17588
17822
17886
17961
18213
18329
18433
18531
18577
18581
18640
18692
18756
18766
18945
19046
19066
19071
19143
19342
19347
19424
19633
20042
20053
20127
20155
20192
20289
20345
20390
20450
20611
20688
21160
21214
21222
21288
21383
21861
21872
21966
22239
22843
23139
23300
23348
23414
23976
24870
24927
24992
25002
25014
25344
25579
25626
25871
25924
26001
26059
26426
26460
26465
27196
27478
27494
27703
27743
27892
28333
28578
28758
28854
28865
28901
28953
29082
29261
29276
29331
29368
29433
29531
29543
29631
29825
30067
30287
30398
30427
30495
30538
30814
31349
31450
31697
31730
31893
32002
32157
32382
32470
32698
33403
33542
33679
33702
34328
34650
35038
35106
35287
35304
35321
35955
35973
36049
36096
36196
36632
37025
37095
37145
37295
37546
37548
37922
37978
37985
38134
38201
38547
38816
38973
39046
39163
39258
39363
39583
39608
39961
40223
40593
40684
40692
40838
41098
41163
41230
41369
41621
41804
41866
41902
41992
42086
42333
42398
42572
42592
42628
42837
43152
43373
43857
44107
44342
44365
44753
44836
44840
44943
45076
45474
45690
45718
45760
45766
45813
45859
46467
46489
46641
46745
47076
47229
47246
47588
47641
47709
48066
48428
48456
48701
48812
48937
49410
49498
49981
50434
50834
51012
51130
51192
51283
51392
51887
52117
52182
52196
52208
52511
52661
53494
53782
54067
54318
54589
54723
54735
55217
55488
55537
56526
56820
57838
58030
58084
58844
59083
59979
60132
60363
60609
60782
61047
62874
63529
63681
63846
63920
64554
65532
65730
66199
66232
67049
67114
68460
68495
68748
68881
68968
69974
70637
72719
72810
73041
73210
73550
73809
74825
76058
76596
77167
78466
78912
78966
79052
79919
80506
81106
81531
82289
83293
84851
85243
86324
86362
86447
86577
88427
89146
89341
91409
92310
92609
92659
93421
93483
95197
96447
98688
99906
101775
101918
