1352
46
429
1291
123
108
477
1017
14
508
1396
564
715
1046
63
616
711
1129
1131
27
341
511
523
952
1189
1198
303
347
372
157
549
636
1151
1175
198
93
255
280
687
824
368
590
936
365
659
665
841
1033
1222
1231
1388
614
1041
338
423
494
584
832
1190
238
900
934
1332
146
216
384
416
156
254
380
383
472
487
628
895
990
1048
1297
124
261
325
457
704
787
791
864
876
1096
107
571
668
702
748
795
1068
11
343
526
798
1055
1172
1243
1265
1307
392
396
495
497
1088
1108
1110
1140
1268
1290
1322
222
231
234
436
536
545
620
768
898
932
1061
1127
1170
1226
30
54
61
66
69
81
101
164
189
208
209
211
223
265
451
506
517
601
719
725
851
869
965
1065
1107
1302
1317
1323
1337
1359
1362
3
13
17
20
26
39
44
115
132
183
205
266
283
294
295
312
350
363
393
395
412
419
445
513
518
602
605
606
618
621
660
678
751
760
803
811
822
827
842
857
860
871
979
1031
1045
1059
1080
1090
1095
1097
1104
1124
1156
1217
1312
1343
1375
0
9
10
23
59
62
72
77
83
99
131
144
147
152
182
190
204
212
213
218
224
243
245
279
298
299
322
331
349
375
376
397
400
404
408
428
452
468
471
512
522
533
588
626
627
646
699
706
720
764
826
853
862
892
904
906
933
970
991
1002
1005
1098
1133
1137
1141
1345
1380
2
5
15
18
22
25
31
34
41
45
76
79
80
86
91
111
113
114
117
120
122
125
126
128
130
138
148
155
159
163
165
176
179
181
193
194
207
215
221
227
240
249
250
259
271
276
281
285
289
304
306
309
311
316
327
332
336
337
339
345
348
354
356
360
382
386
411
422
424
440
441
450
458
461
476
478
491
496
500
534
538
539
542
546
548
560
578
581
589
591
595
610
622
641
650
651
655
666
669
681
691
703
710
740
750
766
770
774
780
790
800
813
816
817
833
843
863
868
896
916
923
926
931
939
945
962
981
1007
1015
1042
1047
1060
1079
1094
1102
1109
1113
1123
1128
1188
1249
1255
1295
1334
1394
1
4
16
24
28
33
37
38
42
47
48
49
52
53
57
58
64
65
68
73
74
78
82
88
89
90
92
95
97
100
109
112
118
119
121
129
134
136
140
145
150
158
167
168
169
170
173
178
180
184
185
191
195
197
200
210
214
217
219
220
226
229
235
237
239
244
246
252
253
258
263
264
269
270
278
282
287
288
290
292
296
297
300
301
302
307
313
314
315
320
323
326
328
329
342
346
353
355
358
359
362
367
369
371
378
385
390
405
406
409
410
417
421
426
427
431
432
433
437
439
443
456
459
463
465
466
480
485
488
489
498
502
503
504
505
507
509
514
516
519
520
521
525
528
530
532
540
544
547
554
555
556
559
561
563
567
570
572
577
579
585
587
592
594
598
600
607
629
630
631
632
633
639
647
648
652
653
654
658
662
663
673
677
688
690
697
698
709
713
716
717
718
723
724
726
728
729
733
738
742
749
759
761
777
779
782
785
792
796
797
807
808
810
821
830
834
840
844
848
852
855
856
858
867
881
886
887
888
902
903
907
909
913
914
919
938
942
943
944
947
949
959
963
971
972
974
978
984
985
996
1003
1008
1010
1012
1018
1021
1022
1037
1040
1050
1052
1057
1069
1074
1083
1092
1120
1121
1149
1152
1153
1155
1159
1160
1161
1176
1184
1215
1223
1228
1229
1236
1246
1251
1252
1281
1298
1325
1341
1357
1371
