117
178
231
8
493
181
254
115
467
89
113
182
408
417
55
106
130
213
287
2
6
27
60
68
75
88
99
242
253
285
326
349
363
396
420
0
3
12
16
18
32
35
36
48
59
66
80
86
90
110
129
135
146
186
208
239
264
269
282
297
301
338
385
402
411
7
10
21
24
30
33
37
38
43
46
52
53
63
67
72
73
78
83
91
97
112
116
126
128
132
139
145
147
167
168
173
183
185
194
195
199
206
216
222
224
229
233
248
250
272
286
288
293
307
309
310
327
333
353
360
394
416
422
453
465
9
11
13
14
17
26
28
29
31
45
57
61
62
64
69
70
74
84
85
87
95
100
102
109
111
118
121
122
123
124
127
133
134
136
138
140
143
152
153
156
157
159
161
162
164
170
174
175
177
189
198
200
201
210
211
212
215
225
227
228
234
237
240
241
243
244
245
257
259
260
261
266
275
276
298
299
306
314
319
322
323
325
334
336
341
343
345
352
355
356
364
372
373
374
377
390
393
398
400
407
410
418
425
430
433
445
455
459
472
