0.000000000000000000e+00
1.447945161939447056e-03
2.741123916784257708e-03
4.276369875048586025e-03
5.657514039198055164e-03
7.339909743998333791e-03
8.562204338081576965e-03
9.934645173740982299e-03
1.126506284835215865e-02
1.290893722892364273e-02
1.419632477561595663e-02
1.577809670176892609e-02
1.721200475471168154e-02
1.857559513952795893e-02
2.009827319477428681e-02
2.125916368061839257e-02
2.279020023359189240e-02
2.433681894244887206e-02
2.597203331411886487e-02
2.683059902618968595e-02
2.834184166798905946e-02
2.999944670917761846e-02
3.130225092930772474e-02
3.269670532854952738e-02
3.413591358366346862e-02
3.538313353389702792e-02
3.671673327913795720e-02
3.788827823404253281e-02
3.951474108484399200e-02
4.090892656368597807e-02
4.221013369923862224e-02
4.384519675463235261e-02
4.501366911002069315e-02
4.635120113084302551e-02
4.748011064541669823e-02
4.881829834032442444e-02
5.031977963138936638e-02
5.166990969898434954e-02
5.307775924531261957e-02
5.488159267640808220e-02
5.648459854490767845e-02
5.807371334447124223e-02
5.932520190326314585e-02
6.080927624476349658e-02
6.241932431225272887e-02
6.391112000909481006e-02
6.519362150929570998e-02
6.653711367059597648e-02
6.793068070254967838e-02
6.921454944004361287e-02
7.086655074984667124e-02
7.210925432743407748e-02
7.331299794546539128e-02
7.458031250594149286e-02
7.637490454398826456e-02
7.753399680256568838e-02
7.905836040833598422e-02
8.055424366904963274e-02
8.201403187364050829e-02
8.340586979823512437e-02
8.478004272829033072e-02
8.616389437480456714e-02
8.763989366193561392e-02
8.937860045551476729e-02
9.081409052174098384e-02
9.205586498609331925e-02
9.341729214445448903e-02
9.455875538958670445e-02
9.607755548745679219e-02
9.734550429305613428e-02
9.905460730146141424e-02
1.002258618707519838e-01
1.015642773782312464e-01
1.031428146494195452e-01
1.043362578812134928e-01
1.061068628083703808e-01
1.078008421530037286e-01
1.090034091480164696e-01
1.106603609629143864e-01
1.119128756729220048e-01
1.131158258085824403e-01
1.144953666646003065e-01
1.156430262158022054e-01
1.172004316819085651e-01
1.185527988429903867e-01
1.192694360130944625e-01
1.207464702421887498e-01
1.222874809307106098e-01
1.236524330241531716e-01
1.253693885365713967e-01
1.263655553690392064e-01
1.276100155845426298e-01
1.292159059953008615e-01
1.307347081253084353e-01
1.317791679299293861e-01
1.331304838771245058e-01
1.345541102608970863e-01
1.360260765461355492e-01
1.373672511659867201e-01
1.389109021666764809e-01
1.403911009362766027e-01
1.416549868378963462e-01
1.429770440591607572e-01
1.441003920335552912e-01
1.453258071716516941e-01
1.463768016495981539e-01
1.475460897274031291e-01
1.489907725397149052e-01
1.500966700160530631e-01
1.513747207073863899e-01
1.526775013777944556e-01
1.542025415971521041e-01
1.558814483265686390e-01
1.573238907783690022e-01
1.589825061517722571e-01
1.605645137147888035e-01
1.619642011430477979e-01
1.631812149707393966e-01
1.647333827928568195e-01
1.663313196378258529e-01
1.677094199127778518e-01
1.690283071164540574e-01
1.710891270943486753e-01
1.724106436241866769e-01
1.736009005656448667e-01
1.752007930436325078e-01
1.766977683158946211e-01
1.779153700992862908e-01
1.791889794525512725e-01
1.807402893565313029e-01
1.818401889188751841e-01
1.833001290314417719e-01
1.846096372642226091e-01
1.860571228856108261e-01
1.877665007212715453e-01
1.893733883470384016e-01
1.905939266512847730e-01
1.923768009159995962e-01
1.938973694834276451e-01
1.953874933389526947e-01
1.969668214895695102e-01
1.988386277336309516e-01
2.002226687505578584e-01
2.016052880451073004e-01
2.030934278346017974e-01
2.045413947634180385e-01
2.057745284979821399e-01
2.073174298540051974e-01
2.086501151970796275e-01
2.101826911499110884e-01
2.116163524065145241e-01
2.127581629054638990e-01
2.141945399255631988e-01
2.158405302922715707e-01
2.171143521629805839e-01
2.181949679619567539e-01
2.196811587750245320e-01
2.215050164567511359e-01
2.229034261459797439e-01
2.240666619333591958e-01
2.257627368680893976e-01
2.270218967363588913e-01
2.287167264366740393e-01
2.302628979408497811e-01
2.316018046609925607e-01
2.330162634396796550e-01
2.346555286158971410e-01
2.359488412511170918e-01
2.372048379146252384e-01
2.384627390905051936e-01
2.399279926475001434e-01
2.413407232802304292e-01
2.429287216259091720e-01
2.444438956509140948e-01
2.458198459898361943e-01
2.472187911802661842e-01
2.485565460035233376e-01
2.498032959172092060e-01
2.507888070528664914e-01
2.526449415976000368e-01
2.540504806526414083e-01
2.555660317472555620e-01
2.570404784639825357e-01
2.581328193173460517e-01
2.597996640221127418e-01
2.608494641320943108e-01
2.619981109688964693e-01
2.634979261723209842e-01
2.647925777627102017e-01
2.662401314257216156e-01
2.675910981672899314e-01
2.687708161980141286e-01
2.701041891012475049e-01
2.712559829264850064e-01
2.726947666697273620e-01
2.739647230562494151e-01
2.754190886575651476e-01
2.766927447292525932e-01
2.782019287690656317e-01
2.800919864904219403e-01
2.815897267918058278e-01
2.832667200502723692e-01
2.849747471113516784e-01
2.866564516183501277e-01
2.879064448326166259e-01
2.890158580467903082e-01
2.907492331848398059e-01
2.921674725798070749e-01
2.931504681203327412e-01
2.944730559262044300e-01
2.957954176503614918e-01
2.971257124010277528e-01
2.984469391210110012e-01
3.001831204935532238e-01
3.015156048740632588e-01
3.028857465877858313e-01
3.041851521938265801e-01
3.054885914661708557e-01
3.066811598907564496e-01
3.081357715785370543e-01
3.095816773606802075e-01
3.110889588864911848e-01
3.127937860654779190e-01
3.143581899053765061e-01
3.157774420145808003e-01
3.172876780602304492e-01
3.186785628585493413e-01
3.201820530798656916e-01
3.215579632901473528e-01
3.230600233412178057e-01
3.245225673733218019e-01
3.261010254200478187e-01
3.277262604995663797e-01
3.290157208449198678e-01
3.300349562875926623e-01
3.310629676981450831e-01
3.326628275532123036e-01
3.343569421140965003e-01
3.355453210237844819e-01
3.366039337319794433e-01
3.382978860670861621e-01
3.394569967178306946e-01
3.408186929765795736e-01
3.424570480443525633e-01
3.438953964960292375e-01
3.454444174073082463e-01
3.467880401500566534e-01
3.481961294385896855e-01
3.493935612921511558e-01
3.507683451807340202e-01
3.521801780668247783e-01
3.531328961422472990e-01
3.545705143028565209e-01
3.558986161687923144e-01
3.573814001351331981e-01
3.587789456669339128e-01
3.600534716465235707e-01
3.613916946841558842e-01
3.634074384704903404e-01
3.647220886957618369e-01
3.661768969802801088e-01
3.677842176187507972e-01
3.693975463617339972e-01
3.706216077996506431e-01
3.723085472453595002e-01
3.735946043260975347e-01
3.750310144029682102e-01
3.765524950130479387e-01
3.777947682137557384e-01
3.794645486489304775e-01
3.803206799317908060e-01
3.816455288545103630e-01
3.830133066580120871e-01
3.845616529184019972e-01
3.857015309631205424e-01
3.870186625062650432e-01
3.883966410976064099e-01
3.898892506215996256e-01
3.910750026165821791e-01
3.926823087382603217e-01
3.944207559835085641e-01
3.958575041526495308e-01
3.973248777566205092e-01
3.991142285024684710e-01
4.009006124155186646e-01
4.023429623024527557e-01
4.038743201598768984e-01
4.055041131201860827e-01
4.064958167708033754e-01
4.080251479536593506e-01
4.094047101871664540e-01
4.107576692852460409e-01
4.120172282473532066e-01
4.133089126726128271e-01
4.146459749260205663e-01
4.161129531270993387e-01
4.174447501682546635e-01
4.189399522691670819e-01
4.203137678182152781e-01
4.214531535455202094e-01
4.228768311224657128e-01
4.239938431154383625e-01
4.251721148853906396e-01
4.264450607600795418e-01
4.277835724148223440e-01
4.289380227945269741e-01
4.305086772530543615e-01
4.318931558254824887e-01
4.334260294172022632e-01
4.348558192831077363e-01
4.362125087450773875e-01
4.375998401330613574e-01
4.390201230453698034e-01
4.406077385225916632e-01
4.419312784849303011e-01
4.433345450328066706e-01
4.448781363285960744e-01
4.460858922757618972e-01
4.473430930428850538e-01
4.486077803554730514e-01
4.500198421402388793e-01
4.512072358860141907e-01
4.527597031740645539e-01
4.544338755936453422e-01
4.558361583078811008e-01
4.570928529113153505e-01
4.585837357884585130e-01
4.602704082737751889e-01
4.618589338511127629e-01
4.631251368411441471e-01
4.646398326862186123e-01
4.660650133020997621e-01
4.675305054019203710e-01
4.691347938627328240e-01
4.707241318016661680e-01
4.719826860159359594e-01
4.734230993360085127e-01
4.751727226198242948e-01
4.766341029811570484e-01
4.778209229398699964e-01
4.794326483528407179e-01
4.807219614228802063e-01
4.820416714492365418e-01
4.834546378129583877e-01
1.043193699487183351e-01
