0.000000000000000000e+00
5.091828324129216155e-03
8.891813819327097634e-03
1.439887993341856798e-02
1.794226617558969394e-02
2.207705167331570559e-02
2.701147841238711947e-02
3.080376111344736850e-02
3.542570218996930059e-02
4.096267214465795087e-02
4.520515046438794426e-02
4.954089820420034401e-02
5.384894391166480249e-02
6.068372943329488484e-02
6.516250121103260573e-02
6.919207610793506880e-02
7.328189009478798532e-02
7.799477392039458334e-02
8.330250715525135130e-02
8.684396586798354134e-02
9.077834413813201664e-02
9.581293149320402325e-02
1.014371697241561038e-01
1.061637468446682553e-01
1.108149994844557507e-01
1.158761473436088207e-01
1.216129228331841450e-01
1.251138434700331536e-01
1.298024224580151265e-01
1.348182760616552789e-01
1.396594813018261216e-01
1.444453012773570522e-01
1.502339720635418596e-01
1.543981265339194331e-01
1.587949860146926073e-01
1.639717834454144374e-01
1.686580130754661289e-01
1.720870948176606574e-01
1.774076313092611268e-01
1.808666776250910935e-01
1.851587778551769259e-01
1.905225300881130401e-01
1.946463224285223392e-01
1.998196802909575909e-01
2.049321305985696839e-01
2.096540060832230712e-01
2.141262024605500858e-01
2.193063080469857817e-01
2.252017373378281395e-01
2.304970191949703429e-01
2.340167478592710959e-01
2.382281456170374234e-01
2.437089435244428892e-01
2.475945770278237257e-01
2.528972591432970263e-01
2.584585340633632211e-01
2.633643520365563373e-01
2.685438895750552057e-01
2.730778042393116611e-01
2.788757958660584846e-01
2.840630131848356776e-01
2.886225408606700737e-01
2.930664423489065529e-01
2.975752914673535088e-01
3.027754080803367609e-01
3.064675518826275868e-01
3.114423225785076244e-01
3.161022993034426354e-01
3.199674214666581307e-01
3.244910376833648469e-01
3.298585107490060175e-01
3.345554325318321753e-01
3.399798375562836372e-01
3.444498864706402874e-01
3.487703574416330388e-01
3.527082908283475926e-01
3.571435110273457614e-01
3.621643731994846904e-01
3.660931311302156876e-01
3.701198592170330537e-01
3.740317803399631491e-01
3.797483651754177680e-01
3.847050107134500907e-01
3.893913312262582416e-01
3.955451936457053952e-01
4.002662535658870202e-01
4.042380313655892787e-01
4.091925655283719654e-01
4.136330224022102264e-01
4.172190356188512084e-01
4.214240260236344349e-01
4.266256728492523465e-01
4.315326197650779516e-01
4.365756423552042964e-01
4.417501491305770300e-01
4.480338337760918499e-01
4.529507757526183842e-01
4.573476555401214116e-01
4.631590600445963934e-01
4.687678966841334893e-01
4.735911904545571649e-01
4.783683251736579600e-01
4.828521565569763863e-01
4.854537707309632411e-01
4.912463966674501803e-01
4.965652791817848355e-01
5.022874792774755237e-01
5.063464454913185753e-01
5.110890037647458639e-01
5.152553188734029233e-01
5.188240007172334467e-01
5.240802317822875755e-01
2.826329995553425456e-01
