0.000000000000000000e+00
4.630324632771209460e-03
8.464734037553555551e-03
1.198785979586517066e-02
1.549473140322441336e-02
1.903963106553767035e-02
2.286981624673636512e-02
2.610833289583021355e-02
3.033924864945079791e-02
3.412388714767491948e-02
3.778052331186593227e-02
4.156440054987289162e-02
4.444392221973962609e-02
4.740239558372410372e-02
5.101260527150856816e-02
5.321915511278018512e-02
5.617266391452414159e-02
6.013623193302097131e-02
6.362764347674573773e-02
6.716025357116553463e-02
7.051752501052566124e-02
7.402221753965115836e-02
7.815603795185574465e-02
8.241395544628835057e-02
8.659346338547749267e-02
9.027110274073898988e-02
9.377761060283154593e-02
9.651590015935876399e-02
1.000608228347715789e-01
1.035364829001460263e-01
1.070334345617451888e-01
1.109186423220045181e-01
1.141282635769591547e-01
1.174635135186100077e-01
1.205210044247965601e-01
1.234973080299462539e-01
1.272170215793131942e-01
1.303137541953882095e-01
1.338914627408368252e-01
1.375207135986622198e-01
1.405997770579681949e-01
1.450919849119727267e-01
1.481131148243075568e-01
1.511365610852622721e-01
1.548070810251466478e-01
1.588486308050767737e-01
1.624708328200167584e-01
1.671043617820875404e-01
1.710072151226696147e-01
1.748029327175484871e-01
1.785059611593613482e-01
1.819122422288389496e-01
1.849238563157987458e-01
1.891513835318752168e-01
1.921152584249478379e-01
1.950079908670535322e-01
1.983372176851466440e-01
2.011950959742268008e-01
2.044319860437336378e-01
2.082259835145132409e-01
2.116476705283596438e-01
2.158315370173403691e-01
2.190869776500505850e-01
2.224787236377164523e-01
2.254588651797213572e-01
2.284251467732277829e-01
2.310010559941589603e-01
2.348437668462551864e-01
2.395964506779789671e-01
2.433933845507972038e-01
2.466110994857692029e-01
2.501509434648023222e-01
2.535813176385576795e-01
2.571144758367645000e-01
2.608106823347240977e-01
2.635442747000628083e-01
2.666936121687625838e-01
2.703127787322313069e-01
2.737165396923496585e-01
2.770866023617873930e-01
2.807918117006977798e-01
2.832017709833000718e-01
2.876985575608362322e-01
2.920001819786232633e-01
2.960036578559980258e-01
2.997660529649325278e-01
3.032920174164138727e-01
3.064982968790398998e-01
3.099001584249553298e-01
3.134766284512756629e-01
3.174293584026138260e-01
3.219239500947854715e-01
3.251243125407986545e-01
3.293858779720448826e-01
3.339568052307878010e-01
3.372975856597880684e-01
3.407199759615233692e-01
3.450303345458510251e-01
3.481152052431622512e-01
3.513312297186916289e-01
3.542962532775111861e-01
3.566944902509908144e-01
3.602866522731631438e-01
3.645367150781685939e-01
3.676494921231575064e-01
3.716886453937493506e-01
3.747794989461393778e-01
3.778284176013257389e-01
3.821196114982045033e-01
3.860109940868457490e-01
3.896061880241259989e-01
3.936762465577610670e-01
3.977169777555864538e-01
4.017686121930514331e-01
4.057643237697770022e-01
4.096643532935586030e-01
4.132642917731964571e-01
4.168414288751440266e-01
4.208091392120795193e-01
4.236273564953065285e-01
4.270509742771882444e-01
4.308859264837821001e-01
4.338924175773609115e-01
4.377025657048613239e-01
4.414647168787987352e-01
4.451963349391218072e-01
4.489052296662999764e-01
4.526674292417353640e-01
4.561782964463106382e-01
4.600224713711878466e-01
4.628985639620077364e-01
4.665741362336754405e-01
4.709543840897240097e-01
4.752215517517626164e-01
4.785297203182019010e-01
4.824676188789578379e-01
4.853950397340841549e-01
4.893663570513500094e-01
4.932144016630743977e-01
4.973994591147121724e-01
5.020527000020474917e-01
5.054328935035494741e-01
5.097491083651494170e-01
5.138527189766792791e-01
5.171524892608041490e-01
5.206777242289187813e-01
5.252964468236737128e-01
5.289135222523141389e-01
5.328723555632535192e-01
5.370953710844142970e-01
5.400534047128763282e-01
5.442313528612913176e-01
5.467171582396496143e-01
5.502885308246465712e-01
5.535903028689810323e-01
5.563450799288072179e-01
5.598377165749028883e-01
5.636242670645862374e-01
5.670119505261143056e-01
5.702924660173243065e-01
5.731698697984426438e-01
5.764826077213239808e-01
5.796611184760400715e-01
5.829338321826899039e-01
5.867966660811969604e-01
5.908144734524161112e-01
5.935984852366876785e-01
5.968337438288038310e-01
6.013545613519739597e-01
6.054543999463015691e-01
6.084643485213878655e-01
6.125267210834399734e-01
6.160711241371844560e-01
6.189584782095184368e-01
6.220933567396852437e-01
6.254010270243828273e-01
6.288754901344230097e-01
6.329179912651163864e-01
6.358448349566625524e-01
6.389583798948261784e-01
6.422669242234375631e-01
6.463352103947287430e-01
6.497161732372382925e-01
6.531228883075401725e-01
6.567400480669771667e-01
6.608682518775924608e-01
6.644755245424817103e-01
6.685652507442767511e-01
6.731008766973033408e-01
6.766668497152763528e-01
6.800895358697767179e-01
6.840341734090090720e-01
6.885849264428486327e-01
6.914573783911686089e-01
6.950870774826796161e-01
6.993513038109754332e-01
7.028625273261887019e-01
7.074929284349862346e-01
7.109706612028957595e-01
7.153212268933014650e-01
7.190512312753618573e-01
7.230784945986497014e-01
7.263055887863525406e-01
7.303833931518879385e-01
7.334234287297529686e-01
7.369716624371279723e-01
7.402702269873957519e-01
7.439284369436111044e-01
7.474064860989322323e-01
7.507998254332793886e-01
7.551998086097542195e-01
7.597887629280180022e-01
7.628716504148732591e-01
7.654821753192125877e-01
7.689555216829950801e-01
7.722029637917489087e-01
7.758630166687320306e-01
7.799098047555166335e-01
7.837687839442671889e-01
7.863299052120956700e-01
7.898693701962695712e-01
7.930749685968416784e-01
7.954941802073002277e-01
7.994368331098444802e-01
8.036479457396136228e-01
8.064449726394314899e-01
8.094880797646921700e-01
8.130113664530845830e-01
8.154169418699528382e-01
8.187720972644306761e-01
8.213548018968227504e-01
8.251831872919498378e-01
8.294171899606722631e-01
8.331798393460686514e-01
8.366483399970149337e-01
8.405598199396956405e-01
8.447129245154486599e-01
8.483481137869611777e-01
8.511420423482725095e-01
8.548332806505994919e-01
8.589407306701601907e-01
8.637472423007520606e-01
8.666896796899485889e-01
8.698173267045907764e-01
8.725818045831721381e-01
8.760283885694246653e-01
8.790035428076408142e-01
8.820878676065985191e-01
8.860633369976961271e-01
8.904614083725785889e-01
8.944674404087088471e-01
8.981138414006790693e-01
9.020251811372724804e-01
3.050131985306203108e-01
