0.000000000000000000e+00
1.463099669398925176e-02
3.017662178681649460e-02
4.267789277256241187e-02
5.441984916113581927e-02
6.668449954244271005e-02
8.176008803067297270e-02
9.794120803506935202e-02
1.115015922071270621e-01
1.241889423101273093e-01
1.390735898945724136e-01
1.534134021420307803e-01
1.663921418304952771e-01
1.805619170786096628e-01
1.936831824312709449e-01
2.072958118427225549e-01
2.207495590387200113e-01
2.368650763174308393e-01
2.512495820724293671e-01
2.641086978403014429e-01
2.762160943454181616e-01
8.410746043591367516e-02
