0.000000000000000000e+00
6.490646799568891654e-04
1.293645624276306815e-03
1.821161070080232376e-03
2.559421546367012922e-03
3.186744311892007915e-03
3.991505655022151329e-03
4.691975154283814162e-03
5.390613787304844411e-03
5.979944849743597593e-03
6.523821047696923628e-03
7.172817039664340991e-03
7.828636686108957771e-03
8.650560338647120609e-03
9.348960159839153974e-03
9.953923407227942277e-03
1.067225223087024839e-02
1.141884921065279210e-02
1.205521742468446469e-02
1.276783726825683231e-02
1.356754455857856791e-02
1.446439035908083856e-02
1.527466535647661362e-02
1.594232140191719979e-02
1.655673048283164139e-02
1.715629216933551790e-02
1.776045407834188003e-02
1.830105449207792417e-02
1.906667744770769793e-02
1.975731524379551601e-02
2.051045974471959327e-02
2.123958775795751694e-02
2.189811799919772969e-02
2.243640029993421853e-02
2.313141775304773662e-02
2.388179744023359238e-02
2.457309784138740627e-02
2.514666357158965374e-02
2.586966668170418218e-02
2.663662764071418609e-02
2.734540316311557390e-02
2.792120858898479788e-02
2.858003453856152939e-02
2.928365725243339476e-02
2.983550488454633776e-02
3.048378152536834751e-02
3.120992355057298009e-02
3.195266914697188210e-02
3.266738963809444340e-02
3.355587004996486711e-02
3.417994990611209621e-02
3.498236491343065246e-02
3.569892109108527972e-02
3.638627666899636737e-02
3.699520215453429989e-02
3.759543738401860402e-02
3.828438636771371029e-02
3.909439954898823871e-02
3.980378786807734631e-02
4.048021841826277001e-02
4.097424750048524189e-02
4.177820793289644535e-02
4.243916218802696455e-02
4.327685870480920544e-02
4.407166882692506449e-02
4.477509132606749542e-02
4.547944259739943040e-02
4.618648358060586240e-02
4.680386160310561622e-02
4.737172995119165453e-02
4.802102383981277783e-02
4.863982558404762735e-02
4.951273015067782224e-02
5.026892200903678581e-02
5.097145840176574294e-02
5.185796532104785389e-02
5.257508091963305347e-02
5.327928946385292186e-02
5.405208372368793673e-02
5.467604495317951452e-02
5.550165901265605162e-02
5.645082156736849072e-02
5.712234922937184378e-02
5.781496645351934249e-02
5.850243692525328859e-02
5.913237414279142595e-02
5.976953857167189438e-02
6.045567993041628396e-02
6.133133241311044398e-02
6.194502054291580601e-02
6.259037539695815056e-02
6.333715885292534598e-02
6.399162562198842941e-02
6.461431201361141075e-02
6.545092168014629563e-02
6.642312891522006435e-02
6.724641277537797557e-02
6.786169423563456760e-02
6.857090444960220466e-02
6.928914445745176787e-02
6.995778965943180716e-02
7.081540181815665358e-02
7.157237643556794982e-02
7.247653487258767790e-02
7.330119859727921017e-02
7.401957508791025264e-02
7.454630254556783575e-02
7.509996922775383221e-02
7.583320856202427351e-02
7.667176692513698322e-02
7.743150673537593787e-02
7.807561781301619597e-02
7.879240577852159033e-02
7.952344032131854201e-02
8.031240291968387568e-02
8.094991856778932515e-02
8.172349552087207480e-02
8.255558011242125627e-02
8.344715114833453629e-02
8.420838841401576125e-02
8.490297216849977679e-02
8.558614660014651765e-02
8.631632858659603336e-02
8.700093972612249482e-02
8.784667421201050597e-02
8.837223752821309064e-02
8.900172171011751232e-02
8.969348362057122381e-02
9.037112144470450803e-02
9.104864363553683004e-02
9.186114432530262386e-02
9.234912047834795135e-02
9.328275171563486790e-02
9.406153788857880838e-02
9.488512208400648462e-02
9.567617115528340155e-02
9.636872196061045670e-02
9.704259461896934391e-02
9.758967108774482813e-02
9.853436118849429048e-02
9.928862067494079180e-02
1.000728209468355612e-01
1.008129895822550692e-01
1.015681825372876379e-01
1.022495315552940098e-01
1.028325994235316510e-01
1.036674106890187602e-01
1.044968380683884285e-01
1.054954825273552999e-01
1.060673649164395466e-01
1.067550078897400168e-01
1.074208066145967422e-01
1.081678076727360660e-01
1.087447745014638728e-01
1.096344852917125606e-01
1.103235425668431663e-01
1.110787998270935245e-01
1.118711267529614445e-01
1.125528616277018806e-01
1.133472900745409739e-01
1.139943299856561731e-01
1.147330805530931419e-01
1.155358944087904738e-01
1.160914977090019007e-01
1.169326039318008825e-01
1.176514746483581508e-01
1.182619084165602991e-01
1.189032539787005932e-01
1.195395443399023538e-01
1.203037951788040183e-01
1.209148489956884398e-01
1.217162962356477807e-01
1.222210473516084778e-01
1.231724729269440127e-01
1.238884825471191220e-01
1.246319394503677819e-01
1.252532492361677352e-01
1.260405735571712982e-01
1.267787000379413664e-01
1.276159202765893563e-01
1.281516385868660124e-01
1.288063347221566901e-01
1.294214194939491691e-01
1.300137081826494290e-01
1.306618323442202134e-01
1.314700119740566386e-01
1.323217534780820326e-01
1.330817454181658643e-01
1.338272566767145788e-01
1.344572798291565063e-01
1.352235083561237339e-01
1.361036360708299808e-01
1.367568513338515979e-01
1.372800066139691355e-01
1.378770198500535726e-01
1.386939611749290480e-01
1.394527861687746839e-01
1.400050958492839170e-01
1.408219142123025569e-01
1.414806454325271967e-01
1.422502094818622054e-01
1.430941235056229222e-01
1.438379903872160914e-01
1.445111953777188929e-01
1.454178981121711234e-01
1.461172874623239415e-01
1.467998130219128339e-01
1.473878727561224733e-01
1.479984173829562155e-01
1.486475155690068217e-01
1.493978561785005155e-01
1.499970646394889473e-01
1.507742380855468245e-01
1.514895606055972344e-01
1.522206767774790526e-01
1.530474572726072957e-01
1.535205184895439834e-01
1.542702428906895795e-01
1.549921430557203161e-01
1.555820895636876311e-01
1.562763137515467970e-01
1.569670882209609486e-01
1.577186591341007693e-01
1.585055832322018465e-01
1.592123440669450385e-01
1.599997847935921980e-01
1.607370038661788680e-01
1.615513477906060646e-01
1.624262363140913934e-01
1.630473386531090252e-01
1.637162902123279751e-01
1.643459625381186173e-01
1.649502285348721509e-01
1.656888198877910223e-01
1.664771930089243290e-01
1.673265759123545027e-01
1.680009761935654378e-01
1.686908722568438157e-01
1.693185615980568881e-01
1.700440047365328333e-01
1.707676180694225054e-01
1.715267874185595898e-01
1.723561544612697560e-01
1.731432838054760559e-01
1.738062013529903527e-01
1.747774654987371279e-01
1.755675813861021783e-01
1.762326187075908823e-01
1.769818548533285407e-01
1.775194068558826888e-01
1.780618733882615434e-01
1.787978652463086127e-01
1.794282876766038481e-01
1.800665447014651588e-01
1.808076486350612133e-01
1.815900657789698835e-01
1.821766556442796781e-01
1.828404894408596770e-01
1.835624157221168173e-01
1.842787418484843343e-01
1.848319939341749873e-01
1.855796164993603892e-01
1.862375879378835863e-01
1.870806712098984637e-01
1.879625648967939433e-01
1.885361206520808908e-01
1.893890970626530834e-01
1.902012975627160041e-01
1.910746703737664642e-01
1.916250414414423509e-01
1.925765547613688677e-01
1.933933907189569756e-01
1.941371699178522370e-01
1.948416391996163066e-01
1.956297883782795177e-01
1.961505598796462746e-01
1.968703048006279765e-01
1.975694108246062453e-01
1.983902927222970791e-01
1.990085255979881784e-01
1.997123798828273067e-01
2.004282530405204765e-01
2.010782187403470922e-01
2.019012751252335924e-01
2.026648988252501560e-01
2.033756509827057968e-01
2.041713147895974079e-01
2.048776899459870959e-01
2.055599200606673393e-01
2.062969977720240933e-01
2.069869099953769442e-01
2.078259823902243453e-01
2.084950694442392893e-01
2.091721503485833022e-01
2.098332449526137955e-01
2.106839562848804304e-01
2.112512012635442138e-01
2.120171737149347813e-01
2.126141589776070762e-01
2.133310754068066806e-01
2.138752330057747952e-01
2.147424705808216039e-01
2.153177329367933490e-01
2.157576058870024072e-01
2.166346444276604222e-01
2.173233472738492489e-01
2.180059548311526207e-01
2.188612875968045934e-01
2.196896734842365695e-01
2.204277758940340060e-01
2.211465630827797735e-01
2.219041377648142410e-01
2.226417494057908175e-01
2.232734688205750273e-01
2.240647107784442815e-01
2.247321829052119357e-01
2.254145104566367686e-01
2.260714264535543527e-01
2.266675423590005234e-01
2.275919965786109833e-01
2.284757842191308397e-01
2.290398270704052941e-01
2.296039025330604277e-01
2.303537058499580958e-01
2.309472354777319381e-01
2.316190868112820989e-01
2.323045745935708450e-01
2.329386182015759088e-01
2.335519363156765282e-01
2.342791164234208356e-01
2.349205883089044711e-01
2.356065070388231875e-01
2.364680831945942530e-01
2.370606395187828119e-01
2.377812571961453458e-01
2.383545372584940925e-01
2.390920711375464358e-01
2.396947241619191982e-01
2.403810529263125939e-01
2.410294470832207991e-01
2.416837013530301614e-01
2.423407575496772937e-01
2.429762220310989207e-01
2.437371102973685255e-01
2.446384106661638747e-01
2.453025999000126578e-01
2.459086866899648505e-01
2.465997932897617262e-01
2.473445777026725134e-01
2.480722448008970127e-01
2.487627378646259657e-01
2.495396403342422798e-01
2.502822777782292563e-01
2.509277607957762224e-01
2.516715444307370819e-01
2.523126443278341235e-01
2.531629494491465793e-01
2.538801024328750100e-01
2.546381234485391998e-01
2.552666734046146191e-01
2.558518532632705900e-01
2.564792676734208854e-01
2.571588343970126478e-01
2.580290975224659444e-01
2.587210256833552546e-01
2.594676881785279443e-01
2.600178519016921319e-01
2.608698169742682538e-01
2.617615614674811408e-01
2.624739482576501914e-01
2.632055924257292179e-01
2.640569281515499078e-01
2.648457739646478126e-01
2.656003619146573014e-01
2.663363050780881980e-01
2.670647362730065311e-01
2.679446964158267441e-01
2.685738739233065608e-01
2.692201127166126140e-01
2.699122129713197316e-01
2.706775428860703214e-01
2.714321632227608139e-01
2.722508535131270557e-01
2.727343983452827914e-01
2.733959599843829302e-01
2.741524602170337110e-01
2.748781715802467440e-01
2.756329058885486627e-01
2.763780965990513261e-01
2.771319578007525597e-01
2.778470005515019103e-01
2.786736063283549170e-01
2.793086314873635678e-01
2.799147984318318683e-01
2.807654146625322422e-01
2.814982082031737276e-01
2.820560657116163439e-01
2.827726488511757563e-01
2.833751757525605486e-01
2.840503012830543073e-01
2.847777909203699220e-01
2.852606826383052852e-01
2.861553957820771044e-01
2.867839178778815445e-01
2.874995534107125383e-01
2.881887612980971181e-01
2.887168703936816572e-01
2.893898341132429830e-01
2.901010012256177162e-01
2.908653349319054171e-01
2.915362147892570088e-01
2.920459998437118232e-01
2.926609603444213503e-01
2.934267092366790730e-01
2.940907753758404963e-01
2.947963050664376694e-01
2.955128752851186036e-01
2.962144530546899635e-01
2.970611792380061789e-01
2.978956793274473158e-01
2.987543910411641912e-01
2.994684910118485810e-01
3.001397901341895658e-01
3.008558538696755602e-01
3.015262850961696328e-01
3.022429675749772615e-01
3.029438303419481615e-01
3.037012360447211012e-01
3.044226776188352912e-01
3.050934907245839156e-01
3.058873333469465661e-01
3.067048614834468889e-01
3.072676184888052386e-01
3.077976823292203901e-01
3.086195834033615415e-01
3.091998977053933562e-01
3.100776076139545867e-01
3.107247993179332313e-01
3.114705207777946905e-01
3.120771816796199527e-01
3.127079175230629282e-01
3.134208252422358010e-01
3.142453625966096786e-01
3.150028517278124496e-01
3.157316991634166459e-01
3.165016544072069560e-01
3.171768843763781431e-01
3.178575626492560202e-01
3.186505478554386706e-01
3.193475037939016437e-01
3.200278642457253797e-01
3.207863520376642019e-01
3.215521265756435820e-01
3.221545098147785002e-01
3.228547047959919869e-01
3.236697763293655550e-01
3.244734385652830455e-01
3.251722963879591366e-01
3.259160386265873011e-01
3.264194659974749557e-01
3.269798884087360413e-01
3.276118234813717445e-01
3.284002927239320080e-01
3.289144167603132440e-01
3.294146088223662283e-01
3.300537378070364514e-01
3.305743351806199049e-01
3.312133126342011180e-01
3.318027773192656071e-01
3.325678416351068312e-01
3.333613096154481870e-01
3.340075333181112271e-01
3.346751653941218985e-01
3.355532512759787367e-01
3.361195348164416341e-01
3.367359522498199476e-01
3.375416376657443540e-01
3.380899680078545133e-01
3.386583005669815405e-01
3.395084402743822061e-01
3.401816691916336732e-01
3.408312006191961396e-01
3.416638611410948156e-01
3.424804188102381630e-01
3.430801156412541797e-01
3.437461567884943503e-01
3.444800664040301719e-01
3.452241218379397680e-01
3.460515212857657730e-01
3.467600209871111727e-01
3.474610936561756125e-01
3.480852932244654641e-01
3.488033457579174379e-01
3.494484069269734872e-01
3.502154479658451947e-01
3.510784188868388833e-01
3.519163377565378559e-01
3.526263995566293885e-01
3.534700241578951907e-01
3.540979554222244419e-01
3.548885395287101341e-01
3.555374739184118948e-01
3.563290042737221053e-01
3.571660611098269600e-01
3.580498223164889637e-01
3.588765350986258817e-01
3.595155900299596974e-01
3.602661798033903184e-01
3.608701785625588743e-01
3.616600725547546857e-01
3.623834482387693345e-01
3.632504312377921596e-01
3.638852576135567229e-01
3.646076673221718134e-01
3.652128483803211423e-01
3.659525460037988398e-01
3.666949521937936662e-01
3.674110663817129474e-01
3.682683432963690939e-01
3.689698710381513203e-01
3.696197116761612000e-01
3.702773587122515919e-01
3.708460192650683274e-01
3.716797969707613669e-01
3.724215316497331285e-01
3.729952367624055909e-01
3.736842068312569709e-01
3.742568054511997699e-01
3.749894009911061699e-01
3.756729079143008576e-01
3.764209699190151914e-01
3.771697487872586740e-01
3.777242675019304441e-01
3.784830340502838841e-01
3.792204528898485694e-01
3.799953850375540343e-01
3.806532313235984066e-01
3.814623182677285840e-01
3.821494277505281256e-01
3.830984974249702080e-01
3.836873677998478560e-01
3.843369742036018000e-01
3.850352536906018752e-01
3.856504269820775765e-01
3.863099723296649080e-01
3.871083729305253573e-01
3.879262616730395075e-01
3.885727868680942665e-01
3.892785364022146588e-01
3.900073394328906762e-01
3.906606936301510458e-01
3.914782030814355496e-01
3.922009019265714214e-01
3.928201972494546057e-01
3.935955485851873603e-01
3.943079465239545112e-01
3.949548330547254515e-01
3.956296413503140319e-01
3.962505356440068072e-01
3.969546042849806389e-01
3.976267724275165949e-01
3.984202262698127162e-01
3.990731085570733416e-01
3.998314299299335906e-01
4.005186784097075070e-01
4.013512515704445449e-01
4.018514509457560835e-01
4.026192043283438604e-01
4.034581713171072614e-01
4.041965354188120085e-01
4.049438815665680758e-01
4.056784340781166009e-01
4.065275832834454595e-01
4.072448473235075750e-01
4.080638161607008096e-01
4.088740562602020678e-01
4.095748817346504533e-01
4.102583268239174408e-01
4.108532152679864602e-01
4.115403922683404936e-01
4.122224818446200700e-01
4.129911458553007231e-01
4.138245678019956686e-01
4.145080726548137084e-01
4.151721374414108490e-01
4.157174221694551197e-01
4.165686099168907641e-01
4.174436002590573569e-01
4.181309306366866041e-01
4.188208724107064240e-01
4.195903569595185179e-01
4.200961526087405584e-01
4.206293761849151380e-01
4.213346242939280950e-01
4.219911480630967882e-01
4.227127904446938422e-01
4.235037519200582912e-01
4.243025110978750902e-01
4.248914399275989240e-01
4.255572248011871284e-01
4.261447750821000802e-01
4.267644525412724876e-01
4.276552898302932171e-01
4.284090409602649974e-01
4.290140933891855579e-01
4.296765136049918721e-01
4.304395650715165389e-01
4.311931166685663008e-01
4.319646091396498466e-01
4.325758486968376282e-01
4.333018206930649985e-01
4.339706021510706946e-01
4.346676626218130557e-01
4.353725977075314502e-01
4.361144062117078279e-01
4.368033266309162554e-01
4.375799696042074749e-01
4.382083869597688253e-01
4.389973267130760082e-01
4.397906171887540627e-01
4.404795063940104560e-01
4.411095635683578986e-01
4.417785752168931213e-01
4.425140564871301030e-01
4.431613272023135486e-01
4.439844636050609972e-01
4.449299876198916648e-01
4.457466070762323151e-01
4.463443145018688440e-01
4.470530957496308688e-01
4.476773660033127045e-01
4.484943631951205378e-01
4.492377483147697581e-01
4.499694652466283418e-01
4.507810495136574946e-01
4.515081381426946372e-01
4.520878953806951039e-01
4.530192957752835481e-01
4.538119801386448215e-01
4.544584208539963477e-01
4.551440119023628661e-01
4.559205861400397186e-01
4.566241044801813698e-01
4.574026856432450994e-01
4.581357355604521731e-01
4.588140820843419898e-01
4.597008653510550324e-01
4.604198344709020119e-01
4.610795698658108344e-01
4.617988171022395227e-01
4.624436988368935686e-01
4.631621547722014065e-01
4.639161093426085181e-01
4.644576361071423021e-01
4.651475534440502879e-01
4.657900459090267842e-01
4.665325725755947728e-01
4.673720172185925059e-01
4.680529696069644086e-01
4.689838618601948061e-01
4.695207959322073021e-01
4.700399356995066391e-01
4.708273155130413001e-01
4.716296819786333083e-01
4.722651233425417261e-01
4.728728971007266080e-01
4.734219681278246661e-01
4.740605557843195483e-01
4.746628183029791281e-01
4.754494646996812457e-01
4.761287870988941684e-01
4.769133099405562515e-01
4.776985619140905470e-01
4.783051588888648786e-01
4.790290484340182231e-01
4.800123884010465414e-01
4.808142739744532546e-01
4.816587756925133079e-01
1.169948144146220753e-01
