0.000000000000000000e+00
2.158585087074371017e-04
4.143657034849599903e-04
6.692799862598633291e-04
9.220012901031436397e-04
1.125193533351025264e-03
1.405588614204587731e-03
1.658865711982778109e-03
1.858439242979129796e-03
2.072988198726669236e-03
2.403158599208723295e-03
2.721419053338278767e-03
2.915803252854828453e-03
3.091254665808698850e-03
3.327532171422899546e-03
3.495730742499505734e-03
3.731296818850686741e-03
4.001374924843477225e-03
4.239434732014602837e-03
4.445526666772500919e-03
4.782093607917319196e-03
5.062955899282634530e-03
5.292988335791007186e-03
5.546239896796496989e-03
5.781396221301815692e-03
6.072487192390714147e-03
6.324861221282647786e-03
6.596842694781329154e-03
6.799309713815536102e-03
7.009813935433880684e-03
7.226637615415761919e-03
7.459481245621626781e-03
7.701701903163415616e-03
7.953201150734751090e-03
8.206343619877360870e-03
8.453475487160000065e-03
8.699701247191164027e-03
8.982328093596952598e-03
9.253473577185387933e-03
9.495352599097771698e-03
9.708904039688938739e-03
9.995687854657443402e-03
1.021055512451381382e-02
1.043522176029790596e-02
1.071489608507039670e-02
1.098672735995971129e-02
1.121017338902405812e-02
1.141054423406165190e-02
1.167828193670199764e-02
1.193564202980091846e-02
1.220986403332153906e-02
1.249917929121986161e-02
1.271838771782193844e-02
1.293765070836582279e-02
1.316810487511496826e-02
1.346358726199536546e-02
1.378144542002840249e-02
1.405229755933967706e-02
1.430425804572245906e-02
1.459511095591370204e-02
1.479077715134258925e-02
1.502884945439678967e-02
1.524465602537714015e-02
1.542429530867294764e-02
1.571569438714310457e-02
1.595659864965489477e-02
1.620070272848129003e-02
1.646191390574266999e-02
1.679249909543095720e-02
1.710903703388265418e-02
1.741895318850531990e-02
1.769173142494610482e-02
1.795657858778568206e-02
1.810702055749691466e-02
1.836364923702637347e-02
1.865494779728678679e-02
1.892598543639279277e-02
1.911488299889479645e-02
1.931808665775040443e-02
1.956996830746308286e-02
1.977833168264756664e-02
2.003695031927776871e-02
2.030223587448183598e-02
2.056218258593343548e-02
2.080122122038287336e-02
2.101442178699233776e-02
2.132198683644951492e-02
2.157388961917691694e-02
2.183155108620881898e-02
2.203073854278623372e-02
2.226392880811378649e-02
2.249078810214048818e-02
2.275823587398488612e-02
2.304745005269418640e-02
2.331718439649895641e-02
2.353006162612993057e-02
2.379003768670254204e-02
2.402502926921001869e-02
2.426836353456892151e-02
2.445958043488961897e-02
2.469737077949966941e-02
2.492740745623820212e-02
2.521960054637965160e-02
2.551744418879689155e-02
2.576839638736527077e-02
2.596953601107536425e-02
2.619219019927734524e-02
2.643293713298696529e-02
2.664238219447678802e-02
2.689678593062931958e-02
2.711940743214163313e-02
2.733003067084299742e-02
2.764240002284934841e-02
2.788470646047312013e-02
2.811709984595889972e-02
2.831856990205584845e-02
2.853742727456263714e-02
2.881470459714676954e-02
2.907681098525011915e-02
2.936534378283242250e-02
2.961168539043406919e-02
2.984117127672343550e-02
3.019638174729522700e-02
3.042514600235237537e-02
3.062685159965455525e-02
3.086054995186834210e-02
3.108481822357181054e-02
3.135509642802038199e-02
3.155924732242526565e-02
3.178881136417101988e-02
3.206833209782900679e-02
3.229761441169311242e-02
3.254185893031773247e-02
3.278853170398456779e-02
3.308016729218290347e-02
3.327760106601387186e-02
3.351973326073995341e-02
3.379086148017940161e-02
3.404598621578004691e-02
3.433142689747633453e-02
3.458588784371603025e-02
3.475441614131692669e-02
3.505567477777162683e-02
3.534444247081726387e-02
3.558554104618249364e-02
3.585887340191315498e-02
3.613214577476056566e-02
3.637755123268097274e-02
3.661930480184830139e-02
3.686657672069642427e-02
3.706193358935096910e-02
3.729264221465009022e-02
3.757524112144826345e-02
3.779165688247212995e-02
3.806210690090898463e-02
3.824320198223027378e-02
3.843244849726590306e-02
3.871815402941870127e-02
3.898934279264344022e-02
3.925741740345178171e-02
3.951192622683153549e-02
3.977018392146505765e-02
4.000063076055863920e-02
4.019303964347637620e-02
4.046398239437829641e-02
4.077855900023191066e-02
4.099630654371038546e-02
4.123016509792092749e-02
4.145117064596632456e-02
4.168464911945919671e-02
4.196321635591115234e-02
4.223912341089265665e-02
4.251370837487433024e-02
4.269838954010946042e-02
4.296636020500983755e-02
4.323530752757220874e-02
4.345981598883780911e-02
4.370573363973494913e-02
4.391740479836681033e-02
4.415126304302394167e-02
4.444848675252606462e-02
4.468109710411349855e-02
4.498266626690484299e-02
4.524994183727868574e-02
4.549405978276620244e-02
4.572556133604886025e-02
4.599902683696881905e-02
4.622914997288195965e-02
4.647046002774853080e-02
4.671537834929574001e-02
4.695240266687526753e-02
4.716478027319560146e-02
4.743944990600915124e-02
4.765217269019365876e-02
4.787311412794825749e-02
4.813142258783004862e-02
4.836160937111020491e-02
4.859246576787230876e-02
4.886481544834807983e-02
4.911868008828004090e-02
4.933029079622926888e-02
4.960951784226693556e-02
4.989938504001031200e-02
5.010721664069690134e-02
5.036200320449975287e-02
5.061270952134959422e-02
5.084263681777306809e-02
5.102177781299453013e-02
5.133762837872380552e-02
5.158810617212989530e-02
5.181666694297233644e-02
5.207013699469351803e-02
5.230578143591606971e-02
5.256691527019844573e-02
5.276908229347733459e-02
5.302940763785139039e-02
5.325680108884978808e-02
5.344778842534478325e-02
5.372467272676838268e-02
5.392516928383735836e-02
5.418401003035996227e-02
5.443913467809449735e-02
5.475224404883444196e-02
5.503359113119956486e-02
5.527530780066877009e-02
5.548286004701121626e-02
5.571724739131250076e-02
5.599055817852505168e-02
5.629764525169339562e-02
5.651144023245879139e-02
5.674881176041179226e-02
5.700669982576608841e-02
5.730148532763990055e-02
5.752704932102596647e-02
5.780247590535778079e-02
5.805695172680638838e-02
5.833149399290704640e-02
5.860006364286645536e-02
5.883663643293376988e-02
5.907128999054678253e-02
5.924345510647662655e-02
5.944270643262807019e-02
5.973321218572192476e-02
6.001277458453669472e-02
6.024337276086472182e-02
6.053973368576605341e-02
6.076140368045431644e-02
6.103684867453557789e-02
6.131224679601780109e-02
6.156600564269001236e-02
6.178858553144032928e-02
6.205720792894359877e-02
6.232684565534440946e-02
6.256331489315079819e-02
6.275645271134978886e-02
6.301055313958829618e-02
6.324024347107470856e-02
6.342763007119163465e-02
6.367894568661243426e-02
6.391419161005025551e-02
6.420076697681187383e-02
6.440410153800038562e-02
6.465186954878250625e-02
6.493393808734652939e-02
6.523143950695294013e-02
6.548329594874673087e-02
6.577727443169356647e-02
6.602857163755486425e-02
6.631070094235530510e-02
6.655627803740320203e-02
6.682197993341856823e-02
6.712720215430950654e-02
6.734532551981543824e-02
6.755341193911351683e-02
6.781814070517683257e-02
6.802848371503633640e-02
6.827344431996824892e-02
6.846635590817905237e-02
6.867675456816414725e-02
6.892986920522316263e-02
6.917356174305974714e-02
6.952421659316934677e-02
6.972085062704441727e-02
7.002211576189430742e-02
7.033848939052692040e-02
7.057951614744223390e-02
7.083104067513923408e-02
7.109431012417068152e-02
7.134046304621842471e-02
7.155641524996785019e-02
7.185995407067433116e-02
7.203711991344496912e-02
7.224300996825364085e-02
7.251251532544572553e-02
7.273462388601827089e-02
7.296527117154393005e-02
7.320678885076180309e-02
7.347706541301998739e-02
7.372682284318597679e-02
7.399831018233027358e-02
7.421297315258960914e-02
7.441411911129439116e-02
7.458514112723950429e-02
7.483708097226855760e-02
7.508250548329002683e-02
7.530145550375938468e-02
7.551383233910784198e-02
7.576530632301652080e-02
7.607336263416430988e-02
7.629225818505805390e-02
7.650979309133715267e-02
7.673184920161028877e-02
7.696439891734238592e-02
7.721904300567057622e-02
7.740295396462536226e-02
7.762415722817168906e-02
7.789461010529379059e-02
7.815054157497958176e-02
7.841810414509434168e-02
7.864615360099677654e-02
7.887641657377673921e-02
7.907864408600298600e-02
7.933860470122955366e-02
7.957889780345538122e-02
7.985799969071681603e-02
8.010094237928651328e-02
8.033529363109810639e-02
8.057144893088950821e-02
8.077295379946251852e-02
8.100373025038369590e-02
8.123694354431969245e-02
8.144785687726201207e-02
8.169208811068680298e-02
8.196316627110458719e-02
8.218894763024769956e-02
8.249871340771816608e-02
8.274687028578159298e-02
8.297496351284389116e-02
8.317155206999451988e-02
8.348054302351019806e-02
8.361467669043549933e-02
8.387238910869833364e-02
8.417984508729466075e-02
8.443976290994160971e-02
8.470202552321330625e-02
8.491800672896050728e-02
8.514685203628591381e-02
8.540377223135436902e-02
8.559698153420595979e-02
8.582202565067353905e-02
8.604544729937504965e-02
8.628991110599004699e-02
8.647381465873774098e-02
8.675732428543235508e-02
8.694964063703938817e-02
8.717339717774955088e-02
8.744809540496112366e-02
8.767858413601968548e-02
8.794042435749808984e-02
8.820463227428268493e-02
8.840901282189991828e-02
8.869115656592156671e-02
8.891992738165907517e-02
8.923797288355030111e-02
8.947110806869817967e-02
8.970617358399675390e-02
8.996977659847475717e-02
9.018307970926858763e-02
9.040263276556326222e-02
9.068562017566708655e-02
9.085936955927667591e-02
9.111760425521112094e-02
9.133081179049903908e-02
9.160093697677124114e-02
9.180752908847714111e-02
9.202619101168453553e-02
9.221392273264299166e-02
9.246248788425256993e-02
9.272903631593727714e-02
9.297500071208372741e-02
9.326393615809423776e-02
9.356087497854456703e-02
9.376730313819793550e-02
9.406869414473818802e-02
9.426717743945742245e-02
9.450313690620062990e-02
9.477268634337249198e-02
9.503599226731929139e-02
9.527068687671905178e-02
9.556413679188269228e-02
9.584999342985919824e-02
9.608110246739175186e-02
9.628221254799487761e-02
9.655378214349613630e-02
9.673765437670786560e-02
9.702623825605399821e-02
9.721798672166159783e-02
9.745112782956423525e-02
9.772678573442372674e-02
9.802480849194190882e-02
9.825776848351830406e-02
9.852867967922820935e-02
9.882791548171483698e-02
9.904019339282270351e-02
9.927991779688884189e-02
9.948314658724026482e-02
9.969852303964962803e-02
9.984763025388561364e-02
1.000656323563126893e-01
1.003628856273414000e-01
1.005908498509077570e-01
1.008479980982545099e-01
1.010345195955907882e-01
1.012420430323477949e-01
1.015551298631092586e-01
1.018160082010939466e-01
1.021346572632752803e-01
1.023450650051610095e-01
1.025884471809824922e-01
1.027859198387554435e-01
1.029995031030627728e-01
1.032543617396755459e-01
1.034353334366777816e-01
1.036713625652088272e-01
1.039569382837991218e-01
1.041938035214803465e-01
1.044437250876882051e-01
1.047667850414137763e-01
1.049779481034355672e-01
1.052632707491380215e-01
1.054897409745347847e-01
1.057257930221532360e-01
1.059495330494821808e-01
1.061815536791427123e-01
1.064440865562867045e-01
1.066906343900587001e-01
1.069219248603338890e-01
1.071787939870079281e-01
1.074382172985840905e-01
1.076721529852385784e-01
1.079066902090126262e-01
1.081760946527087347e-01
1.084096084790497905e-01
1.086413810905652172e-01
1.089284635971009829e-01
1.092331048508230346e-01
1.095286223257129210e-01
1.097270608906107392e-01
1.099451484378421995e-01
1.101833359424064795e-01
1.104499748541521026e-01
1.106408218453581727e-01
1.108998233991726479e-01
1.111866725649082871e-01
1.114083956060426955e-01
1.116172540774055671e-01
1.118600684608077045e-01
1.121021132596799474e-01
1.123155866250603596e-01
1.124999500855694279e-01
1.127605457229292618e-01
1.129819389674735636e-01
1.132636022959203626e-01
1.135627367621693667e-01
1.137929831577852990e-01
1.140365307195081862e-01
1.142903275588422196e-01
1.145749948119274414e-01
1.147721870460311766e-01
1.150090273987011552e-01
1.152495979143756816e-01
1.154854617633587210e-01
1.156991557393802772e-01
1.159835972218806466e-01
1.161964528281793363e-01
1.164931993790357806e-01
1.167294055221592686e-01
1.169895457384785842e-01
1.172515234774316462e-01
1.174604132976031778e-01
1.176406083207716113e-01
1.178658685869168193e-01
1.180634697651527926e-01
1.183040274757699573e-01
1.185778857952009824e-01
1.188653068153754933e-01
1.191192001406286838e-01
1.193599461449066229e-01
1.196240292608967692e-01
1.198818049504068867e-01
1.200890673936046427e-01
1.203073341659629397e-01
1.205574917802133272e-01
1.208367984290746044e-01
1.210634628722821876e-01
1.212800817411251592e-01
1.214743836454156289e-01
1.217663676781159526e-01
1.220105710881366629e-01
1.222660297995594170e-01
1.225041893310770402e-01
1.227923321462569967e-01
1.230282564157470643e-01
1.233177733676283638e-01
1.235036595645495061e-01
1.237811319389205966e-01
1.240445601729715241e-01
1.242157204184588110e-01
1.245122216177741992e-01
1.247136363059445086e-01
1.249441010090657223e-01
1.251704706657772448e-01
1.254544256068328423e-01
1.256665682528576578e-01
1.259400227038423581e-01
1.262201404267290772e-01
1.265301457366364846e-01
1.267457498745172551e-01
1.269738566747234954e-01
1.272432221769783378e-01
1.274628829151392972e-01
1.276755756128021002e-01
1.279217419752842755e-01
1.281643510010508913e-01
1.284231584639149437e-01
1.286989594133686743e-01
1.289517273312231205e-01
1.292167400376659503e-01
1.294814420573631442e-01
1.297709037942623156e-01
1.300265790988565373e-01
1.302236597720471123e-01
1.304722484923483694e-01
1.307749913621249205e-01
1.309842428021462668e-01
1.312152726823721527e-01
1.314548422903213665e-01
1.316841751932346649e-01
1.319553176737779110e-01
1.321615564791059627e-01
1.323752561253347393e-01
1.326416690491109829e-01
1.328948446037652165e-01
1.331526641449111426e-01
1.333442510815049942e-01
1.335849781952336557e-01
1.338325988660264421e-01
1.340891536068403167e-01
1.343465619469246530e-01
1.346644494502512446e-01
1.349294137278671535e-01
1.351296873561855516e-01
1.353373305831201967e-01
1.355335958075125635e-01
1.357913144103971292e-01
1.360354082333180836e-01
1.363403157123313780e-01
1.365969342751243154e-01
1.368676754129695694e-01
1.370916180751285685e-01
1.373739938734679367e-01
1.376211891648179420e-01
1.378818411029876789e-01
1.380948455162953337e-01
1.382860318292663815e-01
1.384759479797822157e-01
1.387207919558382796e-01
1.389526306996951566e-01
1.391772696896201034e-01
1.393923231287705344e-01
1.396955551997010325e-01
1.399471086257235153e-01
1.401291592938651576e-01
1.403877510642414506e-01
1.405887666018560689e-01
1.408508686753443540e-01
1.410896822926772376e-01
1.413432768471401257e-01
1.416067314778995112e-01
1.419190021124515644e-01
1.421992866430848157e-01
1.424172243856033637e-01
1.426646700410552360e-01
1.428824181194699450e-01
1.431073967874640918e-01
1.434504392469729550e-01
1.437280844747103603e-01
1.439210827269278015e-01
1.441551368504520314e-01
1.444007926096171901e-01
1.446154907201070983e-01
1.448413114361087606e-01
1.451372599736612257e-01
1.452790235514807571e-01
1.455641612111493455e-01
1.458203264885960249e-01
1.460728150145661208e-01
1.463419972661721413e-01
1.465456702691238788e-01
1.467495323100147520e-01
1.470499599607654473e-01
1.473471103671401272e-01
1.475764291549508667e-01
1.478518739690250772e-01
1.481466783687646893e-01
1.483817826724840305e-01
1.486510864429185785e-01
1.489080685103049417e-01
1.491030977987241601e-01
1.493845226977744134e-01
1.496710656871397538e-01
1.499046025438449670e-01
1.501466992575541948e-01
1.504514471991339197e-01
1.506455014814303828e-01
1.508914168908990772e-01
1.511156698405912713e-01
1.513767476040816518e-01
1.516072663032857204e-01
1.518987349411992926e-01
1.520978789801513964e-01
1.523636893710778317e-01
1.526040561807296414e-01
1.527774061125238558e-01
1.530614493290503308e-01
1.532443429568139392e-01
1.534548849889441624e-01
1.536801965432250117e-01
1.539760657296517787e-01
1.542289578262367733e-01
1.544073744631790368e-01
1.546825125301479753e-01
1.548671379122758818e-01
1.551304577234297322e-01
1.554306103664101490e-01
1.557253579860372605e-01
1.559736472936203988e-01
1.562007494154752374e-01
1.564645842698966505e-01
1.567495410386626487e-01
1.570155299410821437e-01
1.572748935167306295e-01
1.574178881181143852e-01
1.577302108867202624e-01
1.579421548599871938e-01
1.581586386008321243e-01
1.584651041204078459e-01
1.587561121930880226e-01
1.589767353249599280e-01
1.592629646152316780e-01
1.595056586756734840e-01
1.596980142678621206e-01
1.599671611012487560e-01
1.601777487756101404e-01
1.604496091765412469e-01
1.606775046591727707e-01
1.609280322128896212e-01
1.611984047348929416e-01
1.614980123601852946e-01
1.617554548790614000e-01
1.619631930469741243e-01
1.622305274421868559e-01
1.624790272865051510e-01
1.627210174125910125e-01
1.629885184404978038e-01
1.631889218638889194e-01
1.634517843503121848e-01
1.637131460599764166e-01
1.639489514045093244e-01
1.642080769657190964e-01
1.644421832297699448e-01
1.646656670056729777e-01
1.649715517571225532e-01
1.651617077335476025e-01
1.653632426392976085e-01
1.656040502128014458e-01
1.658817543183216392e-01
1.661371498503722843e-01
1.662802034445106658e-01
1.664920399857101052e-01
1.667651292552745912e-01
1.670094900136526450e-01
1.672618767806157425e-01
1.674993718088489403e-01
1.677572046780086146e-01
1.679756054722117975e-01
1.682103548815254423e-01
1.684618641889729651e-01
1.686915499291596343e-01
1.689263105289688927e-01
1.691501143994947332e-01
1.694163635486665154e-01
1.696067911549030693e-01
1.698644703275426493e-01
1.700722666278405015e-01
1.703524155308100141e-01
1.705987241368972784e-01
1.708152633442374668e-01
1.710535026355556876e-01
1.713317371782963616e-01
1.715277771408432461e-01
1.717898921729949235e-01
1.720763932134439234e-01
1.723543792744468561e-01
1.726130325840000423e-01
1.728727844399705338e-01
1.731199550119520980e-01
1.733775737767057068e-01
1.736221368095346163e-01
1.738472149517316379e-01
1.740682773114909099e-01
1.743564749241099388e-01
1.745365391604259964e-01
1.747284243689928296e-01
1.750352876067919616e-01
1.753148075679183127e-01
1.755509650667073374e-01
1.757285898468794461e-01
1.759755004327327454e-01
1.761822905911518133e-01
1.764462550371153071e-01
1.766801241547291401e-01
1.769546027760154627e-01
1.772264278149521255e-01
1.774701613227801233e-01
1.777091040188996662e-01
1.779808197495441613e-01
1.782164342480979102e-01
1.784821379469389846e-01
1.787897030417367472e-01
1.790588086290171854e-01
1.792597482761918437e-01
1.795441599578645464e-01
1.797844103564680551e-01
1.799666284686266271e-01
1.802196070773587899e-01
1.804168288124544661e-01
1.806587577876654638e-01
1.808682519524499044e-01
1.811073747358284136e-01
1.813869661252283660e-01
1.816568968992894606e-01
1.818994225256569952e-01
1.820914339643569801e-01
1.823097037704887458e-01
1.825962759579879413e-01
1.828489372490542941e-01
1.830820431569676332e-01
1.833104326415035956e-01
1.835776973596137396e-01
1.838195137464416762e-01
1.841336514535945601e-01
1.844067841587418710e-01
1.846150889229105085e-01
1.848792704813804755e-01
1.851566285556935365e-01
1.854058500047943148e-01
1.856215189677713762e-01
1.858365632586422844e-01
1.861135411845975807e-01
1.863735084389868679e-01
1.865953569283848035e-01
1.868139172382309865e-01
1.870520663693351626e-01
1.872644726669757953e-01
1.874577322300281235e-01
1.876623849605632832e-01
1.879252560460046018e-01
1.881327516347505446e-01
1.883947112763444953e-01
1.886824509238142766e-01
1.889495017281755118e-01
1.891708781082008795e-01
1.894133958633108239e-01
1.896194365816481764e-01
1.899225192233557069e-01
1.902040299052702166e-01
1.904224328605636507e-01
1.906406781702471576e-01
1.908902115455357040e-01
1.911552168429230258e-01
1.914194136541936819e-01
1.916898974464755212e-01
1.919348716759360085e-01
1.921611128371620847e-01
1.924267269701047667e-01
1.927013693405544847e-01
1.929517278042935380e-01
1.932096860648562509e-01
1.934200408358426049e-01
1.936491761962668423e-01
1.939095012649308669e-01
1.942158184988081460e-01
1.944302851847277136e-01
1.947138186832775564e-01
1.949645259588853596e-01
1.952574137989381287e-01
1.954598720446165672e-01
1.956960035667714426e-01
1.959284470081252560e-01
1.962364713078216805e-01
1.964857018128701449e-01
1.966904166033641710e-01
1.969169156572804780e-01
1.971435486359142120e-01
1.973505323621253249e-01
1.976307308502778248e-01
1.978760918623823362e-01
1.981386148518334833e-01
1.983510460841354794e-01
1.985697790704663568e-01
1.988229980448815437e-01
1.990095255068839719e-01
1.992350023885670063e-01
1.994430838107182913e-01
1.996751000386530472e-01
1.999506409933976547e-01
2.002418608885790374e-01
2.005186854416387554e-01
2.008000532059849574e-01
2.010422605313651745e-01
2.012500198205667279e-01
2.014927691107757934e-01
2.017175810907416433e-01
2.019454332405755947e-01
2.021542012422471168e-01
2.024069443313661898e-01
2.026433075274247653e-01
2.029078811224453160e-01
2.031234744853548657e-01
2.033572354715821873e-01
2.036334034037273200e-01
2.039089073821694353e-01
2.041679983692942790e-01
2.044198025880852865e-01
2.046929507886081356e-01
2.049265863140354860e-01
2.051683688252303461e-01
2.054345466901810191e-01
2.057354437661140789e-01
2.059603389327147316e-01
2.061951707537157674e-01
2.064529228224872559e-01
2.066634727801863747e-01
2.069085160483253860e-01
2.071475945929931450e-01
2.074519041084710580e-01
2.077434856610587133e-01
2.079926208348544525e-01
2.082399947900159254e-01
2.084991902190204693e-01
2.087702314867842246e-01
2.090511357778679080e-01
2.093425563329663897e-01
2.095932480520383279e-01
2.098276848303633757e-01
2.100253112790160526e-01
2.102083042762202814e-01
2.104808054668536876e-01
2.107008137503911527e-01
2.108682238517693153e-01
2.111196875706434495e-01
2.113009920440036549e-01
2.115884673750881850e-01
2.118287420799952470e-01
2.120888100315450886e-01
2.122895850788268923e-01
2.124534246893729772e-01
2.127150755180663988e-01
2.130163580176281934e-01
2.132160122567167693e-01
2.134463290854334561e-01
2.137575256820395675e-01
2.139624500515859007e-01
2.142201563156475863e-01
2.144533770488210311e-01
2.147171202793796141e-01
2.149421080313700938e-01
2.151866080242018364e-01
2.154574692418123050e-01
2.157454379792579369e-01
2.160806654320165943e-01
2.163279622084187670e-01
2.166363269800649083e-01
2.168800955566205502e-01
2.171331322429246868e-01
2.173817398101199616e-01
2.176332279643677647e-01
2.178587036587878167e-01
2.180990456417320478e-01
2.183902602333320508e-01
2.186399026038809701e-01
2.189431504072402168e-01
2.191833292241933406e-01
2.194225491700377839e-01
2.196048464003602374e-01
2.198684085568471946e-01
2.201224693556604328e-01
2.203820931329337485e-01
2.206196599998244967e-01
2.208553373132206010e-01
2.211198907331646535e-01
2.214070997681118480e-01
2.216512064503744772e-01
2.218752346666328645e-01
2.220962245081406772e-01
2.223423033110926428e-01
2.225530824860964263e-01
2.228338500682935375e-01
2.230742468382724830e-01
2.233167816569754105e-01
2.235810053340936132e-01
2.238228905573690641e-01
2.240938452417410298e-01
2.242791163893312900e-01
2.245170624385951219e-01
2.247388833600243718e-01
2.250060049802392048e-01
2.251904235901519558e-01
2.254266892324016114e-01
2.256671814968482237e-01
2.258583817261812787e-01
2.261156140278705040e-01
2.263256538272661045e-01
2.265223628024594371e-01
2.267400279339989444e-01
2.269718852479779558e-01
2.271760110105076336e-01
2.273856746381167360e-01
2.276101103034456896e-01
2.278223233466666886e-01
2.280955885082625312e-01
2.283963630842815729e-01
2.286783685796370258e-01
2.289005929955928165e-01
2.290942170699873381e-01
2.293194602976141028e-01
2.295369705913369307e-01
2.297666197209394523e-01
2.300160910759918576e-01
2.302429762842471972e-01
2.304951097356313372e-01
2.307625311535347057e-01
2.309838882022705320e-01
2.312314967636119045e-01
2.314848722611895782e-01
2.316839784118654710e-01
2.318817944830323940e-01
2.321157907383797903e-01
2.322983090226381497e-01
2.325315440509390097e-01
2.327686197496059428e-01
2.329871094331499026e-01
2.332211393692326107e-01
2.335238165092765883e-01
2.338434239110414037e-01
2.340856608364695612e-01
2.343442153167946962e-01
2.345750091022765493e-01
2.347783040560631196e-01
2.349810371591515845e-01
2.351844977184943120e-01
2.354478476381832164e-01
2.356836440137570765e-01
2.359299341788294035e-01
2.361969758711321143e-01
2.363795683523684521e-01
2.365959857983069847e-01
2.369101898683981244e-01
2.371693943698698070e-01
2.374145540874235405e-01
2.376749988921222634e-01
2.379316294643650243e-01
2.381797471470142036e-01
2.384044748886424980e-01
2.386809255656579531e-01
2.388785984622503189e-01
2.391255399610722199e-01
2.393872540631004076e-01
2.396131237719216767e-01
2.398678522550297953e-01
2.400941486037440620e-01
2.403538739782672962e-01
2.406494477859905945e-01
2.409411721649887539e-01
2.411734296093857310e-01
2.413492862011659135e-01
2.416352165376018379e-01
2.418589993826298357e-01
2.420786908077329769e-01
2.423116959191972675e-01
2.425455414901927231e-01
2.427718708788614288e-01
2.429986620105892836e-01
2.432470137000057597e-01
2.435370016062748111e-01
2.438223301352873407e-01
2.440154680468998305e-01
2.442687731662827322e-01
2.445161760289061847e-01
2.447651265584868119e-01
2.450829854301583843e-01
2.453644706657810703e-01
2.456277063845693776e-01
2.458973032979363815e-01
2.461400257047357265e-01
2.463919544657617866e-01
2.466682400927233954e-01
2.469887601134286292e-01
2.472518786440206506e-01
2.474632481218602964e-01
2.476639362956045143e-01
2.479783433467374343e-01
2.481723940451291133e-01
2.484575774825941719e-01
2.487291656598755174e-01
2.490240841520769410e-01
2.492498695742817183e-01
2.494801468101013608e-01
2.497144442544681486e-01
2.499678235229186862e-01
2.502306374698379243e-01
2.504728686318479225e-01
2.507064402042529783e-01
2.509517946557402457e-01
2.512143643759814915e-01
2.514592524975733934e-01
2.516913260672709596e-01
2.519788070898780763e-01
2.522077088309619963e-01
2.524301241903334492e-01
2.526521282850235917e-01
2.529170666975838477e-01
2.531381505425986389e-01
2.533576157717168376e-01
2.536510349487653970e-01
2.538922415673354749e-01
2.541432612809457203e-01
2.543806896907609416e-01
2.545903234853814645e-01
2.548311429110313719e-01
2.550721620464764805e-01
2.553246861163149806e-01
2.555812675625256936e-01
2.558487313370325089e-01
2.561175549294945619e-01
2.563711227011485350e-01
2.565754350391006300e-01
2.568163430458214047e-01
2.570929476078389064e-01
2.573624773533542687e-01
2.576213323615783590e-01
2.579014217653810559e-01
2.580875954014498208e-01
7.945804535649306222e-02
