0.000000000000000000e+00
1.800076959282966276e-03
3.266100492847642985e-03
5.455537322367623801e-03
6.879770250461643942e-03
8.884225946017324307e-03
1.030405856561695740e-02
1.176332174279899785e-02
1.372641378485378941e-02
1.553963231412074618e-02
1.700766804694438597e-02
1.851002289235439621e-02
2.023645654041093464e-02
2.184158327589560619e-02
2.335624057418195926e-02
2.501850545071626630e-02
2.679124500105632342e-02
2.932093315826687918e-02
3.064659663435634340e-02
3.222318836860352947e-02
3.412762078535919869e-02
3.592342859153527940e-02
3.766270024100950436e-02
3.915299506870635604e-02
4.075652447408058959e-02
4.248951525160461068e-02
4.394291816340013812e-02
4.556559270888328739e-02
4.745475596411542069e-02
4.943561953329206338e-02
5.132233618235498840e-02
5.312315728606922111e-02
5.464413414667578656e-02
5.625665085856986630e-02
5.822158089184615443e-02
6.026204154210848540e-02
6.247283664810706488e-02
6.443998713008765311e-02
6.641874225525620790e-02
6.848147909477453332e-02
7.059122422162257549e-02
7.235121983549977487e-02
7.391255394518343735e-02
7.553979513431215154e-02
7.744058848726126376e-02
7.915700381664179941e-02
8.121423241491926293e-02
8.285094254399558156e-02
8.464632773423162726e-02
8.666269251630633053e-02
8.840803537701873160e-02
9.060317346101705305e-02
9.259789424208947350e-02
9.447912509352704435e-02
9.630345070020525367e-02
9.790488559730359253e-02
9.954082075010135811e-02
1.013940548919588930e-01
1.032834978602113901e-01
1.051899992287019803e-01
1.069210797722114775e-01
1.087540209039191685e-01
1.104681682944115007e-01
1.119666522337217224e-01
1.141792278005415440e-01
1.159690840440460724e-01
1.179014970707612381e-01
1.197036153594130958e-01
1.210923692153285935e-01
1.232327484722645639e-01
1.247322120128830647e-01
1.264737160859564502e-01
1.283273401975905670e-01
1.297887476774884363e-01
1.315235673020304086e-01
1.335909333939518939e-01
1.349365951323545088e-01
1.370009172307980194e-01
1.386542382052858291e-01
1.407477570219370089e-01
1.424194432077297290e-01
1.438744803817459395e-01
1.456192470052842525e-01
1.471318619320245435e-01
1.487813647759065327e-01
1.506945188762309762e-01
1.525156914092631322e-01
1.543686733035903869e-01
1.561991452641253442e-01
1.582668754913651166e-01
1.599710195259448353e-01
1.620563424133229236e-01
1.640142223092855012e-01
1.657729188066144610e-01
1.677557994454248191e-01
1.701403112327856126e-01
1.718751449230749850e-01
1.736258592495676933e-01
1.749649570710757052e-01
1.768783308932904419e-01
1.786036247474062089e-01
1.804402812558398295e-01
1.827601916564123852e-01
1.846965549541611518e-01
1.862838045447390567e-01
1.884202163445491962e-01
1.899382710891621695e-01
1.917257455499188912e-01
1.935663015150433097e-01
1.955882346908824343e-01
1.972894151084848280e-01
1.991200289101729415e-01
2.008544881373956204e-01
2.027949503341243409e-01
2.042731608414401212e-01
2.060086158546217128e-01
2.081631637148227965e-01
2.100819675155011501e-01
2.115508670815256231e-01
2.132169130165809945e-01
2.150638649611538722e-01
2.166450455289327948e-01
2.190173911056145784e-01
2.205113460252526580e-01
2.224607552154983792e-01
2.242511221484088657e-01
2.261450739146487476e-01
2.277162894245631231e-01
2.297987548656966195e-01
2.318546998684404281e-01
2.337652981201480407e-01
2.355574449851560170e-01
2.376067025285711620e-01
2.391988207311949166e-01
2.406419892706687935e-01
2.426962792668513891e-01
2.446151724557804885e-01
2.466206751003696129e-01
2.483175490962440113e-01
2.498071068885104606e-01
2.517973155353974701e-01
2.533457829848863030e-01
2.549213587262328939e-01
2.567239394569305611e-01
2.584407020147082568e-01
2.598435942134833532e-01
2.615817774653425021e-01
2.634722158519504087e-01
2.656576239190855393e-01
2.673750128976809526e-01
2.684462466001397152e-01
2.703784490429840259e-01
2.725067853639639992e-01
2.743640082857967677e-01
2.762066225345207182e-01
2.779408675892357516e-01
2.803458341160225409e-01
2.822099088335627282e-01
2.846907487680845894e-01
2.864676099775170237e-01
2.881856688730601301e-01
2.897988950600575708e-01
2.916008137522773103e-01
2.933177023270369665e-01
2.951730411842070079e-01
2.968667704638489058e-01
2.986693927936678872e-01
3.004246490105546008e-01
3.024262187777117528e-01
3.038221778559418440e-01
3.058352047750430569e-01
3.071643889304773722e-01
3.089868347948958038e-01
3.108798219802453300e-01
3.127527777686554544e-01
3.151863241138814220e-01
3.169400218241341660e-01
3.185674972371192459e-01
3.202337358515187637e-01
3.220058873222325091e-01
3.235711900550862774e-01
3.253149016241391189e-01
3.271366610366856498e-01
3.290117370928689056e-01
3.310192696338248308e-01
3.330807829637614237e-01
3.348686292197869951e-01
3.367479338737660033e-01
3.385444794257770340e-01
3.402020567240485738e-01
3.419568578823717342e-01
3.439302924408597639e-01
3.457127160611520589e-01
3.481934896232462551e-01
3.498119266109703807e-01
3.520028985226133500e-01
3.538490251129082220e-01
3.556882176641984472e-01
3.579253899422077945e-01
3.598535806565112960e-01
3.615064728898791935e-01
3.634530292528476147e-01
3.651640925795706094e-01
3.672127399144526350e-01
3.690309929147038703e-01
3.710685348551603924e-01
3.727533159224585280e-01
3.747967207609620433e-01
3.762007197510759404e-01
3.781852281128333382e-01
3.797322218042258335e-01
3.815020868969204448e-01
3.830896638155932288e-01
3.849485131384592917e-01
3.867294767781281895e-01
3.884642092466221719e-01
3.905303448239106356e-01
3.926329135170927298e-01
3.945596060663937865e-01
3.964070712590554990e-01
3.985587377728715408e-01
4.003954134784183938e-01
4.023782909142620268e-01
4.042603659144500261e-01
4.056309361242331768e-01
4.072835363013094789e-01
4.090189121309560361e-01
4.109324068251682949e-01
4.124995133500716782e-01
4.141769795290797251e-01
4.162088916212685619e-01
4.178644750353370796e-01
4.201391990286007516e-01
4.217386127904876880e-01
4.236021903540537759e-01
4.251972882271348175e-01
8.288463394211562085e-02
