0.000000000000000000e+00
1.282044530359909874e-02
2.706331130846484703e-02
4.004580223004518269e-02
5.142408017292589284e-02
6.481955373438819112e-02
7.924582098941949926e-02
8.784159944460788461e-02
9.829413192960535783e-02
1.110481529972566911e-01
1.224882585151294973e-01
1.348564649646644964e-01
1.491841935059507462e-01
1.594444884461792555e-01
1.707620823394564724e-01
1.785850657876825731e-01
1.912985920554171326e-01
2.059409890927734743e-01
2.157371269554671234e-01
2.264961007926324932e-01
2.415220851258298718e-01
2.531791486429287308e-01
2.645088620983131467e-01
2.761671925632188107e-01
2.890551721557933496e-01
3.016079236733254509e-01
3.112319598049061997e-01
3.254065371357192094e-01
3.368193131119359696e-01
3.477774480892204534e-01
3.606261515183754596e-01
3.685818109246186691e-01
3.802067577419933064e-01
3.924855808163636994e-01
4.023176122447207903e-01
4.146216863997490010e-01
4.283237933934921360e-01
4.372351740563741318e-01
4.474565294415279171e-01
4.588986973013702286e-01
4.715050782912998950e-01
4.853811762100403437e-01
1.239636661581867694e-01
