0.000000000000000000e+00
6.922179101079053965e-05
1.321459581339336730e-04
1.799407343826348515e-04
2.222856196533412425e-04
2.800211397355408275e-04
3.198435332676703041e-04
3.705610262935773330e-04
4.218508179809489608e-04
4.814280747087019518e-04
5.254165209874308348e-04
5.718084459637796154e-04
6.250060235459177103e-04
6.810590841664207126e-04
7.275703893855552410e-04
7.948397536844896936e-04
8.489088435655134466e-04
9.052612862193740260e-04
9.648953855159301705e-04
1.015793049670076290e-03
1.079805338008268381e-03
1.135877963329637612e-03
1.184255638822605001e-03
1.244618437758572300e-03
1.301663824521492310e-03
1.359148500711377652e-03
1.426276561155771783e-03
1.485195683181502607e-03
1.540802507355859335e-03
1.587594475015050195e-03
1.633591984166271041e-03
1.683953822395636585e-03
1.739954109572691351e-03
1.806090656588138672e-03
1.848715548357933620e-03
1.903141195448968545e-03
1.945726743413209734e-03
1.994545644147750676e-03
2.066084304245337407e-03
2.121262972949177015e-03
2.168101715624511875e-03
2.212136987975873818e-03
2.260085795914102639e-03
2.313948983367361198e-03
2.371845367091293590e-03
2.430082734584336143e-03
2.485861014813753756e-03
2.537038236235344361e-03
2.587376886547826643e-03
2.639103284433555983e-03
2.693295226247900687e-03
2.736746348526176639e-03
2.795438406088921954e-03
2.853053240788220452e-03
2.900255870419924959e-03
2.958259675382155993e-03
3.013812364127579045e-03
3.057679083680853258e-03
3.125304051049082252e-03
3.179144603637930940e-03
3.245572581668728328e-03
3.300001501474151156e-03
3.366759022846122548e-03
3.410528176150676855e-03
3.472683714673669483e-03
3.526416518230479462e-03
3.561117527436849332e-03
3.621680468789389637e-03
3.677972489953249251e-03
3.730531555091471524e-03
3.788636132394432397e-03
3.839094178258018950e-03
3.896822656177374028e-03
3.968648973874346585e-03
4.015177507633696345e-03
4.067986421146451044e-03
4.128904507601235431e-03
4.199021629305011577e-03
4.257615424334067200e-03
4.322005597810102927e-03
4.386175269837028559e-03
4.444466207112693530e-03
4.484875620536720245e-03
4.534219612478097676e-03
4.582297695955035721e-03
4.639165261928682518e-03
4.705426189594182768e-03
4.754732849722025610e-03
4.797112122405240535e-03
4.847608849572702765e-03
4.900621637925550896e-03
4.966086696830546154e-03
5.018131550282535144e-03
5.069751475898174112e-03
5.122528455289421072e-03
5.177189423601494603e-03
5.223410599987239090e-03
5.277363089632566319e-03
5.347102645263648348e-03
5.393894632971008712e-03
5.442624589824631050e-03
5.494022686530215804e-03
5.533626341498013718e-03
5.578117086096493274e-03
5.634672834452518660e-03
5.698613634108859113e-03
5.754465853685799409e-03
5.802497543539713448e-03
5.846189541835634419e-03
5.903942190833856227e-03
5.967921499009549123e-03
6.026055346316139608e-03
6.077731358164454971e-03
6.120573278498410777e-03
6.174296049840521591e-03
6.229851549182233335e-03
6.300476074026863799e-03
6.350341497390936396e-03
6.396351260917280609e-03
6.442755378579322068e-03
6.514057249505589980e-03
6.575335379171071137e-03
6.629497595418637826e-03
6.683922891220345913e-03
6.730625027840971344e-03
6.801447964697781255e-03
6.864512350007512254e-03
6.930408911228604606e-03
6.972777027832004378e-03
7.028594089567224285e-03
7.084621766029781421e-03
7.143658245689027061e-03
7.204658052196299435e-03
7.262229083494691449e-03
7.305361798702817225e-03
7.376519602301505329e-03
7.427423380408615036e-03
7.474817530195201030e-03
7.530888604073140806e-03
7.598760086371777328e-03
7.652817629409751007e-03
7.710188112872297210e-03
7.756178838576256902e-03
7.819927899772073643e-03
7.870680028729691927e-03
7.939681059189920842e-03
7.994940398103889123e-03
8.052994972880147054e-03
8.112968552240515385e-03
8.162611602807488126e-03
8.209599042152921494e-03
8.254533407646773638e-03
8.317082104156894862e-03
8.386792224364730472e-03
8.442367067606641740e-03
8.496522439756256859e-03
8.541021277974921930e-03
8.591447919207224546e-03
8.642955109783056686e-03
8.718529134068437811e-03
8.774736799802318118e-03
8.829772069571405549e-03
8.880798556032363025e-03
8.938282381534145074e-03
8.991024072710501053e-03
9.042555883583498766e-03
9.088971893300247518e-03
9.140552476793309400e-03
9.184237924696922808e-03
9.256675696080230581e-03
9.314802738484288108e-03
9.352703544262399443e-03
9.403601224272702119e-03
9.457573434029673681e-03
9.498980974893534573e-03
9.556653091539260569e-03
9.609754964279671602e-03
9.657554196437406757e-03
9.721800801195858849e-03
9.776594038263182115e-03
9.829586392632778252e-03
9.881817310447869873e-03
9.927818137458460993e-03
9.972343415823458831e-03
1.003070988341599364e-02
1.008880750274785201e-02
1.013138275805447984e-02
1.019627144682068269e-02
1.024172487563595330e-02
1.030974682406979662e-02
1.035350274290130525e-02
1.039987178735834669e-02
1.045675092251415438e-02
1.051340683149120693e-02
1.056265311322024218e-02
1.063031495129752521e-02
1.068890755014990750e-02
1.075787084983201650e-02
1.081944764272040928e-02
1.087563226211421541e-02
1.092688638443327885e-02
1.097075161148983354e-02
1.101314516681850195e-02
1.107307451067070410e-02
1.112304588165385563e-02
1.116939412204794035e-02
1.121251455299773943e-02
1.125172952930445468e-02
1.130035043704295632e-02
1.135489637388305967e-02
1.139370931255134951e-02
1.145341419930841903e-02
1.151418020730551710e-02
1.158093848879381514e-02
1.162420133504909157e-02
1.166846069894273384e-02
1.172089512088961109e-02
1.177972449332012790e-02
1.183270324846238258e-02
1.188502908043011404e-02
1.192691768699207649e-02
1.197718468252034416e-02
1.202431803671224521e-02
1.207459388667415055e-02
1.214301738392517364e-02
1.218790195697410164e-02
1.223803723670074083e-02
1.230100255162666634e-02
1.236197182105990174e-02
1.241324907286509537e-02
1.248977881878380290e-02
1.255200584502619808e-02
1.260140163574924310e-02
1.266467828051385386e-02
1.272419960042565044e-02
1.277734326655945857e-02
1.283853125802326099e-02
1.290057119170911516e-02
1.295496577320385048e-02
1.301046034858028763e-02
1.306800684789574500e-02
1.312062632510894132e-02
1.317361630108725666e-02
1.321996639472322425e-02
1.327525933826234628e-02
1.333933649725184412e-02
1.339524076472192564e-02
1.346840728209430099e-02
1.352223539800397750e-02
1.356940973062988401e-02
1.364461853624781250e-02
1.368295211860587508e-02
1.373651081222939524e-02
1.377779453701884031e-02
1.384901673412775557e-02
1.390823190752005049e-02
1.395867303502972348e-02
1.401189807648584723e-02
1.406889191307867000e-02
1.411784321578191288e-02
1.417357209059169967e-02
1.422712771573187394e-02
1.427682162061849960e-02
1.433100484379352252e-02
1.439693395827048791e-02
1.444135480799275256e-02
1.450832252360245538e-02
1.455139443809174739e-02
1.459642632927332997e-02
1.465518536905933804e-02
1.470677518858536786e-02
1.476696266471311594e-02
1.482686423391149123e-02
1.488104518805013869e-02
1.493005523809949435e-02
1.498157928011105595e-02
1.504431601694344173e-02
1.509546580981598225e-02
1.515140102989162400e-02
1.520277018105402334e-02
1.527316134653410908e-02
1.534384995679778478e-02
1.540792064588944466e-02
1.545977050910789588e-02
1.551356220518757337e-02
1.558041062705466107e-02
1.564043335472693058e-02
1.570410827748754470e-02
1.575258937756951125e-02
1.580991227954083381e-02
1.587029497279994830e-02
1.593136366389217434e-02
1.600230770707935374e-02
1.606288410818969975e-02
1.611339353952654860e-02
1.616474483393525244e-02
1.621717949668856004e-02
1.627060981488314198e-02
1.632807943004546333e-02
1.638469369758860372e-02
1.644835521849371054e-02
1.650648737337669092e-02
1.655442889952233113e-02
1.660544063623827990e-02
1.666758800095449050e-02
1.673082454800101093e-02
1.678634583071868594e-02
1.684766735097999527e-02
1.691014620388735235e-02
1.696409224965067172e-02
1.702750273245345891e-02
1.706538131291317900e-02
1.712054749420638747e-02
1.718128253611402381e-02
1.723414412145169577e-02
1.729073179583854453e-02
1.734518354691672731e-02
1.739666447815027203e-02
1.745799976283201119e-02
1.752498716853439359e-02
1.757657634953469286e-02
1.763639980504115579e-02
1.768835304596716451e-02
1.773661044664268105e-02
1.779402521821835809e-02
1.785924431862139297e-02
1.790977915869438816e-02
1.796611371356370349e-02
1.800776415736122030e-02
1.807320780740577504e-02
1.812064021359981181e-02
1.817318193335296442e-02
1.823252029640107935e-02
1.828111439499534308e-02
1.832775256871710043e-02
1.838429469358473720e-02
1.843484993765996324e-02
1.849997643301409117e-02
1.855667403655578140e-02
1.861304204282605845e-02
1.865956654460118602e-02
1.870963245974539835e-02
1.875371309716359833e-02
1.880389832487786364e-02
1.885539984287688819e-02
1.890395329406864902e-02
1.896312154599602909e-02
1.901596331122025127e-02
1.906459968415786382e-02
1.911347633369198801e-02
1.916269678120225556e-02
1.921980930009183422e-02
1.926874955772580125e-02
1.932283620543100155e-02
1.937546786942964672e-02
1.943187607498985531e-02
1.949360395469978274e-02
1.955217353598141111e-02
1.960982622433148082e-02
1.968166989764260494e-02
1.972034705028089321e-02
1.976662779629799124e-02
1.980508270518826705e-02
1.986513999874699177e-02
1.993732465439087068e-02
2.000250749988724541e-02
2.005540665856367366e-02
2.011915569054241112e-02
2.018344628345846922e-02
2.022848230820675081e-02
2.028044050957052494e-02
2.033288788108481709e-02
2.038978732551056938e-02
2.044379168357044266e-02
2.049155708482319413e-02
2.055711580689409748e-02
2.061904171345438005e-02
2.068308228804008331e-02
2.074454428250247645e-02
2.079832835813105740e-02
2.084566306652280501e-02
2.090253414360074974e-02
2.095399414402879246e-02
2.099157536594937340e-02
2.104367366925196520e-02
2.108093817779325974e-02
2.113463681185788479e-02
2.119089018971336696e-02
2.125717524773573092e-02
2.133182038370293535e-02
2.140411086769752891e-02
2.145584369062280769e-02
2.150288916612706422e-02
2.153668110646170253e-02
2.159469767889390240e-02
2.164781269217099999e-02
2.170026790694533705e-02
2.175797937264998747e-02
2.181831928034021553e-02
2.186994123889160480e-02
2.191841309752943015e-02
2.197522138550910345e-02
2.202770147772155004e-02
2.209049426439632646e-02
2.213898394979338033e-02
2.219772669156802256e-02
2.225438597862161583e-02
2.232540269636784647e-02
2.237849831908510570e-02
2.241511346504991911e-02
2.246098854166288933e-02
2.251301399705876380e-02
2.255733023395900191e-02
2.261699983890225890e-02
2.266230394536380283e-02
2.272735827568429789e-02
2.278600297196678448e-02
2.283332115414425309e-02
2.287738584344851944e-02
2.293793306262925658e-02
2.298510321555771035e-02
2.304191381866209018e-02
2.307668343380814974e-02
2.313932869409015061e-02
2.319086799414978722e-02
2.324486839050159473e-02
2.330518859579497684e-02
2.336459752176578766e-02
2.341902299038121568e-02
2.348655295096359688e-02
2.354947535697718072e-02
2.360157807985843736e-02
2.364240647494641329e-02
2.368240334832671240e-02
2.374471907855251612e-02
2.380961783105018520e-02
2.386594893154133507e-02
2.390675445005050956e-02
2.396470107541493616e-02
2.402219567454999885e-02
2.406526377279560175e-02
2.411376279081125368e-02
2.418672734538030930e-02
2.423778787093099421e-02
2.428805330965269627e-02
2.433357457449754693e-02
2.438258325519022593e-02
2.444205129595331330e-02
2.449298933851825830e-02
2.454478593172454079e-02
2.461109370300261848e-02
2.466006213793829963e-02
2.472332097592005659e-02
2.477162039467007901e-02
2.482770566867939163e-02
2.488273634366705567e-02
2.493199992970225251e-02
2.499332055718308729e-02
2.504123485509355748e-02
2.509562344115149821e-02
2.516202991037424022e-02
2.522359083103980007e-02
2.527901679492790613e-02
2.534032090163800682e-02
2.539120541562782732e-02
2.544388444423143283e-02
2.551594845395647668e-02
2.556187256317008979e-02
2.561708919016917468e-02
2.568044037864909007e-02
2.573891869472751809e-02
2.580009307840065019e-02
2.585062396966493134e-02
2.590382347745186914e-02
2.596010143310560625e-02
2.602156885357789079e-02
2.606539351608842467e-02
2.611752587915609422e-02
2.616343809786591743e-02
2.620557334208966152e-02
2.625575899782963546e-02
2.631465153234787205e-02
2.635663942882782509e-02
2.642231706260218804e-02
2.647722049757382165e-02
2.652816287381838320e-02
2.659296117203710161e-02
2.663472485274869309e-02
2.668920206049192959e-02
2.674582971251616634e-02
2.678375123004309369e-02
2.684369656314838232e-02
2.690140725583238870e-02
2.695600109106626938e-02
2.700499182325972677e-02
2.705607578196165056e-02
2.710865203060455059e-02
2.714812643977230350e-02
2.721552675202675020e-02
2.726438645327273341e-02
2.731181857843983582e-02
2.737636676518032802e-02
2.743294248921654757e-02
2.749926160003307585e-02
2.756056327179058629e-02
2.761317912423178617e-02
2.766584284162014809e-02
2.770113652907740809e-02
2.774381767328683995e-02
2.779537803973656726e-02
2.784292994196310711e-02
2.788981975356776000e-02
2.795291666450868545e-02
2.799775795868038319e-02
2.805118384602129505e-02
2.811055435171670724e-02
2.816611143664815922e-02
2.823266317331224809e-02
2.828131090113581228e-02
2.833437780474733214e-02
2.838907027597825997e-02
2.842862890180572477e-02
2.847209358003634574e-02
2.853492259684127855e-02
2.859124916254887280e-02
2.863744495258862058e-02
2.868758612806970171e-02
2.874728206523389715e-02
2.880344053385810316e-02
2.885402553859986452e-02
2.890212963080096564e-02
2.896775764815216064e-02
2.901062401499800159e-02
2.907610848779508886e-02
2.913403432964577905e-02
2.919087699419730536e-02
2.925001655633388542e-02
2.930530647960516780e-02
2.934948759474795277e-02
2.939492069370088639e-02
2.945381374857359777e-02
2.951377085887985086e-02
2.957837113404863591e-02
2.963343299913106729e-02
2.969286723301876180e-02
2.973704921547616967e-02
2.978203831449255726e-02
2.985334362604901218e-02
2.991178179826717298e-02
2.996861416355931299e-02
3.004601204794372579e-02
3.010246120786352203e-02
3.016341179098509101e-02
3.021062475169444470e-02
3.026162012591456646e-02
3.031372841800327941e-02
3.036645416696689276e-02
3.042925517067561481e-02
3.048076785299169700e-02
3.053401328361263559e-02
3.059333988066165883e-02
3.064039596895538550e-02
3.069415144232468320e-02
3.076442312860508746e-02
3.081790585882878547e-02
3.086338051569596785e-02
3.090787071615793205e-02
3.095495573126512412e-02
3.100230811323637092e-02
3.106577922575355297e-02
3.112794206860038451e-02
3.117893246393198259e-02
3.122932474034216185e-02
3.129077158139350473e-02
3.134910877132073698e-02
3.140966284858854457e-02
3.147880436949201943e-02
3.154369178441954191e-02
3.161256323210965419e-02
3.165246606246391314e-02
3.171762609488342627e-02
3.178861364129725170e-02
3.183909001001166555e-02
3.190103858871110032e-02
3.194278031805331680e-02
3.199767520219871236e-02
3.205504515068846594e-02
3.211501409076680108e-02
3.216942174831431689e-02
3.223191708121786458e-02
3.229292021771876936e-02
3.234405567804867626e-02
3.237983806055667185e-02
3.241988400896973765e-02
3.247767042174238422e-02
3.252042048783129052e-02
3.257582642836780173e-02
3.263264401629556444e-02
3.267295604085682786e-02
3.273630124087157506e-02
3.280444851486193081e-02
3.286696066628092688e-02
3.292171841415644090e-02
3.297313597266544882e-02
3.301891260615948814e-02
3.307238045589048353e-02
3.313544729321944715e-02
3.318427865951452393e-02
3.322842865200977686e-02
3.326415637029759426e-02
3.331805520072982779e-02
3.336693631010287375e-02
3.341979210453108889e-02
3.346626158584339872e-02
3.351572982419254165e-02
3.358134198268077075e-02
3.363305505165667397e-02
3.369010048233472138e-02
3.374806079160307809e-02
3.380332951597805891e-02
3.386558320725450988e-02
3.393333190872518251e-02
3.398455739587510210e-02
3.403545734052455807e-02
3.410076830033924311e-02
3.416293514063547393e-02
3.421486581246714620e-02
3.428499980402729963e-02
3.435879951533571397e-02
3.442997879329402766e-02
3.448709634528662055e-02
3.454095276478679616e-02
3.458201083051622854e-02
3.463289955945379056e-02
3.469494063044625820e-02
3.475563335551522942e-02
3.480758306592405399e-02
3.486527939006339033e-02
3.494074034454987959e-02
3.499269176652125557e-02
3.504998967776916385e-02
3.509936547022538683e-02
3.514755958327824004e-02
3.519884137062061907e-02
3.524853089576274884e-02
3.529455646272586233e-02
3.533503254526768750e-02
3.539421206018698862e-02
3.545045852500933181e-02
3.550326613974245232e-02
3.554314646022477264e-02
3.559485517226033957e-02
3.564416520788950271e-02
3.570882629573905037e-02
3.575378562283509920e-02
3.581861205856185643e-02
3.587940868977833320e-02
3.593591295822139153e-02
3.598637996905541814e-02
3.603809701747910654e-02
3.609714158403716511e-02
3.614122944316085911e-02
3.618795565463863578e-02
3.622937932727726684e-02
3.626966764782241920e-02
3.633757478321673895e-02
3.639812722984683835e-02
3.643623660895092126e-02
3.649391373373443020e-02
3.653555907054344826e-02
3.658945331473398982e-02
3.664878664476975412e-02
3.671407309657159085e-02
3.676324484932467357e-02
3.680882315074193722e-02
3.685614407817761062e-02
3.691421958712346602e-02
3.696598085582061127e-02
3.701245350804562712e-02
3.706943411068063660e-02
3.714038238187918756e-02
3.719735813855930967e-02
3.725442520376986283e-02
3.731640485246442290e-02
3.737379477351666229e-02
3.742710605999538531e-02
3.747370707032787046e-02
3.753292742217093775e-02
3.757477707811902184e-02
3.763361436975794921e-02
3.767531187062028719e-02
3.772387439335705278e-02
3.778614599915229577e-02
3.784296849030169274e-02
3.788742147583530617e-02
3.793757737227251847e-02
3.799057359451553373e-02
3.804511313438022763e-02
3.810676326520965468e-02
3.815221977746553750e-02
3.821315124365975979e-02
3.827285247578096627e-02
3.832597626331387536e-02
3.838531312570041959e-02
3.844749569564689246e-02
3.850917069467682530e-02
3.856730776731619875e-02
3.861580239367077422e-02
3.868187594192640938e-02
3.873075537921830125e-02
3.879215057916963333e-02
3.885352212394235089e-02
3.889352696915136798e-02
3.894530798445638986e-02
3.900426424255785951e-02
3.904795674148463236e-02
3.910589936534464295e-02
3.917012453666576799e-02
3.923073183701406702e-02
3.928938116777196815e-02
3.935415460034125124e-02
3.942773015246826135e-02
3.948062520365763772e-02
3.953152469903257332e-02
3.958229140172422195e-02
3.962793378095239710e-02
3.969157816111150427e-02
3.975364272797799609e-02
3.980871350154439187e-02
3.986046532672007925e-02
3.991877454627393990e-02
3.997660342595055899e-02
4.002540781753598231e-02
4.007882315017311653e-02
4.013839786035241358e-02
4.018901736500919003e-02
4.024973150184056603e-02
4.030907625434924230e-02
4.036862350406628802e-02
4.041706322491910724e-02
4.047193197636338863e-02
4.051231447473901959e-02
4.056275921795528261e-02
4.062543692626179731e-02
4.067888913014038738e-02
4.073052342878545617e-02
4.079121337269918379e-02
4.084938706506253264e-02
4.089953181347751737e-02
4.093889897885034240e-02
4.099547352583683690e-02
4.105991675506927979e-02
4.112378415898829132e-02
4.117415225878100909e-02
4.122073565092279623e-02
4.127787171944302669e-02
4.132969357500040908e-02
4.137265167410227734e-02
4.143417249502592131e-02
4.148099012972002175e-02
4.153691044204220473e-02
4.159509089119901859e-02
4.165355063321045381e-02
4.170538552910724867e-02
4.175851505642215467e-02
4.182839644221925807e-02
4.187612045335789568e-02
4.193891355824785894e-02
4.198910029976377772e-02
4.203881768535717989e-02
4.209027376947065829e-02
4.215138652807929459e-02
4.220983592871871415e-02
4.225720268181697853e-02
4.231226573792961493e-02
4.236414519879727614e-02
4.241408992958550783e-02
4.248381104671899999e-02
4.254104841838019652e-02
4.259991580472129863e-02
4.266470249379088892e-02
4.273024229123054823e-02
4.277958676700142210e-02
4.283432344225304028e-02
4.289524022830792233e-02
4.294780713824783436e-02
4.301074609915272323e-02
4.307726937885750229e-02
4.313110841696811415e-02
4.319076883135611333e-02
4.324506964060872982e-02
4.330283255691613764e-02
4.335851134930987505e-02
4.341123502133312217e-02
4.345657296410841697e-02
4.351308661465899674e-02
4.355813770387880618e-02
4.360357313927593070e-02
4.364449875377535842e-02
4.370357769039519280e-02
4.375917042641069843e-02
4.381475963612070645e-02
4.387369655238744504e-02
4.394344248833574607e-02
4.400760779136037026e-02
4.405922133190432605e-02
4.410872382969888150e-02
4.417233571168485695e-02
4.421938500358821994e-02
4.426827656776084752e-02
4.432964567134384248e-02
4.438913877838814026e-02
4.444463660767569019e-02
4.451695593245420801e-02
4.459075163072710041e-02
4.464538040626773313e-02
4.469657670324989063e-02
4.475834313067692666e-02
4.481270571146320214e-02
4.487600448179586421e-02
4.492540479567668638e-02
4.498220380056226764e-02
4.503033184831841534e-02
4.508749913820372240e-02
4.514463470488128127e-02
4.521424454804703896e-02
4.525845467718501297e-02
4.531499185290827764e-02
4.537584332177618807e-02
4.544481014553652248e-02
4.549025878452577637e-02
4.555297238900128665e-02
4.561273992543879441e-02
4.566189405156584336e-02
4.571223578860217351e-02
4.576713281893594193e-02
4.582490187786138203e-02
4.586626109627912895e-02
4.592470525101254725e-02
4.597517908478658544e-02
4.603374761410120031e-02
4.610022800961768863e-02
4.614102079348898072e-02
4.619442080082278301e-02
4.627456732369242265e-02
4.632247763723903317e-02
4.637153721106851423e-02
4.642415762768668797e-02
4.648607336292157055e-02
4.653689123626530977e-02
4.658546283061307247e-02
4.665481278234004381e-02
4.670990227377730397e-02
4.676347011832972245e-02
4.680929830221471077e-02
4.686968272288264542e-02
4.693798712910818294e-02
4.698369019169276739e-02
4.703732627566403063e-02
4.710054385987311881e-02
4.714367996042067438e-02
4.720381484566293917e-02
4.725728557689123227e-02
4.730156406575238698e-02
4.735610798122807941e-02
4.740075464386750426e-02
4.745709035456396885e-02
4.751510286858202925e-02
4.757240168788983564e-02
4.764555374317790137e-02
4.769457235854936139e-02
4.775532500703343758e-02
4.780090059067142183e-02
4.786541276777963455e-02
4.792822992640327628e-02
4.797979431564257380e-02
4.803761456804704622e-02
4.808635518361485672e-02
4.814500490917666270e-02
4.820503551924235769e-02
4.825954082917124216e-02
4.830818763249411507e-02
4.836457159058084321e-02
4.842489261913084791e-02
4.846666211104754679e-02
4.850627850467013891e-02
4.856167811046552957e-02
4.862465224640195177e-02
4.867299789385629016e-02
4.873127775752714858e-02
4.878793065303801968e-02
4.883263710345688707e-02
4.886960963341852038e-02
4.892963072791089996e-02
4.898267702442836435e-02
4.903516991777842615e-02
4.908841723157275627e-02
4.912754608772527259e-02
4.918369570481439385e-02
4.923366522093019365e-02
4.929746094402883555e-02
4.935594484363231560e-02
4.941658167125566326e-02
4.946541352703984207e-02
4.951636901587967710e-02
4.957097822003641435e-02
4.963719564331880996e-02
4.968861038000803310e-02
4.974499946943409384e-02
4.980679171797047083e-02
4.985775846268130501e-02
4.991876910536710565e-02
4.997871105348144355e-02
5.003080984985697893e-02
5.008435281308010883e-02
5.013886463604360494e-02
5.018732191766187012e-02
5.025206554265147091e-02
5.030023667141446386e-02
5.035247287483714945e-02
5.039791283156659640e-02
5.045727041283120523e-02
5.051637284258179983e-02
5.057274140785955607e-02
5.062939419074040381e-02
5.066935216811318393e-02
5.073335951612601563e-02
5.079110130857489303e-02
5.083958729489855555e-02
5.088845739007544916e-02
5.093936896702309924e-02
5.099531085736239144e-02
5.104818162103223755e-02
5.110090411649264447e-02
5.116758979087596138e-02
5.121843108734647904e-02
5.125981499212505649e-02
5.131236921955219243e-02
5.135875924966649270e-02
5.141687002297524317e-02
5.146944065862252976e-02
5.152410129068812905e-02
5.157183502311929457e-02
5.161885371275139189e-02
5.167883762889372706e-02
5.173268958158571545e-02
5.178787768716613948e-02
5.184702546868201478e-02
5.190249606792596282e-02
5.196188044090205294e-02
5.200961453094566506e-02
5.205828146648528582e-02
5.210527497898575361e-02
5.215883689959528724e-02
5.221774773058040359e-02
5.228279436935263924e-02
5.231921038048616135e-02
5.238134608325045044e-02
5.243030765048368319e-02
5.249023751426997592e-02
5.253683915171942359e-02
5.258437621265515949e-02
5.264256965642160474e-02
5.270323507748547742e-02
5.275277209872343553e-02
5.281646273585933332e-02
5.287161382068974319e-02
5.292651192411753497e-02
5.297013955947479230e-02
5.302297031761873947e-02
5.308774901456322221e-02
5.314021309166667290e-02
5.318899394445542744e-02
5.323705154991995037e-02
5.330517280793111573e-02
5.335980374385324021e-02
5.340267233522923152e-02
5.346182172889844819e-02
5.351199491289663351e-02
5.355149077287286313e-02
5.360417298412224751e-02
5.365127395155257217e-02
5.370395944693109186e-02
5.375793034979652746e-02
5.380952199170708355e-02
5.385190581196438314e-02
5.391070565775953061e-02
5.397676242115852230e-02
5.403643646039193310e-02
5.409477978976683088e-02
5.414263167585404296e-02
5.421470570913998477e-02
5.428090195299816595e-02
5.431775970418006166e-02
5.436537662345448940e-02
5.443147013487385777e-02
5.448840671858180829e-02
5.455448680996149990e-02
5.460737697998221257e-02
5.466277329603838608e-02
5.471721982565948966e-02
5.478225380760304991e-02
5.484880915519248223e-02
5.490151211336217335e-02
5.495315659874377978e-02
5.501447597598314865e-02
5.506488390280585982e-02
5.512768616162468799e-02
5.517340772982936431e-02
5.523204391216946646e-02
5.527576510427119338e-02
5.533701646994296230e-02
5.538782224179683578e-02
5.544745593239476522e-02
5.549797899849649718e-02
5.556923137776186017e-02
5.561849398572426412e-02
5.566822522954046476e-02
5.572385183196655600e-02
5.576681805335582942e-02
5.582574581834526956e-02
5.588060606492446097e-02
5.593328746725176326e-02
5.598198705175797679e-02
5.603805439793359960e-02
5.610831613881273050e-02
5.616148721742043881e-02
5.622406515561600981e-02
5.628007757151032991e-02
5.633825983698093065e-02
5.638171872591645623e-02
5.644677325072703505e-02
5.648824035439146268e-02
5.653322635756642678e-02
5.659496858128182373e-02
5.665672278375151472e-02
5.672317895594854165e-02
5.678089156488858036e-02
5.683664435988160235e-02
5.689337748435058933e-02
5.693467420105600280e-02
5.699047246547984946e-02
5.703449557899518962e-02
5.709118919312232421e-02
5.713815958594405109e-02
5.720616723733092102e-02
5.724999957468401152e-02
5.730500305131143446e-02
5.735777845637780176e-02
5.742424844084534352e-02
5.747954791411964692e-02
5.751721942302431834e-02
5.756389737995147582e-02
5.762501047314651237e-02
5.767661509093121447e-02
5.772362529036972195e-02
5.778424926183065025e-02
5.783380390841964813e-02
5.788970797294126780e-02
5.793341574965565899e-02
5.799169427882799877e-02
5.804706420054184940e-02
5.810922724228506642e-02
5.815338224578076726e-02
5.821810513350304805e-02
5.826006142163939194e-02
5.832610144032763372e-02
5.838743357554255359e-02
5.843448144536626809e-02
5.849288742307994643e-02
5.855729871935892727e-02
5.861633091056273059e-02
5.868142574963396835e-02
5.874287865813625914e-02
5.879162254297647799e-02
5.884357804053750446e-02
5.889686558509305003e-02
5.894967766650529434e-02
5.901017257676978434e-02
5.905976521776039323e-02
5.910829524952888187e-02
5.917164067623435775e-02
5.921561290091956198e-02
5.927536173852120810e-02
5.932022873259925472e-02
5.937551078977509195e-02
5.941642996375198077e-02
5.945787071199950397e-02
5.950817514795771201e-02
5.957130771663525504e-02
5.963662529328227213e-02
5.969430931442089305e-02
5.975874072952876842e-02
5.981651607407265786e-02
5.987978642753415126e-02
5.993822358639773473e-02
5.999530585653388426e-02
6.005574616457899639e-02
6.011609788130498067e-02
6.018033577037030374e-02
6.024344976046844963e-02
6.031744656897064516e-02
6.036130069187869290e-02
6.041173271354390029e-02
6.046427755679979060e-02
6.052583819740586790e-02
6.057621537910685278e-02
6.062623642582373046e-02
6.067985179920790118e-02
6.074001257751274890e-02
6.079198507131362839e-02
6.084183224715362243e-02
6.089242066457414143e-02
6.093241755165980378e-02
6.097427721791235516e-02
6.103098553120855918e-02
6.107738617033264122e-02
6.112277551862091429e-02
6.117648648221187674e-02
6.123645202658162950e-02
6.130216489935840646e-02
6.137147963127899397e-02
6.143356473051672650e-02
6.148464807552903033e-02
6.152643498126329769e-02
6.158235772454501850e-02
6.163492812732305343e-02
6.168482870105922167e-02
6.173806043186748360e-02
6.179820852704379780e-02
6.185178528110621410e-02
6.191216893196432869e-02
6.196230146674821387e-02
6.201819487861489483e-02
6.206987421397829052e-02
6.212951377565428118e-02
6.219800152075982691e-02
6.225988426254201735e-02
6.231106802659133054e-02
6.237699019890637075e-02
6.243373502845195322e-02
6.249902602960089038e-02
6.256703425621121251e-02
6.262194808384065337e-02
6.266429935180498068e-02
6.271697320421018573e-02
6.277560592165061515e-02
6.284355373823642676e-02
6.290766537286142379e-02
6.295544089371987728e-02
6.300556941392071453e-02
6.307292423191010466e-02
6.311888852505991021e-02
6.318671681347387548e-02
6.325156783971050412e-02
6.329975995240395836e-02
6.335136347784132982e-02
6.340003874912081283e-02
6.346163426245393646e-02
6.351264521820847164e-02
6.358665404052935011e-02
6.363991359882920085e-02
6.369152490087647001e-02
6.374659929353246324e-02
6.380049344914973108e-02
6.385633223440681516e-02
6.391681049872847964e-02
6.397131196426569799e-02
6.403730722431660860e-02
6.409466654688149301e-02
6.414376814491307144e-02
6.419362890808391620e-02
6.425966862266402346e-02
6.430659560171038402e-02
6.436983239294584436e-02
6.442674650775952194e-02
6.448009273675341102e-02
6.454820895536948766e-02
6.461952005075530248e-02
6.466311605686511643e-02
6.471383473275447995e-02
6.477773374291855013e-02
6.483111446653731791e-02
6.487576474285539074e-02
6.492709685115778673e-02
6.497602532658718066e-02
6.503288134472900994e-02
6.506889873300070182e-02
6.511478166354497943e-02
6.516426286378818045e-02
6.520940620704120116e-02
6.526541072513124264e-02
6.532246540327837914e-02
6.538672702961886851e-02
6.545496466029462890e-02
6.551239382904133768e-02
6.557502614679902586e-02
6.562656962848699427e-02
6.568175739026345383e-02
6.572159353532093518e-02
6.577507495982823360e-02
6.582618222442432332e-02
6.587861479185432023e-02
6.591869813828597768e-02
6.597322834698296501e-02
6.603021892357642531e-02
6.608569508550223015e-02
6.612992563233384413e-02
6.618415771910927947e-02
6.625145066406863681e-02
6.630685212491786718e-02
6.637593213717682405e-02
6.642872816336946318e-02
6.649388942074134501e-02
6.655555769262301580e-02
6.661897821982358525e-02
6.667038302585798215e-02
6.672872412887712046e-02
6.678419999889084746e-02
6.684585620777400150e-02
6.691741671932024960e-02
6.697485935777190702e-02
6.703743340673079532e-02
6.709729470699822562e-02
6.713644391313838833e-02
6.719125444126242130e-02
6.723571640372882907e-02
6.729867475721662551e-02
6.734883676064530589e-02
6.741446442171442066e-02
6.747486043741882100e-02
6.754164935801588998e-02
6.760806088491221055e-02
6.766161798042268083e-02
6.771905896213366305e-02
6.777476219308176120e-02
6.783251962503253352e-02
6.788658215145326746e-02
6.794597432433020778e-02
6.801043444858125009e-02
6.807053281709195269e-02
6.811064907385248890e-02
6.816781801033205967e-02
6.822543593543707596e-02
6.828244638335299876e-02
6.833482695403640672e-02
6.838034284223419579e-02
6.843001940508949832e-02
6.847978584018582504e-02
6.852444200056062584e-02
6.857926151860872788e-02
6.862610452690572072e-02
6.868570234365678484e-02
6.874163704017356713e-02
6.879896518672035111e-02
6.885402968708620453e-02
6.890923826016304155e-02
6.896910971474073948e-02
6.903223515987097492e-02
6.907921592526984622e-02
6.913582016540496811e-02
6.919750941773991637e-02
6.923883663874924599e-02
6.928277385225320439e-02
6.934538222724415113e-02
6.938547143369257209e-02
6.942736846453945176e-02
6.948678972951369270e-02
6.954119716476181434e-02
6.958979585348755437e-02
6.964810724902603667e-02
6.969374539578600258e-02
6.973787476550065423e-02
6.980307339866975713e-02
6.986660915837797359e-02
6.991782251408307225e-02
6.998271896112423507e-02
7.005686489627251101e-02
7.010103477617957157e-02
7.015064636699208656e-02
7.021269245066918963e-02
7.026198754895186804e-02
7.031078656701031382e-02
7.036640697895513163e-02
7.042599728952268767e-02
7.048494639120977956e-02
7.054431149275813828e-02
7.059725128293178886e-02
7.065350294454045277e-02
7.069988046632104395e-02
7.074638252487421008e-02
7.079785761294488111e-02
7.084329956800747286e-02
7.090043078608752880e-02
7.095645633577399303e-02
7.102448224096563623e-02
7.108254952239395630e-02
7.113194622272260570e-02
7.118870812194666442e-02
7.123498301832319191e-02
7.128159875375332521e-02
7.134471807428859058e-02
7.140685784613592935e-02
7.145548298043834234e-02
7.150272840603866253e-02
7.156793145291019675e-02
7.162541210105027867e-02
7.168629009260253648e-02
7.174659943965108755e-02
7.180271471394526761e-02
7.185951363684985049e-02
7.191102119479085564e-02
7.195786456648406437e-02
7.201397281299483366e-02
7.207371641091445125e-02
7.213439836565202490e-02
7.218663368891928278e-02
7.224367710310113100e-02
7.230093391944604486e-02
7.234651518734482034e-02
7.240126120011013133e-02
7.245444364684848482e-02
7.250674820668913390e-02
7.256902948729171410e-02
7.262083390074304534e-02
7.267378024442068540e-02
7.273018070506101496e-02
7.277384304122107295e-02
7.282957873812646865e-02
7.287334460514212353e-02
7.291794889087807596e-02
7.298058623299130687e-02
7.303720349132424017e-02
7.308820104829293063e-02
7.315065328536558831e-02
7.321115215343680649e-02
7.325519132960033042e-02
7.330716505190780496e-02
7.336413714496495264e-02
7.342070617925730569e-02
7.348045294860816590e-02
7.353660899343074375e-02
7.360352022797259086e-02
7.365205831475943321e-02
7.370024926814955357e-02
7.376965707022581364e-02
7.382868517060132973e-02
7.388634471894323097e-02
7.392553824260006401e-02
7.399331719639563876e-02
7.404538021388425151e-02
7.410215078774709530e-02
7.416681615659737048e-02
7.423185145618606262e-02
7.429062046523014773e-02
7.434175425821329397e-02
7.439829577819909168e-02
7.445923364450110493e-02
7.452159289112944562e-02
7.458202003343533670e-02
7.462234377192160373e-02
7.467076268771555281e-02
7.472999903979134217e-02
7.478722532906409426e-02
7.484872759295588263e-02
7.489842577533266377e-02
7.495226699550396054e-02
7.500533460692004883e-02
7.506446158559411386e-02
7.510577279107154280e-02
7.515795327050038555e-02
7.522260470739006166e-02
7.528226291822590066e-02
7.536114067224058966e-02
7.542960016843903992e-02
7.547786742200639221e-02
7.554386847913176217e-02
7.559555096545737818e-02
7.565209176989290407e-02
7.570344090052626151e-02
7.576731879066614384e-02
7.583180620145865691e-02
7.588185357493276717e-02
7.594065037698553844e-02
7.599368356996208385e-02
7.604183651580442849e-02
7.609021506800793533e-02
7.614261828148570499e-02
7.619528565174915613e-02
7.625410941341292936e-02
7.630891953776591796e-02
7.637388017866096612e-02
7.643839820312128830e-02
7.649139124176607130e-02
7.654831912906567837e-02
7.662341114467105530e-02
7.667434197249411998e-02
7.672704113867701015e-02
7.678511678096701376e-02
7.683484733453642412e-02
7.688151905395312902e-02
7.692850172030421541e-02
7.698876139991238376e-02
7.705087004724285593e-02
7.711320309066722889e-02
7.716030858242613200e-02
7.720680326008537431e-02
7.726104064941267946e-02
7.731058136496403443e-02
7.735433492625928831e-02
7.741739180125958852e-02
7.746703161897125489e-02
7.752939653949428300e-02
7.758896236223819520e-02
7.764381662407822404e-02
7.769412255526038369e-02
7.773611094256156762e-02
7.777969458704910022e-02
7.783533335640195616e-02
7.790889049190689863e-02
7.796678028268827498e-02
7.802472480472968930e-02
7.807468230980071922e-02
7.812634054236038128e-02
7.816940518469266130e-02
7.823354439845849051e-02
7.828820531532725002e-02
7.833535404175001604e-02
7.838859724766261694e-02
7.844766664831065439e-02
7.851124380809371139e-02
7.856442074604813586e-02
7.862450765412266895e-02
7.868751116145338009e-02
7.873409586531014692e-02
7.879389508854163504e-02
7.884865970601862006e-02
7.889961310592073784e-02
7.895756113519460107e-02
7.902348661517664963e-02
7.907190727858522117e-02
7.911609275254365137e-02
7.917558227134226245e-02
7.922434863512672898e-02
7.927716369701930110e-02
7.934029475375892204e-02
7.939600177605962705e-02
7.945707195711354531e-02
7.950195419738186053e-02
7.957923987670836863e-02
7.964809406275133452e-02
7.970327896279309765e-02
7.977688688113195037e-02
7.984704236297061886e-02
7.990804151567833247e-02
7.996907988832260838e-02
8.002229811444674934e-02
8.008310366036945627e-02
8.012920387203596728e-02
8.019159765168920595e-02
8.026167576362515377e-02
8.032983964174472691e-02
8.039470737888802787e-02
8.043718469328348109e-02
8.048119438927181513e-02
8.053768626009120968e-02
8.059600352604763540e-02
8.064898775766224381e-02
8.070306323576979801e-02
8.075454048399167972e-02
8.080313311845638280e-02
8.085533705120238890e-02
8.090476534725560276e-02
8.095681666674986454e-02
8.101049302131924090e-02
8.106355869426097593e-02
8.111583713859317479e-02
8.117020098434354902e-02
8.122638823504876870e-02
8.127521829454763258e-02
8.133202981871071047e-02
8.138645503983225893e-02
8.145382136187408195e-02
8.151528106188056511e-02
8.157703109423804222e-02
8.163713257992874506e-02
8.168960488576217094e-02
8.173477749754812227e-02
8.179138443381130108e-02
8.185114243895406927e-02
8.190889355078186107e-02
8.196622097426628506e-02
8.200552744537688288e-02
8.205887543784054494e-02
8.212005457574093892e-02
8.216541368005823853e-02
8.221724479935586805e-02
8.228388950414355918e-02
8.233695623879036529e-02
8.238446293450860103e-02
8.242709662152422623e-02
8.248118981117991133e-02
8.254490783508706964e-02
8.259887816102831626e-02
8.265833401606224873e-02
8.269764219267364269e-02
8.275009456850708489e-02
8.279096684170167419e-02
8.285477985335291951e-02
8.291529189300678171e-02
8.297034180429938011e-02
8.302772586775074293e-02
8.307384765468950327e-02
8.312862881069485455e-02
8.318816284360762425e-02
8.322772526171837160e-02
8.327510127593638900e-02
8.332308159326724806e-02
8.338541779801655895e-02
8.344634961913609261e-02
8.351058925218389495e-02
8.357072927002473506e-02
8.361791894158450422e-02
8.366934446498688893e-02
8.372815022765586757e-02
8.377750585947993378e-02
8.381675146978813384e-02
8.389025326846494268e-02
8.395179097951108171e-02
8.400708136551653105e-02
8.407247797675607148e-02
8.412864095002874076e-02
8.417235247735233017e-02
8.422842709417177609e-02
8.427932604433500952e-02
8.433454677988269643e-02
8.437163272202739817e-02
8.443084798963239324e-02
8.448924908541581569e-02
8.455256643207831324e-02
8.461376907495807287e-02
8.467439224996430036e-02
8.472647098593318049e-02
8.477725730795293568e-02
8.482227615808790588e-02
8.486961600851040954e-02
8.493549496251480424e-02
8.498392301687736350e-02
8.503829393232352485e-02
8.509842857401681004e-02
8.515315281410600068e-02
8.520977744275738675e-02
8.526044879332007886e-02
8.532729546691596167e-02
8.538298669748080327e-02
8.542950759904946456e-02
8.548798137270439967e-02
8.555778402650594805e-02
8.561348941210429608e-02
8.567981049391301673e-02
8.572620722865972875e-02
8.575952252064966697e-02
8.581763425168834059e-02
8.585816122845615905e-02
8.592467884399516975e-02
8.596041064923640174e-02
8.601400880462400922e-02
8.607512613937502721e-02
8.612464112424757234e-02
8.617750390289007079e-02
8.622942564065004534e-02
8.627597968129878392e-02
8.632634881861649123e-02
8.638119904878262256e-02
8.643466782360854916e-02
8.649648549857417990e-02
8.656703929663761565e-02
8.661360604355282378e-02
8.667029452084511199e-02
8.673163272010520064e-02
8.678273639326961053e-02
8.684390272925998633e-02
8.689861086051872685e-02
8.694586022540790049e-02
8.700410897231200535e-02
8.705660180616409116e-02
8.711169872198847031e-02
8.716409365307137280e-02
8.720782003634490465e-02
8.725897542090567394e-02
8.729375457348767520e-02
8.733535935630525049e-02
8.739357412139019121e-02
8.744733587838694755e-02
8.749695019797576467e-02
8.756059668080046210e-02
8.762761472649646666e-02
8.769538175599332630e-02
8.776318447805737943e-02
8.781710171429323031e-02
8.787395200448072652e-02
8.794399732866456376e-02
8.799345432842335668e-02
8.804149867518169803e-02
8.809274775625466902e-02
8.813379466723673950e-02
8.819844326266583490e-02
8.826176929297092910e-02
8.832475711273334029e-02
8.838190559122204026e-02
8.843794279346244014e-02
8.848126428482266936e-02
8.855136086173828747e-02
8.861101668606262416e-02
8.866360707720601086e-02
8.871483481671221805e-02
8.876799255377576525e-02
8.883259912811505843e-02
8.889115192653693209e-02
8.894389159091631303e-02
8.900101697719561833e-02
8.905610034817849907e-02
8.911698620653898950e-02
8.917775202988639793e-02
8.924029478440020924e-02
8.928931317252027100e-02
8.934475724671024632e-02
8.938718472762062495e-02
8.944882404256385144e-02
8.949787378463945620e-02
8.955106260257887640e-02
8.959575225770825824e-02
8.965660187549394367e-02
8.971032060912412232e-02
8.976970817262423796e-02
8.982032787142546493e-02
8.987780293324196257e-02
8.992402378048429401e-02
8.998558082579589945e-02
9.003176808753705906e-02
9.008304790824901709e-02
9.013896052044424734e-02
9.018233888646144669e-02
9.023556644413552319e-02
9.029005357026434475e-02
9.034401974617635445e-02
9.040807697605082738e-02
9.046756511392525790e-02
9.052805598176776047e-02
9.060037154544817173e-02
9.066031396636188566e-02
9.070356160837181325e-02
9.076168998543199251e-02
9.080968967214220200e-02
9.086207153083787624e-02
9.090255536096719657e-02
9.096112354511720621e-02
9.101936662944960788e-02
9.107860815319389347e-02
9.113385379139107845e-02
9.119379912300833169e-02
9.124895669194379999e-02
9.129936211499373178e-02
9.135013453864035404e-02
9.140618239654074717e-02
9.146259798064718116e-02
9.152727052590098333e-02
9.158137603317598185e-02
9.164209797549877079e-02
9.170416973613020051e-02
9.175489781081905272e-02
9.180992040213827032e-02
9.187340993191803196e-02
9.192493281974398189e-02
9.197080700634535644e-02
9.201761515587879303e-02
9.207727141642355062e-02
9.213342073195682214e-02
9.218015807604235112e-02
9.223090192187713421e-02
9.228974838675550740e-02
9.234068596654483596e-02
9.239400871415051619e-02
9.243505116777726849e-02
9.246988860596760951e-02
9.251697991186801084e-02
9.257167118498503544e-02
9.262337072689158513e-02
9.268645666527396132e-02
9.274371919974405687e-02
9.280654954261791101e-02
9.286201222599016480e-02
9.291896751925898812e-02
9.298110778423247791e-02
9.301870995011782273e-02
9.308107791660960584e-02
9.313556968624153720e-02
9.319281945097324105e-02
9.324664638220224455e-02
9.328210828772043328e-02
9.332680085418028348e-02
9.337665851453323673e-02
9.345043151161915029e-02
9.351414185496446929e-02
9.355364885519477924e-02
9.361332734523264421e-02
9.366332928749837583e-02
9.371867808101559671e-02
9.378018683051513038e-02
9.383925731914877222e-02
9.390078845415991693e-02
9.396030547501997565e-02
9.400203303016892165e-02
9.404956320910257128e-02
9.411161698043563062e-02
9.416490902298681187e-02
9.421435342080118625e-02
9.426743422320275900e-02
9.432139761842066317e-02
9.438420110232731419e-02
9.442095420402690786e-02
9.447337896534835355e-02
9.452074008817054618e-02
9.458799787460279995e-02
9.462331431822595951e-02
9.467474520047301778e-02
9.473033463816853128e-02
9.478431432225767339e-02
9.483986503092259324e-02
9.488828005261265575e-02
9.493977165634973070e-02
9.498176363224758445e-02
9.503835832267919226e-02
9.508082396242456547e-02
9.514390905315368852e-02
9.519194488369923934e-02
9.525022161910008667e-02
9.530226644449692197e-02
9.535782061796237163e-02
9.540954453474602415e-02
9.546786249910375888e-02
9.550835773329074962e-02
9.555341242512851996e-02
9.560219315784994343e-02
9.566489054422394611e-02
9.571361386715533659e-02
9.577327445485775415e-02
9.583289441876895187e-02
9.588333223331234334e-02
9.594885283934190268e-02
9.599494178777545628e-02
9.606562214321098803e-02
9.611886106824225895e-02
9.616406352209187769e-02
9.622148228482772792e-02
9.627253225490289834e-02
9.633493790915760580e-02
9.639160354266995689e-02
9.644335827938579908e-02
9.649698602198554520e-02
9.655100386742791752e-02
9.659692369471209461e-02
9.665505022478919350e-02
9.671138361483246071e-02
9.676285325893442535e-02
9.682212131059877991e-02
9.687908347470312875e-02
9.692717941852979635e-02
9.696430167349383289e-02
9.702820359975460052e-02
9.708800785802132460e-02
9.714044242444247468e-02
9.719483017571105277e-02
9.725672165804290226e-02
9.731224411974770394e-02
9.736280730159453667e-02
9.742005632301482809e-02
9.748323470141685709e-02
9.753430549342599620e-02
9.760024067502366674e-02
9.765451701202468304e-02
9.769867625894504415e-02
9.774756549466886990e-02
9.781041015964110630e-02
9.789147529264215220e-02
9.794519232156190247e-02
9.799673288825413997e-02
9.805755689120317087e-02
9.810609173405683558e-02
9.816238440121552444e-02
9.821947180887680151e-02
9.827859030863263234e-02
9.833789708974603749e-02
9.839088272456969486e-02
9.844307603671804963e-02
9.851810460976630213e-02
9.858234676892591031e-02
9.864397669934434065e-02
9.869899257150645255e-02
9.876866457023282531e-02
9.881374922501398594e-02
9.886709229258813791e-02
9.891162770710437702e-02
9.897526821691578214e-02
9.903418267531015340e-02
9.906902460399956423e-02
9.912304996237085442e-02
9.918158363435958247e-02
9.924177066815875747e-02
9.929757867845723229e-02
9.934962570383316927e-02
9.939635781850023055e-02
9.945088113171214605e-02
9.949889192179961483e-02
9.955033198932622396e-02
9.959060445863854305e-02
9.964092597148321850e-02
9.970463753266073370e-02
9.976080490740135698e-02
9.981898744833114789e-02
9.987503139618025827e-02
9.993221843968332074e-02
9.998987311367503461e-02
1.000479724163905321e-01
1.000921600245348320e-01
1.001527968548666658e-01
1.002222561238567400e-01
1.002743039628585381e-01
1.003190460155855279e-01
1.003722865592951707e-01
1.004264790679625513e-01
1.004860564868380463e-01
1.005387451414578998e-01
1.006002718365931192e-01
1.006648995566899046e-01
1.007157512554973794e-01
1.007616311024448486e-01
1.008178899273120405e-01
1.008697393581029361e-01
1.009303380147777152e-01
1.009823127988020430e-01
1.010423784260642416e-01
1.010973710494421779e-01
1.011581441769213024e-01
1.012080491953018385e-01
1.012680826163844666e-01
1.013245644265394346e-01
1.013866683743801927e-01
1.014388224802934141e-01
1.014848169796535304e-01
1.015382848309004660e-01
1.015942921512836411e-01
1.016474947549269869e-01
1.016969612784937721e-01
1.017271007303453961e-01
1.017856873419629854e-01
1.018221078036910393e-01
1.018723900494299811e-01
1.019257057925891663e-01
1.019657579489026966e-01
1.020349251085345410e-01
1.020984660906209540e-01
1.021511998317255476e-01
1.022079599579050341e-01
1.022570400784642425e-01
1.023137631149119708e-01
1.023720353052580134e-01
1.024175843026139399e-01
1.024659662004842459e-01
1.025162740118580745e-01
1.025808053058613750e-01
1.026416083834971321e-01
1.026877607799644015e-01
1.027427267992582216e-01
1.028086427808586056e-01
1.028672399251549380e-01
1.029159939277704966e-01
1.029837966489546841e-01
1.030271057028546017e-01
1.030777270009539948e-01
1.031314362990009975e-01
1.032097464529434655e-01
1.032633478684536893e-01
1.033251497844002165e-01
1.033826284755135494e-01
1.034376218738528447e-01
1.034997151534508830e-01
1.035655247511746285e-01
1.036312779265142897e-01
1.036929137591976746e-01
1.037501154625543182e-01
1.038111087009501721e-01
1.038498363738475511e-01
1.038993114733156864e-01
1.039457591065152259e-01
1.040030318484687910e-01
1.040639543673272105e-01
1.041255815505482268e-01
1.041823760139518329e-01
1.042290683678619573e-01
1.042882559902127970e-01
1.043428350798590309e-01
1.043928016210078358e-01
1.044552642218942867e-01
1.045038486719049031e-01
1.045685960926847208e-01
1.046198418204080244e-01
1.046746944923737654e-01
1.047335260690463454e-01
1.047989644307218554e-01
1.048560600545564020e-01
1.049102306245758703e-01
1.049546125824138837e-01
1.050081895807155885e-01
1.050731353804032070e-01
1.051206718880311475e-01
1.051733692592112107e-01
1.052239104404341097e-01
1.052802190209647798e-01
1.053311739185219253e-01
1.053985337462060717e-01
1.054572738151425965e-01
1.055123538861254817e-01
1.055625454840505434e-01
1.056196851170130985e-01
1.056811704533126423e-01
1.057476482503731940e-01
1.058100739746507951e-01
1.058709748444040533e-01
1.059402656153831390e-01
1.059973806393385842e-01
1.060533237666719392e-01
1.061001709145535654e-01
1.061651479458530500e-01
1.062212460817990867e-01
1.062670668052267536e-01
1.063261214481292932e-01
1.063754689971575518e-01
1.064343647222430189e-01
1.065082491203600129e-01
1.065597224498091022e-01
1.066082418109699920e-01
1.066635384242250323e-01
1.067270081787510955e-01
1.067792182661958106e-01
1.068312894162913029e-01
1.068922786930481261e-01
1.069579884684662974e-01
1.070232496659147686e-01
1.070749653728813588e-01
1.071170114668870965e-01
1.071846288316585655e-01
1.072485458921580981e-01
1.073074833795203686e-01
1.073692845730745554e-01
1.074275364058000504e-01
1.074832697856287905e-01
1.075298928274275312e-01
1.075858149447974366e-01
1.076364063549551803e-01
1.077016686016218777e-01
1.077517056593355199e-01
1.078162398592663607e-01
1.078737628252549180e-01
1.079087989576668072e-01
1.079762829479733871e-01
1.080458116168128146e-01
1.080993254167356976e-01
1.081493584882906311e-01
1.081960889272160636e-01
1.082404865257011600e-01
1.082976407109763756e-01
1.083530431385581888e-01
1.084082378309490502e-01
1.084623641170474745e-01
1.085251707700879420e-01
1.085766564664842615e-01
1.086316304994670717e-01
1.086751317494597663e-01
1.087277291103405236e-01
1.087726989435552905e-01
1.088265427382608813e-01
1.088836312512892757e-01
1.089338456232821495e-01
1.089846659059240802e-01
1.090421391760194869e-01
1.090925490373450824e-01
1.091420121040490854e-01
1.092023802124543752e-01
1.092559249205150990e-01
1.093234137874324885e-01
1.093728917896429065e-01
1.094400829009558596e-01
1.095028235759100688e-01
1.095600322328489085e-01
1.096220769196927791e-01
1.096727233396812551e-01
1.097252367011353341e-01
1.097874664982059351e-01
1.098529343699338329e-01
1.099049181626058913e-01
1.099456061797598472e-01
1.099986188750419064e-01
1.100486340326977119e-01
1.101104504044506383e-01
1.101711982546040441e-01
1.102423153082237595e-01
1.103045905260004039e-01
1.103584090287629965e-01
1.104241260569770872e-01
1.104863427314475011e-01
1.105566253989321290e-01
1.106122759242038345e-01
1.106742785372042959e-01
1.107253034272809716e-01
1.107701834103664712e-01
1.108308518986723390e-01
1.108762042724721897e-01
1.109346798265357648e-01
1.109819384638900397e-01
1.110346083436812431e-01
1.110726375113128689e-01
1.111322639413262620e-01
1.112005800160537489e-01
1.112582158020322398e-01
1.113129872998561976e-01
1.113696698488331194e-01
1.114251875046926576e-01
1.114808750606559873e-01
1.115222399906431461e-01
1.115852259093864096e-01
1.116464074673096524e-01
1.117018979204177503e-01
1.117533551652302864e-01
1.118103447088170527e-01
1.118647220556519134e-01
1.119279154641711349e-01
1.119813588885702899e-01
1.120239273216290521e-01
1.120872428905107243e-01
1.121390244240972334e-01
1.121961808991130266e-01
1.122606560349549421e-01
1.123230584242595892e-01
1.123767583433909756e-01
1.124211282079386337e-01
1.124867840261131180e-01
1.125334776141397597e-01
1.125898800708475950e-01
1.126476100335691566e-01
1.127129469844680709e-01
1.127740637419747255e-01
1.128359429046612156e-01
1.129095182657886692e-01
1.129708847595207871e-01
1.130220557229504041e-01
1.130704076382876011e-01
1.131246703799527881e-01
1.131797645417677439e-01
1.132439832263199969e-01
1.132930289576025151e-01
1.133406036635436487e-01
1.133980923713985428e-01
1.134550724161934449e-01
1.135107898717354069e-01
1.135640381131152316e-01
1.136076280397517735e-01
1.136726994265644386e-01
1.137223017545813675e-01
1.137790977666398029e-01
1.138299118917613373e-01
1.138755927031168819e-01
1.139399181813826878e-01
1.139921811543087166e-01
1.140507725086279678e-01
1.141079383659126117e-01
1.141501664755653483e-01
1.142053346412549297e-01
1.142542675767791865e-01
1.143037774267194745e-01
1.143669953070482609e-01
1.144236196760263780e-01
1.144602337152215155e-01
1.145150335087653931e-01
1.145638855608587525e-01
1.146096538755683181e-01
1.146654621534010793e-01
1.147152777548762909e-01
1.147719795542816446e-01
1.148255118677654896e-01
1.148840927214064556e-01
1.149368190503896187e-01
1.149929643560868436e-01
1.150558036975019571e-01
1.151166310808789672e-01
1.151862391162054439e-01
1.152400852094619399e-01
1.152900335162159451e-01
1.153437412583535743e-01
1.154049449927327664e-01
1.154799441571061208e-01
1.155368537977600751e-01
1.155876912165209741e-01
1.156340590330643542e-01
1.157022424692533275e-01
1.157476239112160132e-01
1.158004451993161071e-01
1.158700574192813582e-01
1.159273964635794130e-01
1.159843180873019602e-01
1.160329262028771957e-01
1.160820112588425157e-01
1.161446177816950059e-01
1.162011471566302134e-01
1.162528553637838385e-01
1.162994301191755953e-01
1.163643721584097651e-01
1.164077769004845664e-01
1.164683384304875113e-01
1.165229167187819409e-01
1.165829772875404957e-01
1.166366644529472224e-01
1.166856629433707243e-01
1.167475473400233360e-01
1.168022439089074355e-01
1.168562762791186399e-01
1.169194879499845657e-01
1.169678419664109403e-01
1.170126834100219532e-01
1.170721583555777573e-01
1.171293444302500958e-01
1.171940453176952834e-01
1.172415074456975015e-01
1.172995218504422898e-01
1.173557739920593201e-01
1.174030770158722425e-01
1.174658929027614651e-01
1.175256479681285326e-01
1.175903872717546650e-01
1.176571583897826623e-01
1.177026717172478254e-01
1.177680517450577780e-01
1.178253442729258471e-01
1.178602642610611928e-01
1.179167411606770050e-01
1.179731653705324568e-01
1.180401131465962927e-01
1.180893865241380708e-01
1.181413423613339730e-01
1.181928747037817584e-01
1.182504060356921877e-01
1.183173358300547845e-01
1.183763042308215163e-01
1.184408573220790684e-01
1.185043306017479064e-01
1.185640146634719394e-01
1.186133515797825472e-01
1.186796148391627420e-01
1.187267588018501435e-01
1.187812833882508357e-01
1.188376294174026959e-01
1.188943720216480704e-01
1.189474820069369443e-01
1.190091511399018892e-01
1.190528436916125088e-01
1.191149873134840359e-01
1.191768413439901059e-01
1.192285077991480507e-01
1.192787390497639516e-01
1.193380410036954803e-01
1.193842320556305903e-01
1.194439809841164324e-01
1.194810158853061022e-01
1.195426903523666429e-01
1.195991092024144276e-01
1.196479918823376426e-01
1.196998655470161571e-01
1.197537851968592248e-01
1.198056957734180417e-01
1.198590390540652806e-01
1.199190957656133955e-01
1.199752777990672620e-01
1.200240493380163448e-01
1.200737171095221933e-01
1.201485361735225438e-01
1.201946212577042761e-01
1.202506316138739345e-01
1.203181247671549492e-01
1.203775735778141315e-01
1.204265623524661266e-01
1.204818957854202899e-01
1.205317714937995943e-01
1.205925786013975903e-01
1.206507684985087259e-01
1.207010390463319205e-01
1.207429922988524779e-01
1.208045184361848656e-01
1.208685991653043468e-01
1.209353255408397859e-01
1.209836039355143000e-01
1.210466689022287046e-01
1.211036282356675597e-01
1.211464925456656322e-01
1.212096573342871797e-01
1.212521200673458144e-01
1.213236996735790607e-01
1.213756000714092120e-01
1.214272198904107064e-01
1.214842218242336014e-01
1.215375007038756727e-01
1.215937477713957965e-01
1.216494314115695446e-01
1.216998193671837425e-01
1.217481759533033114e-01
1.218033380022110479e-01
1.218605424828631406e-01
1.219298567211325318e-01
1.219847184228961962e-01
1.220426833137747968e-01
1.221102249446732180e-01
1.221669536365199427e-01
1.222216547098407269e-01
1.222787271419269184e-01
1.223304559383933399e-01
1.223867170209214927e-01
1.224408156784525525e-01
1.224893984485504461e-01
1.225350238849856610e-01
1.225962040996669417e-01
1.226541387080015144e-01
1.227030543680844576e-01
1.227564049101317889e-01
1.228172019110124885e-01
1.228644637680435941e-01
1.229296994043270336e-01
1.229901057229565997e-01
1.230640695019006442e-01
1.231252546582826402e-01
1.231769277659374856e-01
1.232238492223641513e-01
1.232838274217038926e-01
1.233406256407907631e-01
1.233915909508477154e-01
1.234576196232505529e-01
1.234939933023909281e-01
1.235558205982899699e-01
1.236126260435069513e-01
1.236651818305394696e-01
1.237122547534051653e-01
1.237783694661506312e-01
1.238216798504651606e-01
1.238863457027983422e-01
1.239322241908079186e-01
1.239772523393789377e-01
1.240400371880314295e-01
1.240857811455588627e-01
1.241589677001626729e-01
1.242150608440358989e-01
1.242618463600629608e-01
1.243185155024468108e-01
1.243728898477588773e-01
1.244274689292005631e-01
1.244843744129937452e-01
1.245532777261724594e-01
1.246020339548782885e-01
1.246446167661301313e-01
1.246954517155965531e-01
1.247557657960242372e-01
1.248130477277804989e-01
1.248621581120450408e-01
1.249109436341747092e-01
1.249654514223006302e-01
1.250287245181333495e-01
1.250941102987474518e-01
1.251496397885987766e-01
1.252030311663659690e-01
1.252519750727522363e-01
1.252986750133874561e-01
1.253479647621791315e-01
1.254102026445824969e-01
1.254688880763890901e-01
1.255206287147044575e-01
1.255766113444449772e-01
1.256393363513428063e-01
1.257013736957193761e-01
1.257471184634639250e-01
1.258109010685440898e-01
1.258678713288798046e-01
1.259161855184532108e-01
1.259772572272916946e-01
1.260479297205663318e-01
1.261001223495804846e-01
1.261583309679299159e-01
1.262197130759883656e-01
1.262763181559216630e-01
1.263337441678786810e-01
1.263880686282732035e-01
1.264361235367985614e-01
1.264796500606412133e-01
1.265288240616618265e-01
1.265905539435199789e-01
1.266392098478919814e-01
1.266875014165635138e-01
1.267556729290307826e-01
1.268082291827732910e-01
1.268694178997436806e-01
1.269242270029063979e-01
1.269818664742906611e-01
1.270537473792303085e-01
1.270993441103694943e-01
1.271521452751597225e-01
1.272014555226519961e-01
1.272507361444321083e-01
1.273108849766895756e-01
1.273690427379801371e-01
1.274249575187535455e-01
1.274721310900500948e-01
1.275224232850693806e-01
1.275784450821815519e-01
1.276458055021419680e-01
1.277036215059615121e-01
1.277562554505329018e-01
1.278079549074534749e-01
1.278700050626221107e-01
1.279265470416365569e-01
1.279772964052952322e-01
1.280428830668960127e-01
1.280904001954685234e-01
1.281589286347965539e-01
1.282304249727657108e-01
1.282905281254821395e-01
1.283457749144074345e-01
1.284053805036172169e-01
1.284657197151459762e-01
1.285260143916178155e-01
1.285800580984161057e-01
1.286309696292711191e-01
1.286853639716548092e-01
1.287486596329026067e-01
1.288177217335614855e-01
1.288744302263007124e-01
1.289345598755570199e-01
1.290039550197981943e-01
1.290674617830488702e-01
1.291161449406491024e-01
1.291685609728407125e-01
1.292308683071295705e-01
1.292974253590953859e-01
1.293451313381999979e-01
1.294022969209210616e-01
1.294593829846314992e-01
1.295128648183754561e-01
1.295570089020058324e-01
1.296153168660130195e-01
1.296686946967538501e-01
1.297290510342502812e-01
1.297768363798653124e-01
1.298322160744406206e-01
1.299013405247941844e-01
1.299489634340579014e-01
1.299933219178197319e-01
1.300559530163901967e-01
1.301162665463286572e-01
1.301779059668251026e-01
1.302417229884393901e-01
1.303013747218355334e-01
1.303595103917007669e-01
1.304166861608725692e-01
1.304703096464988055e-01
1.305238601715236202e-01
1.305814510764930769e-01
1.306226893552153712e-01
1.306842228358588431e-01
1.307237892175200922e-01
1.307769994833929417e-01
1.308404227915268558e-01
1.308909538698165009e-01
1.309339016690750368e-01
1.309805132710066822e-01
1.310278837121672812e-01
1.310799581198703601e-01
1.311272306832763079e-01
1.311806787221247994e-01
1.312308375724877685e-01
1.312875144819406759e-01
1.313428675363793596e-01
1.313951432775507522e-01
1.314542590032387326e-01
1.315117522146613815e-01
1.315788957520746538e-01
1.316405668736521928e-01
1.317023488653759067e-01
1.317643963824052522e-01
1.318247019268896925e-01
1.318752234692249503e-01
1.319108119850985472e-01
1.319688294142152274e-01
1.320360936906584681e-01
1.320721345968188243e-01
1.321361902572893432e-01
1.321850672396498727e-01
1.322477683965165018e-01
1.323008430479427899e-01
1.323549975269086576e-01
1.324204283092179080e-01
1.324828098313821922e-01
1.325335545563969264e-01
1.325870481756799835e-01
1.326416221231665749e-01
1.326885835177395723e-01
1.327433812739703400e-01
1.327982373910006619e-01
1.328290410750521955e-01
1.328907740139488591e-01
1.329627280952264401e-01
1.330285898091058683e-01
1.330754680099323073e-01
1.331329051190869306e-01
1.331903259114682325e-01
1.332437053304946772e-01
1.332980478220284482e-01
1.333568530464479540e-01
1.334035616518891021e-01
1.334574398169475484e-01
1.335188771020405507e-01
1.335724905156455422e-01
1.336363953822910511e-01
1.336924492382004503e-01
1.337592560331430092e-01
1.338154170421899936e-01
1.338628443021038505e-01
1.339173640660784870e-01
1.339707469323462019e-01
1.340307139180914875e-01
1.340893199323892615e-01
1.341555306179796347e-01
1.342009713348596145e-01
1.342559734117026726e-01
1.342980664217719722e-01
1.343367188868007933e-01
1.344104990469485728e-01
1.344623707090125964e-01
1.345187499553064658e-01
1.345587059069645874e-01
1.346102513369374087e-01
1.346686686994672810e-01
1.347249870498612723e-01
1.347748454235045690e-01
1.348344871604306161e-01
1.348733640224204777e-01
1.349239519291055012e-01
1.349823913664878472e-01
1.350262409857028445e-01
1.350819512227800501e-01
1.351399185490180233e-01
1.351947415078129378e-01
1.352602753528407697e-01
1.353146186580813093e-01
1.353726202802904288e-01
1.354165816990833271e-01
1.354889810971554864e-01
1.355438923931530093e-01
1.355923734046400597e-01
1.356405750429050816e-01
1.356816206823670545e-01
1.357405888565635099e-01
1.357960297977443553e-01
1.358526983808930888e-01
1.359046946758823149e-01
1.359745385004388074e-01
1.360269611726543093e-01
1.360971398415913580e-01
1.361506971511027009e-01
1.362102683790561986e-01
1.362707897045539185e-01
1.363291422282546794e-01
1.363891790333235932e-01
1.364590441319611103e-01
1.365227409988734875e-01
1.365732919997894590e-01
1.366356019022197110e-01
1.366982654253874607e-01
1.367637364456663340e-01
1.368301215711802410e-01
1.368770910679978359e-01
1.369180697275032554e-01
1.369670767668481337e-01
1.370234409308773993e-01
1.370768457898647319e-01
1.371379758001488869e-01
1.371931935593788399e-01
1.372407223240261764e-01
1.372989339194407021e-01
1.373651920587501407e-01
1.374155781106626562e-01
1.374694875815657413e-01
1.375275196599929084e-01
1.375828835924779725e-01
1.376287064077169886e-01
1.376787020462398592e-01
1.377189863897464173e-01
1.377628244091415599e-01
1.378079288999053409e-01
1.378529178967876634e-01
1.378953726262490131e-01
1.379432074098694561e-01
1.380034118661207787e-01
1.380669023883303870e-01
1.381261035727915365e-01
1.381697131602614703e-01
1.382368569557266558e-01
1.382832890891833033e-01
1.383323266470950774e-01
1.383812282617376543e-01
1.384366752366918696e-01
1.384970184927991066e-01
1.385361349628452254e-01
1.385821935908439217e-01
1.386485279189701159e-01
1.386988592578212720e-01
1.387527239887999253e-01
1.388274022133224872e-01
1.388777886075871770e-01
1.389300220929089169e-01
1.390001453366833395e-01
1.390648907922341637e-01
1.391028581331827940e-01
1.391515804702716796e-01
1.392012375586014483e-01
1.392495849894142823e-01
1.392979464704532933e-01
1.393500145777532007e-01
1.394188949523995635e-01
1.394783176850928064e-01
1.395227837055043607e-01
1.395863090420106367e-01
1.396318622426308553e-01
1.396891671687430225e-01
1.397485462489952979e-01
1.398099287239001065e-01
1.398648714714214036e-01
1.399149473186214743e-01
1.399723964110969887e-01
1.400331727043009622e-01
1.400940262783568480e-01
1.401582689802469694e-01
1.402086577915312438e-01
1.402667843919596091e-01
1.403229760930923276e-01
1.403796246695275807e-01
1.404281072516248008e-01
1.404805523133167977e-01
1.405453730697293624e-01
1.405942152137530377e-01
1.406544819759373843e-01
1.407062463166544874e-01
1.407524824277672226e-01
1.407882922499325562e-01
1.408266236850195252e-01
1.408851621312191826e-01
1.409390269124540240e-01
1.410068825642882828e-01
1.410473616354217807e-01
1.411043617368359093e-01
1.411548266506917337e-01
1.412026740383387491e-01
1.412538502433298426e-01
1.413037882249436605e-01
1.413516165795079271e-01
1.414074354108973142e-01
1.414592837107061518e-01
1.415100936360138562e-01
1.415611749523581209e-01
1.416153267831529172e-01
1.416659503828878175e-01
1.417206527564509322e-01
1.417551882351003600e-01
1.417984036818904781e-01
1.418539706936143563e-01
1.419120932820093217e-01
1.419715137673562277e-01
1.420267633548034925e-01
1.420782559155985836e-01
1.421382954621506489e-01
1.421948407088423905e-01
1.422474028883502772e-01
1.422998976489872891e-01
1.423580135888368736e-01
1.424085374480824617e-01
1.424641747108983114e-01
1.425229050756498250e-01
1.425971672542934721e-01
1.426370260550885172e-01
1.426857368059440689e-01
1.427551567058805426e-01
1.428206983915781825e-01
1.428805622936936137e-01
1.429296294624733399e-01
1.429777821912637248e-01
1.430348633580227624e-01
1.430784219488455966e-01
1.431319455939919494e-01
1.431944592809625827e-01
1.432597932589042278e-01
1.433252410090202489e-01
1.433862644517254203e-01
1.434244631272977855e-01
1.434848431036011007e-01
1.435388901021563413e-01
1.435979167348138685e-01
1.436462536584464100e-01
1.436866988065982897e-01
1.437313619436757506e-01
1.437841974776302156e-01
1.438463023381797157e-01
1.439072241870482938e-01
1.439517848983316861e-01
1.440052716724281312e-01
1.440664315530678918e-01
1.441037810600961921e-01
1.441515276493602338e-01
1.442003655395133477e-01
1.442606895620056062e-01
1.443265473556256673e-01
1.443841839948100392e-01
1.444326011499696416e-01
1.444827072566497728e-01
1.445333254082123431e-01
1.445941399692915741e-01
1.446472144207007482e-01
1.447002775278542486e-01
1.447580521349199068e-01
1.448119477128260446e-01
1.448585393386938314e-01
1.449190493461729734e-01
1.449635202880541207e-01
1.450149921133645214e-01
1.450827571136411309e-01
1.451317172960912005e-01
1.451876890545440724e-01
1.452486407201831753e-01
1.453028049179633796e-01
1.453546183082561061e-01
1.454197158886422758e-01
1.454877048483837476e-01
1.455343867437978445e-01
1.455965156614327238e-01
1.456560604718130647e-01
1.457188046011056726e-01
1.457713995049557953e-01
1.458260258317923830e-01
1.458917519243648764e-01
1.459424599196811612e-01
1.459896240931103373e-01
1.460387217380498814e-01
1.460899604468219037e-01
1.461507941169343794e-01
1.461947612804196384e-01
1.462520086016085297e-01
1.463055569583306681e-01
1.463653059948480661e-01
1.464432121665308340e-01
1.464895709656505451e-01
1.465397177736839918e-01
1.465884752414214343e-01
1.466334302225573150e-01
1.466756907916349217e-01
1.467261987078263830e-01
1.467841430432796357e-01
1.468391687048541394e-01
1.468933718794124543e-01
1.469433985041323776e-01
1.469934834366096732e-01
1.470331781930211690e-01
1.470798418441852107e-01
1.471370274193261884e-01
1.471802342520595053e-01
1.472359653622572484e-01
1.472882546645589152e-01
1.473299999504595614e-01
1.473931297433092036e-01
1.474553568886180499e-01
1.475175423296533894e-01
1.475729141860437632e-01
1.476188658256600839e-01
1.476681290115750000e-01
1.477136752654895635e-01
1.477631829390695650e-01
1.478214164439501932e-01
1.478759439481444060e-01
1.479158537097370885e-01
1.479636376953353538e-01
1.480132476840362032e-01
1.480695181880958833e-01
1.481259971061200664e-01
1.481764217424257624e-01
1.482410506866287114e-01
1.482951129357537590e-01
1.483362415427030290e-01
1.483830520221062210e-01
1.484314541068545712e-01
1.484906806590862993e-01
1.485400060220892771e-01
1.485887148199881158e-01
1.486368148295001967e-01
1.486896730284065216e-01
1.487459114128227844e-01
1.488026555542575347e-01
1.488556424584036031e-01
1.489117100992333187e-01
1.489805997733125720e-01
1.490427585263169319e-01
1.491063666095767126e-01
1.491706439994155697e-01
1.492263004424639050e-01
1.492948118630164356e-01
1.493549094688257917e-01
1.494025410104721507e-01
1.494446599989424918e-01
1.494941536168123974e-01
1.495391751219039556e-01
1.495823994216638753e-01
1.496352941129133751e-01
1.496935302428806236e-01
1.497386147309901494e-01
1.497933040680986816e-01
1.498453015380652453e-01
1.498911820820143237e-01
1.499563260413085408e-01
1.500056914783525486e-01
1.500635383339373463e-01
1.501048174547751912e-01
1.501515240550470309e-01
1.502132997510459145e-01
1.502672484187110025e-01
1.503225398232393983e-01
1.503829828942978286e-01
1.504427949256527675e-01
1.505074652485278996e-01
1.505483153484084291e-01
1.506133364732999413e-01
1.506601153032293416e-01
1.507081214524346735e-01
1.507773826117259630e-01
1.508315341799012221e-01
1.508957764208571362e-01
1.509391980525019161e-01
1.509829980279691064e-01
1.510515538727678353e-01
1.511157986907314399e-01
1.511711955322332102e-01
1.512380909482419766e-01
1.512952443741750197e-01
1.513520504332509231e-01
1.513994636275894645e-01
1.514439320417594048e-01
1.515033177331601144e-01
1.515691109277073068e-01
1.516372227342397960e-01
1.516948013736184597e-01
1.517500415888113074e-01
1.518064037584668513e-01
1.518529916919897915e-01
1.519097977308117575e-01
1.519616968544459379e-01
1.520086437081729636e-01
1.520516631265901308e-01
1.521199836014349438e-01
1.521714444177904024e-01
1.522240968262976168e-01
1.522911569471114002e-01
1.523439732298401683e-01
1.524038228467671230e-01
1.524438321383675132e-01
1.524805979729381700e-01
1.525325001973723005e-01
1.525963076533540241e-01
1.526611081047276330e-01
1.527125164261558810e-01
1.527777309134145944e-01
1.528344595902642600e-01
1.528879619712474047e-01
1.529441836877572791e-01
1.530065193384222699e-01
1.530662470743086312e-01
1.531137124464409804e-01
1.531765785498357124e-01
1.532207168910585948e-01
1.532847227739574381e-01
1.533346373235593696e-01
1.533872132444294711e-01
1.534447957518545735e-01
1.534976647452807319e-01
1.535516394712387600e-01
1.536152594863093024e-01
1.536674027054118208e-01
1.537227494311547149e-01
1.537773490658164155e-01
1.538269927274651949e-01
1.538722635484101875e-01
1.539396294220092554e-01
1.539879584949523927e-01
1.540509454977327386e-01
1.541018991377403891e-01
1.541516076007343194e-01
1.542080395453929165e-01
1.542666952175216211e-01
1.543255415056494773e-01
1.543807256279616236e-01
1.544301844276860236e-01
1.544881496857489211e-01
1.545391465061679293e-01
1.545980446647035045e-01
1.546486329519679848e-01
1.547127610220102034e-01
1.547644544443246006e-01
1.548204314295394124e-01
1.548735633338367557e-01
1.549267886234897973e-01
1.549811135601847634e-01
1.550292697200771341e-01
1.550938809315597355e-01
1.551469907466084264e-01
1.551973095569425254e-01
1.552540565148619045e-01
1.553003605152378230e-01
1.553634034894391946e-01
1.554081311611447691e-01
1.554681885720459178e-01
1.555258428936076298e-01
1.555847907963292254e-01
1.556434922349547723e-01
1.556931901147603770e-01
1.557593722071689279e-01
1.558139619668402753e-01
1.558689578971814704e-01
1.559317754219460284e-01
1.559838583052342020e-01
1.560548480281186701e-01
1.560996595003638077e-01
1.561568573722562359e-01
1.562119557173896611e-01
1.562662465528659450e-01
1.563168956750243255e-01
1.563761518521475657e-01
1.564343445580482217e-01
1.564818861180470311e-01
1.565245079091414637e-01
1.565854592399504586e-01
1.566335040787148747e-01
1.566779421982074094e-01
1.567400749891449674e-01
1.567897083815938675e-01
1.568360435156516408e-01
1.569114855522163732e-01
1.569614857256168561e-01
1.570030023690107135e-01
1.570463713028259212e-01
1.571080703447492177e-01
1.571578191330848251e-01
1.572220049618545390e-01
1.572684735859023741e-01
1.573172517967820760e-01
1.573598838856463955e-01
1.574289737686197788e-01
1.574855493317308119e-01
1.575374935175806457e-01
1.575824970182932716e-01
1.576407706867723468e-01
1.576862790150631577e-01
1.577457858649349010e-01
1.578026981851466393e-01
1.578620486672516754e-01
1.579138430290022432e-01
1.579572778610653094e-01
1.580207624678473810e-01
1.580749053341971022e-01
1.581345497372578512e-01
1.581866211876958583e-01
1.582474900344460478e-01
1.582842641971057840e-01
1.583486685640011771e-01
1.584005773893249758e-01
1.584456574168739418e-01
1.584915461310409390e-01
1.585660882536372718e-01
1.586152014922020681e-01
1.586755370678075150e-01
1.587337258312801758e-01
1.587957205000890548e-01
1.588493840239631194e-01
1.588950975070410887e-01
1.589491412865187969e-01
1.590012314391183457e-01
1.590541143579875805e-01
1.591230353811098897e-01
1.591779667353031558e-01
1.592234930976381135e-01
1.592688850637110354e-01
1.593176763078000824e-01
1.593680407196736981e-01
1.594186094403747533e-01
1.594825673761648688e-01
1.595355315782576722e-01
1.595960699737163369e-01
1.596496488515800061e-01
1.597041545464563117e-01
1.597628750264826758e-01
1.598248552073391338e-01
1.598881056343825491e-01
1.599362562311948677e-01
1.599938027806124263e-01
1.600465574217564968e-01
1.600978400138453328e-01
1.601638413592529064e-01
1.602327247620083939e-01
1.602779667253137752e-01
1.603262132379873750e-01
1.603795787780079862e-01
1.604444376147125262e-01
1.604921768706621954e-01
1.605703735389902576e-01
1.606182754324391726e-01
1.606661489231144824e-01
1.607218649293755963e-01
1.607827706399249101e-01
1.608475815279327981e-01
1.608892437619191262e-01
1.609518094379698561e-01
1.609909981548090230e-01
1.610526534078512428e-01
1.611107128016054657e-01
1.611650522736007562e-01
1.612194642300144032e-01
1.612695814346171430e-01
1.613333243055996569e-01
1.614003933100087718e-01
1.614623397326334642e-01
1.615184575097191877e-01
1.615745948118707809e-01
1.616361246043873934e-01
1.617045757526506811e-01
1.617577317549268867e-01
1.618172360841546031e-01
1.618775253270015591e-01
1.619357027461611476e-01
1.619863879976619347e-01
1.620489503278876864e-01
1.620951536877792698e-01
1.621625203486295186e-01
1.622144958523880631e-01
1.622495387650326193e-01
1.623080334089013477e-01
1.623583307608455206e-01
1.624243623245148482e-01
1.624842958655415837e-01
1.625350564885447435e-01
1.625872509595140125e-01
1.626285321187140309e-01
1.626747582656767888e-01
1.627324131020532749e-01
1.627906361390084322e-01
1.628495284585491920e-01
1.628838743659054566e-01
1.629408985511440755e-01
1.629925141975345215e-01
1.630399564838326265e-01
1.630942508882257946e-01
1.631526601281540478e-01
1.631911085142199458e-01
1.632346248653709919e-01
1.632799036296746775e-01
1.633331907970755337e-01
1.633934849943331491e-01
1.634494790623313987e-01
1.635103165755940058e-01
1.635720362235477121e-01
1.636229410029262643e-01
1.636693993611870457e-01
1.637314647322814509e-01
1.637802788072181825e-01
1.638471749618795048e-01
1.639027091622634880e-01
1.639721458735307613e-01
1.640325979871510576e-01
1.640922362076018548e-01
1.641413583627969741e-01
1.642070765450847902e-01
1.642634609153133807e-01
1.643132672180020459e-01
1.643547282143460186e-01
1.644022839334082220e-01
1.644568879652336668e-01
1.645134455848661637e-01
1.645663657256963563e-01
1.646144256727624933e-01
1.646745026403134970e-01
1.647280239666529811e-01
1.648029268047824791e-01
1.648653748211538206e-01
1.649214276879123475e-01
1.649813829634412254e-01
1.650317356058371709e-01
1.650899395743266329e-01
1.651417505283590548e-01
1.651903018647600252e-01
1.652303847417823379e-01
1.652779595259755430e-01
1.653385127223924445e-01
5.407410754399517849e-02
