0.000000000000000000e+00
1.080791308669703729e-02
2.111991839765834864e-02
3.170225323154048785e-02
4.340467529490253662e-02
5.496524944468463708e-02
6.679331444358002634e-02
8.002353061585254501e-02
9.137249735308279608e-02
1.018575777553866191e-01
1.134553874100453497e-01
1.249257507016409696e-01
1.331376724536963430e-01
1.454844681679804130e-01
1.566926831846601476e-01
1.645324147943627024e-01
1.774072293735534100e-01
1.894742373063871277e-01
2.017664451265493430e-01
2.151863785042104071e-01
2.257947302231028963e-01
2.367229124242125338e-01
2.491601438889327058e-01
2.631397893271470445e-01
2.750135188012190479e-01
2.848692612062732055e-01
2.972212149560602978e-01
3.120125731257353263e-01
3.247488452272901949e-01
3.361251212097289276e-01
3.474968760503036602e-01
3.587230953722089777e-01
3.726630537754102024e-01
3.878775187914252909e-01
1.634752787927073181e-01
