0.000000000000000000e+00
9.629373138593135114e-04
2.107459154557336442e-03
2.997528728666233426e-03
4.080308932157751534e-03
5.045570559984657692e-03
5.958316080595162448e-03
6.905088737331170276e-03
7.744967871232247107e-03
8.775752249589759829e-03
9.827798317756108321e-03
1.074218289751260359e-02
1.197693757175856411e-02
1.298717464920163753e-02
1.385209731346810982e-02
1.460841610485996353e-02
1.554304605757464777e-02
1.666895106921214079e-02
1.776775284026991045e-02
1.862677540993597572e-02
1.936491634838678061e-02
2.028514313506621369e-02
2.108635072874985236e-02
2.212046423783727706e-02
2.295364998859909800e-02
2.397196181744783508e-02
2.506791214411507873e-02
2.610723259555247991e-02
2.713497791912091936e-02
2.816798455421614528e-02
2.895519985248923289e-02
2.992388931017771203e-02
3.085652128777971112e-02
3.174460850171798715e-02
3.265006906425949040e-02
3.355569638352837863e-02
3.438538998199892893e-02
3.521041821001084232e-02
3.607791259973473080e-02
3.714273737195798730e-02
3.829580851467247887e-02
3.923559690640250619e-02
4.028023406460492367e-02
4.113256918082225377e-02
4.199412747118037859e-02
4.311818879041652564e-02
4.417155040506324376e-02
4.490394168291445692e-02
4.572437056473760419e-02
4.700914842905959401e-02
4.797964839003149295e-02
4.890357905003316075e-02
4.984181397343628861e-02
5.085145352352617859e-02
5.179522904948191675e-02
5.281480753212495355e-02
5.365850211966224220e-02
5.464659433799455568e-02
5.556719617259126692e-02
5.638107468525382221e-02
5.735581932100677904e-02
5.849168663036620475e-02
5.930970992995212437e-02
6.003849099013845725e-02
6.103942916316035250e-02
6.199409144771277774e-02
6.321871907344467356e-02
6.435915092223760958e-02
6.530690136524587575e-02
6.649017031375989428e-02
6.760034075036575052e-02
6.872985982332105448e-02
6.941044696793902125e-02
7.051494046188386267e-02
7.135940364366612221e-02
7.246981500485469296e-02
7.344001263141411440e-02
7.451354193322851094e-02
7.543280328229272358e-02
7.648215989294374073e-02
7.745217603835978515e-02
7.843604669345551061e-02
7.972785388143889540e-02
8.060655642219141659e-02
8.159378712728176941e-02
8.251978962383182958e-02
8.347204717464566659e-02
8.428641471519660033e-02
8.544791869812269625e-02
8.644504790095082492e-02
8.756974132409434119e-02
8.875095274811231616e-02
8.979172424280083831e-02
9.042525476184649913e-02
9.142550578243265058e-02
9.248928651569431059e-02
9.367475102822021837e-02
9.460777695334313120e-02
9.570327075200081579e-02
9.671713906808289407e-02
9.759793982158736225e-02
9.869664031705713270e-02
9.964399695473347141e-02
1.009116873098209605e-01
1.016743550331607043e-01
1.026887416172599793e-01
1.035630237363687478e-01
1.043458586034799601e-01
1.052168202415792037e-01
1.062265530896979310e-01
1.072068972544293758e-01
1.080341791789756201e-01
1.088170542246041372e-01
1.097796512598981089e-01
1.107415467489124561e-01
1.115628413912719968e-01
1.121987401172673537e-01
1.132470604855041613e-01
1.143327942193659158e-01
1.152620251854234862e-01
1.162811027915535006e-01
1.170050300979747909e-01
1.182969788877570733e-01
1.192496955957728089e-01
1.204344826057714979e-01
1.215066753884256057e-01
1.223107276654096381e-01
1.233569767735561429e-01
1.243598743609614782e-01
1.253060382528997097e-01
1.262139077249936903e-01
1.272583800803601672e-01
1.282898711506413603e-01
1.292408413593666983e-01
1.300929902318029296e-01
1.309298121146546257e-01
1.315778970276779980e-01
1.326152888381521289e-01
1.336501511754973892e-01
1.346560803744283052e-01
1.354892575902175433e-01
1.365991084599623429e-01
1.375807553850598164e-01
1.383474888443676776e-01
1.393062203616892425e-01
1.402599332348548333e-01
1.413652042665416164e-01
1.424846620824399834e-01
1.431643003863584951e-01
1.440544637693665919e-01
1.447928100924290307e-01
1.455528950036041047e-01
1.462324082091533695e-01
1.470710402033404141e-01
1.479369106073571971e-01
1.488438927017939062e-01
1.497395025620336939e-01
1.506403735102466168e-01
1.517532277105114180e-01
1.526957986658148136e-01
1.537063829243474899e-01
1.545469299476537883e-01
1.553875362508514157e-01
1.562083342512567419e-01
1.572556321450141181e-01
1.582633734299158379e-01
1.590702791454424447e-01
1.602234839946606870e-01
1.611868036209653521e-01
1.623542039442498475e-01
1.631864029604968569e-01
1.641185374769351946e-01
1.649377041021242996e-01
1.660106032738225268e-01
1.668227454236211882e-01
1.678294402214733638e-01
1.687367641515604422e-01
1.698738338819518467e-01
1.708071530361238710e-01
1.716637679966256380e-01
1.727754164109913670e-01
1.738006918746724527e-01
1.746686320806984660e-01
1.756619119161746678e-01
1.766223080342849139e-01
1.777919745684403141e-01
1.787588105846101838e-01
1.797708329833381802e-01
1.808371138297392988e-01
1.818163365660607489e-01
1.827847672739543461e-01
1.836862412795993438e-01
1.845999277569942698e-01
1.856279618873817594e-01
1.865712473329767529e-01
1.875208225516309668e-01
1.884461627556309471e-01
1.895840787060156241e-01
1.906071115186115383e-01
1.915847515587092431e-01
1.924111647624781873e-01
1.935333159599820774e-01
1.945071071172337074e-01
1.953180539087217282e-01
1.961452622848489369e-01
1.969925651350523110e-01
1.979545529556236416e-01
1.987939747603136853e-01
1.995364508666818415e-01
2.004183293483732531e-01
2.014115836075471566e-01
2.026393247770034711e-01
2.034351439815928475e-01
2.043586046475638351e-01
2.053797454189142668e-01
2.062935581377954575e-01
2.072641160846495079e-01
2.083591642113355180e-01
2.094488690981627932e-01
2.103825440671339697e-01
2.113864449541899559e-01
2.122046635704374073e-01
2.130585028611718668e-01
2.141398170099378107e-01
2.151136742531187807e-01
2.161543750688270926e-01
2.170750653185520573e-01
2.177178674800373526e-01
2.186931786247210963e-01
2.195569102437183451e-01
2.203444976989359094e-01
2.213177982661198584e-01
2.223417236049801404e-01
2.232958234925460639e-01
2.243043407546551626e-01
2.256167031346206220e-01
2.263772264792600075e-01
2.275459523382650229e-01
2.283945960955797438e-01
2.294036278779386095e-01
2.304709053146307973e-01
2.316510030704023726e-01
2.325606926547581776e-01
2.335353637708851016e-01
2.343986879511228139e-01
2.352195995929079464e-01
2.362390037927209474e-01
2.372126625626119201e-01
2.380104251823248196e-01
2.391604080775059926e-01
2.403996429813594904e-01
2.415401982535670122e-01
2.423736233767952442e-01
2.433659994106906477e-01
2.443662789448403649e-01
2.454286376927497793e-01
2.464697409525982152e-01
2.475188616594380386e-01
2.486278901904677430e-01
2.498808877868604061e-01
2.510866730984529505e-01
2.519069003603555679e-01
2.529543828298853048e-01
2.538489023715846948e-01
2.548503381081654307e-01
2.558030749455917907e-01
2.566590718784222402e-01
2.577930994482043325e-01
2.589970196857857010e-01
2.600118443323043427e-01
2.610124531931141134e-01
2.618643277448655660e-01
2.625315194886152503e-01
2.633437205598421205e-01
2.642207082688781683e-01
2.650146299235854319e-01
2.657155843239604187e-01
2.666275109765962603e-01
2.675701900469187877e-01
2.686727475590980907e-01
2.698552281984409329e-01
2.708487535904784416e-01
2.717772900996461849e-01
2.725724958434242451e-01
2.733773789898026885e-01
2.743347922252071802e-01
2.752829394729653378e-01
2.760839220245123182e-01
2.771014160930413417e-01
2.781727543758207299e-01
2.791923080791960388e-01
2.800840425255413102e-01
2.811410274917562901e-01
2.821615498194002813e-01
2.830312432761071806e-01
2.840060919322180966e-01
2.852172925635217959e-01
2.861349128770628303e-01
2.869921072609993296e-01
2.881267037095145422e-01
2.893921322928864615e-01
2.905224023491429497e-01
2.914170679500854844e-01
2.924402472578839784e-01
2.931921146698943659e-01
2.940944252393409841e-01
2.949590867518361303e-01
2.959847460163731458e-01
2.969156273263348633e-01
2.976964742363135130e-01
2.987551688986594400e-01
2.997211403885469139e-01
3.007387555921464117e-01
3.015409586468498215e-01
3.025331536704422564e-01
3.035477887344619208e-01
3.047643216559220436e-01
3.058431872866214096e-01
3.068261369831296603e-01
3.078153209078321462e-01
3.087525667405931484e-01
3.094314719777422340e-01
3.103378390385752028e-01
3.113895737337480374e-01
3.125689441651690048e-01
3.136579849218635863e-01
3.143476483129324373e-01
3.155184578883066249e-01
3.164473616870705497e-01
3.175311848808391457e-01
3.185866675511830892e-01
3.195776125977031756e-01
3.204071330452585298e-01
3.214043158533568256e-01
3.223733317159943601e-01
3.232939843199885699e-01
3.241721019559813399e-01
3.253472613759861853e-01
3.262237888486700932e-01
3.271085634235205153e-01
3.280969617329522192e-01
3.289224539615899778e-01
3.298889062268717254e-01
3.308761983636346882e-01
3.318309700018908792e-01
3.328569814123961690e-01
3.338046132083033468e-01
3.346505036238184849e-01
3.357773312456335257e-01
3.365256866799168911e-01
3.374096989877133357e-01
3.383325666972659684e-01
3.391942617018447459e-01
3.399180884570566774e-01
3.408297241815067546e-01
3.420250770607065616e-01
3.428919146838199095e-01
3.438240401915121924e-01
3.447540159027999151e-01
3.456189127943952166e-01
3.465713645306821022e-01
3.474367765164239064e-01
3.485695161907343964e-01
3.496518680399761103e-01
3.506500950617058576e-01
3.515081191076918632e-01
3.525996661892135675e-01
3.536601079073604659e-01
3.548307473482500973e-01
3.556145538120010219e-01
3.566686009214130038e-01
3.576325421675348171e-01
3.586636916414747134e-01
3.594942245446565710e-01
3.604406551287797078e-01
3.613649210877584173e-01
3.620629587931003535e-01
3.631306349408865430e-01
3.641196904433622872e-01
3.649829954277934441e-01
3.657929342543025930e-01
3.667968547533941304e-01
3.676118484582560630e-01
3.684336794462858000e-01
3.693851392270846579e-01
3.703819211699485026e-01
3.715391369891842821e-01
3.726008960789330415e-01
3.737220096179448281e-01
3.749454025104639321e-01
3.758206838729922228e-01
3.767920979314856034e-01
3.777723057197328593e-01
3.785620236062570698e-01
3.794560219407330792e-01
3.804401460405500979e-01
3.813773695462166491e-01
3.825069343596844140e-01
3.837363913010908845e-01
3.845857832121923892e-01
3.854272783462474594e-01
3.866230830156033305e-01
3.878639078159737408e-01
3.890042120365485578e-01
3.898444652325364634e-01
3.908986986404685560e-01
3.917185953857642011e-01
3.925966508354060691e-01
3.934295304973152163e-01
3.945331220051773724e-01
3.955203923669615707e-01
3.966921338544054376e-01
3.976671619719419626e-01
3.985502114233728799e-01
3.996002049166273440e-01
4.006391834481959902e-01
4.017273219901512094e-01
4.026554559690558310e-01
4.035604974589948601e-01
4.045090913434291613e-01
4.052910998309732227e-01
4.060129407416337433e-01
4.068944145142505686e-01
4.076514262076958994e-01
4.085687983023612024e-01
4.093006498627971834e-01
4.102961917991912455e-01
4.115113478803632541e-01
4.123355717185078206e-01
4.134420455918615400e-01
4.142879862579965100e-01
4.149899769792516069e-01
4.157723779075731541e-01
4.166252916270672957e-01
4.174295115975045767e-01
4.184474034009605936e-01
4.194046360809456364e-01
4.203603953597317422e-01
4.212897952111157029e-01
4.224790788864019597e-01
4.235367496678454358e-01
4.245392481087940650e-01
4.257478280997873954e-01
4.264806605136005069e-01
4.274908818094170226e-01
4.284387711324897374e-01
4.292959438264157268e-01
4.301884662350771160e-01
4.311268745227731514e-01
4.319574171884789093e-01
4.328405630320349418e-01
4.338037145848420706e-01
4.347909506537390723e-01
4.358268794085906617e-01
4.365466166118850966e-01
4.375528304835386573e-01
4.384412538903860734e-01
4.391210311469202487e-01
4.403490793085365063e-01
4.416075528377166881e-01
4.425468209658593999e-01
4.431553790810051630e-01
4.438943986010810971e-01
4.446873315341655086e-01
4.457060475094001828e-01
4.465340914697653041e-01
4.474250772828421430e-01
4.484585338417698686e-01
4.495479087621961911e-01
4.505177714638776698e-01
4.518060635439307693e-01
4.527326369660958361e-01
4.539057019155406381e-01
4.549674706384061462e-01
4.556378598047483575e-01
4.567109203767751313e-01
4.577234656974981108e-01
4.586257598525358969e-01
4.596672578103926932e-01
4.607679524195306686e-01
4.618690291163833339e-01
4.629309151406880152e-01
4.638396882552339728e-01
4.648207790791432648e-01
4.656858882193876670e-01
4.666175437896338818e-01
4.675694159703229769e-01
4.684809004321803250e-01
4.694900964493876616e-01
4.704502855428704389e-01
4.715395905980587776e-01
4.725672960416422153e-01
4.733146401230288181e-01
4.742420928857780660e-01
4.753901535193864047e-01
4.762315948878534932e-01
4.769442270259937056e-01
4.778336182944347699e-01
4.786264637117919052e-01
4.795999265807913137e-01
4.806175116966277527e-01
4.816153715651075307e-01
4.824078512526576157e-01
4.833712187167391594e-01
4.841081772180047538e-01
4.852700718979415240e-01
4.860015915618842164e-01
4.869378567233349497e-01
4.878060609822374993e-01
4.888980928147573790e-01
4.899854946040331782e-01
4.906640161775663866e-01
4.915786224327388654e-01
4.925084548879318236e-01
4.935583046927055073e-01
4.943664011550483739e-01
4.951014557312897746e-01
4.961934251434627630e-01
4.973248542376880743e-01
4.981908564810189066e-01
4.989813056982955186e-01
4.998222532273524088e-01
5.009752806966899508e-01
5.019987449135802082e-01
5.028943250679952515e-01
5.036894987288942360e-01
5.044414686518919888e-01
5.053216995300006120e-01
5.062246044783152987e-01
5.070167702425522060e-01
5.078708447052933117e-01
5.088287888248198554e-01
5.097471333163499096e-01
5.107236077394936569e-01
5.119298594059209506e-01
5.129072147246763747e-01
5.140409769408297302e-01
5.150773978759689564e-01
5.158882533829745043e-01
5.167601897754214857e-01
5.177203134363634884e-01
5.187010516652913461e-01
5.195664559789000547e-01
5.205658010220026721e-01
5.215893111172678065e-01
5.226080276739459851e-01
5.238287672720152166e-01
5.246136037404528496e-01
5.254914252446136746e-01
5.263834682025333445e-01
5.272672132793513322e-01
5.279046362471808695e-01
5.291071993578231325e-01
5.300584203747212841e-01
5.310267681428473274e-01
5.322429519160652989e-01
5.332352042441529383e-01
5.341363839026094240e-01
5.351067020330725343e-01
5.358026803880614475e-01
5.367403859344879180e-01
5.379123146794838606e-01
5.389444581139286594e-01
5.399432614722491364e-01
5.409196358844645669e-01
5.419264917088352229e-01
5.431334478146938594e-01
5.440103275705385766e-01
5.452511229264423998e-01
5.461253371637455611e-01
5.472224129561485961e-01
5.481286149863252577e-01
5.488291125029506334e-01
5.497801668517457996e-01
5.505873194826927941e-01
5.515647129299963147e-01
5.526575707702763296e-01
5.537216881849295058e-01
5.545926182677511918e-01
5.554985192057647625e-01
5.565411996915259341e-01
5.575007079934176657e-01
5.584221860493825407e-01
5.592556016162826271e-01
5.601749151542850802e-01
5.610795892643408722e-01
5.620473983360992909e-01
5.629087780080068715e-01
5.639522636624455521e-01
5.650048744060705008e-01
5.662608474195407471e-01
5.671798183264485926e-01
5.682092427576963534e-01
5.690607048319655803e-01
5.702871820825975435e-01
5.714313159564516909e-01
5.726085864276265758e-01
5.735981356608552684e-01
5.745113859028257997e-01
5.753356603144195169e-01
5.767862537632355568e-01
5.777126530537152194e-01
5.787085626212044032e-01
5.792469706517973105e-01
5.801718963282099795e-01
5.812478119216337724e-01
5.820405347742811930e-01
5.830828521683112386e-01
5.840693814349590118e-01
5.853250409752019934e-01
5.861540913625180593e-01
5.869707194121871474e-01
5.877886157682535861e-01
5.889277862604831437e-01
5.900611073471768719e-01
5.908778022558885956e-01
5.918038813100675588e-01
5.927019207874780760e-01
5.937513835296719389e-01
5.949147891193059534e-01
5.960228036508825600e-01
5.969575916694068729e-01
5.979276502977741714e-01
5.987775596864858274e-01
5.995537888189560460e-01
6.007924191702772587e-01
6.018689304496851467e-01
6.029367671657787087e-01
6.038219079522182398e-01
6.047115949239540988e-01
6.055477159076693150e-01
6.063317011474106399e-01
6.074400032125125692e-01
6.083836366575142707e-01
6.094234933431725842e-01
6.102580583401983061e-01
6.112354921050637824e-01
6.120195308334009932e-01
6.129611877323265512e-01
6.140857628741451801e-01
6.149610107983640717e-01
6.160012721529715130e-01
6.170131839166865806e-01
6.180749516846897329e-01
6.187355658915678625e-01
6.197821576575900382e-01
6.206155819560152942e-01
6.214510005037457985e-01
6.226533766866693131e-01
6.235540522532407870e-01
6.245510853183428024e-01
6.255010653156376499e-01
6.267627945274222290e-01
6.278064155578341188e-01
6.287977170601440902e-01
6.295503176000015744e-01
6.303897164095871863e-01
6.312943261389388772e-01
6.322518425129436404e-01
6.331172787219028208e-01
6.341316283054696523e-01
6.352067086903561144e-01
6.361823493981734190e-01
6.370445058098442859e-01
6.380463738368226112e-01
6.388040457731485322e-01
6.398615092397148540e-01
6.408250374272109751e-01
6.417328097076430149e-01
6.427378461191572967e-01
6.436581140741091112e-01
6.447165950264154288e-01
6.457041185897002267e-01
6.464562363987877980e-01
6.474134765218950704e-01
6.483351553225721320e-01
6.491079599944763467e-01
6.500983775219032479e-01
6.508329062314509583e-01
6.517895353913349954e-01
6.525612643304569138e-01
6.536136538928913886e-01
6.545162901670873445e-01
6.557605575239693341e-01
6.566682698949224406e-01
6.572389410239745100e-01
6.581844334683658593e-01
6.592924118005046852e-01
6.601482599325650957e-01
6.611314920978204057e-01
6.622557025908150097e-01
6.630156654390180204e-01
6.639657127303234541e-01
6.649102557945251180e-01
6.661103069836979973e-01
6.670809190081432583e-01
6.679823222336462862e-01
6.689657149542733716e-01
6.699752234051701283e-01
6.707344983515560743e-01
6.717601566417832348e-01
6.726263317588732082e-01
6.735714400568351135e-01
6.745742278327782060e-01
6.757824532823050179e-01
6.767777784093121918e-01
6.777509826781460411e-01
6.786379355789835532e-01
6.797270272532845992e-01
6.806359785379041405e-01
6.817294362887736936e-01
6.825256201019487268e-01
6.835179051459407962e-01
6.846447080978954602e-01
6.856474328329422718e-01
6.862858556740836224e-01
6.873558015711473956e-01
6.881138509890453170e-01
6.892041030867267493e-01
6.900843857890273103e-01
6.911015918619152210e-01
6.918675974802036555e-01
6.926755724404550785e-01
6.937200345152451098e-01
6.946149242626455944e-01
6.956254718914826052e-01
6.966333506060319314e-01
6.977508034874030374e-01
6.988378314330370156e-01
6.995261015029907714e-01
7.001786792781626856e-01
7.011325657958559221e-01
7.022301945307957149e-01
7.029829530473584720e-01
7.039011878806100686e-01
7.049053596366863239e-01
7.056048367923215547e-01
7.064673422744679465e-01
7.073795235739630538e-01
7.080641657066439887e-01
7.092007803675927091e-01
7.099607546821946613e-01
7.107548218829872200e-01
7.117282130356943348e-01
7.124935150975112430e-01
7.133800168076024351e-01
7.145077972759714680e-01
7.155743600260040527e-01
7.165316420031619948e-01
7.172533556707380020e-01
7.179383555940970219e-01
7.186837354609353357e-01
7.196933270829088958e-01
7.204967519874223569e-01
7.211881569500735445e-01
7.221454418339128267e-01
7.231873869029694646e-01
7.242443069938369060e-01
7.252887310999930337e-01
7.259192193155822315e-01
7.269855977513667300e-01
7.279246327708235320e-01
7.286465154754226958e-01
7.294071405936305430e-01
7.302749363896448020e-01
7.312789333464995156e-01
7.322712058740618035e-01
7.330105747936535021e-01
7.340900888927296419e-01
7.351537134902623727e-01
7.360617036992288531e-01
7.369195243144441854e-01
7.377694446235736336e-01
7.388322951680307282e-01
7.399079579142345819e-01
7.405485002748615209e-01
7.414997672900579540e-01
7.424512744428605204e-01
7.432104532197687519e-01
3.478159654610111784e-01
