0.000000000000000000e+00
1.526940183236134233e-03
3.005561773316699648e-03
4.746719148801922111e-03
6.070315404650319067e-03
7.467524215610526518e-03
8.464912481585810944e-03
9.993813844637100541e-03
1.172388030083772528e-02
1.331478468824088233e-02
1.472532631442297416e-02
1.622542245169825842e-02
1.772885774449745044e-02
1.950033807397472119e-02
2.107765403851286079e-02
2.277022126966830873e-02
2.440969822305685127e-02
2.601703823570191559e-02
2.757793294038367315e-02
2.927615052286181366e-02
3.094167868045755859e-02
3.300229285927695766e-02
3.458950386605433996e-02
3.637596595697863144e-02
3.805419175638838358e-02
3.976902813402177772e-02
4.156048339154078120e-02
4.316739211042423113e-02
4.480780284299868549e-02
4.615786333686261456e-02
4.769249884789411587e-02
4.906039733720874568e-02
5.116859385359519286e-02
5.289885516303769603e-02
5.436437024633693910e-02
5.586294885192413101e-02
5.756728915670968061e-02
5.930301243626059926e-02
6.092578209966819508e-02
6.279397300397181192e-02
6.447268076168442830e-02
6.623713819520500590e-02
6.760877646284765841e-02
6.931188183324665797e-02
7.100848984399733832e-02
7.250205546165514048e-02
7.401389990935151875e-02
7.548391219616554237e-02
7.708103302461215278e-02
7.878440366447631016e-02
8.052680139345617938e-02
8.195342763607475767e-02
8.336716691824717917e-02
8.476559171054175168e-02
8.604221303659516373e-02
8.793738437944850772e-02
8.942887884123150444e-02
9.098033022995949404e-02
9.222254461724713193e-02
9.368480610869192593e-02
9.525367033614061396e-02
9.689876751475609562e-02
9.865587507478329465e-02
1.003067943441234150e-01
1.016361613469931036e-01
1.033212319162117171e-01
1.048724453056564115e-01
1.065977541690766167e-01
1.083922060182384850e-01
1.097884322483737712e-01
1.111518530658868603e-01
1.127535823263945136e-01
1.145218169785322954e-01
1.161926687872226055e-01
1.181147950461513552e-01
1.195194689339432736e-01
1.211567557927376859e-01
1.226919806712747363e-01
1.244617918801724510e-01
1.255297839127307302e-01
1.265785344165526460e-01
1.283494991067321289e-01
1.300151595190291998e-01
1.321912353124544692e-01
1.335973545353845993e-01
1.353723847613850506e-01
1.370268901382939997e-01
1.387678824399926347e-01
1.406237911085742309e-01
1.421210475046910671e-01
1.434517634024663757e-01
1.447252079532829194e-01
1.466556256323243990e-01
1.485965022465571272e-01
1.503605646720950206e-01
1.520501884082431088e-01
1.532476623009042249e-01
1.547053302449997725e-01
1.563457973420186164e-01
1.583311811177131601e-01
1.598603495151018905e-01
1.611393044014258480e-01
1.626685718128089153e-01
1.642569140459348986e-01
1.657954448763824806e-01
1.672689387905002822e-01
1.693142919818125536e-01
1.703437514651880424e-01
1.721776568063186352e-01
1.738562809945701781e-01
1.757168301906531227e-01
1.772920336999613544e-01
1.787005612603451143e-01
1.803116845280283709e-01
1.818289170665784715e-01
1.834369871290005838e-01
1.849557824431211361e-01
1.865791668355750721e-01
1.880381507054102175e-01
1.894689448403500120e-01
1.911785082650526713e-01
1.927460804251259208e-01
1.941324421699407166e-01
1.956798070542775936e-01
1.973321440646691460e-01
1.989390052515110641e-01
2.009698436013058198e-01
2.022274501509429279e-01
2.037766875663924449e-01
2.056898821279246337e-01
2.073896262165182691e-01
2.089267546792548669e-01
2.105686732476800826e-01
2.119000570048719667e-01
2.133403200684971524e-01
2.149917090834491673e-01
2.164323107445017547e-01
2.181887274466216831e-01
2.196436278428261502e-01
2.216752711293020484e-01
2.233514902068307884e-01
2.253720781920197369e-01
2.268273613714702208e-01
2.281371427691158138e-01
2.296432519324446975e-01
2.314293218979927846e-01
2.330389421057579014e-01
2.345446862948746547e-01
2.359738246020836316e-01
2.374159227335460587e-01
2.390686970597415972e-01
2.406415684990096948e-01
2.423654006141701955e-01
2.438033533190615831e-01
2.453545023409783032e-01
2.469057762993385474e-01
2.481678517450748855e-01
2.496425380798260596e-01
2.511769061732478936e-01
2.529580348675916635e-01
2.546390858603864715e-01
2.564881420871246709e-01
2.578384599223518814e-01
2.593136467976125403e-01
2.605941264598265472e-01
2.622479704413063217e-01
2.639443333266414116e-01
2.652774762525387242e-01
2.668249914097761688e-01
2.681140877949912960e-01
2.696729959971638224e-01
2.709270270896483312e-01
2.727829535901075131e-01
2.744405295093885200e-01
2.761204664133251607e-01
2.775855135683349406e-01
2.799106234651079217e-01
2.814070435449134155e-01
2.833819235747727094e-01
2.848015670658093912e-01
2.864074946287190060e-01
2.879576536747236459e-01
2.894954960763830853e-01
2.911289974506065525e-01
2.925889879592047937e-01
2.942310091469909628e-01
2.959377175998856302e-01
2.979655874416893835e-01
2.998409378012268922e-01
3.016150461407480776e-01
3.031907100709702596e-01
3.047209262759094650e-01
3.061427017348183344e-01
3.080775037822859885e-01
3.097671665525504880e-01
3.113590833883532194e-01
3.126089709701035946e-01
3.142798549163029476e-01
3.160518850715709482e-01
3.177437670252098445e-01
3.191001816157335025e-01
3.206618407709515006e-01
3.223572167347672490e-01
3.241461992584563356e-01
1.346440718819826195e-02
