0.000000000000000000e+00
1.754771950372862243e-03
2.898778244539113209e-03
4.493765094045187695e-03
5.740781379219572766e-03
7.481645746869720892e-03
8.955288581204862500e-03
1.050815992691199463e-02
1.211559787044375752e-02
1.309711708148328033e-02
1.471658714894900043e-02
1.627389932194876418e-02
1.756876279544782385e-02
1.879390962895898659e-02
2.027470656256093531e-02
2.173770553041082590e-02
2.338951078183610505e-02
2.476769386414828106e-02
2.626127783252267187e-02
2.733345752049263708e-02
2.847417148412305712e-02
3.013903130584848558e-02
3.138409903369969445e-02
3.261560566968001174e-02
3.426468389874050280e-02
3.579847316224663706e-02
3.747081407440776279e-02
3.875772674780648963e-02
3.966337469366820745e-02
4.123191991967588288e-02
4.286533738452657366e-02
4.474890784338769745e-02
4.614344074414943042e-02
4.784701988876164519e-02
4.933544880694393231e-02
5.082567613174725912e-02
5.209306011870320358e-02
5.337445984825130163e-02
5.485923533176222805e-02
5.663699272475211655e-02
5.798411525612632428e-02
5.974080307261921824e-02
6.125279028484262311e-02
6.285275874636342408e-02
6.445876249637902400e-02
6.616548709550448826e-02
6.753755900792558775e-02
6.871865190434479909e-02
7.081097457708133980e-02
7.219219113394843845e-02
7.350716342253750535e-02
7.493051237335103532e-02
7.618367163288873589e-02
7.780074156775562688e-02
7.938562454209170671e-02
8.063652706930224401e-02
8.212620241966632484e-02
8.329149254561749038e-02
8.466611717377037216e-02
8.618941523930488680e-02
8.783639984496187381e-02
8.918726551246775047e-02
9.073758047672378368e-02
9.235282010252868212e-02
9.353734546978816067e-02
9.512968630040077866e-02
9.664927676911895527e-02
9.831366929252258191e-02
9.982152830189905401e-02
1.014149969038489196e-01
1.028738546470001208e-01
1.042343491906914527e-01
1.055600759132967470e-01
1.072658584854938590e-01
1.086977947306235481e-01
1.101456300032946090e-01
1.115762867219678989e-01
1.130949279657701700e-01
1.145689100257634291e-01
1.157051530112258864e-01
1.169544797654176044e-01
1.183654313558858834e-01
1.197639759625409445e-01
1.214456193587610672e-01
1.229489960151636113e-01
1.245571009259528600e-01
1.257740055080576180e-01
1.272365518033713450e-01
1.286900459897547533e-01
1.304592803820525948e-01
1.318897591418436988e-01
1.332960347376950239e-01
1.350055707473697963e-01
1.363048663933458526e-01
1.376432293976749821e-01
1.393158097063095513e-01
1.408432593644997066e-01
1.421952939620035605e-01
1.440065702178944806e-01
1.451038037838911221e-01
1.460498998141736837e-01
1.473243892709874547e-01
1.489959416602295306e-01
1.503471185243259733e-01
1.520764027205109281e-01
1.535687097293281511e-01
1.548226110660121391e-01
1.560223879444409267e-01
1.577755914953154204e-01
1.589716000303255661e-01
1.603937869299175145e-01
1.616754888850245597e-01
1.633195245649347038e-01
1.648418908155699913e-01
1.663966441677458274e-01
1.675565801339720384e-01
1.690405600994698276e-01
1.704934124911454962e-01
1.719759090932825862e-01
1.737681410143665783e-01
1.752734062798463610e-01
1.768945523566821665e-01
1.788108824583228840e-01
1.801227645601977123e-01
1.815927309182984173e-01
1.829553820856739121e-01
1.844837351377970336e-01
1.857342995104757366e-01
1.873361228439507919e-01
1.888796988082540318e-01
1.905087166605177185e-01
1.923160111189226029e-01
1.936241027500968659e-01
1.953057714928689292e-01
1.968383532197877650e-01
1.983891708367947482e-01
1.997436454654201443e-01
2.013121956326613116e-01
2.025826182354383831e-01
2.040825630413961589e-01
2.058636238258219342e-01
2.074065870515372501e-01
2.088451192954844660e-01
2.107757823510424955e-01
2.121141039704941278e-01
2.136484624417279710e-01
2.150161004841669998e-01
2.167102387783313433e-01
2.181167129441599351e-01
2.198728415997152907e-01
2.211697246114686100e-01
2.227560918259130496e-01
2.238059185586495636e-01
2.250710148865014415e-01
2.265703757823075981e-01
2.276440011014684850e-01
2.289149466747703587e-01
2.304119463412344360e-01
2.320275377120200044e-01
2.335159210884194259e-01
2.351854549045981069e-01
2.369668304002681414e-01
2.381880259049183324e-01
2.393750571291281826e-01
2.410329446627698102e-01
2.425200871239343581e-01
2.443031026663201599e-01
2.458334702082627388e-01
2.469117864212651003e-01
2.481674691903682783e-01
2.495494961094883446e-01
2.508872133787001246e-01
2.527484819881992140e-01
2.537179334059895819e-01
2.553562565171441645e-01
2.568316292698750725e-01
2.585414019910470262e-01
2.600781538959830996e-01
2.615452046452219625e-01
2.629900947074085282e-01
2.641013030597326727e-01
2.659147253342508121e-01
2.672596829334585866e-01
2.687208808674829141e-01
2.708044986612681004e-01
2.722313324821854508e-01
2.739382322830923311e-01
2.754063496521706456e-01
2.769503797403385370e-01
2.783974663185567744e-01
2.799067504932412076e-01
2.813202560471003699e-01
2.828970663095614624e-01
2.842641119518171666e-01
2.859317108245922889e-01
2.874318144335545333e-01
2.888537542902106514e-01
2.905943528720959512e-01
2.920545920817252394e-01
2.937902476190988321e-01
2.957734549414806069e-01
2.969140413054380812e-01
2.985095099360513538e-01
2.998302576730733082e-01
3.014252795024848219e-01
3.030430128095352171e-01
3.043094422568503599e-01
3.060764128872859313e-01
3.077809362876360866e-01
3.091987683473244042e-01
3.103543098297554814e-01
3.117240819691621256e-01
3.129562844586017967e-01
3.144168446405805617e-01
3.156299156069200529e-01
3.174332143114605986e-01
3.191290717501676921e-01
3.205545830206477098e-01
3.220728425976577824e-01
3.234146657773764866e-01
3.244535225506590126e-01
3.258319381066195897e-01
3.271875031620672947e-01
3.290999112958739037e-01
3.304744050453209403e-01
3.321432060338626036e-01
3.335644241873200744e-01
3.350205285505262753e-01
3.366816303147771028e-01
3.383441895798841026e-01
3.397318203921173008e-01
3.412493246490407306e-01
3.424236083872026493e-01
3.439027018833616389e-01
3.449967379194205375e-01
3.464418455145723552e-01
3.478842850985880975e-01
3.493841695178663276e-01
3.509043258272240839e-01
3.526414926691102680e-01
3.539823517957871868e-01
3.554354092807488485e-01
3.568965419571826225e-01
3.585143068583770409e-01
3.595441905847898134e-01
3.609835900023968258e-01
2.031552964893952595e-02
