0.000000000000000000e+00
2.242555489696983727e-03
4.046040511981236799e-03
5.688671991204013144e-03
7.566056699207086150e-03
9.343725102147600048e-03
1.134737063245149120e-02
1.321204989036203412e-02
1.502755315737229480e-02
1.708588598557866586e-02
1.892781752906589482e-02
2.120824872091648175e-02
2.314514735306162641e-02
2.521518270315033922e-02
2.749392351872970153e-02
2.948461841239404663e-02
3.160341677489507395e-02
3.363985097535331092e-02
3.593414857161802284e-02
3.786649009653314524e-02
3.994717667608575773e-02
4.166987093979777207e-02
4.385223837090550941e-02
4.609680826625420919e-02
4.816596620377340543e-02
5.028929637540944381e-02
5.229592294911902112e-02
5.407539207714569252e-02
5.602759003893138107e-02
5.813196794987421367e-02
6.008823771553511994e-02
6.220097468815632968e-02
6.437815191164496242e-02
6.635989854193245774e-02
6.901633971141446500e-02
7.096852517146449990e-02
7.280212850980595507e-02
7.465057624133768222e-02
7.654789942691554716e-02
7.818486661536849791e-02
7.999275145727009761e-02
8.153615510289147217e-02
8.397974197667104623e-02
8.598625964175850289e-02
8.807699335571264609e-02
9.007933779590898693e-02
9.184853673772741534e-02
9.393171418120239979e-02
9.577753070283523407e-02
9.771567684499156414e-02
9.951493515800517720e-02
1.014070369186574477e-01
1.029889121841395389e-01
1.051421460273249397e-01
1.066114284456000788e-01
1.082872861645755580e-01
1.102899004813206602e-01
1.124626448696248865e-01
1.148731576002013227e-01
1.172797324352785608e-01
1.194981972839126300e-01
1.219966442426162062e-01
1.236887471712325159e-01
1.255701577973084848e-01
1.274666403029861006e-01
1.296138932435277891e-01
1.315509015801285819e-01
1.339334637276581308e-01
1.359963005511024559e-01
1.377472799504524947e-01
1.396710253507068289e-01
1.416610654572741379e-01
1.436444784660635410e-01
1.457674625148516756e-01
1.479359507437844334e-01
1.497844193636925225e-01
1.514708761571267881e-01
1.531706300482201799e-01
1.552745894992465514e-01
1.573467140439182010e-01
1.589559364257129015e-01
1.610813114277246660e-01
1.630762761668276550e-01
1.651461664398263807e-01
1.672518859539673941e-01
1.692629066688727812e-01
1.712391763699454561e-01
1.733313450126066080e-01
1.755207448536422743e-01
1.778535145433039477e-01
1.805917712335716463e-01
1.825924898226481408e-01
1.843676394346836778e-01
1.866609657232164987e-01
1.893988659044645029e-01
1.912685843130379482e-01
1.928330041806379513e-01
1.947550670528838679e-01
1.962948927979404068e-01
1.980812589979181471e-01
2.000335217508949215e-01
2.020745411854606710e-01
2.040120350336478705e-01
2.059990252157332669e-01
2.080697214271186035e-01
2.102828123182994557e-01
2.125193992374311558e-01
2.144234953933185917e-01
2.163706750734510076e-01
2.186356076170646034e-01
2.204614057988746600e-01
2.227191960441245733e-01
2.246581830835019944e-01
2.265759731235751917e-01
2.286867667075908328e-01
2.308335925594632021e-01
2.327588038485967625e-01
2.348275460545761750e-01
2.367468539392111326e-01
2.387442763962743519e-01
2.404308374373121393e-01
2.423743755371335906e-01
2.440994191924664436e-01
2.461978844407697042e-01
2.482913904107702796e-01
2.500403750686148729e-01
2.518900029268875684e-01
2.540797470033258065e-01
2.560554208551678035e-01
2.577993843659928119e-01
2.595284589505248429e-01
2.614224470642451670e-01
2.630489710945418391e-01
2.648571882742272177e-01
2.667583208662002159e-01
2.689388831689494830e-01
2.707002316853101553e-01
2.724947197245078390e-01
2.744757874766813321e-01
2.763585892906699759e-01
2.783750677924378136e-01
2.806532481419021785e-01
2.825421020344480172e-01
2.846784913909028991e-01
2.865904605082994494e-01
2.887141071967748163e-01
2.903899405936464784e-01
2.922993960012645887e-01
2.936146091763076060e-01
2.955474903110059670e-01
2.977661703534176252e-01
2.996508402759261447e-01
3.012004380348634602e-01
3.035996172381512093e-01
3.055236070662972758e-01
3.073835966660458108e-01
3.088559125117557036e-01
3.108074495006103999e-01
3.129185553457558000e-01
3.151643629239572197e-01
3.170481602002503396e-01
3.187650338734783761e-01
3.206564776166861419e-01
3.225065684129707622e-01
3.241173107346536630e-01
3.261508392290989322e-01
3.283450037135400845e-01
3.303149699878498158e-01
3.324233170925048886e-01
3.344758497101865125e-01
3.367768114316988526e-01
3.387701722505888080e-01
3.409763957156536907e-01
3.428301742580687206e-01
3.447342951392593502e-01
3.464538016818913269e-01
3.485165714367530199e-01
3.508609753892553695e-01
3.525263544768048041e-01
3.545560058695785277e-01
3.570954435361123336e-01
3.589309713882741226e-01
3.610986809127542108e-01
3.630312564918554696e-01
3.653477955158973556e-01
3.672712343437066762e-01
3.690181043700672125e-01
3.710895546440127757e-01
3.727728776258383836e-01
3.747993901909134062e-01
3.769793364859134743e-01
3.795318788387840869e-01
3.812111853370430681e-01
3.831253312597444616e-01
3.851817608909388069e-01
3.875618590378275830e-01
3.896948374584273678e-01
3.914547835133452836e-01
3.933880429728787154e-01
3.958403930012324712e-01
3.984086988632287163e-01
4.003296222332034526e-01
9.682256997924200415e-02
