2
10245
6
8
10
2059
6156
15
47119
4113
21
18454
14361
27
12317
30
31
34
36
38
40
41
42
10283
44
45
49
52
54
55
56
57
6202
60
62
6206
65
69
70
22598
6217
77
78
81
82
86
10328
94
12391
105
6258
115
4211
117
6261
6264
28797
126
127
2183
137
6284
2195
2197
150
14487
152
155
166
4266
8362
172
4269
24750
6319
2226
183
189
190
28861
207
215
216
217
219
221
2274
4328
233
235
237
241
243
10483
6391
249
250
263
267
2325
2326
8480
290
8486
8488
2345
10542
16688
2353
307
37172
6458
6462
329
6479
344
346
10586
349
353
355
356
16740
29039
380
2428
382
4477
384
387
391
8588
31119
4496
31121
402
8595
4503
14744
2458
8602
427
432
14773
10678
445
461
31189
12759
472
475
490
2538
8682
493
4589
8685
49644
505
508
2558
12799
29186
2563
2565
520
534
2586
539
548
6693
554
6700
2607
6708
569
570
571
14906
573
576
581
6731
594
4695
610
2659
2667
622
35441
630
10876
2686
644
14987
12941
10897
2706
2709
665
6810
667
25243
674
8867
679
4783
8882
43698
705
707
23239
2760
17098
2763
6859
4818
6868
4821
2782
4837
6887
744
8935
747
8942
8953
6906
775
4874
781
782
2835
11030
13083
798
813
33587
821
6969
6980
21319
843
2891
859
15195
4970
2925
4973
7021
886
39805
7040
13198
15247
915
7065
924
33695
13218
13222
936
15274
27563
35756
5041
947
950
7099
969
978
980
7129
13277
3049
46060
17400
1025
7170
17411
5135
19479
39960
9241
5158
3115
27698
13363
7218
5173
5181
21574
11338
1099
5196
5197
3151
37979
15463
1128
1132
7277
1134
9332
7292
1153
13447
13448
19599
3224
3226
36000
5288
3246
3247
3248
3249
3250
9391
13493
5303
1209
17594
5309
27838
17605
11462
7396
1255
1277
5386
1292
13589
5408
9504
1327
5423
5424
7474
5428
5429
1335
1349
5458
13664
9580
3437
1390
1391
13693
23944
1423
26006
9624
3491
3504
1461
9656
9659
15805
7614
5569
1482
7630
5583
5584
7636
1499
1508
9701
5612
1517
52719
17909
7673
17915
1554
5651
1556
1557
1565
9764
9768
13873
1588
38454
1596
11844
36439
3672
7769
5722
1640
22126
11887
5764
1669
3725
9874
5784
42650
1691
5788
1696
3750
11947
24235
7859
14003
3765
5817
5818
32449
3778
28355
34500
9925
1734
1738
1743
16089
1758
7903
14077
3839
3840
24328
22295
1820
20254
32549
22310
24361
3884
1840
3898
10048
5962
1869
3918
5972
3929
1882
3930
3931
22363
8039
12139
34681
1914
1920
3974
1927
32670
8099
10165
6079
12228
20422
6088
6089
36814
8143
4052
22492
2020
4069
8169
12272
8184
8191
14340
14341
14343
24586
8205
12306
26645
24
25
14364
28
32
35
22575
4147
64
6209
66
6210
72
18507
2131
10332
20575
20576
102
2154
41066
116
4095
30844
30850
14468
12430
144
4241
168
20648
174
22703
12464
2227
2228
186
6335
8385
196
197
6345
6348
4301
12506
10459
20699
18657
14562
230
4327
18665
4330
43254
2304
2305
261
49415
41227
6413
30992
279
291
4390
8487
18728
12585
12587
8496
12593
33075
45363
37176
8505
6459
316
4416
323
8517
6471
41297
342
348
12639
352
16739
10599
49511
26985
369
12664
377
12669
383
4488
394
395
41355
398
407
12697
410
12698
10652
14748
414
33181
41370
4514
8610
421
4518
39334
55721
428
4525
14774
439
4535
4536
6590
2498
12742
35273
460
468
12763
4572
8674
49638
16872
491
499
29173
37367
2552
507
2556
8706
55815
12808
4618
523
524
23051
6670
23057
35345
45585
6676
45593
538
12829
546
8739
25128
2603
10797
559
565
10805
2615
25143
14910
10819
591
592
2645
4693
8792
8793
8796
14941
21091
23143
2664
14959
627
37494
21115
14972
53889
2696
55948
2701
8845
655
12947
23189
23190
23191
45726
29345
2729
683
684
12972
8878
8879
8880
10929
21166
4798
2755
15052
2767
720
2770
41685
4822
27354
2779
13024
738
2789
31466
29421
2798
31472
15095
31486
2827
37645
6929
25363
788
6932
8981
791
45848
51996
797
43807
21281
39719
41777
33589
6966
2871
23352
4922
4923
17211
4929
11075
11078
21323
4940
6988
2897
4946
4947
17243
2909
52066
4965
870
13158
872
52069
25456
4977
883
884
15219
15220
887
23411
31607
890
35707
43898
21373
33665
898
45955
2950
7048
5005
29585
29586
13206
9115
23452
5027
7075
29612
15283
27577
13243
3005
31677
33729
3010
50119
15320
17373
9185
994
1000
5096
7148
9199
27634
3063
27642
3068
39937
1026
7176
19467
7181
11281
15377
42008
35865
7194
7204
21548
5165
5168
27696
15413
3133
9283
17478
19531
1100
19533
13391
7253
13397
13398
15447
5209
35930
37992
1130
48236
5235
1140
5237
5238
7288
13441
44179
25748
19605
1184
7331
21675
25778
25780
3265
13505
29891
25798
29901
29902
25808
1236
3284
7381
31962
3296
17635
5348
42214
11503
5361
15604
13561
1283
3335
13578
5393
1300
5397
9492
21781
25876
5401
25885
7454
17694
1315
17700
23843
27941
11567
32049
7480
9531
9535
15681
13637
36165
9546
1355
23883
54602
7507
5460
5461
5462
25941
23896
25945
32087
34142
52577
32099
5479
5480
9579
11635
21876
25987
11654
5521
40340
11671
19868
1439
1442
30114
13732
19878
26022
1450
15786
9644
11695
9657
1467
28096
28097
1476
19909
1479
42443
17870
21967
1489
1491
1493
1495
1496
3543
9689
21976
5596
1501
44503
1507
44523
44524
3569
9713
3574
7674
22010
40448
1538
3592
22027
1552
19987
1561
22048
1570
30254
3633
5682
1590
9784
5694
1603
15940
38467
22088
26187
7756
42571
1619
1623
13915
44638
3697
34419
5749
46711
20107
1676
7821
7822
9869
52879
18068
9878
11934
1695
1700
34479
16049
16051
1720
40632
36545
26307
1735
5834
9931
34513
7902
34529
7911
3823
16116
20214
36611
18187
42768
30481
34580
7966
3875
28454
22314
14141
8007
18256
44880
8022
3928
8024
5982
34655
51049
14188
1915
18302
14214
34694
24462
10133
10140
28573
4012
10157
4022
24503
1983
1984
6082
26566
10185
10186
12233
14284
24523
24524
24525
36815
42957
14291
14297
18394
20442
6115
32743
18409
2026
26601
42991
12273
14324
2038
8182
14326
2046
28671
8192
16384
16385
3
16388
12
24610
24611
8230
8236
41004
8238
49198
41015
58
32827
59
61
8257
16453
8264
24649
41035
16462
32847
83
84
8278
91
8283
8289
8291
103
16489
8304
49264
32889
16505
8315
125
129
24708
8332
16524
8335
32912
145
16529
8339
16531
157
8359
8364
8370
16562
32948
24760
8379
32956
191
198
16587
8397
8400
212
32981
8408
32987
8414
8420
229
16612
231
8441
49407
8448
33024
8450
16642
16651
271
277
278
16661
8472
8473
16666
16673
49443
16684
24883
8506
33082
8512
8514
49475
8518
8539
8547
24934
8554
16747
364
367
24944
16758
375
8570
8573
8580
392
393
8590
400
49566
416
417
419
426
8621
33199
8625
8632
8633
442
33212
450
8649
467
16852
33240
473
8670
481
8673
8678
25071
25073
25077
503
16888
8703
25091
25094
8711
530
8726
16924
545
547
549
8746
8747
16938
8757
568
572
8765
8779
25170
601
604
609
33377
611
8804
8811
17006
25205
632
642
33410
646
648
33425
33430
672
676
8873
41641
8875
17067
49838
687
693
8885
17077
33462
41656
698
701
702
25281
8903
17096
17097
715
8914
733
17124
41701
25323
25334
8955
764
8957
17153
8962
8965
17159
41753
796
9000
812
819
17204
823
824
33594
837
9035
860
25440
9065
9068
879
882
896
33668
41862
9095
33673
17293
911
17307
9123
17317
17318
33701
9128
943
33715
949
9141
9143
956
957
33727
966
9158
968
17353
25552
33747
9172
17367
988
989
9192
25582
1007
1014
1016
33784
1020
9214
1024
9216
25600
17414
17419
17422
9255
9258
9262
9267
17469
33859
25668
50252
9294
17499
9314
9316
1137
9333
1144
1145
17528
25721
42109
1152
9345
17536
9348
9349
17549
42127
9363
9364
17558
9381
25765
1194
9387
17589
17590
50358
1208
9410
9414
17606
1225
9420
17613
25812
9429
9431
9432
50391
9435
34025
42221
17646
1266
9459
1269
25847
1274
25855
25878
9498
1309
1316
42277
9511
9526
42297
1342
1350
25927
1357
1370
1375
9568
25955
17765
1385
1389
25965
50552
17786
1413
25992
17801
1418
1419
34193
1426
17811
1428
26004
1436
9629
1444
34215
17837
9646
1457
17855
17856
17858
9674
1485
9702
17896
26090
1516
1526
9720
9721
1531
9724
17918
1539
1551
34325
9751
42527
9772
34349
9778
34362
34373
9798
26186
9816
26201
1626
9820
18014
1635
1645
42610
50804
1664
9857
26241
1685
9877
26261
1698
26277
18086
1706
34475
1713
9912
26298
9917
1728
1736
1744
18132
9947
18140
26332
34525
9951
1766
9958
1768
18162
34547
18167
18172
9985
1795
34566
26379
10002
1813
42774
10010
1824
50978
18214
18217
26411
1842
1844
18231
10040
10050
34628
1868
42831
10064
10066
1877
10072
18273
1897
1899
10093
10097
1913
1916
10109
1919
10111
10116
26500
10130
1944
10141
26530
42915
10149
10152
18351
10179
18371
1995
1997
1999
26575
2005
26595
2022
18413
10226
26616
10237
10249
34827
18446
18450
2076
2084
2087
18472
10285
2098
10293
10295
10299
43069
43070
10306
18498
26701
2128
10321
43091
26709
2135
10327
10340
18532
10347
10349
10350
18544
10359
43139
10372
18572
18576
26776
18585
34972
10400
18597
10411
10415
10420
10422
10427
10429
10441
43217
43220
10454
2264
10465
2291
43255
26879
10497
2308
2314
35082
2321
18713
2330
2339
10531
10534
26919
43309
2357
10552
35129
2374
26952
2387
2390
2392
26980
18799
10613
10615
10616
2424
26999
35197
2431
35200
2434
27012
35213
27023
10640
43409
10646
10648
43418
27040
10659
43429
18856
10665
2481
35257
10684
10685
10687
18881
51667
2522
43484
18920
10731
10735
18930
2547
10749
2562
27148
10765
10773
27167
2599
35369
2605
10803
2620
2621
19029
2653
2661
43633
10866
10893
35473
35480
2713
2719
35490
2730
2740
19126
35518
2774
19159
10970
35549
27361
10978
19182
2806
2808
11016
2826
2832
27409
11027
11031
2852
11044
19239
19246
11057
2868
35647
2904
35681
27490
19299
35685
43884
2926
11123
2934
2936
19324
2943
43909
19354
35743
2977
27560
2992
19379
35768
35770
11198
3023
3027
35799
43994
3044
11240
11241
19444
3065
3067
3070
3073
19460
3077
3078
27654
44043
11278
44046
11287
35869
19489
27689
11314
35896
3136
35904
11331
19527
11351
3171
3172
19559
11372
27764
27772
35979
11404
3216
27792
11418
27806
3234
27814
19631
27823
3254
3257
19642
27837
19648
36039
44241
36053
11485
19678
19683
11494
11497
36079
3316
44289
19724
11548
36125
44318
3361
3369
3371
27947
3396
3399
11600
3409
11601
3414
11607
44377
11619
19815
36199
44395
3436
19825
11640
3449
36216
3458
19847
11658
19860
11670
19862
11673
11680
11687
28071
3498
11700
28103
28108
19918
19922
19926
11739
44508
28134
3564
11757
19951
3568
3572
19957
28159
19982
19986
19998
19999
3617
3619
11811
3634
3640
11833
20025
11849
3658
28238
28248
44634
11895
11897
36480
3714
11919
11933
3763
44728
11963
28351
20164
44777
28403
44797
3841
3849
12065
36642
20262
12071
12074
3887
3891
20280
20283
12094
20293
12122
44895
3939
3948
20333
20334
36718
3957
12158
20354
12167
12180
3989
3997
12196
44966
12201
4013
4014
4017
28595
44979
44986
4053
4057
12251
20443
4068
4074
4077
4079
28655
4084
45072
45073
28691
12308
12310
4119
20508
45084
12323
45094
36905
4138
45099
4141
4146
4166
4174
12374
4184
20580
20582
28775
12398
4207
4208
53366
12409
4219
45186
4240
20626
37013
4257
12449
4260
20646
53418
20652
4271
28847
37041
4276
4277
12473
37050
45242
45245
4303
12496
4314
12512
37091
4329
28905
4333
4337
45302
4344
28920
20738
12552
37132
12558
12559
4384
20771
4393
4398
12590
53555
12596
12598
12607
4419
4430
29007
20816
12627
4440
4448
12640
29024
12643
37220
4456
12656
12659
37238
4479
4486
12681
20873
12683
4494
4502
29080
4505
53672
4522
12719
12722
4542
12739
20931
12745
4562
4574
12766
4576
12777
20982
20983
4603
4609
12801
4611
20993
12807
45575
29195
4631
12824
4634
4637
4638
4639
29215
12834
12835
4653
4657
12849
21044
4662
4667
12860
4670
4678
29257
45656
4706
4707
21093
21106
4731
21118
37513
12946
12948
21140
45719
4764
4767
12959
12960
12962
4782
45743
21181
4799
4800
12993
13012
4827
4831
13025
37601
29413
4844
13042
4862
4879
45840
45843
37670
4906
21294
4911
13107
13122
21318
4935
37706
13140
45919
13157
4974
29552
21368
4991
13191
13195
5008
21393
5010
13215
29606
54193
5043
29622
21432
21433
13247
13248
46023
5064
5065
5070
13265
21464
46042
13278
29664
5097
13292
46062
21488
5116
13308
46080
13322
5134
29714
5141
13346
5155
46114
13359
46127
13367
5178
29754
46141
21567
13379
37955
13390
13396
5212
5220
13413
46187
21615
13428
13430
21626
38036
13469
13474
29858
5284
21673
13484
5293
5299
21685
5302
29878
5304
13499
38080
13510
13521
29907
5341
29918
5344
13539
46308
13553
21754
5373
5378
13570
29959
38152
21769
21774
13583
5395
13588
13590
5403
29979
46366
13602
29989
13607
5419
21803
5421
29995
46382
5430
5437
5440
13638
13641
30028
5454
5456
38232
46430
5474
5482
5484
5485
13684
30083
13700
5512
13708
30092
5523
13720
13721
46493
46502
30123
5556
30134
21943
13752
5565
5573
13786
5616
13818
13822
54795
5650
5653
22040
5659
5660
5664
5665
13856
54816
5668
13865
13885
5698
22082
5700
5706
5707
13901
5723
13924
5735
13930
5739
5740
13931
13940
5758
5767
22155
5780
5781
5785
13981
13982
5793
5794
22181
54950
5800
5804
5812
46784
5829
38604
5850
38620
5860
14064
14068
5878
5881
22271
38661
55048
5897
5909
5910
5913
14111
5931
14126
14127
5940
22326
5944
22329
38712
5947
5952
46920
14156
38738
30549
5985
14192
46962
6006
46972
14210
14212
30596
14218
6035
6036
6038
47002
38817
6050
14243
30638
30644
30652
6080
38851
6093
14287
6097
47059
6101
6105
6106
6107
47073
30692
14311
22506
14322
6143
22530
38916
14349
30734
6162
6177
22566
14375
6185
22579
22591
6212
6219
6222
6225
47198
6243
14439
14445
22645
6266
14459
14460
6271
14464
6275
6282
6283
6300
22685
30877
22688
6315
6325
14524
14525
6336
6343
22728
39116
14542
22734
6370
6378
14571
6382
22784
6408
47369
22795
6415
22800
6418
14610
14612
6421
6424
22844
6461
39230
6466
22851
39240
22862
47438
6487
14679
6489
22876
6498
6503
6504
6505
14696
47463
6523
6543
14738
14741
6557
14749
6563
31140
39338
6573
6580
6588
6589
31165
55743
6595
22982
14794
14798
31190
14809
6619
14817
31207
6633
14826
6658
6659
6661
23047
6669
6673
55830
6684
31261
6686
6694
6704
6709
23106
6728
47689
6737
14936
31321
14940
31326
6754
6759
6763
14956
23155
6781
6782
23169
6804
6806
15005
55966
23200
6828
6861
23254
6872
6875
6876
15072
31459
6885
6888
23275
23277
6899
15093
6910
6911
15102
31492
6919
6923
39691
23309
31505
6933
6940
6943
6959
31535
47920
15155
23351
56136
6993
6994
31576
7001
7016
39785
39803
39807
23433
7055
7063
23448
7090
7096
48056
48058
7103
7104
23490
7107
39874
7109
7113
39881
31697
15315
7134
15330
7143
7149
15347
7159
7162
23552
7171
15373
39959
7193
7211
15412
15417
7226
48191
31818
7246
7248
15445
7266
7268
40041
7274
7279
15484
15485
40062
7296
15489
23681
7306
31885
15503
7313
7314
7317
23703
15512
31902
7328
7329
7332
15546
7366
15563
15564
15565
7377
40146
40150
7389
23774
15588
7397
7398
7414
7416
23800
7427
15621
7430
7432
7437
7449
15642
7453
15653
7463
15658
7471
15667
32052
15671
15673
7483
23870
15687
23884
7506
7508
7517
7520
15719
15724
15732
15741
40317
7562
15754
7575
32151
23966
7599
7600
23989
7607
7611
40384
40390
32202
24016
15828
7639
7644
7645
32234
15858
7668
48632
7675
40445
24065
32268
24077
7694
15898
32283
15908
7718
7722
48682
7726
15919
7728
7731
7734
7738
15931
7741
32322
7747
7752
15950
7780
7781
40550
40566
16003
7813
16013
16017
7835
16029
7840
24225
7843
7850
7857
24257
24259
7879
24284
16094
32482
7922
24317
7942
32519
24329
7954
16148
7963
24358
24367
7993
8002
8004
8009
16203
8012
8013
8014
8017
8027
16220
8041
16241
8060
16263
16275
24470
8093
24484
24493
16304
16305
16307
32691
8125
8127
8145
8157
16349
16355
16367
24559
24570
