1.000000000000000000e+00
9.678093645484949770e-01
9.650222965440357070e-01
9.437012263099219256e-01
9.411928651059086048e-01
9.216833890746933822e-01
9.207079152731326710e-01
9.202898550724637472e-01
8.890746934225195464e-01
8.890746934225195464e-01
8.883779264214046734e-01
8.812709030100334129e-01
8.812709030100334129e-01
8.811315496098104383e-01
8.804347826086956763e-01
8.802954292084727017e-01
8.793199554069118795e-01
8.786231884057971175e-01
8.613433667781493774e-01
8.579988851727982091e-01
8.471293199554068565e-01
8.288740245261984052e-01
8.252508361204012877e-01
7.895763656633222327e-01
7.894370122630992581e-01
7.865105908584169025e-01
7.863712374581939279e-01
7.863712374581939279e-01
7.643534002229654956e-01
7.628205128205127750e-01
7.614269788182831400e-01
7.612876254180601654e-01
7.562709030100334129e-01
7.557134894091416255e-01
7.519509476031215334e-01
7.501393534002229746e-01
7.498606465997770254e-01
7.488851727982163142e-01
7.435897435897436125e-01
7.428929765886287395e-01
7.423355629877369521e-01
7.420568561872910029e-01
6.709866220735786202e-01
6.687569676700111376e-01
6.644370122630992581e-01
6.601170568561872676e-01
6.598383500557413184e-01
6.591415830546265564e-01
6.584448160535116834e-01
6.576086956521739468e-01
6.564938684503901500e-01
6.559364548494983627e-01
6.542642140468227785e-01
6.541248606465998039e-01
6.537068004459308801e-01
6.525919732441471943e-01
6.521739130434782705e-01
6.514771460423633975e-01
6.505016722408026864e-01
6.499442586399107880e-01
6.493868450390190006e-01
6.491081382385730514e-01
6.488294314381271022e-01
6.486900780379041276e-01
6.486900780379041276e-01
6.155239687848383934e-01
6.155239687848383934e-01
6.100891861761427171e-01
6.089743589743589203e-01
6.060479375696766757e-01
6.050724637681159646e-01
6.050724637681159646e-01
6.014492753623188470e-01
6.013099219620958724e-01
6.010312151616499232e-01
6.007525083612039740e-01
6.003344481605351612e-01
5.996376811594202882e-01
5.957357859531772215e-01
5.933667781493868754e-01
5.933667781493868754e-01
5.891861761426978594e-01
5.767837235228540083e-01
5.684225195094759764e-01
5.674470457079152652e-01
5.666109253065775286e-01
5.631270903010033857e-01
5.603400222965440047e-01
5.600613154960980555e-01
5.117056856187290892e-01
5.104515050167224288e-01
5.094760312151616066e-01
5.091973244147157684e-01
5.089186176142698192e-01
5.086399108138238701e-01
5.083612040133779209e-01
5.075250836120401843e-01
5.069676700111482859e-01
5.018115942028985588e-01
5.005574136008918984e-01
5.001393534002229746e-01
4.942865105908584300e-01
4.934503901895206379e-01
4.926142697881828458e-01
4.917781493868450537e-01
4.910813823857302363e-01
4.896878483835005458e-01
4.896878483835005458e-01
4.891304347826087029e-01
4.881549609810479362e-01
4.873188405797101441e-01
4.867614269788183012e-01
4.864827201783723520e-01
4.863433667781493774e-01
4.839743589743589758e-01
4.831382385730211837e-01
4.824414715719063662e-01
4.824414715719063662e-01
4.824414715719063662e-01
4.811872909698996503e-01
4.804905239687848328e-01
4.788182831661092487e-01
4.738015607580824962e-01
4.738015607580824962e-01
4.736622073578595216e-01
4.690635451505016928e-01
4.690635451505016928e-01
4.671125975473801595e-01
4.662764771460423674e-01
4.662764771460423674e-01
4.579152731326644465e-01
4.574972129319955227e-01
4.573578595317725481e-01
4.531772575250835877e-01
4.531772575250835877e-01
4.502508361204013432e-01
4.227982162764771235e-01
4.212653288740245139e-01
4.209866220735786202e-01
4.208472686733556456e-01
4.197324414715719043e-01
4.195930880713489297e-01
4.194537346711259551e-01
4.181995540691192947e-01
4.177814938684503709e-01
4.176421404682274519e-01
4.165273132664437106e-01
4.117892976588628517e-01
4.088628762541806072e-01
4.081661092530657897e-01
4.077480490523968659e-01
4.030100334448160626e-01
4.027313266443701134e-01
3.974358974358974117e-01
3.971571906354515180e-01
3.968784838350055688e-01
3.957636566332218275e-01
3.957636566332218275e-01
3.956243032329989084e-01
3.925585284280936338e-01
3.921404682274247655e-01
3.915830546265328671e-01
3.900501672240802575e-01
3.879598662207358051e-01
3.847547380156075558e-01
3.839186176142697637e-01
3.793199554069119350e-01
3.780657748049052191e-01
3.779264214046823001e-01
3.777870680044593255e-01
3.762541806020067159e-01
3.744425863991081571e-01
3.538182831661092487e-01
3.522853957636566391e-01
3.520066889632106899e-01
3.520066889632106899e-01
3.520066889632106899e-01
3.520066889632106899e-01
3.520066889632106899e-01
3.514492753623188470e-01
3.514492753623188470e-01
3.508918617614270041e-01
3.507525083612040295e-01
3.497770345596432628e-01
3.476867335562987549e-01
3.475473801560758358e-01
3.469899665551839374e-01
3.447603121516165103e-01
3.415551839464883166e-01
3.369565217391304324e-01
3.369565217391304324e-01
3.355629877369007974e-01
3.345875139353400307e-01
3.341694537346711069e-01
3.304069119286510703e-01
3.302675585284280957e-01
3.298494983277591719e-01
3.239966555183946273e-01
3.235785953177257590e-01
3.234392419175027844e-01
3.207915273132664336e-01
3.192586399108138240e-01
3.166109253065774731e-01
3.161928651059086048e-01
2.997491638795986568e-01
2.950111482720178535e-01
2.931995540691192947e-01
2.931995540691192947e-01
2.931995540691192947e-01
2.931995540691192947e-01
2.929208472686733455e-01
2.895763656633221772e-01
2.895763656633221772e-01
2.890189520624303343e-01
2.888795986622073597e-01
2.886008918617614105e-01
2.886008918617614105e-01
2.867892976588628517e-01
2.867892976588628517e-01
2.866499442586399327e-01
2.866499442586399327e-01
2.866499442586399327e-01
2.859531772575250597e-01
2.722965440356744926e-01
2.717391304347825942e-01
2.685340022296544005e-01
2.683946488294314259e-01
2.683946488294314259e-01
2.676978818283166084e-01
2.566889632107023367e-01
2.566889632107023367e-01
2.562709030100334684e-01
2.561315496098104938e-01
2.547380156075808033e-01
2.545986622073578842e-01
2.541806020066889604e-01
2.408026755852842871e-01
2.381549609810479362e-01
2.377369007803790402e-01
2.345317725752508464e-01
2.343924191750278718e-01
2.343924191750278718e-01
2.332775919732441583e-01
2.329988851727982091e-01
2.329988851727982091e-01
1.998327759197324471e-01
1.991360089186176019e-01
1.991360089186176019e-01
1.989966555183946550e-01
1.956521739130434867e-01
1.938405797101449279e-01
1.921683389074693438e-01
1.921683389074693438e-01
1.921683389074693438e-01
1.914715719063545263e-01
1.914715719063545263e-01
1.899386845039018890e-01
1.899386845039018890e-01
1.895206243032329929e-01
1.895206243032329929e-01
1.895206243032329929e-01
1.895206243032329929e-01
1.885451505016722540e-01
1.885451505016722540e-01
1.885451505016722540e-01
1.885451505016722540e-01
1.885451505016722540e-01
1.875696767001114873e-01
1.874303232998885127e-01
1.868729096989966421e-01
1.868729096989966421e-01
1.868729096989966421e-01
1.863154960981047992e-01
1.850613154960981110e-01
1.850613154960981110e-01
1.825529542920847348e-01
1.825529542920847348e-01
1.825529542920847348e-01
1.818561872909698895e-01
1.814381270903009935e-01
1.814381270903009935e-01
1.814381270903009935e-01
1.814381270903009935e-01
1.814381270903009935e-01
1.814381270903009935e-01
1.768394648829431370e-01
1.768394648829431370e-01
1.768394648829431370e-01
1.755852842809364489e-01
1.697324414715719043e-01
1.697324414715719043e-01
1.697324414715719043e-01
1.697324414715719043e-01
1.697324414715719043e-01
1.697324414715719043e-01
1.697324414715719043e-01
1.697324414715719043e-01
1.697324414715719043e-01
1.697324414715719043e-01
1.697324414715719043e-01
1.690356744704570868e-01
1.690356744704570868e-01
1.690356744704570868e-01
1.688963210702341122e-01
1.688963210702341122e-01
1.676421404682274241e-01
1.676421404682274241e-01
1.676421404682274241e-01
1.676421404682274241e-01
1.676421404682274241e-01
1.622073578595317755e-01
1.567725752508361270e-01
1.567725752508361270e-01
1.551003344481605428e-01
1.551003344481605428e-01
1.551003344481605428e-01
1.551003344481605428e-01
1.551003344481605428e-01
1.551003344481605428e-01
1.551003344481605428e-01
1.551003344481605428e-01
1.551003344481605428e-01
1.551003344481605428e-01
1.539855072463768015e-01
1.525919732441471666e-01
1.525919732441471666e-01
1.506410256410256332e-01
1.506410256410256332e-01
1.505016722408026864e-01
1.498049052396878411e-01
1.493868450390189451e-01
1.491081382385730236e-01
1.491081382385730236e-01
1.421404682274247377e-01
1.378205128205128305e-01
1.378205128205128305e-01
1.378205128205128305e-01
1.378205128205128305e-01
1.378205128205128305e-01
1.378205128205128305e-01
1.378205128205128305e-01
1.378205128205128305e-01
1.376811594202898559e-01
1.376811594202898559e-01
1.376811594202898559e-01
1.376811594202898559e-01
1.353121516164994542e-01
1.353121516164994542e-01
1.326644370122631034e-01
1.280657748049052469e-01
1.280657748049052469e-01
1.280657748049052469e-01
1.280657748049052469e-01
1.270903010033444802e-01
1.270903010033444802e-01
1.270903010033444802e-01
1.268115942028985588e-01
1.261148272017837135e-01
1.259754738015607667e-01
1.194258639910813768e-01
1.194258639910813768e-01
1.194258639910813768e-01
1.194258639910813768e-01
1.063266443701226249e-01
1.063266443701226249e-01
1.060479375696767035e-01
1.047937569676700154e-01
1.047937569676700154e-01
1.047937569676700154e-01
1.035395763656633272e-01
1.035395763656633272e-01
1.001950947603121450e-01
1.001950947603121450e-01
1.001950947603121450e-01
9.963768115942028825e-02
9.963768115942028825e-02
9.935897435897435293e-02
9.754738015607580803e-02
9.754738015607580803e-02
9.754738015607580803e-02
9.754738015607580803e-02
9.420289855072463969e-02
9.253065774804905552e-02
9.253065774804905552e-02
9.253065774804905552e-02
9.253065774804905552e-02
9.253065774804905552e-02
9.225195094760312020e-02
9.225195094760312020e-02
9.225195094760312020e-02
9.225195094760312020e-02
9.225195094760312020e-02
8.918617614269788718e-02
8.918617614269788718e-02
8.918617614269788718e-02
8.918617614269788718e-02
8.918617614269788718e-02
8.876811594202899114e-02
8.876811594202899114e-02
8.876811594202899114e-02
8.835005574136009510e-02
8.835005574136009510e-02
8.249721293199553662e-02
8.249721293199553662e-02
8.249721293199553662e-02
8.249721293199553662e-02
8.249721293199553662e-02
8.249721293199553662e-02
8.249721293199553662e-02
8.249721293199553662e-02
8.110367892976588777e-02
7.594760312151616066e-02
7.594760312151616066e-02
7.594760312151616066e-02
7.427536231884057649e-02
7.427536231884057649e-02
7.427536231884057649e-02
6.563545150501672032e-02
4.682274247491638453e-02
4.682274247491638453e-02
3.678929765886287950e-02
3.330546265328874350e-02
3.330546265328874350e-02
3.316610925306577584e-02
3.316610925306577584e-02
3.316610925306577584e-02
3.316610925306577584e-02
3.316610925306577584e-02
3.023968784838350007e-02
3.023968784838350007e-02
3.023968784838350007e-02
3.023968784838350007e-02
2.828874024526198405e-02
2.828874024526198405e-02
2.605908584169453618e-02
2.605908584169453618e-02
2.605908584169453618e-02
2.605908584169453618e-02
2.605908584169453618e-02
1.741917502787068001e-02
1.741917502787068001e-02
1.741917502787068001e-02
1.741917502787068001e-02
1.741917502787068001e-02
1.741917502787068001e-02
1.741917502787068001e-02
1.741917502787068001e-02
1.741917502787068001e-02
1.741917502787068001e-02
1.741917502787068001e-02
1.741917502787068001e-02
1.741917502787068001e-02
1.741917502787068001e-02
1.741917502787068001e-02
1.741917502787068001e-02
1.741917502787068001e-02
1.741917502787068001e-02
1.741917502787068001e-02
1.741917502787068001e-02
1.741917502787068001e-02
1.741917502787068001e-02
1.741917502787068001e-02
1.741917502787068001e-02
1.741917502787068001e-02
1.741917502787068001e-02
1.741917502787068001e-02
1.741917502787068001e-02
1.741917502787068001e-02
1.505016722408026794e-02
1.505016722408026794e-02
1.505016722408026794e-02
1.505016722408026794e-02
1.505016722408026794e-02
1.505016722408026794e-02
1.505016722408026794e-02
1.505016722408026794e-02
1.505016722408026794e-02
1.505016722408026794e-02
1.505016722408026794e-02
1.505016722408026794e-02
1.505016722408026794e-02
1.505016722408026794e-02
1.505016722408026794e-02
1.505016722408026794e-02
1.505016722408026794e-02
1.505016722408026794e-02
1.505016722408026794e-02
1.505016722408026794e-02
1.505016722408026794e-02
1.491081382385730202e-02
1.491081382385730202e-02
1.491081382385730202e-02
1.491081382385730202e-02
1.491081382385730202e-02
1.491081382385730202e-02
1.491081382385730202e-02
1.491081382385730202e-02
1.491081382385730202e-02
1.491081382385730202e-02
1.491081382385730202e-02
1.491081382385730202e-02
1.491081382385730202e-02
1.491081382385730202e-02
1.491081382385730202e-02
1.491081382385730202e-02
1.491081382385730202e-02
1.491081382385730202e-02
1.491081382385730202e-02
1.491081382385730202e-02
1.491081382385730202e-02
1.491081382385730202e-02
1.491081382385730202e-02
1.491081382385730202e-02
1.491081382385730202e-02
1.491081382385730202e-02
1.491081382385730202e-02
1.491081382385730202e-02
1.491081382385730202e-02
1.491081382385730202e-02
1.491081382385730202e-02
1.491081382385730202e-02
1.491081382385730202e-02
1.491081382385730202e-02
1.491081382385730202e-02
1.491081382385730202e-02
1.491081382385730202e-02
1.491081382385730202e-02
1.491081382385730202e-02
1.491081382385730202e-02
1.491081382385730202e-02
1.491081382385730202e-02
1.491081382385730202e-02
1.491081382385730202e-02
1.491081382385730202e-02
1.491081382385730202e-02
1.491081382385730202e-02
1.491081382385730202e-02
1.491081382385730202e-02
1.491081382385730202e-02
1.491081382385730202e-02
1.491081382385730202e-02
1.491081382385730202e-02
1.491081382385730202e-02
1.491081382385730202e-02
1.491081382385730202e-02
1.491081382385730202e-02
1.491081382385730202e-02
1.491081382385730202e-02
1.491081382385730202e-02
1.491081382385730202e-02
1.491081382385730202e-02
1.491081382385730202e-02
1.491081382385730202e-02
1.491081382385730202e-02
1.491081382385730202e-02
1.491081382385730202e-02
1.491081382385730202e-02
1.491081382385730202e-02
1.491081382385730202e-02
1.491081382385730202e-02
1.491081382385730202e-02
1.491081382385730202e-02
1.491081382385730202e-02
1.491081382385730202e-02
1.491081382385730202e-02
1.491081382385730202e-02
1.491081382385730202e-02
1.491081382385730202e-02
1.491081382385730202e-02
1.491081382385730202e-02
1.491081382385730202e-02
1.491081382385730202e-02
1.491081382385730202e-02
1.491081382385730202e-02
1.491081382385730202e-02
1.491081382385730202e-02
1.491081382385730202e-02
1.491081382385730202e-02
1.491081382385730202e-02
1.491081382385730202e-02
1.491081382385730202e-02
1.491081382385730202e-02
1.491081382385730202e-02
1.491081382385730202e-02
1.491081382385730202e-02
1.491081382385730202e-02
1.491081382385730202e-02
1.491081382385730202e-02
1.491081382385730202e-02
1.491081382385730202e-02
1.491081382385730202e-02
1.491081382385730202e-02
1.491081382385730202e-02
1.491081382385730202e-02
1.491081382385730202e-02
1.491081382385730202e-02
1.491081382385730202e-02
1.491081382385730202e-02
1.491081382385730202e-02
1.491081382385730202e-02
1.491081382385730202e-02
1.491081382385730202e-02
1.491081382385730202e-02
1.491081382385730202e-02
1.491081382385730202e-02
1.491081382385730202e-02
1.491081382385730202e-02
1.491081382385730202e-02
1.491081382385730202e-02
1.491081382385730202e-02
1.491081382385730202e-02
1.491081382385730202e-02
1.491081382385730202e-02
1.491081382385730202e-02
1.491081382385730202e-02
1.491081382385730202e-02
1.491081382385730202e-02
1.491081382385730202e-02
1.491081382385730202e-02
1.491081382385730202e-02
1.491081382385730202e-02
1.491081382385730202e-02
1.491081382385730202e-02
1.491081382385730202e-02
1.491081382385730202e-02
1.491081382385730202e-02
1.491081382385730202e-02
1.491081382385730202e-02
1.491081382385730202e-02
1.491081382385730202e-02
1.491081382385730202e-02
1.491081382385730202e-02
1.491081382385730202e-02
1.491081382385730202e-02
1.491081382385730202e-02
1.491081382385730202e-02
1.491081382385730202e-02
1.491081382385730202e-02
1.491081382385730202e-02
1.491081382385730202e-02
1.491081382385730202e-02
1.491081382385730202e-02
1.491081382385730202e-02
1.491081382385730202e-02
1.491081382385730202e-02
1.491081382385730202e-02
1.491081382385730202e-02
1.491081382385730202e-02
1.491081382385730202e-02
1.491081382385730202e-02
1.491081382385730202e-02
1.491081382385730202e-02
1.491081382385730202e-02
1.491081382385730202e-02
1.491081382385730202e-02
1.491081382385730202e-02
1.491081382385730202e-02
1.491081382385730202e-02
1.491081382385730202e-02
1.491081382385730202e-02
1.491081382385730202e-02
1.491081382385730202e-02
1.491081382385730202e-02
1.491081382385730202e-02
1.491081382385730202e-02
1.491081382385730202e-02
1.491081382385730202e-02
1.491081382385730202e-02
1.491081382385730202e-02
1.491081382385730202e-02
1.491081382385730202e-02
1.491081382385730202e-02
1.491081382385730202e-02
1.491081382385730202e-02
1.491081382385730202e-02
1.491081382385730202e-02
1.491081382385730202e-02
1.491081382385730202e-02
1.491081382385730202e-02
1.491081382385730202e-02
1.491081382385730202e-02
1.491081382385730202e-02
1.491081382385730202e-02
1.491081382385730202e-02
1.491081382385730202e-02
1.491081382385730202e-02
1.491081382385730202e-02
1.491081382385730202e-02
1.491081382385730202e-02
1.491081382385730202e-02
1.491081382385730202e-02
1.491081382385730202e-02
1.491081382385730202e-02
1.491081382385730202e-02
1.491081382385730202e-02
1.491081382385730202e-02
1.491081382385730202e-02
1.491081382385730202e-02
1.491081382385730202e-02
1.491081382385730202e-02
1.491081382385730202e-02
1.491081382385730202e-02
1.491081382385730202e-02
1.491081382385730202e-02
1.491081382385730202e-02
1.491081382385730202e-02
1.491081382385730202e-02
1.491081382385730202e-02
1.491081382385730202e-02
1.491081382385730202e-02
1.491081382385730202e-02
1.491081382385730202e-02
1.491081382385730202e-02
1.491081382385730202e-02
1.491081382385730202e-02
1.491081382385730202e-02
1.491081382385730202e-02
1.491081382385730202e-02
1.491081382385730202e-02
1.491081382385730202e-02
1.491081382385730202e-02
1.491081382385730202e-02
1.491081382385730202e-02
1.491081382385730202e-02
1.491081382385730202e-02
1.491081382385730202e-02
1.491081382385730202e-02
1.491081382385730202e-02
1.491081382385730202e-02
1.491081382385730202e-02
1.491081382385730202e-02
1.491081382385730202e-02
1.491081382385730202e-02
1.491081382385730202e-02
1.491081382385730202e-02
1.491081382385730202e-02
1.491081382385730202e-02
1.491081382385730202e-02
1.491081382385730202e-02
1.491081382385730202e-02
1.491081382385730202e-02
1.491081382385730202e-02
1.491081382385730202e-02
1.491081382385730202e-02
1.491081382385730202e-02
1.491081382385730202e-02
1.491081382385730202e-02
1.491081382385730202e-02
1.491081382385730202e-02
1.491081382385730202e-02
1.491081382385730202e-02
1.491081382385730202e-02
1.491081382385730202e-02
1.491081382385730202e-02
1.491081382385730202e-02
1.491081382385730202e-02
1.491081382385730202e-02
1.491081382385730202e-02
1.491081382385730202e-02
1.491081382385730202e-02
1.491081382385730202e-02
1.491081382385730202e-02
1.491081382385730202e-02
1.491081382385730202e-02
1.491081382385730202e-02
1.491081382385730202e-02
1.491081382385730202e-02
1.491081382385730202e-02
1.491081382385730202e-02
1.491081382385730202e-02
1.491081382385730202e-02
1.491081382385730202e-02
1.491081382385730202e-02
1.491081382385730202e-02
1.491081382385730202e-02
1.491081382385730202e-02
1.491081382385730202e-02
1.491081382385730202e-02
1.491081382385730202e-02
1.491081382385730202e-02
1.491081382385730202e-02
1.491081382385730202e-02
1.491081382385730202e-02
1.491081382385730202e-02
1.491081382385730202e-02
1.491081382385730202e-02
1.491081382385730202e-02
1.491081382385730202e-02
1.491081382385730202e-02
1.491081382385730202e-02
1.491081382385730202e-02
1.491081382385730202e-02
1.491081382385730202e-02
1.491081382385730202e-02
1.491081382385730202e-02
1.491081382385730202e-02
1.491081382385730202e-02
1.491081382385730202e-02
1.491081382385730202e-02
1.491081382385730202e-02
1.491081382385730202e-02
1.491081382385730202e-02
1.491081382385730202e-02
1.491081382385730202e-02
1.491081382385730202e-02
1.491081382385730202e-02
1.491081382385730202e-02
1.491081382385730202e-02
1.491081382385730202e-02
1.491081382385730202e-02
1.491081382385730202e-02
1.491081382385730202e-02
1.491081382385730202e-02
1.491081382385730202e-02
1.491081382385730202e-02
1.491081382385730202e-02
1.491081382385730202e-02
1.491081382385730202e-02
1.491081382385730202e-02
1.491081382385730202e-02
1.491081382385730202e-02
1.491081382385730202e-02
1.491081382385730202e-02
1.491081382385730202e-02
1.491081382385730202e-02
1.491081382385730202e-02
1.491081382385730202e-02
1.491081382385730202e-02
1.491081382385730202e-02
1.491081382385730202e-02
1.491081382385730202e-02
1.491081382385730202e-02
1.491081382385730202e-02
1.491081382385730202e-02
1.491081382385730202e-02
1.491081382385730202e-02
1.491081382385730202e-02
1.491081382385730202e-02
1.491081382385730202e-02
1.491081382385730202e-02
1.491081382385730202e-02
1.491081382385730202e-02
1.491081382385730202e-02
1.491081382385730202e-02
1.491081382385730202e-02
1.491081382385730202e-02
1.491081382385730202e-02
1.477146042363433609e-02
1.477146042363433609e-02
1.477146042363433609e-02
1.477146042363433609e-02
1.477146042363433609e-02
1.477146042363433609e-02
1.477146042363433609e-02
1.477146042363433609e-02
1.477146042363433609e-02
1.477146042363433609e-02
1.477146042363433609e-02
1.477146042363433609e-02
1.477146042363433609e-02
1.477146042363433609e-02
1.477146042363433609e-02
1.477146042363433609e-02
1.477146042363433609e-02
1.477146042363433609e-02
1.477146042363433609e-02
1.477146042363433609e-02
1.477146042363433609e-02
1.477146042363433609e-02
1.477146042363433609e-02
1.477146042363433609e-02
1.477146042363433609e-02
1.477146042363433609e-02
1.477146042363433609e-02
1.477146042363433609e-02
1.477146042363433609e-02
1.477146042363433609e-02
1.477146042363433609e-02
1.477146042363433609e-02
1.477146042363433609e-02
1.477146042363433609e-02
1.477146042363433609e-02
1.477146042363433609e-02
1.477146042363433609e-02
1.477146042363433609e-02
1.477146042363433609e-02
1.477146042363433609e-02
1.477146042363433609e-02
1.477146042363433609e-02
1.477146042363433609e-02
1.477146042363433609e-02
1.477146042363433609e-02
1.477146042363433609e-02
1.477146042363433609e-02
1.477146042363433609e-02
1.477146042363433609e-02
1.477146042363433609e-02
1.477146042363433609e-02
1.477146042363433609e-02
1.477146042363433609e-02
1.477146042363433609e-02
1.477146042363433609e-02
1.477146042363433609e-02
1.477146042363433609e-02
1.477146042363433609e-02
1.477146042363433609e-02
1.477146042363433609e-02
1.477146042363433609e-02
1.477146042363433609e-02
1.477146042363433609e-02
1.477146042363433609e-02
1.477146042363433609e-02
1.477146042363433609e-02
1.477146042363433609e-02
1.477146042363433609e-02
1.477146042363433609e-02
1.477146042363433609e-02
1.477146042363433609e-02
1.477146042363433609e-02
1.477146042363433609e-02
1.477146042363433609e-02
1.477146042363433609e-02
1.477146042363433609e-02
1.477146042363433609e-02
1.477146042363433609e-02
1.477146042363433609e-02
1.477146042363433609e-02
1.477146042363433609e-02
1.477146042363433609e-02
1.477146042363433609e-02
1.477146042363433609e-02
1.477146042363433609e-02
1.477146042363433609e-02
1.477146042363433609e-02
1.477146042363433609e-02
1.477146042363433609e-02
1.477146042363433609e-02
1.477146042363433609e-02
1.477146042363433609e-02
1.477146042363433609e-02
1.477146042363433609e-02
1.477146042363433609e-02
1.477146042363433609e-02
1.477146042363433609e-02
1.477146042363433609e-02
1.477146042363433609e-02
1.477146042363433609e-02
1.477146042363433609e-02
1.477146042363433609e-02
1.477146042363433609e-02
1.477146042363433609e-02
1.477146042363433609e-02
1.477146042363433609e-02
1.477146042363433609e-02
1.477146042363433609e-02
1.477146042363433609e-02
1.477146042363433609e-02
1.477146042363433609e-02
1.477146042363433609e-02
1.477146042363433609e-02
1.477146042363433609e-02
1.477146042363433609e-02
1.477146042363433609e-02
1.477146042363433609e-02
1.421404682274247412e-02
1.421404682274247412e-02
1.421404682274247412e-02
1.421404682274247412e-02
1.421404682274247412e-02
1.421404682274247412e-02
1.421404682274247412e-02
1.421404682274247412e-02
1.421404682274247412e-02
1.421404682274247412e-02
1.421404682274247412e-02
1.421404682274247412e-02
1.421404682274247412e-02
1.421404682274247412e-02
1.421404682274247412e-02
1.421404682274247412e-02
1.421404682274247412e-02
1.421404682274247412e-02
1.421404682274247412e-02
1.421404682274247412e-02
1.421404682274247412e-02
1.421404682274247412e-02
1.421404682274247412e-02
1.421404682274247412e-02
1.421404682274247412e-02
1.421404682274247412e-02
1.421404682274247412e-02
1.421404682274247412e-02
1.421404682274247412e-02
1.421404682274247412e-02
1.421404682274247412e-02
1.421404682274247412e-02
1.421404682274247412e-02
1.421404682274247412e-02
1.421404682274247412e-02
1.421404682274247412e-02
1.421404682274247412e-02
1.421404682274247412e-02
1.421404682274247412e-02
1.421404682274247412e-02
1.421404682274247412e-02
1.421404682274247412e-02
1.421404682274247412e-02
1.421404682274247412e-02
1.421404682274247412e-02
1.421404682274247412e-02
1.421404682274247412e-02
1.421404682274247412e-02
1.421404682274247412e-02
1.421404682274247412e-02
1.421404682274247412e-02
1.421404682274247412e-02
1.421404682274247412e-02
1.421404682274247412e-02
1.421404682274247412e-02
1.421404682274247412e-02
1.421404682274247412e-02
1.421404682274247412e-02
1.421404682274247412e-02
1.421404682274247412e-02
1.421404682274247412e-02
1.421404682274247412e-02
1.421404682274247412e-02
1.421404682274247412e-02
1.421404682274247412e-02
1.421404682274247412e-02
1.421404682274247412e-02
1.421404682274247412e-02
1.421404682274247412e-02
1.421404682274247412e-02
1.421404682274247412e-02
1.421404682274247412e-02
1.421404682274247412e-02
1.421404682274247412e-02
1.421404682274247412e-02
1.421404682274247412e-02
1.421404682274247412e-02
1.421404682274247412e-02
1.421404682274247412e-02
1.421404682274247412e-02
1.421404682274247412e-02
1.421404682274247412e-02
1.421404682274247412e-02
1.421404682274247412e-02
1.421404682274247412e-02
1.421404682274247412e-02
1.421404682274247412e-02
1.421404682274247412e-02
1.421404682274247412e-02
1.421404682274247412e-02
1.421404682274247412e-02
1.421404682274247412e-02
1.421404682274247412e-02
1.421404682274247412e-02
1.421404682274247412e-02
1.421404682274247412e-02
1.421404682274247412e-02
1.421404682274247412e-02
1.421404682274247412e-02
1.421404682274247412e-02
1.421404682274247412e-02
1.421404682274247412e-02
1.421404682274247412e-02
1.421404682274247412e-02
1.421404682274247412e-02
1.421404682274247412e-02
1.421404682274247412e-02
1.421404682274247412e-02
1.421404682274247412e-02
1.421404682274247412e-02
1.421404682274247412e-02
1.421404682274247412e-02
1.421404682274247412e-02
1.421404682274247412e-02
1.421404682274247412e-02
1.421404682274247412e-02
1.421404682274247412e-02
1.421404682274247412e-02
1.421404682274247412e-02
1.421404682274247412e-02
1.421404682274247412e-02
1.421404682274247412e-02
1.421404682274247412e-02
1.421404682274247412e-02
1.421404682274247412e-02
1.421404682274247412e-02
1.421404682274247412e-02
1.421404682274247412e-02
1.421404682274247412e-02
1.421404682274247412e-02
1.421404682274247412e-02
1.421404682274247412e-02
1.421404682274247412e-02
1.421404682274247412e-02
1.421404682274247412e-02
1.421404682274247412e-02
1.421404682274247412e-02
1.421404682274247412e-02
1.421404682274247412e-02
1.421404682274247412e-02
1.421404682274247412e-02
1.421404682274247412e-02
1.421404682274247412e-02
1.421404682274247412e-02
1.421404682274247412e-02
1.421404682274247412e-02
1.421404682274247412e-02
1.421404682274247412e-02
1.421404682274247412e-02
1.421404682274247412e-02
1.421404682274247412e-02
1.421404682274247412e-02
1.421404682274247412e-02
1.421404682274247412e-02
1.421404682274247412e-02
1.421404682274247412e-02
1.421404682274247412e-02
1.421404682274247412e-02
1.421404682274247412e-02
1.421404682274247412e-02
1.421404682274247412e-02
1.421404682274247412e-02
1.421404682274247412e-02
1.421404682274247412e-02
1.421404682274247412e-02
1.421404682274247412e-02
1.421404682274247412e-02
1.421404682274247412e-02
1.421404682274247412e-02
1.268115942028985588e-02
1.268115942028985588e-02
1.268115942028985588e-02
1.268115942028985588e-02
1.268115942028985588e-02
1.268115942028985588e-02
1.268115942028985588e-02
1.268115942028985588e-02
1.268115942028985588e-02
1.268115942028985588e-02
1.268115942028985588e-02
1.268115942028985588e-02
1.268115942028985588e-02
1.268115942028985588e-02
1.268115942028985588e-02
1.268115942028985588e-02
1.268115942028985588e-02
1.268115942028985588e-02
1.268115942028985588e-02
1.268115942028985588e-02
1.268115942028985588e-02
1.268115942028985588e-02
1.268115942028985588e-02
1.268115942028985588e-02
1.268115942028985588e-02
1.268115942028985588e-02
1.268115942028985588e-02
1.268115942028985588e-02
1.268115942028985588e-02
1.268115942028985588e-02
1.268115942028985588e-02
1.268115942028985588e-02
1.268115942028985588e-02
1.268115942028985588e-02
1.268115942028985588e-02
1.268115942028985588e-02
1.268115942028985588e-02
1.268115942028985588e-02
1.268115942028985588e-02
1.268115942028985588e-02
1.268115942028985588e-02
1.254180602006688995e-02
1.254180602006688995e-02
1.254180602006688995e-02
1.212374581939799391e-02
1.212374581939799391e-02
1.212374581939799391e-02
1.212374581939799391e-02
1.212374581939799391e-02
1.114827201783723590e-02
1.114827201783723590e-02
1.114827201783723590e-02
1.114827201783723590e-02
1.114827201783723590e-02
1.114827201783723590e-02
1.114827201783723590e-02
1.114827201783723590e-02
1.114827201783723590e-02
1.114827201783723590e-02
1.114827201783723590e-02
1.114827201783723590e-02
1.114827201783723590e-02
1.114827201783723590e-02
1.114827201783723590e-02
1.114827201783723590e-02
1.114827201783723590e-02
1.114827201783723590e-02
1.114827201783723590e-02
1.114827201783723590e-02
1.114827201783723590e-02
1.114827201783723590e-02
1.114827201783723590e-02
1.114827201783723590e-02
1.114827201783723590e-02
1.114827201783723590e-02
1.114827201783723590e-02
1.114827201783723590e-02
1.114827201783723590e-02
1.114827201783723590e-02
1.114827201783723590e-02
1.114827201783723590e-02
1.114827201783723590e-02
1.114827201783723590e-02
1.114827201783723590e-02
1.114827201783723590e-02
1.114827201783723590e-02
1.114827201783723590e-02
1.114827201783723590e-02
1.100891861761426997e-02
1.100891861761426997e-02
1.100891861761426997e-02
1.100891861761426997e-02
1.100891861761426997e-02
1.100891861761426997e-02
1.100891861761426997e-02
1.100891861761426997e-02
1.100891861761426997e-02
1.100891861761426997e-02
1.100891861761426997e-02
1.100891861761426997e-02
1.100891861761426997e-02
1.100891861761426997e-02
1.100891861761426997e-02
1.100891861761426997e-02
1.100891861761426997e-02
1.100891861761426997e-02
1.100891861761426997e-02
1.100891861761426997e-02
1.100891861761426997e-02
1.100891861761426997e-02
1.100891861761426997e-02
1.100891861761426997e-02
1.100891861761426997e-02
1.100891861761426997e-02
1.100891861761426997e-02
1.100891861761426997e-02
1.100891861761426997e-02
1.100891861761426997e-02
1.100891861761426997e-02
1.100891861761426997e-02
1.100891861761426997e-02
1.100891861761426997e-02
1.100891861761426997e-02
1.100891861761426997e-02
1.100891861761426997e-02
1.100891861761426997e-02
1.100891861761426997e-02
1.100891861761426997e-02
1.100891861761426997e-02
1.100891861761426997e-02
1.100891861761426997e-02
1.100891861761426997e-02
1.100891861761426997e-02
1.100891861761426997e-02
1.100891861761426997e-02
1.100891861761426997e-02
1.100891861761426997e-02
1.100891861761426997e-02
1.100891861761426997e-02
1.100891861761426997e-02
1.100891861761426997e-02
1.100891861761426997e-02
1.100891861761426997e-02
1.100891861761426997e-02
1.100891861761426997e-02
1.100891861761426997e-02
1.100891861761426997e-02
1.100891861761426997e-02
1.100891861761426997e-02
1.100891861761426997e-02
1.100891861761426997e-02
1.100891861761426997e-02
1.100891861761426997e-02
1.100891861761426997e-02
1.100891861761426997e-02
1.100891861761426997e-02
1.100891861761426997e-02
1.100891861761426997e-02
1.100891861761426997e-02
1.100891861761426997e-02
1.100891861761426997e-02
1.100891861761426997e-02
1.100891861761426997e-02
1.100891861761426997e-02
1.100891861761426997e-02
1.100891861761426997e-02
1.100891861761426997e-02
1.100891861761426997e-02
1.100891861761426997e-02
1.100891861761426997e-02
1.100891861761426997e-02
1.100891861761426997e-02
1.100891861761426997e-02
1.100891861761426997e-02
1.100891861761426997e-02
1.100891861761426997e-02
1.100891861761426997e-02
1.100891861761426997e-02
1.100891861761426997e-02
1.100891861761426997e-02
1.003344481605351196e-02
1.003344481605351196e-02
1.003344481605351196e-02
1.003344481605351196e-02
1.003344481605351196e-02
1.003344481605351196e-02
1.003344481605351196e-02
1.003344481605351196e-02
1.003344481605351196e-02
1.003344481605351196e-02
1.003344481605351196e-02
1.003344481605351196e-02
9.754738015607580109e-03
9.754738015607580109e-03
9.754738015607580109e-03
9.754738015607580109e-03
9.754738015607580109e-03
9.754738015607580109e-03
9.754738015607580109e-03
9.754738015607580109e-03
9.754738015607580109e-03
9.754738015607580109e-03
9.754738015607580109e-03
9.754738015607580109e-03
9.754738015607580109e-03
9.754738015607580109e-03
9.754738015607580109e-03
9.754738015607580109e-03
9.754738015607580109e-03
9.754738015607580109e-03
9.754738015607580109e-03
9.754738015607580109e-03
9.754738015607580109e-03
9.754738015607580109e-03
9.754738015607580109e-03
9.754738015607580109e-03
9.754738015607580109e-03
9.754738015607580109e-03
9.754738015607580109e-03
9.754738015607580109e-03
9.754738015607580109e-03
9.754738015607580109e-03
9.754738015607580109e-03
9.754738015607580109e-03
9.754738015607580109e-03
9.754738015607580109e-03
9.754738015607580109e-03
9.754738015607580109e-03
9.754738015607580109e-03
9.754738015607580109e-03
9.754738015607580109e-03
9.754738015607580109e-03
9.754738015607580109e-03
9.754738015607580109e-03
9.754738015607580109e-03
9.754738015607580109e-03
9.754738015607580109e-03
9.754738015607580109e-03
9.754738015607580109e-03
9.754738015607580109e-03
9.754738015607580109e-03
9.754738015607580109e-03
9.754738015607580109e-03
9.754738015607580109e-03
9.754738015607580109e-03
9.754738015607580109e-03
9.754738015607580109e-03
9.754738015607580109e-03
9.754738015607580109e-03
9.754738015607580109e-03
9.754738015607580109e-03
9.754738015607580109e-03
9.754738015607580109e-03
9.754738015607580109e-03
9.754738015607580109e-03
9.754738015607580109e-03
9.754738015607580109e-03
9.754738015607580109e-03
9.754738015607580109e-03
9.754738015607580109e-03
9.754738015607580109e-03
9.754738015607580109e-03
9.754738015607580109e-03
9.476031215161649993e-03
9.476031215161649993e-03
9.476031215161649993e-03
9.476031215161649993e-03
9.476031215161649993e-03
9.476031215161649993e-03
9.476031215161649993e-03
9.476031215161649993e-03
9.476031215161649993e-03
9.476031215161649993e-03
9.476031215161649993e-03
9.476031215161649993e-03
9.476031215161649993e-03
9.476031215161649993e-03
9.476031215161649993e-03
9.476031215161649993e-03
9.476031215161649993e-03
9.476031215161649993e-03
9.476031215161649993e-03
9.476031215161649993e-03
9.057971014492753950e-03
9.057971014492753950e-03
9.057971014492753950e-03
9.057971014492753950e-03
9.057971014492753950e-03
9.057971014492753950e-03
9.057971014492753950e-03
9.057971014492753950e-03
9.057971014492753950e-03
9.057971014492753950e-03
9.057971014492753950e-03
9.057971014492753950e-03
9.057971014492753950e-03
9.057971014492753950e-03
9.057971014492753950e-03
9.057971014492753950e-03
9.057971014492753950e-03
9.057971014492753950e-03
9.057971014492753950e-03
9.057971014492753950e-03
9.057971014492753950e-03
9.057971014492753950e-03
9.057971014492753950e-03
9.057971014492753950e-03
9.057971014492753950e-03
9.057971014492753950e-03
9.057971014492753950e-03
9.057971014492753950e-03
9.057971014492753950e-03
9.057971014492753950e-03
9.057971014492753950e-03
9.057971014492753950e-03
9.057971014492753950e-03
9.057971014492753950e-03
9.057971014492753950e-03
9.057971014492753950e-03
9.057971014492753950e-03
9.057971014492753950e-03
9.057971014492753950e-03
9.057971014492753950e-03
9.057971014492753950e-03
9.057971014492753950e-03
9.057971014492753950e-03
9.057971014492753950e-03
9.057971014492753950e-03
9.057971014492753950e-03
9.057971014492753950e-03
6.688963210702341018e-03
6.688963210702341018e-03
6.688963210702341018e-03
6.688963210702341018e-03
6.688963210702341018e-03
6.688963210702341018e-03
6.688963210702341018e-03
6.688963210702341018e-03
6.688963210702341018e-03
6.688963210702341018e-03
6.688963210702341018e-03
6.688963210702341018e-03
6.688963210702341018e-03
6.688963210702341018e-03
6.688963210702341018e-03
6.688963210702341018e-03
6.688963210702341018e-03
6.688963210702341018e-03
6.688963210702341018e-03
6.688963210702341018e-03
6.688963210702341018e-03
6.688963210702341018e-03
6.688963210702341018e-03
6.688963210702341018e-03
6.688963210702341018e-03
6.688963210702341018e-03
6.688963210702341018e-03
6.688963210702341018e-03
6.688963210702341018e-03
4.180602006688963028e-03
4.180602006688963028e-03
4.180602006688963028e-03
4.180602006688963028e-03
4.180602006688963028e-03
4.180602006688963028e-03
4.180602006688963028e-03
4.180602006688963028e-03
4.180602006688963028e-03
4.180602006688963028e-03
4.180602006688963028e-03
4.180602006688963028e-03
4.180602006688963028e-03
4.180602006688963028e-03
4.180602006688963028e-03
4.180602006688963028e-03
4.180602006688963028e-03
4.180602006688963028e-03
4.180602006688963028e-03
4.180602006688963028e-03
4.180602006688963028e-03
4.180602006688963028e-03
4.180602006688963028e-03
4.180602006688963028e-03
4.180602006688963028e-03
4.180602006688963028e-03
4.180602006688963028e-03
3.065774804905239525e-03
3.065774804905239525e-03
3.065774804905239525e-03
3.065774804905239525e-03
3.065774804905239525e-03
3.065774804905239525e-03
3.065774804905239525e-03
3.065774804905239525e-03
3.065774804905239525e-03
3.065774804905239525e-03
3.065774804905239525e-03
3.065774804905239525e-03
3.065774804905239525e-03
3.065774804905239525e-03
3.065774804905239525e-03
3.065774804905239525e-03
3.065774804905239525e-03
3.065774804905239525e-03
3.065774804905239525e-03
3.065774804905239525e-03
3.065774804905239525e-03
3.065774804905239525e-03
3.065774804905239525e-03
3.065774804905239525e-03
3.065774804905239525e-03
3.065774804905239525e-03
3.065774804905239525e-03
3.065774804905239525e-03
3.065774804905239525e-03
3.065774804905239525e-03
3.065774804905239525e-03
3.065774804905239525e-03
3.065774804905239525e-03
3.065774804905239525e-03
3.065774804905239525e-03
3.065774804905239525e-03
3.065774804905239525e-03
3.065774804905239525e-03
3.065774804905239525e-03
3.065774804905239525e-03
3.065774804905239525e-03
3.065774804905239525e-03
3.065774804905239525e-03
3.065774804905239525e-03
3.065774804905239525e-03
3.065774804905239525e-03
3.065774804905239525e-03
3.065774804905239525e-03
3.065774804905239525e-03
3.065774804905239525e-03
3.065774804905239525e-03
3.065774804905239525e-03
3.065774804905239525e-03
3.065774804905239525e-03
3.065774804905239525e-03
3.065774804905239525e-03
3.065774804905239525e-03
3.065774804905239525e-03
3.065774804905239525e-03
3.065774804905239525e-03
3.065774804905239525e-03
3.065774804905239525e-03
3.065774804905239525e-03
3.065774804905239525e-03
3.065774804905239525e-03
3.065774804905239525e-03
3.065774804905239525e-03
3.065774804905239525e-03
3.065774804905239525e-03
3.065774804905239525e-03
3.065774804905239525e-03
3.065774804905239525e-03
3.065774804905239525e-03
3.065774804905239525e-03
3.065774804905239525e-03
3.065774804905239525e-03
3.065774804905239525e-03
3.065774804905239525e-03
3.065774804905239525e-03
3.065774804905239525e-03
3.065774804905239525e-03
3.065774804905239525e-03
3.065774804905239525e-03
3.065774804905239525e-03
3.065774804905239525e-03
3.065774804905239525e-03
3.065774804905239525e-03
3.065774804905239525e-03
3.065774804905239525e-03
3.065774804905239525e-03
3.065774804905239525e-03
3.065774804905239525e-03
3.065774804905239525e-03
3.065774804905239525e-03
3.065774804905239525e-03
3.065774804905239525e-03
3.065774804905239525e-03
3.065774804905239525e-03
3.065774804905239525e-03
3.065774804905239525e-03
3.065774804905239525e-03
3.065774804905239525e-03
3.065774804905239525e-03
3.065774804905239525e-03
3.065774804905239525e-03
3.065774804905239525e-03
3.065774804905239525e-03
3.065774804905239525e-03
3.065774804905239525e-03
3.065774804905239525e-03
3.065774804905239525e-03
3.065774804905239525e-03
3.065774804905239525e-03
3.065774804905239525e-03
3.065774804905239525e-03
3.065774804905239525e-03
3.065774804905239525e-03
3.065774804905239525e-03
3.065774804905239525e-03
3.065774804905239525e-03
3.065774804905239525e-03
3.065774804905239525e-03
3.065774804905239525e-03
3.065774804905239525e-03
3.065774804905239525e-03
3.065774804905239525e-03
3.065774804905239525e-03
3.065774804905239525e-03
3.065774804905239525e-03
3.065774804905239525e-03
3.065774804905239525e-03
3.065774804905239525e-03
3.065774804905239525e-03
3.065774804905239525e-03
3.065774804905239525e-03
3.065774804905239525e-03
3.065774804905239525e-03
3.065774804905239525e-03
3.065774804905239525e-03
3.065774804905239525e-03
3.065774804905239525e-03
3.065774804905239525e-03
3.065774804905239525e-03
3.065774804905239525e-03
3.065774804905239525e-03
3.065774804905239525e-03
3.065774804905239525e-03
3.065774804905239525e-03
3.065774804905239525e-03
3.065774804905239525e-03
3.065774804905239525e-03
3.065774804905239525e-03
3.065774804905239525e-03
3.065774804905239525e-03
3.065774804905239525e-03
3.065774804905239525e-03
3.065774804905239525e-03
3.065774804905239525e-03
3.065774804905239525e-03
3.065774804905239525e-03
3.065774804905239525e-03
3.065774804905239525e-03
3.065774804905239525e-03
3.065774804905239525e-03
3.065774804905239525e-03
3.065774804905239525e-03
3.065774804905239525e-03
3.065774804905239525e-03
3.065774804905239525e-03
3.065774804905239525e-03
3.065774804905239525e-03
3.065774804905239525e-03
3.065774804905239525e-03
3.065774804905239525e-03
3.065774804905239525e-03
3.065774804905239525e-03
3.065774804905239525e-03
3.065774804905239525e-03
3.065774804905239525e-03
3.065774804905239525e-03
3.065774804905239525e-03
3.065774804905239525e-03
3.065774804905239525e-03
3.065774804905239525e-03
3.065774804905239525e-03
3.065774804905239525e-03
3.065774804905239525e-03
3.065774804905239525e-03
3.065774804905239525e-03
3.065774804905239525e-03
3.065774804905239525e-03
3.065774804905239525e-03
3.065774804905239525e-03
3.065774804905239525e-03
3.065774804905239525e-03
3.065774804905239525e-03
3.065774804905239525e-03
3.065774804905239525e-03
3.065774804905239525e-03
3.065774804905239525e-03
3.065774804905239525e-03
3.065774804905239525e-03
3.065774804905239525e-03
3.065774804905239525e-03
3.065774804905239525e-03
3.065774804905239525e-03
3.065774804905239525e-03
3.065774804905239525e-03
3.065774804905239525e-03
3.065774804905239525e-03
3.065774804905239525e-03
3.065774804905239525e-03
3.065774804905239525e-03
3.065774804905239525e-03
3.065774804905239525e-03
3.065774804905239525e-03
3.065774804905239525e-03
3.065774804905239525e-03
3.065774804905239525e-03
3.065774804905239525e-03
3.065774804905239525e-03
3.065774804905239525e-03
3.065774804905239525e-03
3.065774804905239525e-03
3.065774804905239525e-03
3.065774804905239525e-03
3.065774804905239525e-03
3.065774804905239525e-03
3.065774804905239525e-03
3.065774804905239525e-03
3.065774804905239525e-03
3.065774804905239525e-03
3.065774804905239525e-03
3.065774804905239525e-03
3.065774804905239525e-03
3.065774804905239525e-03
3.065774804905239525e-03
3.065774804905239525e-03
3.065774804905239525e-03
3.065774804905239525e-03
3.065774804905239525e-03
3.065774804905239525e-03
3.065774804905239525e-03
3.065774804905239525e-03
3.065774804905239525e-03
3.065774804905239525e-03
3.065774804905239525e-03
3.065774804905239525e-03
3.065774804905239525e-03
3.065774804905239525e-03
3.065774804905239525e-03
3.065774804905239525e-03
3.065774804905239525e-03
3.065774804905239525e-03
3.065774804905239525e-03
3.065774804905239525e-03
3.065774804905239525e-03
3.065774804905239525e-03
3.065774804905239525e-03
3.065774804905239525e-03
3.065774804905239525e-03
3.065774804905239525e-03
3.065774804905239525e-03
3.065774804905239525e-03
3.065774804905239525e-03
3.065774804905239525e-03
3.065774804905239525e-03
3.065774804905239525e-03
3.065774804905239525e-03
3.065774804905239525e-03
3.065774804905239525e-03
3.065774804905239525e-03
3.065774804905239525e-03
3.065774804905239525e-03
3.065774804905239525e-03
3.065774804905239525e-03
3.065774804905239525e-03
3.065774804905239525e-03
3.065774804905239525e-03
3.065774804905239525e-03
3.065774804905239525e-03
3.065774804905239525e-03
3.065774804905239525e-03
3.065774804905239525e-03
3.065774804905239525e-03
3.065774804905239525e-03
3.065774804905239525e-03
3.065774804905239525e-03
3.065774804905239525e-03
3.065774804905239525e-03
3.065774804905239525e-03
3.065774804905239525e-03
3.065774804905239525e-03
3.065774804905239525e-03
3.065774804905239525e-03
3.065774804905239525e-03
3.065774804905239525e-03
2.926421404682274033e-03
2.926421404682274033e-03
2.926421404682274033e-03
2.926421404682274033e-03
2.926421404682274033e-03
2.926421404682274033e-03
2.926421404682274033e-03
2.926421404682274033e-03
2.926421404682274033e-03
2.926421404682274033e-03
2.926421404682274033e-03
2.926421404682274033e-03
2.926421404682274033e-03
2.926421404682274033e-03
2.926421404682274033e-03
2.926421404682274033e-03
2.926421404682274033e-03
2.926421404682274033e-03
2.926421404682274033e-03
2.926421404682274033e-03
2.926421404682274033e-03
2.926421404682274033e-03
2.926421404682274033e-03
2.926421404682274033e-03
2.926421404682274033e-03
2.926421404682274033e-03
2.926421404682274033e-03
2.926421404682274033e-03
2.926421404682274033e-03
2.926421404682274033e-03
2.926421404682274033e-03
2.926421404682274033e-03
2.926421404682274033e-03
2.926421404682274033e-03
2.926421404682274033e-03
2.926421404682274033e-03
2.926421404682274033e-03
2.926421404682274033e-03
2.926421404682274033e-03
2.926421404682274033e-03
2.926421404682274033e-03
2.926421404682274033e-03
2.926421404682274033e-03
2.926421404682274033e-03
2.926421404682274033e-03
2.926421404682274033e-03
2.926421404682274033e-03
2.926421404682274033e-03
2.926421404682274033e-03
2.926421404682274033e-03
2.926421404682274033e-03
2.926421404682274033e-03
2.926421404682274033e-03
2.926421404682274033e-03
2.926421404682274033e-03
2.926421404682274033e-03
2.926421404682274033e-03
2.926421404682274033e-03
2.926421404682274033e-03
2.926421404682274033e-03
2.926421404682274033e-03
2.926421404682274033e-03
2.926421404682274033e-03
2.926421404682274033e-03
2.926421404682274033e-03
2.926421404682274033e-03
2.926421404682274033e-03
2.926421404682274033e-03
2.926421404682274033e-03
2.926421404682274033e-03
2.926421404682274033e-03
2.926421404682274033e-03
2.926421404682274033e-03
2.926421404682274033e-03
2.926421404682274033e-03
2.926421404682274033e-03
2.926421404682274033e-03
2.926421404682274033e-03
2.926421404682274033e-03
2.926421404682274033e-03
2.926421404682274033e-03
2.926421404682274033e-03
2.926421404682274033e-03
2.926421404682274033e-03
2.926421404682274033e-03
2.926421404682274033e-03
2.926421404682274033e-03
2.926421404682274033e-03
2.926421404682274033e-03
2.926421404682274033e-03
2.926421404682274033e-03
2.926421404682274033e-03
2.926421404682274033e-03
2.926421404682274033e-03
2.926421404682274033e-03
2.926421404682274033e-03
2.926421404682274033e-03
2.926421404682274033e-03
2.926421404682274033e-03
2.926421404682274033e-03
2.926421404682274033e-03
1.950947603121516239e-03
1.950947603121516239e-03
1.950947603121516239e-03
1.950947603121516239e-03
1.950947603121516239e-03
1.950947603121516239e-03
1.950947603121516239e-03
1.950947603121516239e-03
1.950947603121516239e-03
1.950947603121516239e-03
1.950947603121516239e-03
1.950947603121516239e-03
1.950947603121516239e-03
1.950947603121516239e-03
1.950947603121516239e-03
1.950947603121516239e-03
1.950947603121516239e-03
1.950947603121516239e-03
1.950947603121516239e-03
1.950947603121516239e-03
1.950947603121516239e-03
1.950947603121516239e-03
1.950947603121516239e-03
1.950947603121516239e-03
1.950947603121516239e-03
1.950947603121516239e-03
1.950947603121516239e-03
1.950947603121516239e-03
1.950947603121516239e-03
1.950947603121516239e-03
1.950947603121516239e-03
1.950947603121516239e-03
1.950947603121516239e-03
1.950947603121516239e-03
1.950947603121516239e-03
1.950947603121516239e-03
1.950947603121516239e-03
1.950947603121516239e-03
1.950947603121516239e-03
1.950947603121516239e-03
1.950947603121516239e-03
1.950947603121516239e-03
1.950947603121516239e-03
1.950947603121516239e-03
1.950947603121516239e-03
1.950947603121516239e-03
1.950947603121516239e-03
1.950947603121516239e-03
1.950947603121516239e-03
1.950947603121516239e-03
1.950947603121516239e-03
1.950947603121516239e-03
1.950947603121516239e-03
1.950947603121516239e-03
1.950947603121516239e-03
1.950947603121516239e-03
1.950947603121516239e-03
1.950947603121516239e-03
1.950947603121516239e-03
1.950947603121516239e-03
1.950947603121516239e-03
1.950947603121516239e-03
1.950947603121516239e-03
1.950947603121516239e-03
1.950947603121516239e-03
1.950947603121516239e-03
1.950947603121516239e-03
1.950947603121516239e-03
1.950947603121516239e-03
1.950947603121516239e-03
1.950947603121516239e-03
1.950947603121516239e-03
1.950947603121516239e-03
1.950947603121516239e-03
1.950947603121516239e-03
1.950947603121516239e-03
1.950947603121516239e-03
1.950947603121516239e-03
1.950947603121516239e-03
1.950947603121516239e-03
1.950947603121516239e-03
1.950947603121516239e-03
1.950947603121516239e-03
1.950947603121516239e-03
1.950947603121516239e-03
1.950947603121516239e-03
1.950947603121516239e-03
1.950947603121516239e-03
1.950947603121516239e-03
1.950947603121516239e-03
1.950947603121516239e-03
1.950947603121516239e-03
1.950947603121516239e-03
1.950947603121516239e-03
1.950947603121516239e-03
1.950947603121516239e-03
1.950947603121516239e-03
1.950947603121516239e-03
1.950947603121516239e-03
1.950947603121516239e-03
1.950947603121516239e-03
1.950947603121516239e-03
1.950947603121516239e-03
1.950947603121516239e-03
1.950947603121516239e-03
1.950947603121516239e-03
1.950947603121516239e-03
1.950947603121516239e-03
1.950947603121516239e-03
1.950947603121516239e-03
1.950947603121516239e-03
1.950947603121516239e-03
1.950947603121516239e-03
1.950947603121516239e-03
1.950947603121516239e-03
1.950947603121516239e-03
1.950947603121516239e-03
1.950947603121516239e-03
1.950947603121516239e-03
1.950947603121516239e-03
1.950947603121516239e-03
1.950947603121516239e-03
1.950947603121516239e-03
1.950947603121516239e-03
1.950947603121516239e-03
1.950947603121516239e-03
1.950947603121516239e-03
1.950947603121516239e-03
1.950947603121516239e-03
1.950947603121516239e-03
1.950947603121516239e-03
1.950947603121516239e-03
1.950947603121516239e-03
1.950947603121516239e-03
1.950947603121516239e-03
1.950947603121516239e-03
1.950947603121516239e-03
1.950947603121516239e-03
1.950947603121516239e-03
1.950947603121516239e-03
1.950947603121516239e-03
1.950947603121516239e-03
1.950947603121516239e-03
1.950947603121516239e-03
1.950947603121516239e-03
1.950947603121516239e-03
1.950947603121516239e-03
1.950947603121516239e-03
1.950947603121516239e-03
1.950947603121516239e-03
1.950947603121516239e-03
1.950947603121516239e-03
1.950947603121516239e-03
1.950947603121516239e-03
1.950947603121516239e-03
1.950947603121516239e-03
1.950947603121516239e-03
1.950947603121516239e-03
1.950947603121516239e-03
1.950947603121516239e-03
1.950947603121516239e-03
1.950947603121516239e-03
1.950947603121516239e-03
1.950947603121516239e-03
1.950947603121516239e-03
1.950947603121516239e-03
1.950947603121516239e-03
1.950947603121516239e-03
1.950947603121516239e-03
1.950947603121516239e-03
1.950947603121516239e-03
1.950947603121516239e-03
1.950947603121516239e-03
1.950947603121516239e-03
1.950947603121516239e-03
1.950947603121516239e-03
1.950947603121516239e-03
1.950947603121516239e-03
1.950947603121516239e-03
1.950947603121516239e-03
1.950947603121516239e-03
1.950947603121516239e-03
1.950947603121516239e-03
1.950947603121516239e-03
1.950947603121516239e-03
1.950947603121516239e-03
1.950947603121516239e-03
1.950947603121516239e-03
1.950947603121516239e-03
1.950947603121516239e-03
1.950947603121516239e-03
1.950947603121516239e-03
1.950947603121516239e-03
1.950947603121516239e-03
1.950947603121516239e-03
1.950947603121516239e-03
1.950947603121516239e-03
1.950947603121516239e-03
1.950947603121516239e-03
1.950947603121516239e-03
1.950947603121516239e-03
1.950947603121516239e-03
1.950947603121516239e-03
1.950947603121516239e-03
1.950947603121516239e-03
1.950947603121516239e-03
1.950947603121516239e-03
1.950947603121516239e-03
1.950947603121516239e-03
1.950947603121516239e-03
1.950947603121516239e-03
1.950947603121516239e-03
1.950947603121516239e-03
1.950947603121516239e-03
1.950947603121516239e-03
1.950947603121516239e-03
1.950947603121516239e-03
1.950947603121516239e-03
1.950947603121516239e-03
1.950947603121516239e-03
1.950947603121516239e-03
1.950947603121516239e-03
1.950947603121516239e-03
1.950947603121516239e-03
1.950947603121516239e-03
1.950947603121516239e-03
1.950947603121516239e-03
1.950947603121516239e-03
1.950947603121516239e-03
1.950947603121516239e-03
1.950947603121516239e-03
1.950947603121516239e-03
1.950947603121516239e-03
1.950947603121516239e-03
1.950947603121516239e-03
1.950947603121516239e-03
1.950947603121516239e-03
1.950947603121516239e-03
1.950947603121516239e-03
1.950947603121516239e-03
1.950947603121516239e-03
1.950947603121516239e-03
1.950947603121516239e-03
1.950947603121516239e-03
1.950947603121516239e-03
1.950947603121516239e-03
1.950947603121516239e-03
1.950947603121516239e-03
1.950947603121516239e-03
1.950947603121516239e-03
1.950947603121516239e-03
1.950947603121516239e-03
1.950947603121516239e-03
1.950947603121516239e-03
1.950947603121516239e-03
1.950947603121516239e-03
1.950947603121516239e-03
1.950947603121516239e-03
1.950947603121516239e-03
1.950947603121516239e-03
1.950947603121516239e-03
1.950947603121516239e-03
1.950947603121516239e-03
1.950947603121516239e-03
1.950947603121516239e-03
1.950947603121516239e-03
1.950947603121516239e-03
1.950947603121516239e-03
1.950947603121516239e-03
1.950947603121516239e-03
1.950947603121516239e-03
1.950947603121516239e-03
1.950947603121516239e-03
1.950947603121516239e-03
1.950947603121516239e-03
1.950947603121516239e-03
1.950947603121516239e-03
1.950947603121516239e-03
1.950947603121516239e-03
1.950947603121516239e-03
1.950947603121516239e-03
1.950947603121516239e-03
1.950947603121516239e-03
1.950947603121516239e-03
1.950947603121516239e-03
1.950947603121516239e-03
1.950947603121516239e-03
1.950947603121516239e-03
1.950947603121516239e-03
1.950947603121516239e-03
1.950947603121516239e-03
1.950947603121516239e-03
1.950947603121516239e-03
1.950947603121516239e-03
1.950947603121516239e-03
1.950947603121516239e-03
1.950947603121516239e-03
1.950947603121516239e-03
1.950947603121516239e-03
1.950947603121516239e-03
1.950947603121516239e-03
1.950947603121516239e-03
1.950947603121516239e-03
1.950947603121516239e-03
1.950947603121516239e-03
1.950947603121516239e-03
1.950947603121516239e-03
1.950947603121516239e-03
1.950947603121516239e-03
1.950947603121516239e-03
1.950947603121516239e-03
1.950947603121516239e-03
1.950947603121516239e-03
1.950947603121516239e-03
1.950947603121516239e-03
1.950947603121516239e-03
1.950947603121516239e-03
1.950947603121516239e-03
1.950947603121516239e-03
1.950947603121516239e-03
1.950947603121516239e-03
1.950947603121516239e-03
1.950947603121516239e-03
1.950947603121516239e-03
1.950947603121516239e-03
1.950947603121516239e-03
1.950947603121516239e-03
1.950947603121516239e-03
1.950947603121516239e-03
1.950947603121516239e-03
1.950947603121516239e-03
1.950947603121516239e-03
1.950947603121516239e-03
1.950947603121516239e-03
1.950947603121516239e-03
1.950947603121516239e-03
1.950947603121516239e-03
1.950947603121516239e-03
1.950947603121516239e-03
1.950947603121516239e-03
1.950947603121516239e-03
1.950947603121516239e-03
1.950947603121516239e-03
1.950947603121516239e-03
1.950947603121516239e-03
1.950947603121516239e-03
1.950947603121516239e-03
1.950947603121516239e-03
1.950947603121516239e-03
1.950947603121516239e-03
1.950947603121516239e-03
1.950947603121516239e-03
1.950947603121516239e-03
1.950947603121516239e-03
1.950947603121516239e-03
1.950947603121516239e-03
1.950947603121516239e-03
1.950947603121516239e-03
1.950947603121516239e-03
1.950947603121516239e-03
1.950947603121516239e-03
1.950947603121516239e-03
1.950947603121516239e-03
1.950947603121516239e-03
1.950947603121516239e-03
1.950947603121516239e-03
1.950947603121516239e-03
1.950947603121516239e-03
1.950947603121516239e-03
1.950947603121516239e-03
1.950947603121516239e-03
1.950947603121516239e-03
1.950947603121516239e-03
1.950947603121516239e-03
1.950947603121516239e-03
1.950947603121516239e-03
1.950947603121516239e-03
1.950947603121516239e-03
1.950947603121516239e-03
1.950947603121516239e-03
1.950947603121516239e-03
1.950947603121516239e-03
1.950947603121516239e-03
1.950947603121516239e-03
1.950947603121516239e-03
1.950947603121516239e-03
1.950947603121516239e-03
1.950947603121516239e-03
1.950947603121516239e-03
1.950947603121516239e-03
1.950947603121516239e-03
1.950947603121516239e-03
1.950947603121516239e-03
1.950947603121516239e-03
1.950947603121516239e-03
1.950947603121516239e-03
1.950947603121516239e-03
1.950947603121516239e-03
1.950947603121516239e-03
1.950947603121516239e-03
1.950947603121516239e-03
1.950947603121516239e-03
1.950947603121516239e-03
1.950947603121516239e-03
1.950947603121516239e-03
1.950947603121516239e-03
1.950947603121516239e-03
1.950947603121516239e-03
1.811594202898550747e-03
1.811594202898550747e-03
1.811594202898550747e-03
1.811594202898550747e-03
1.811594202898550747e-03
1.811594202898550747e-03
1.811594202898550747e-03
1.811594202898550747e-03
1.811594202898550747e-03
1.811594202898550747e-03
1.811594202898550747e-03
1.811594202898550747e-03
1.811594202898550747e-03
1.811594202898550747e-03
1.811594202898550747e-03
1.811594202898550747e-03
1.811594202898550747e-03
1.811594202898550747e-03
1.811594202898550747e-03
1.811594202898550747e-03
1.811594202898550747e-03
1.811594202898550747e-03
1.811594202898550747e-03
1.811594202898550747e-03
1.811594202898550747e-03
1.811594202898550747e-03
1.811594202898550747e-03
1.811594202898550747e-03
1.811594202898550747e-03
1.811594202898550747e-03
1.811594202898550747e-03
1.811594202898550747e-03
1.811594202898550747e-03
1.811594202898550747e-03
1.811594202898550747e-03
1.811594202898550747e-03
1.811594202898550747e-03
1.811594202898550747e-03
1.811594202898550747e-03
1.811594202898550747e-03
1.811594202898550747e-03
1.811594202898550747e-03
1.811594202898550747e-03
1.811594202898550747e-03
1.811594202898550747e-03
1.811594202898550747e-03
1.811594202898550747e-03
1.811594202898550747e-03
1.811594202898550747e-03
1.811594202898550747e-03
1.811594202898550747e-03
1.811594202898550747e-03
1.811594202898550747e-03
1.811594202898550747e-03
1.811594202898550747e-03
1.811594202898550747e-03
1.811594202898550747e-03
1.811594202898550747e-03
1.811594202898550747e-03
1.811594202898550747e-03
1.811594202898550747e-03
1.811594202898550747e-03
1.811594202898550747e-03
1.811594202898550747e-03
1.811594202898550747e-03
1.811594202898550747e-03
1.811594202898550747e-03
1.811594202898550747e-03
1.811594202898550747e-03
1.811594202898550747e-03
1.811594202898550747e-03
1.811594202898550747e-03
1.811594202898550747e-03
1.811594202898550747e-03
1.811594202898550747e-03
1.811594202898550747e-03
1.811594202898550747e-03
1.811594202898550747e-03
1.811594202898550747e-03
1.811594202898550747e-03
1.811594202898550747e-03
1.811594202898550747e-03
1.811594202898550747e-03
1.811594202898550747e-03
1.811594202898550747e-03
1.811594202898550747e-03
1.811594202898550747e-03
1.811594202898550747e-03
1.811594202898550747e-03
1.811594202898550747e-03
1.811594202898550747e-03
1.811594202898550747e-03
1.811594202898550747e-03
1.811594202898550747e-03
1.811594202898550747e-03
1.811594202898550747e-03
1.811594202898550747e-03
1.811594202898550747e-03
1.811594202898550747e-03
1.811594202898550747e-03
1.811594202898550747e-03
1.811594202898550747e-03
1.811594202898550747e-03
1.811594202898550747e-03
1.811594202898550747e-03
1.811594202898550747e-03
1.811594202898550747e-03
1.811594202898550747e-03
1.811594202898550747e-03
1.811594202898550747e-03
1.811594202898550747e-03
1.811594202898550747e-03
1.811594202898550747e-03
1.811594202898550747e-03
1.811594202898550747e-03
1.811594202898550747e-03
1.811594202898550747e-03
1.811594202898550747e-03
1.811594202898550747e-03
1.811594202898550747e-03
1.532887402452619762e-03
1.532887402452619762e-03
1.532887402452619762e-03
1.532887402452619762e-03
1.532887402452619762e-03
1.532887402452619762e-03
1.532887402452619762e-03
1.532887402452619762e-03
1.532887402452619762e-03
1.532887402452619762e-03
1.532887402452619762e-03
1.532887402452619762e-03
1.532887402452619762e-03
1.532887402452619762e-03
1.532887402452619762e-03
1.532887402452619762e-03
1.532887402452619762e-03
1.532887402452619762e-03
1.532887402452619762e-03
1.532887402452619762e-03
1.532887402452619762e-03
1.532887402452619762e-03
1.532887402452619762e-03
1.532887402452619762e-03
1.532887402452619762e-03
1.532887402452619762e-03
1.532887402452619762e-03
1.532887402452619762e-03
1.532887402452619762e-03
1.532887402452619762e-03
1.532887402452619762e-03
1.532887402452619762e-03
1.532887402452619762e-03
1.532887402452619762e-03
1.532887402452619762e-03
1.532887402452619762e-03
1.532887402452619762e-03
1.532887402452619762e-03
1.532887402452619762e-03
1.532887402452619762e-03
1.532887402452619762e-03
1.532887402452619762e-03
1.532887402452619762e-03
1.532887402452619762e-03
1.532887402452619762e-03
1.532887402452619762e-03
1.532887402452619762e-03
1.532887402452619762e-03
1.532887402452619762e-03
1.532887402452619762e-03
1.532887402452619762e-03
1.532887402452619762e-03
1.532887402452619762e-03
1.532887402452619762e-03
1.532887402452619762e-03
1.532887402452619762e-03
1.532887402452619762e-03
1.532887402452619762e-03
1.532887402452619762e-03
1.532887402452619762e-03
1.532887402452619762e-03
1.532887402452619762e-03
1.532887402452619762e-03
1.532887402452619762e-03
1.532887402452619762e-03
1.532887402452619762e-03
1.532887402452619762e-03
1.532887402452619762e-03
1.532887402452619762e-03
1.532887402452619762e-03
1.532887402452619762e-03
1.532887402452619762e-03
1.532887402452619762e-03
1.532887402452619762e-03
1.532887402452619762e-03
1.532887402452619762e-03
1.532887402452619762e-03
1.532887402452619762e-03
1.532887402452619762e-03
1.532887402452619762e-03
1.532887402452619762e-03
1.532887402452619762e-03
1.532887402452619762e-03
1.532887402452619762e-03
1.532887402452619762e-03
1.532887402452619762e-03
1.532887402452619762e-03
1.532887402452619762e-03
1.532887402452619762e-03
1.532887402452619762e-03
1.532887402452619762e-03
1.532887402452619762e-03
1.532887402452619762e-03
1.532887402452619762e-03
1.532887402452619762e-03
1.532887402452619762e-03
1.532887402452619762e-03
1.532887402452619762e-03
1.532887402452619762e-03
1.532887402452619762e-03
1.532887402452619762e-03
1.532887402452619762e-03
1.532887402452619762e-03
1.532887402452619762e-03
1.532887402452619762e-03
1.532887402452619762e-03
1.532887402452619762e-03
1.532887402452619762e-03
1.532887402452619762e-03
1.532887402452619762e-03
1.532887402452619762e-03
1.532887402452619762e-03
1.532887402452619762e-03
1.532887402452619762e-03
1.532887402452619762e-03
1.532887402452619762e-03
1.532887402452619762e-03
1.532887402452619762e-03
1.532887402452619762e-03
1.532887402452619762e-03
1.532887402452619762e-03
1.532887402452619762e-03
1.532887402452619762e-03
1.532887402452619762e-03
1.532887402452619762e-03
1.532887402452619762e-03
1.532887402452619762e-03
1.532887402452619762e-03
1.532887402452619762e-03
1.532887402452619762e-03
1.532887402452619762e-03
1.532887402452619762e-03
1.532887402452619762e-03
1.532887402452619762e-03
1.532887402452619762e-03
1.532887402452619762e-03
1.532887402452619762e-03
1.532887402452619762e-03
1.532887402452619762e-03
1.532887402452619762e-03
1.532887402452619762e-03
1.532887402452619762e-03
1.532887402452619762e-03
1.532887402452619762e-03
1.532887402452619762e-03
1.532887402452619762e-03
1.532887402452619762e-03
1.532887402452619762e-03
1.532887402452619762e-03
1.532887402452619762e-03
1.532887402452619762e-03
1.532887402452619762e-03
1.532887402452619762e-03
1.393534002229654487e-03
1.393534002229654487e-03
1.393534002229654487e-03
1.393534002229654487e-03
1.393534002229654487e-03
1.393534002229654487e-03
1.393534002229654487e-03
1.393534002229654487e-03
1.393534002229654487e-03
1.393534002229654487e-03
1.393534002229654487e-03
1.393534002229654487e-03
1.393534002229654487e-03
1.393534002229654487e-03
1.393534002229654487e-03
1.393534002229654487e-03
1.393534002229654487e-03
1.393534002229654487e-03
1.393534002229654487e-03
1.393534002229654487e-03
1.393534002229654487e-03
1.393534002229654487e-03
1.393534002229654487e-03
1.393534002229654487e-03
1.393534002229654487e-03
1.393534002229654487e-03
1.393534002229654487e-03
1.393534002229654487e-03
1.393534002229654487e-03
1.393534002229654487e-03
1.393534002229654487e-03
1.393534002229654487e-03
1.393534002229654487e-03
1.393534002229654487e-03
1.393534002229654487e-03
1.393534002229654487e-03
1.393534002229654487e-03
1.393534002229654487e-03
1.393534002229654487e-03
1.393534002229654487e-03
1.393534002229654487e-03
1.393534002229654487e-03
1.393534002229654487e-03
1.393534002229654487e-03
1.393534002229654487e-03
1.393534002229654487e-03
1.393534002229654487e-03
1.393534002229654487e-03
1.393534002229654487e-03
1.393534002229654487e-03
1.393534002229654487e-03
1.393534002229654487e-03
1.393534002229654487e-03
1.393534002229654487e-03
1.393534002229654487e-03
1.393534002229654487e-03
1.393534002229654487e-03
1.393534002229654487e-03
1.393534002229654487e-03
1.393534002229654487e-03
1.393534002229654487e-03
1.393534002229654487e-03
1.393534002229654487e-03
1.393534002229654487e-03
1.393534002229654487e-03
1.393534002229654487e-03
1.393534002229654487e-03
1.393534002229654487e-03
1.393534002229654487e-03
1.393534002229654487e-03
1.393534002229654487e-03
1.393534002229654487e-03
1.393534002229654487e-03
1.393534002229654487e-03
1.393534002229654487e-03
1.393534002229654487e-03
1.393534002229654487e-03
1.393534002229654487e-03
1.393534002229654487e-03
1.393534002229654487e-03
1.393534002229654487e-03
1.393534002229654487e-03
1.393534002229654487e-03
1.393534002229654487e-03
1.393534002229654487e-03
1.393534002229654487e-03
1.393534002229654487e-03
1.393534002229654487e-03
1.393534002229654487e-03
1.393534002229654487e-03
1.393534002229654487e-03
1.393534002229654487e-03
1.393534002229654487e-03
1.393534002229654487e-03
1.393534002229654487e-03
1.393534002229654487e-03
1.393534002229654487e-03
1.393534002229654487e-03
1.393534002229654487e-03
1.393534002229654487e-03
1.393534002229654487e-03
1.393534002229654487e-03
1.393534002229654487e-03
1.393534002229654487e-03
1.393534002229654487e-03
1.393534002229654487e-03
1.393534002229654487e-03
1.393534002229654487e-03
1.393534002229654487e-03
1.393534002229654487e-03
1.393534002229654487e-03
1.393534002229654487e-03
1.393534002229654487e-03
1.393534002229654487e-03
1.393534002229654487e-03
1.393534002229654487e-03
1.393534002229654487e-03
1.393534002229654487e-03
1.393534002229654487e-03
1.393534002229654487e-03
1.393534002229654487e-03
1.393534002229654487e-03
1.393534002229654487e-03
1.393534002229654487e-03
1.393534002229654487e-03
1.393534002229654487e-03
1.393534002229654487e-03
1.393534002229654487e-03
1.393534002229654487e-03
1.393534002229654487e-03
1.393534002229654487e-03
1.393534002229654487e-03
1.393534002229654487e-03
1.393534002229654487e-03
1.393534002229654487e-03
1.393534002229654487e-03
1.393534002229654487e-03
1.393534002229654487e-03
1.393534002229654487e-03
1.393534002229654487e-03
1.393534002229654487e-03
1.393534002229654487e-03
1.393534002229654487e-03
1.393534002229654487e-03
1.393534002229654487e-03
1.393534002229654487e-03
1.393534002229654487e-03
1.393534002229654487e-03
1.393534002229654487e-03
1.393534002229654487e-03
1.393534002229654487e-03
1.393534002229654487e-03
1.393534002229654487e-03
1.393534002229654487e-03
1.254180602006688995e-03
1.254180602006688995e-03
1.254180602006688995e-03
1.254180602006688995e-03
1.254180602006688995e-03
1.254180602006688995e-03
1.254180602006688995e-03
