1.000000000000000000e+00
9.977728285077951398e-01
9.910913140311804481e-01
9.866369710467706167e-01
9.688195991091314019e-01
9.621380846325167102e-01
9.599109131403118500e-01
9.576837416481068788e-01
9.510022271714921871e-01
9.465478841870823556e-01
9.443207126948774954e-01
9.376391982182628038e-01
9.354120267260579435e-01
9.331848552338529723e-01
9.198218262806235890e-01
9.086859688195990659e-01
9.042316258351893454e-01
8.975501113585746538e-01
8.930957683741648223e-01
8.886414253897549909e-01
8.841870824053451594e-01
8.530066815144765613e-01
8.485523385300668409e-01
8.307349665924276261e-01
8.195991091314031030e-01
8.106904231625835511e-01
8.084632516703785798e-01
7.884187082405345048e-01
7.416481069042316632e-01
7.371937639198218317e-01
7.305122494432071401e-01
6.993318485523385419e-01
6.881959910913140188e-01
6.748329621380846355e-01
6.236080178173719624e-01
5.968819599109131957e-01
5.634743875278396263e-01
5.567928730512249347e-01
5.256124721603563366e-01
5.144766146993318134e-01
5.033407572383074013e-01
4.988864142538975699e-01
4.832962138084632708e-01
4.766146993318485792e-01
4.743875278396436634e-01
4.721603563474387477e-01
4.677060133630289718e-01
4.632516703786191403e-01
4.610244988864142801e-01
4.543429844097995329e-01
4.543429844097995329e-01
4.543429844097995329e-01
4.476614699331848413e-01
4.432071269487750653e-01
4.432071269487750653e-01
4.432071269487750653e-01
3.986636971046770839e-01
3.964365256124721681e-01
3.942093541202672524e-01
3.942093541202672524e-01
3.942093541202672524e-01
3.741648106904231774e-01
3.741648106904231774e-01
3.251670378619153645e-01
2.783964365256124673e-01
2.761692650334075516e-01
2.694877505567928599e-01
2.694877505567928599e-01
2.694877505567928599e-01
2.694877505567928599e-01
2.694877505567928599e-01
2.650334075723830840e-01
6.904231625835188790e-02
6.904231625835188790e-02
6.904231625835188790e-02
6.904231625835188790e-02
3.563474387527839488e-02
3.563474387527839488e-02
3.563474387527839488e-02
3.563474387527839488e-02
3.563474387527839488e-02
3.563474387527839488e-02
3.563474387527839488e-02
3.563474387527839488e-02
3.563474387527839488e-02
3.340757238307349997e-02
3.340757238307349997e-02
3.340757238307349997e-02
3.340757238307349997e-02
2.004454342984409929e-02
2.004454342984409929e-02
2.004454342984409929e-02
2.004454342984409929e-02
2.004454342984409929e-02
2.004454342984409929e-02
2.004454342984409929e-02
2.004454342984409929e-02
2.004454342984409929e-02
2.004454342984409929e-02
2.004454342984409929e-02
2.004454342984409929e-02
2.004454342984409929e-02
2.004454342984409929e-02
2.004454342984409929e-02
2.004454342984409929e-02
2.004454342984409929e-02
2.004454342984409929e-02
1.336302895322939895e-02
1.336302895322939895e-02
1.336302895322939895e-02
1.336302895322939895e-02
1.336302895322939895e-02
1.336302895322939895e-02
1.336302895322939895e-02
1.336302895322939895e-02
1.336302895322939895e-02
1.336302895322939895e-02
1.336302895322939895e-02
1.336302895322939895e-02
1.336302895322939895e-02
1.336302895322939895e-02
1.336302895322939895e-02
1.336302895322939895e-02
1.336302895322939895e-02
1.336302895322939895e-02
1.336302895322939895e-02
1.336302895322939895e-02
1.336302895322939895e-02
1.336302895322939895e-02
1.336302895322939895e-02
1.336302895322939895e-02
1.336302895322939895e-02
1.336302895322939895e-02
1.113585746102449883e-02
1.113585746102449883e-02
1.113585746102449883e-02
1.113585746102449883e-02
1.113585746102449883e-02
1.113585746102449883e-02
1.113585746102449883e-02
1.113585746102449883e-02
1.113585746102449883e-02
1.113585746102449883e-02
1.113585746102449883e-02
1.113585746102449883e-02
1.113585746102449883e-02
1.113585746102449883e-02
1.113585746102449883e-02
8.908685968819598719e-03
8.908685968819598719e-03
8.908685968819598719e-03
8.908685968819598719e-03
8.908685968819598719e-03
8.908685968819598719e-03
8.908685968819598719e-03
8.908685968819598719e-03
8.908685968819598719e-03
8.908685968819598719e-03
8.908685968819598719e-03
8.908685968819598719e-03
8.908685968819598719e-03
8.908685968819598719e-03
8.908685968819598719e-03
8.908685968819598719e-03
8.908685968819598719e-03
8.908685968819598719e-03
8.908685968819598719e-03
8.908685968819598719e-03
8.908685968819598719e-03
8.908685968819598719e-03
6.681514476614699473e-03
6.681514476614699473e-03
6.681514476614699473e-03
6.681514476614699473e-03
6.681514476614699473e-03
6.681514476614699473e-03
6.681514476614699473e-03
6.681514476614699473e-03
6.681514476614699473e-03
6.681514476614699473e-03
6.681514476614699473e-03
6.681514476614699473e-03
6.681514476614699473e-03
6.681514476614699473e-03
6.681514476614699473e-03
6.681514476614699473e-03
6.681514476614699473e-03
6.681514476614699473e-03
6.681514476614699473e-03
6.681514476614699473e-03
6.681514476614699473e-03
6.681514476614699473e-03
6.681514476614699473e-03
6.681514476614699473e-03
6.681514476614699473e-03
6.681514476614699473e-03
6.681514476614699473e-03
6.681514476614699473e-03
6.681514476614699473e-03
6.681514476614699473e-03
6.681514476614699473e-03
6.681514476614699473e-03
6.681514476614699473e-03
6.681514476614699473e-03
6.681514476614699473e-03
6.681514476614699473e-03
6.681514476614699473e-03
4.454342984409799359e-03
4.454342984409799359e-03
4.454342984409799359e-03
4.454342984409799359e-03
4.454342984409799359e-03
4.454342984409799359e-03
4.454342984409799359e-03
4.454342984409799359e-03
4.454342984409799359e-03
4.454342984409799359e-03
4.454342984409799359e-03
4.454342984409799359e-03
4.454342984409799359e-03
4.454342984409799359e-03
4.454342984409799359e-03
4.454342984409799359e-03
4.454342984409799359e-03
4.454342984409799359e-03
4.454342984409799359e-03
4.454342984409799359e-03
4.454342984409799359e-03
4.454342984409799359e-03
4.454342984409799359e-03
4.454342984409799359e-03
4.454342984409799359e-03
4.454342984409799359e-03
4.454342984409799359e-03
4.454342984409799359e-03
4.454342984409799359e-03
