1999
17
7172
5853
1089
137
445
4744
3867
5993
818
4348
794
77
5160
3716
9937
457
9963
23
29
130
7256
2975
2805
2849
171
39
934
4334
628
1787
201
4060
88
3874
4109
2562
810
101
771
3397
2271
2851
2184
3793
119
4530
26
4715
2872
809
439
58
353
931
1387
9667
55
811
1681
1168
282
3125
780
6037
2817
348
71
2630
2401
8445
2730
702
291
3934
227
1421
3854
74
1431
1141
6435
1435
1412
148
987
3762
238
208
54
2783
591
12767
10122
1325
8647
2906
986
5159
3839
2781
123
5769
1770
10369
205
933
83
89
461
108
3833
756
2484
8199
3864
3898
6052
637
792
36
3524
2336
9
428
1482
277
5400
1388
3015
2832
6198
7088
3892
5579
819
4693
216
2216
5537
2749
1487
528
11582
2109
182
9854
2248
3806
6371
870
839
8629
311
3967
751
4974
4862
1458
4448
2922
1409
1464
11529
87
3862
6405
4248
218
2879
3818
2449
4783
6469
2811
891
6355
4354
7354
2852
5290
2468
11459
183
131
1703
2657
384
7870
1074
5928
3875
4541
5879
4638
1389
8502
510
7
824
10377
755
5473
147
5373
4787
195
431
1375
739
107
5988
1612
4254
4108
2042
5184
694
4047
613
772
1862
9090
1866
3872
194
13377
3402
391
2545
1677
10123
7102
2804
3391
746
2295
1031
273
4247
1056
3677
9404
10130
2839
4418
3278
240
242
5702
4526
4100
3914
9978
430
5454
2060
14669
156
283
4406
3868
803
317
2868
2035
3890
3831
231
605
1520
748
2850
3378
1452
863
4121
93
667
1494
351
880
16249
3812
6704
10092
1408
665
1044
307
470
279
947
5435
158
124
57
1783
4282
6483
1049
139
197
429
578
4804
1473
807
1068
749
261
732
629
243
522
3706
278
5299
511
7568
3847
3805
4139
3683
10852
2952
202
3869
6973
3478
4561
3020
3761
3693
1803
850
762
1535
211
2176
5211
1433
674
988
4215
3390
3803
5374
515
852
3096
896
567
2876
67
6271
4151
2833
925
487
2146
4809
4521
225
3794
1417
8671
902
806
3899
5598
3479
109
15
4514
3703
761
329
153
207
1800
4706
3433
8968
1980
957
679
478
452
1043
2875
3943
212
10048
2002
4020
2651
8619
9962
10070
4350
97
422
2994
4029
215
82
3991
1981
5823
2728
2725
2724
4595
414
60
5196
4120
3497
3859
1524
599
415
189
1404
673
1529
1402
3799
5641
2163
5240
6100
3362
3121
5900
8652
699
1767
561
1682
497
657
10126
3442
1480
1156
2769
4659
3293
3877
3384
365
45
767
435
2793
1356
47
4015
6690
299
407
3999
1406
843
1938
3039
3809
3064
3707
1522
2497
3679
448
337
1978
4848
1655
2235
4276
6068
482
2714
1423
1440
4295
406
7174
5112
6533
2762
1875
733
4303
3837
4165
5877
499
973
6308
1673
6990
4739
1037
731
1680
3979
3829
5230
4714
5279
3700
259
6349
5306
1088
11620
410
2064
5673
8047
1912
222
357
2680
585
458
1531
2754
5864
2369
2653
1835
785
3757
961
547
5069
3997
573
689
2983
442
1608
1851
248
594
3002
8428
8
4440
1445
2977
2374
2641
1457
1823
568
3066
617
237
893
112
3925
8269
338
6746
4216
79
641
3797
2246
220
1779
705
161
4016
1561
6854
5801
4409
325
766
2299
4941
388
1466
967
6203
4601
531
90
5237
3645
2873
103
5581
3792
2576
3753
3772
2855
8343
3
960
30
1881
3130
2319
10
4889
1708
7079
6838
169
790
2890
2111
953
4720
3871
621
859
600
203
636
6132
343
5071
1082
6992
4931
326
1041
3811
3984
1109
4148
4142
4134
1752
908
9082
7731
3804
4136
10127
693
3752
3060
3322
6085
3468
3637
3946
4357
10125
264
2763
4813
3704
3876
254
6093
2834
3959
897
8030
3493
4738
305
672
1968
2865
2828
6904
10129
7142
602
3123
801
10440
3274
449
4816
206
8953
3169
2077
3963
3680
3913
1459
8412
2472
143
160
363
3244
187
3431
3819
4853
8586
3631
3684
871
7203
588
4123
3198
2027
2885
6436
4300
443
4302
791
2824
2869
3927
3055
4576
5470
4261
7820
146
2894
2535
375
4119
1829
3639
2877
3824
2416
10384
1693
3701
3211
3926
2673
713
383
466
7192
179
1953
1726
1832
1967
7370
309
659
4373
5781
7162
4954
3810
3905
1890
833
2351
4564
3702
3021
2904
2916
507
3756
4407
876
8468
2778
5156
563
500
3855
2910
51
911
1955
10463
9425
327
2755
6364
486
41
2915
3858
297
814
2361
255
114
2927
168
4116
163
5512
1957
110
3257
6598
5921
4172
69
4217
456
631
752
0
368
684
4043
12499
4013
559
274
1614
1618
4079
2107
919
2912
3093
390
2878
2179
777
16349
5366
675
3275
2132
272
765
8712
6692
834
2280
4781
862
72
1395
1416
2776
1095
990
3412
9865
2991
471
523
3104
4981
1933
820
4367
490
3361
788
3079
1009
1806
872
1392
38
167
1802
6834
4802
2567
2999
1046
550
6496
4152
98
2465
4112
3161
6445
582
223
593
6185
2854
3832
606
408
8951
3740
1162
2759
7383
3437
3826
5101
10228
4145
4459
3037
3603
230
764
488
210
904
3231
2087
304
7722
691
2264
1874
7017
2821
3558
8504
3743
4170
3971
4057
3335
5305
3835
5102
3906
5822
2874
4278
5086
9272
2960
4517
8684
362
8632
2814
3842
3681
6620
706
2614
2988
2696
4587
3840
138
3993
3987
838
4349
2615
3570
1722
921
3031
1995
4987
3122
2985
7952
5209
11
2624
4017
800
6760
14195
1086
1952
7855
324
292
1755
1716
176
5424
438
3760
3976
4991
1054
747
8042
7783
4610
4092
4011
4660
180
3551
4256
4849
3801
2807
9277
6896
4067
1372
4488
868
120
2322
8374
3610
763
9385
5548
558
432
4929
413
1042
3398
446
4823
2138
1069
6177
1004
4122
376
2050
1796
11494
2501
4075
5104
3882
6537
4928
1695
434
1407
8956
6326
655
935
5103
4155
1010
1
11563
2720
1643
5303
1486
4673
5491
3977
1080
1427
2726
2240
7749
708
1847
1556
5020
289
19
4746
4649
14820
3922
2144
4982
2259
2862
2074
1463
1048
993
1145
8565
99
4868
4024
1022
3549
2430
997
3894
2736
3938
8429
3447
3499
2928
3372
6628
308
8644
1475
1860
3106
5060
2886
7434
3099
4677
5349
122
7151
4810
3834
2262
335
3883
12290
5814
1032
5919
1075
799
6159
3224
11588
4737
7179
4347
647
5353
4645
4455
7176
7695
3972
2357
4869
4332
2075
7979
427
149
743
8417
787
4515
1985
5120
3050
5096
2953
716
576
570
3836
982
7412
1503
5203
1988
5393
1071
6497
3889
2101
2224
4723
134
4031
84
542
7204
4096
1120
885
6295
4691
3937
2233
64
1134
453
2715
3672
5727
918
926
5199
5392
10206
2015
6340
1858
1102
245
4936
4874
5404
4489
1799
2546
900
7752
8290
5849
2094
2700
6727
10572
1016
2722
4482
1687
1040
293
464
546
798
892
951
1123
1560
2017
2970
3205
3425
3599
4030
4425
4516
4557
4921
4980
5174
5870
6027
6734
7840
8729
10019
11604
319
386
709
1161
1678
2197
2639
4149
4545
4682
5257
5654
6247
6304
6612
6872
7347
10196
11792
1064
1864
1939
6829
6736
53
545
1005
1153
1562
1809
3830
4076
4227
1946
8401
502
4451
1772
8424
356
1593
4360
6320
6635
8169
8375
404
4220
4788
6576
121
2166
11000
234
878
459
939
1691
704
3344
4107
2601
2733
832
954
4197
200
815
8394
116
556
1648
6549
6639
7155
7857
2772
3519
4114
4400
6152
296
847
737
945
4527
541
3081
4178
345
950
2091
2829
1768
1895
3896
4842
7458
1679
2509
2699
2887
3699
4443
779
840
3268
3413
1373
63
70
75
92
172
175
249
312
333
341
369
373
400
401
405
412
419
421
477
484
501
504
527
534
577
580
603
646
724
827
830
875
886
901
922
959
974
1011
1018
1026
1059
1111
1126
1165
1498
1559
1571
1573
1588
1852
1911
2155
2191
2340
2376
2445
2498
2575
2660
2687
2743
2746
2761
2774
2881
3080
3094
3183
3445
3588
3709
3711
3712
3863
3957
3990
4298
4308
4380
4383
4457
4500
4532
4555
4560
4771
4826
4850
4910
4933
5064
5077
5128
5161
5214
5218
5286
5322
5422
5722
5750
5777
5789
5949
6153
6278
6305
6357
6473
6548
6592
6697
6902
6911
6917
6920
6937
7158
7224
7372
7516
7579
7694
7717
7814
7874
7948
8151
8348
8483
8970
8999
9078
9657
9938
9951
9993
10142
11024
11248
11337
11532
11574
11577
14961
42
78
235
276
280
316
416
447
678
742
781
936
1077
1084
1158
1724
2457
2838
3044
3288
3557
3944
4195
4204
4642
5633
6385
8194
11476
106
266
126
361
252
564
257
9377
491
6103
624
3983
654
890
2650
6495
2800
4420
3256
4711
4071
4082
618
6429
8426
828
856
1374
5855
7815
10573
6
16
21
22
24
28
35
43
46
50
56
61
66
68
76
80
94
95
127
128
136
145
164
192
209
224
226
233
241
244
269
281
288
294
306
310
331
340
349
354
358
382
385
389
395
423
425
436
463
473
483
512
514
525
532
538
551
553
562
575
581
595
597
604
608
609
611
615
622
626
634
643
650
656
660
683
685
686
707
710
712
734
741
745
760
769
770
782
796
805
825
835
842
846
853
857
864
866
869
881
883
894
898
899
916
938
940
955
956
964
972
980
981
985
989
1020
1036
1038
1061
1063
1065
1072
1087
1090
1100
1105
1115
1119
1127
1150
1155
1159
1166
1368
1411
1426
1443
1454
1461
1469
1477
1484
1488
1505
1515
1517
1536
1541
1558
1563
1570
1607
1610
1616
1626
1637
1650
1663
1689
1711
1736
1757
1759
1786
1788
1801
1820
1841
1842
1846
1977
1996
2016
2024
2026
2029
2040
2108
2130
2136
2145
2156
2239
2254
2267
2275
2286
2297
2305
2306
2337
2343
2358
2370
2386
2403
2406
2409
2413
2426
2456
2481
2524
2541
2572
2592
2610
2625
2667
2671
2679
2708
2716
2721
2740
2768
2770
2790
2792
2803
2819
2827
2846
2861
2889
2895
2901
2930
2941
2962
2973
2974
2982
3007
3027
3032
3038
3065
3071
3076
3085
3097
3101
3105
3114
3138
3149
3158
3189
3208
3226
3272
3292
3331
3364
3388
3513
3515
3568
3577
3598
3605
3622
3629
3630
3641
3642
3646
3650
3673
3692
3708
3731
3746
3751
3763
3789
3807
3814
3817
3848
3857
3880
3897
3903
3924
3928
3932
3961
4022
4028
4044
4058
4115
4150
4189
4199
4205
4249
4259
4268
4279
4291
4336
4371
4376
4387
4415
4431
4461
4467
4470
4484
4486
4505
4508
4524
4573
4575
4589
4606
4619
4624
4629
4646
4661
4665
4674
4681
4696
4700
4721
4722
4725
4728
4736
4747
4750
4777
4785
4798
4801
4815
4825
4843
4861
4876
4892
4951
4970
4997
5000
5001
5010
5013
5017
5022
5025
5037
5088
5091
5116
5124
5138
5155
5165
5204
5216
5239
5248
5297
5376
5379
5403
5426
5538
5610
5657
5701
5718
5724
5733
5862
5925
5981
5989
6014
6065
6089
6090
6108
6110
6115
6116
6121
6143
6145
6154
6158
6169
6222
6227
6230
6256
6274
6310
6370
6382
6387
6392
6393
6427
6434
6614
6646
6651
6688
6691
6726
6780
6788
6812
6820
6833
6860
6929
6953
6969
6997
7025
7036
7046
7057
7091
7129
7139
7186
7208
7243
7258
7293
7400
7446
7447
7677
7689
7816
7970
8197
8331
8338
8342
8349
8367
8396
8430
8452
8472
8487
8506
8588
8608
8642
8662
8715
8720
8737
8739
8820
8828
8857
8865
8958
9006
9008
9139
9283
9323
9359
9396
9671
9739
9992
10177
10248
10264
10268
10470
10550
10574
10785
10877
11219
11286
11496
11552
11587
12370
12723
13783
14125
15699
