0.000000000000000000e+00
6.441383253578511123e-05
1.552728040531645712e-04
1.899014359974378840e-04
2.327069061310676448e-04
2.717710829699402416e-04
3.511064936991283546e-04
4.081919874572654465e-04
4.560226984186625224e-04
5.175202762824508479e-04
5.689455497514863671e-04
6.067791658179969190e-04
6.445956515808647612e-04
6.945748944026185851e-04
7.780422934678159685e-04
8.227867652257098846e-04
9.087430450289329985e-04
1.011938085540744396e-03
1.046385021659814720e-03
1.114957565278700772e-03
1.172291698576232452e-03
1.269644833205980016e-03
1.333591035402444504e-03
1.384335312683492806e-03
1.412125064776934653e-03
1.437656776795189417e-03
1.490351965242170699e-03
1.542653008472655036e-03
1.623999286564893878e-03
1.664493801736445207e-03
1.708865525775211296e-03
1.782159859821393945e-03
1.820791679113332182e-03
1.857540637557228121e-03
1.935699340566337861e-03
2.037787049777527691e-03
2.059938874970005610e-03
2.112117781698100941e-03
2.174659340156261025e-03
2.229770400457398421e-03
2.289000122347409349e-03
2.362459245068225175e-03
2.458727954351093339e-03
2.504115812542514075e-03
2.540188460218293243e-03
2.585661862728482353e-03
2.631595716406323181e-03
2.702318369593483417e-03
2.761645906747198665e-03
2.802684328495544733e-03
2.865539762317516684e-03
2.947409480651775552e-03
2.985345069844103083e-03
3.032005828885586847e-03
3.115127899715866566e-03
3.173572511864558056e-03
3.248172214285411155e-03
3.348534109480939304e-03
3.406175675535421006e-03
3.469324745196001453e-03
3.547943847829732218e-03
3.605711622991662323e-03
3.657605712565287995e-03
3.704346466654028641e-03
3.768821122418721751e-03
3.839270130155890502e-03
3.924107499187463530e-03
3.942045769731303793e-03
3.995607733654812227e-03
4.015451149235772788e-03
4.089394230855623348e-03
4.183177844485926229e-03
4.210321198652625108e-03
4.296711626843637694e-03
4.353236033778531099e-03
4.382019153812969324e-03
4.408276313220804363e-03
4.464249035161863867e-03
4.551507291106336728e-03
4.586581619206352156e-03
4.653125713329191865e-03
4.705311384643572417e-03
4.773183294239632946e-03
4.857612467596599329e-03
4.935387924790739060e-03
4.994009040629950567e-03
5.097170867502983337e-03
5.135853047000743694e-03
5.214318077473479793e-03
5.237313929212896249e-03
5.283690814049335494e-03
5.337979622773601426e-03
5.404926330684319338e-03
5.464663973543790534e-03
5.537539801222314366e-03
5.606291697242777629e-03
5.655572987130626575e-03
5.744254929009236579e-03
5.759597681745085712e-03
5.836145027320091550e-03
5.893753862999086095e-03
5.993134169370930263e-03
6.074805122246378780e-03
6.146043832899320165e-03
6.178883600691536040e-03
6.265967252102371855e-03
6.330869054725441446e-03
6.374802902340889234e-03
6.439398792833454961e-03
6.489692055562294379e-03
6.558201707581368112e-03
6.585855510586291831e-03
6.661399175375296890e-03
6.741174258772605725e-03
6.810879551091206241e-03
6.845044072284038779e-03
6.889571013144718536e-03
6.934705692647723241e-03
6.993993142941251281e-03
7.015880295543455540e-03
7.051264404046819236e-03
7.121886310503390376e-03
7.164821833885243879e-03
7.205495201784018443e-03
7.239576454317470100e-03
7.303388752800433169e-03
7.354345123022978069e-03
7.419650321644553730e-03
7.484227146666008745e-03
7.590769229298272892e-03
7.647721097815749110e-03
7.708853718772401727e-03
7.761423067575786913e-03
7.853294555835613894e-03
7.878209104697594944e-03
7.942056056470969683e-03
8.020182536118589459e-03
8.102336088420253671e-03
8.162420445828193899e-03
8.214088445625383414e-03
8.260778809918212229e-03
8.357234128057352759e-03
8.393519094506916509e-03
8.458838140206733150e-03
8.532251866079778452e-03
8.588175884638036411e-03
8.660415829041799921e-03
8.741624893665176504e-03
8.784808419509371538e-03
8.864622134984141005e-03
8.899316366782688420e-03
8.920586256482824009e-03
8.940608608614850419e-03
9.018352613290819483e-03
9.092218612137863837e-03
9.162155786465323373e-03
9.182493672904233975e-03
9.231341041487775567e-03
9.306789605244286320e-03
9.373526119670206116e-03
9.430323438975634492e-03
9.440828460323902327e-03
9.507966648985708563e-03
9.570629218438299335e-03
9.639817009031187434e-03
9.693559275447041074e-03
9.782871851306131766e-03
9.863282275009160535e-03
9.885869074974565004e-03
9.921128424391616879e-03
9.969373498835060188e-03
9.994512880953878090e-03
9.999700500581210419e-03
1.003341507106009917e-02
1.005208386019076743e-02
1.010437235763234250e-02
1.013345971886782729e-02
1.018483731848833680e-02
1.021600523935337068e-02
1.029587760492767581e-02
1.040021831190981148e-02
1.041320615740352028e-02
1.050462314848571270e-02
1.056642459794319110e-02
1.064805784041114589e-02
1.072270429195129257e-02
1.081512209261725928e-02
1.087944036700338665e-02
1.095598375524424115e-02
1.101005546160375125e-02
1.106181535836207180e-02
1.109923039062768457e-02
1.113551776040248333e-02
1.120118979595644167e-02
1.125141192629169201e-02
1.130103653658202055e-02
1.138392103878446866e-02
1.145757768736195385e-02
1.155754610632030686e-02
1.163815867880042126e-02
1.166256305798961043e-02
1.171700856243374118e-02
1.174036445074246905e-02
1.178090814223643409e-02
1.181907887424071997e-02
1.187286635575987223e-02
1.193561702414366529e-02
1.199521450026542688e-02
1.203982870951704129e-02
1.207948669920277766e-02
1.214132022211368740e-02
1.215548723021005022e-02
1.218382800949675826e-02
1.219277887330045586e-02
1.227693514458141899e-02
1.231713214954773504e-02
1.234101927079750416e-02
1.244132963230382312e-02
1.247333036160421654e-02
1.249428284694132849e-02
1.259138159084885293e-02
1.260717473385778928e-02
1.266192013176680072e-02
1.271000387730210693e-02
1.277344432096921487e-02
1.279371383535569083e-02
1.282501837430203434e-02
1.285295017943994741e-02
1.290037630555827125e-02
1.299308861897199331e-02
1.303752788722417101e-02
1.310807686453220079e-02
1.318382957850873505e-02
1.325858447104445205e-02
1.335712850499551178e-02
1.337333421054078507e-02
1.347309851790503762e-02
1.354257304248478871e-02
1.356494685746825225e-02
1.362623514384849778e-02
1.366492900027667899e-02
1.370289850491816092e-02
1.376991201845245358e-02
1.381378102819112025e-02
1.388001764752400634e-02
1.392958405066961787e-02
1.396262691165122902e-02
1.402993105085398144e-02
1.410043587828182024e-02
1.418551668825696749e-02
1.424175265567707675e-02
1.433768674970148892e-02
1.436910550314979274e-02
1.446127400224769821e-02
1.450945109917380592e-02
1.456916141261100847e-02
1.461012153983311419e-02
1.464140015542479169e-02
1.466737020648461315e-02
1.473735100361018083e-02
1.477878702097200868e-02
1.482039709545772931e-02
1.487366531937047917e-02
1.496734762961447057e-02
1.501280304115398985e-02
1.504854223373229029e-02
1.508366101035864444e-02
1.514639200868186063e-02
1.518479600421539927e-02
1.523453063670639901e-02
1.531885187192314098e-02
1.539098122455314147e-02
1.543793455071480226e-02
1.550237307493332155e-02
1.556762448125404222e-02
1.564039219210792628e-02
1.568024625648166415e-02
1.569893996984746132e-02
1.573245449354570072e-02
1.581302136526314614e-02
1.586185416245219568e-02
1.589816717590290807e-02
1.593136100745990574e-02
1.593891536313824658e-02
1.599020224577848634e-02
1.604059641787674434e-02
1.612703226973469239e-02
1.619220985028725981e-02
1.629199399011204905e-02
1.637576515381632819e-02
1.645125925360936200e-02
1.649526426643029356e-02
1.656848891913797681e-02
1.663793036796120187e-02
1.669552078257214092e-02
1.673296553489284771e-02
1.680739641808567594e-02
1.682689251570751790e-02
1.687715826362640517e-02
1.690108890645283801e-02
1.696234358761644634e-02
1.701117237609693980e-02
1.709275977468641475e-02
1.714827489055565854e-02
1.721813197396681455e-02
1.723158193166451566e-02
1.728752475295833313e-02
1.731831492293504915e-02
1.735946912371883269e-02
1.741826772536654577e-02
1.743772570892978407e-02
1.753572741021788492e-02
1.760068007635435389e-02
1.765866298259458067e-02
1.770278567412761003e-02
1.778245282634454208e-02
1.785358179714015628e-02
1.785480556808788713e-02
1.791699545466501550e-02
1.798503984188662419e-02
1.803499443673396707e-02
1.807841904512293152e-02
1.813661162972204921e-02
1.819302953168960499e-02
1.825242497319085055e-02
1.827930536532545655e-02
1.835084622020451486e-02
1.842592692301686999e-02
1.845509839346782394e-02
1.850528228843307046e-02
1.855008323480801524e-02
1.863128734326172445e-02
1.871153836199228315e-02
1.878430759638629807e-02
1.884758430371556714e-02
1.890331367299759313e-02
1.894111121046995749e-02
1.901037023481294899e-02
1.905351985495831388e-02
1.909896945995410641e-02
1.918574612747735164e-02
1.923283144630915514e-02
1.924853936956269496e-02
1.928164162028813203e-02
1.932128593021861448e-02
1.935591680362079570e-02
1.942520404336233950e-02
1.951633597587107763e-02
1.958409488641012566e-02
1.961496211982254739e-02
1.965957446078691467e-02
1.973125504185506765e-02
1.978657677380566901e-02
1.985653053682295138e-02
1.990480847268901593e-02
1.995809977121706241e-02
1.999273596610373627e-02
2.001160093773251408e-02
2.002850705654753496e-02
2.007888144681787765e-02
2.014853275585489975e-02
2.018563342450253525e-02
2.027446666463891475e-02
2.034046849781439431e-02
2.039046937912440682e-02
2.043138767721056417e-02
2.050032348643282543e-02
2.056393556303240389e-02
2.056937730286339736e-02
2.058978108655999326e-02
2.061000441110713219e-02
2.064700501733260363e-02
2.068410541831590399e-02
2.073643299657248681e-02
2.078262172347370915e-02
2.083076079044013720e-02
2.090766181095005463e-02
2.097477680448617959e-02
2.101621882462925001e-02
2.107036984463300788e-02
2.114922650853410385e-02
2.122662010297529656e-02
2.130327320624948381e-02
2.131400941558686882e-02
2.138116512079084666e-02
2.143094425772610473e-02
2.150860823277517611e-02
2.151277555338781608e-02
2.156745420607201341e-02
2.163520666026761199e-02
2.169138505184006055e-02
2.172955161281678316e-02
2.175058946983666683e-02
2.176581581118972389e-02
2.181633361238418875e-02
2.187628377908326302e-02
2.189564391245677963e-02
2.196050436014784432e-02
2.201958335240329634e-02
2.204532465448054770e-02
2.208516922049862802e-02
2.215528199050847968e-02
2.218800840622703330e-02
2.222336679898079259e-02
2.228964516862380618e-02
2.233219585928862549e-02
2.239672760609231691e-02
2.248701472562531986e-02
2.257002114839196105e-02
2.265912835949659976e-02
2.268132237337832161e-02
2.272748421835101354e-02
2.280460873528393148e-02
2.282589315824651299e-02
2.290724120524038898e-02
2.299437344142058262e-02
2.305031244905430057e-02
2.310619357736232865e-02
2.312134525588581749e-02
2.313442127128032683e-02
2.320390915970804366e-02
2.326326646957509181e-02
2.334503557103405347e-02
2.344273106767062742e-02
2.349760962435897688e-02
2.351171744946792611e-02
2.358274504886669065e-02
2.363836656210740669e-02
2.370691512622027930e-02
2.376356821702832814e-02
2.381967750973182016e-02
2.388627556995079337e-02
2.394653278781527436e-02
2.401810406271680243e-02
2.403436012858941109e-02
2.407916146090201964e-02
2.410439554785382549e-02
2.414253652537609249e-02
2.420631934122254719e-02
2.424352793201231190e-02
2.433441152090231457e-02
2.435536628277013699e-02
2.441674494964811426e-02
2.444949621423007230e-02
2.451830903794854910e-02
2.458170135514881061e-02
2.462204798475580228e-02
2.465706308164832342e-02
2.471440281060628338e-02
2.476288174852781659e-02
2.482199450575026459e-02
2.487820474372659518e-02
2.494941191202423858e-02
2.503374397883548902e-02
2.508424369831610892e-02
2.516934429987581143e-02
2.526283052416155792e-02
2.531682008503274156e-02
2.532219625360851781e-02
2.537512619526754651e-02
2.541406497171874376e-02
2.547424852003528362e-02
2.551881968822226898e-02
2.558546577245486564e-02
2.566217984340441252e-02
2.573349595109020171e-02
2.579235103740146196e-02
2.588547039906321720e-02
2.595637263625241026e-02
2.601482341993088462e-02
2.608078071010598922e-02
2.611745041465919279e-02
2.616814902252010896e-02
2.623380498249855766e-02
2.626589731471656169e-02
2.633993836927485746e-02
2.642581418570418353e-02
2.645580682863094349e-02
2.654019840157125984e-02
2.659348650967520780e-02
2.664625874028907215e-02
2.671776301346349969e-02
2.674739124669459761e-02
2.679195989499012082e-02
2.686647907725692175e-02
2.691141794994052205e-02
2.701576972584095529e-02
2.711447118484816912e-02
2.714154071138310045e-02
2.715080534232822487e-02
2.718022260224422018e-02
2.719720389382464937e-02
2.725097489029433551e-02
2.729322227226976122e-02
2.733678853824263871e-02
2.735844691295944223e-02
2.742730717111981076e-02
2.749339685897545307e-02
2.751523332861323737e-02
2.756016276668194626e-02
2.759527241513966972e-02
2.768722627668484398e-02
2.772646082474875678e-02
2.779181086627144012e-02
2.786156018512976618e-02
2.788052029987685490e-02
2.793716251066039741e-02
2.799105709612602702e-02
2.804663389974510271e-02
2.810443672211430585e-02
2.814770754691010846e-02
2.820983620372631909e-02
2.827177130562091509e-02
2.829628698227421024e-02
2.837755589982967480e-02
2.841757573289194899e-02
2.846023908502106486e-02
2.852310886129458267e-02
2.855705053855703973e-02
2.860321312248462894e-02
2.867005703529122707e-02
2.871003344066449386e-02
2.876921139638389385e-02
2.884292687424370311e-02
2.889566005991327236e-02
2.896377287336961495e-02
2.905510678063356889e-02
2.911952004338091635e-02
2.917252045125880502e-02
2.926509839299908100e-02
2.932161817629723791e-02
2.940935326805633326e-02
2.946424242253096321e-02
2.948551585783140347e-02
2.957104205978026978e-02
2.960810968024414624e-02
2.967298590929075275e-02
2.975395201190805458e-02
2.982583214838633104e-02
2.988540086350503083e-02
2.996258707885442185e-02
3.004685805856435743e-02
3.014341616188027581e-02
3.017443458030762832e-02
3.023706133536603960e-02
3.031142358392309444e-02
3.037101794162079191e-02
3.040298493489372936e-02
3.044831403987795920e-02
3.051444768124382534e-02
3.055129842589008812e-02
3.061236759996287249e-02
3.065886777597950918e-02
3.071817528850733989e-02
3.078443660774476606e-02
3.087487250313728296e-02
3.091033702846392520e-02
3.094881811469703259e-02
3.099458748593919219e-02
3.104451522362730587e-02
3.111273002524202538e-02
3.117651867154227693e-02
3.121587848555128913e-02
3.123938165751189572e-02
3.129662092505555715e-02
3.131963403201148272e-02
3.136691119146787360e-02
3.139848448356308275e-02
3.145421218351389381e-02
3.152828687803213570e-02
3.160334074830869339e-02
3.169967580360119608e-02
3.176637656023335865e-02
3.182816972482199053e-02
3.187904123206782014e-02
3.192029325529514849e-02
3.199521679498300991e-02
3.202949921555388324e-02
3.210026188976954076e-02
3.213894944635778406e-02
3.220888850023318623e-02
3.226989677725097122e-02
3.235317463755185002e-02
3.240180709268564163e-02
3.247949175363131630e-02
3.250795230963596932e-02
3.255288116099960827e-02
3.262008538841891514e-02
3.272218596506014376e-02
3.278308383239948026e-02
3.282504840826101083e-02
3.287837979123735266e-02
3.295652398297188590e-02
3.299972605128637798e-02
3.306274232198767177e-02
3.310209568673561087e-02
3.316368686607813754e-02
3.323478441709549341e-02
3.328784477106196127e-02
3.333808910876197990e-02
3.338910310355377997e-02
3.340770515378870681e-02
3.345398406565483485e-02
3.353004625426439511e-02
3.361815485816738169e-02
3.372382498203344708e-02
3.375233566779992783e-02
3.380168843435036458e-02
3.386923592156985269e-02
3.396245481790964582e-02
3.404375261009513765e-02
3.407785951091015647e-02
3.418119933434188989e-02
3.427464580248056752e-02
3.429213178073739487e-02
3.439927135522927171e-02
3.446432349501303560e-02
3.448615399930767683e-02
3.451583997084905348e-02
3.453879850641326105e-02
3.456837832021233958e-02
3.464424679820310438e-02
3.470559422147333900e-02
3.474436243519267442e-02
3.477680896967614427e-02
3.482955482476690623e-02
3.487557774849214115e-02
3.495662407015720508e-02
3.501125137282466715e-02
3.508586323705321225e-02
3.512433863069017170e-02
3.520160596690593419e-02
3.520486276091731870e-02
3.525692765486376778e-02
3.535806383055866559e-02
3.545077666798959748e-02
3.550634070569330669e-02
3.558233238190270514e-02
3.564893375563076006e-02
3.569460731033202716e-02
3.577776372776964725e-02
3.583522504100539186e-02
3.587489328126167859e-02
3.589592083574733028e-02
3.596112853174200652e-02
3.604737109110231486e-02
3.610572084662438258e-02
3.615891680419876936e-02
3.622032816743473577e-02
3.627292661187132145e-02
3.634032975438782759e-02
3.639016314114199013e-02
3.644491776036712372e-02
3.652847660731501495e-02
3.654566426936806806e-02
3.660500525740671002e-02
3.669411241635336940e-02
3.672815174518437309e-02
3.675385465676053037e-02
3.682792818873931867e-02
3.686556736567644238e-02
3.691713405465468084e-02
3.695286913995366601e-02
3.699587386752833940e-02
3.704872598817077201e-02
3.712866580153767471e-02
3.718040492996341900e-02
3.724491847415412060e-02
3.730640530156840301e-02
3.732389439055455033e-02
3.736634617317886875e-02
3.745010579639595355e-02
3.749933825094169115e-02
3.754658128339805750e-02
3.757331843535118010e-02
3.761757341727144099e-02
3.764273105787666052e-02
3.772385349790385173e-02
3.773535623955082824e-02
3.782696004461845452e-02
3.791516185345464307e-02
3.793318906859791811e-02
3.797571895512177192e-02
3.805955582177623919e-02
3.812071422453879727e-02
3.820346920316505107e-02
3.828864243783441923e-02
3.836196366176595346e-02
3.843764073887179916e-02
3.852407251351710332e-02
3.859160085371211857e-02
3.866001803827517208e-02
3.874698375544834150e-02
3.878949297570999377e-02
3.884830719680526512e-02
3.893022465540456334e-02
3.898547470723945363e-02
3.908960857435224423e-02
3.917037035484514929e-02
3.922874273823186847e-02
3.931885299018877261e-02
3.936063093953268838e-02
3.938984897666766155e-02
3.939947637082819032e-02
3.948787836568978110e-02
3.953999792846895484e-02
3.960274831559442571e-02
3.964174650069477585e-02
3.972943693665957621e-02
3.979720166786979152e-02
3.984226454684343388e-02
3.988488770332545424e-02
3.998714958321133300e-02
4.005041210044982258e-02
4.012286516493005634e-02
4.016746639637034516e-02
4.020767013988396643e-02
4.026819396252998007e-02
4.033461105931023666e-02
4.037234299902978107e-02
4.041964592980971244e-02
4.046900465127273305e-02
4.055712629846761064e-02
4.062935514532042131e-02
4.069755202110725972e-02
4.076647793150626337e-02
4.083529844442349704e-02
4.088853161449805540e-02
4.090790879400991314e-02
4.098306066190252062e-02
4.107259950124759335e-02
4.113205689017958300e-02
4.121882952108335552e-02
4.125945922147467027e-02
4.130152023591517063e-02
4.136716651194492778e-02
4.142283805082910136e-02
4.148429677862380816e-02
4.152455572778068760e-02
4.160773641616837687e-02
4.165336156622018171e-02
4.174309437520067750e-02
4.177513521767039356e-02
4.187739268829209632e-02
4.192590255925088966e-02
4.203114292334486635e-02
4.209134321055035127e-02
4.213629713114416808e-02
4.220328107741751211e-02
4.230540477183902109e-02
4.240074760335681842e-02
4.242151597570732041e-02
4.245337670883007203e-02
4.249045883822996639e-02
4.254635971858114485e-02
4.255377713728052125e-02
4.260392971542121404e-02
4.267628808208404761e-02
4.269380644273770842e-02
4.274038520939554137e-02
4.282454655903844554e-02
4.291121784185018828e-02
4.296197703966945364e-02
4.303263330357325056e-02
4.310028824478764897e-02
4.315160606862585013e-02
4.323164656231526931e-02
4.327487466087806545e-02
4.333320420339612650e-02
4.340850181175748973e-02
4.346772586154930978e-02
4.352269688617618065e-02
4.360008545296280985e-02
4.363592893836527181e-02
4.369660076635339951e-02
4.374835075332934864e-02
4.380022290273101471e-02
4.381398367593349746e-02
4.388372305311263877e-02
4.389541465087145461e-02
4.396015662115175526e-02
4.405258195442204178e-02
4.412951266332643813e-02
4.418629585715863617e-02
4.428976672188014718e-02
4.434665913803896575e-02
4.442290687076289046e-02
4.449436403397793310e-02
4.451356081429044126e-02
4.459379023147655441e-02
4.461837156470185167e-02
4.469152530195661527e-02
4.475478559544793927e-02
4.482260182269907217e-02
4.487447487624422748e-02
4.494703415709926098e-02
4.499242597645602970e-02
4.502848646763020490e-02
4.508999804536454464e-02
4.515318402434138900e-02
4.519573608753504890e-02
4.526607624015641790e-02
4.530570510639652521e-02
4.537676109202024716e-02
4.540904755986338581e-02
4.543664574452521698e-02
4.548045204099222111e-02
4.552571418331959052e-02
4.558185675606967607e-02
4.566855498175370620e-02
4.570509577348542268e-02
4.577894778944797960e-02
4.585469632334010504e-02
4.591196346038994153e-02
4.600076399438433189e-02
4.606109479664895895e-02
4.608072120700364843e-02
4.618545399487588438e-02
4.623958748421371640e-02
4.628203488724960679e-02
4.637431328621570426e-02
4.639883084370850092e-02
4.641684782376250679e-02
4.643154975082444680e-02
4.650037334392031346e-02
4.652982030246292228e-02
4.657903361149212662e-02
4.663755365177022633e-02
4.669526383547057541e-02
4.672801307646039931e-02
4.679362404457430846e-02
4.689650931593896538e-02
4.695593311458762242e-02
4.701596885254620550e-02
4.702353639967477017e-02
4.706462202729224525e-02
4.711433640363837938e-02
4.714425121535478769e-02
4.720291332935654116e-02
4.728207467735599107e-02
4.733074966372714798e-02
4.736940882169282663e-02
4.742120108656792260e-02
4.745545980526033603e-02
4.754272930908481215e-02
4.758957067415708897e-02
4.762487222741805526e-02
4.766012416938018165e-02
4.771455396900212143e-02
4.778797748812550761e-02
4.784145034592676704e-02
4.790039139363516663e-02
4.798847796829286416e-02
4.804948563238485570e-02
4.814009131391762397e-02
4.822458263308521120e-02
4.830325601345773073e-02
4.836684586624127868e-02
4.838473151792184457e-02
4.842484113228018305e-02
4.848312959044140391e-02
4.855981289604050649e-02
4.860660622025082811e-02
4.863684801449152939e-02
4.869744546863534473e-02
4.876641039430537616e-02
4.880164233608783736e-02
4.883221975685517191e-02
4.887872099664474640e-02
4.890720729185889931e-02
4.896754563281542627e-02
4.904975462498341321e-02
4.910930463619404829e-02
4.918337601563963629e-02
4.921687032867111400e-02
4.925283277242434310e-02
4.927000187532776243e-02
4.928763618129023555e-02
4.937717612100020470e-02
4.941746005073189424e-02
4.947403261395239005e-02
4.952206808153514217e-02
4.955949902604309121e-02
4.964311815759352153e-02
4.969322236576096535e-02
4.974957628448313518e-02
4.984460633621191905e-02
4.989360471439124867e-02
4.993902828256618909e-02
5.000585446327222156e-02
5.007261071313511697e-02
5.013575362125242268e-02
5.022405204694310732e-02
5.024684574422871863e-02
5.031479304574568157e-02
5.036974701674273164e-02
5.045921064370421233e-02
5.052638704449025076e-02
5.060661717383193453e-02
5.064818692945859818e-02
5.070087415044214479e-02
5.078621073619435378e-02
5.086028911269405151e-02
5.089747058459222206e-02
5.097290484486258211e-02
5.105218829378390527e-02
5.109400594762417147e-02
5.114585995896534648e-02
5.121878092933606491e-02
5.122590388152874902e-02
5.127924819974190307e-02
5.133696396051452143e-02
5.138070196363475617e-02
5.143807766489420785e-02
5.148776647450340610e-02
5.157777091101886646e-02
5.163641658986143496e-02
5.165006314467822379e-02
5.169776332476185704e-02
5.176750499804880917e-02
5.182756906806780528e-02
5.184176883354559701e-02
5.189448409607440998e-02
5.196084239080063505e-02
5.199495594318977870e-02
5.202178511297105706e-02
5.207614328863228309e-02
5.212571488758244859e-02
5.220259715744957757e-02
5.222153553559001626e-02
5.225569557632953749e-02
5.232865064442736303e-02
5.242726268683741558e-02
5.249024942704934305e-02
5.254415813951905656e-02
5.261075281094276801e-02
5.269794463817797925e-02
5.275250452550048902e-02
5.278160335304109968e-02
5.281249587533964895e-02
5.286738247284783476e-02
5.291980817680294602e-02
5.299703544569409758e-02
5.305410706913724073e-02
5.311484865836452879e-02
5.321638070773831997e-02
5.325939264049150274e-02
5.331855260071932667e-02
5.335538592632993460e-02
5.339622296776188465e-02
5.345143882174575867e-02
5.350035268824126361e-02
5.356327447395987928e-02
5.362685293160493472e-02
5.371407372137319836e-02
5.374245618870228391e-02
5.377022372636289238e-02
5.381529644479832175e-02
5.389431496080174244e-02
5.394174746640413576e-02
5.395327313014216392e-02
5.398967965714274869e-02
5.405973803069544920e-02
5.414778196140121458e-02
5.423491265572642078e-02
5.433363861780097365e-02
5.439821984045319081e-02
5.443616062070487371e-02
5.450406494359866932e-02
5.456897417655177246e-02
5.462064869958424551e-02
5.470531578432132752e-02
5.476145922965281604e-02
5.482099490334205877e-02
5.485441325379766808e-02
5.491201530871813591e-02
5.499166176578596660e-02
5.503411428100705299e-02
5.509177027461051313e-02
5.517381850830406498e-02
5.521254635395577565e-02
5.525333110675682141e-02
5.529681380422944020e-02
5.531924499617108665e-02
5.537421704422665347e-02
5.541172484032388240e-02
5.548392943089439089e-02
5.556015835866618541e-02
5.563644797198718378e-02
5.569430694656391650e-02
5.573473981146022382e-02
5.579362390353997253e-02
5.582049125733013623e-02
5.588089370791340244e-02
5.590911387296258056e-02
5.599875911172693538e-02
5.606860463958431018e-02
5.609058388036150533e-02
5.617193111882233525e-02
5.619724240756310274e-02
5.625246550292414827e-02
5.630148528698963872e-02
5.639271951901622670e-02
5.641632896228500338e-02
5.644308393581877470e-02
5.650559129142297687e-02
5.659016412967965426e-02
5.666089341201344109e-02
5.669915151607782949e-02
5.675594247323730024e-02
5.679760578496960421e-02
5.683060147075975205e-02
5.685297201158644176e-02
5.692766454985628832e-02
5.695189492771297879e-02
5.697589962997277879e-02
5.702110437060918524e-02
5.708006644238920041e-02
5.715641584577101780e-02
5.720349535983910300e-02
5.729817734534673607e-02
5.733397603569864720e-02
5.735876556940518178e-02
5.741038537031159517e-02
5.747169281916406081e-02
5.752030856187051455e-02
5.755011435360467970e-02
5.755815672244628256e-02
5.760569376021115739e-02
5.765766807980323566e-02
5.770124936827979167e-02
5.775407232843166039e-02
5.780118133923695806e-02
5.783121235559573331e-02
5.786476586963987950e-02
5.789719976457807782e-02
5.795700581976982041e-02
5.804676998001236793e-02
5.811874886718867983e-02
5.815982853240474204e-02
5.822129044370272233e-02
5.830198616820122387e-02
5.836734446335581361e-02
5.843907635720503591e-02
5.845093655828920848e-02
5.851633541444645897e-02
5.854445112493618375e-02
5.861192466403093021e-02
5.869175844246517226e-02
5.873108806118779168e-02
5.883674522519121569e-02
5.889494085971103132e-02
5.899768897827561975e-02
5.902846817117381878e-02
5.905044740980496670e-02
5.915372035737503226e-02
5.920199050608276892e-02
5.926977631757125026e-02
5.932035740131265389e-02
5.938988028841516581e-02
5.947465935368846657e-02
5.948128382243556000e-02
5.951478985151415629e-02
5.956812495890146525e-02
5.959531733135492448e-02
5.966614060313565199e-02
5.969012354380970331e-02
5.977814955950869202e-02
5.981943292714954341e-02
5.984823937607733346e-02
5.993900695329976158e-02
6.001045708213648827e-02
6.009229369758824213e-02
6.013859577696259451e-02
6.015946228982416155e-02
6.022801636223440447e-02
6.031700740837332014e-02
6.038053297500059480e-02
6.045711781134999879e-02
6.049643660425688130e-02
6.054797842353690229e-02
6.061249319234387339e-02
6.066306805884799647e-02
6.068399960617800598e-02
6.074931538081264348e-02
6.085435434175719832e-02
6.093077621575858360e-02
6.095170033467210008e-02
6.102098935111106154e-02
6.107954502088989296e-02
6.111327260830157204e-02
6.119083954229183331e-02
6.124823923603111425e-02
6.128025505656665983e-02
6.132734380190393852e-02
6.136328086420541478e-02
6.146051674628267431e-02
6.146797496295088731e-02
6.151424778213413630e-02
6.158381175048404516e-02
6.162992696780703744e-02
6.169120158726526526e-02
6.176158252382080854e-02
6.180067699420113692e-02
6.185931817884166711e-02
6.190561246902107073e-02
6.194529110914802350e-02
6.203582963350546403e-02
6.212238606336006191e-02
6.218159453056951169e-02
6.221960385851148939e-02
6.228210735427441164e-02
6.233849992944458240e-02
6.241333947850275649e-02
6.243239733369339295e-02
6.248582717836356770e-02
6.256877032111787806e-02
6.266463826900096901e-02
6.272264724058543295e-02
6.280380474659533196e-02
6.282566987711828144e-02
6.287275458698195207e-02
6.294213238790577480e-02
6.300488114761125524e-02
6.304693229934431320e-02
6.311444343036755333e-02
6.315061218739796700e-02
6.316028366175700792e-02
6.322416691333328231e-02
6.326416405963562750e-02
6.329546563038850049e-02
6.333249623577238974e-02
6.336425648620583329e-02
6.340393287187598426e-02
6.348720526872057845e-02
6.350381608833287339e-02
6.354493030228616779e-02
6.359352081455761641e-02
6.363160920477860250e-02
6.366977430745118793e-02
6.370534124788684860e-02
6.374338245174610007e-02
6.378830846718464009e-02
6.384707844189312087e-02
6.391680095482417390e-02
6.395281141255210189e-02
6.401708115857249193e-02
6.404187415266607286e-02
6.405714830475670030e-02
6.406330418773525937e-02
6.412210439242357896e-02
6.420803856361557982e-02
6.427070392164470347e-02
6.431864837872663943e-02
6.439080037104383258e-02
6.445294941310990289e-02
6.454117666430593536e-02
6.459146835943727072e-02
6.464416249251525581e-02
6.470585636591351386e-02
6.475301374036893098e-02
6.483131041285973561e-02
6.489000041099947380e-02
6.494935483195182768e-02
6.500993189981216225e-02
6.509790576695834163e-02
6.514800863362305017e-02
6.515396700478692793e-02
6.520791605319282980e-02
6.527599380940690699e-02
6.529538155437199232e-02
6.531933164772243949e-02
6.536843528813189586e-02
6.543395843283021651e-02
6.551976817315861845e-02
6.555881387760122136e-02
6.557958239788158616e-02
6.565105241527380286e-02
6.568268468281891759e-02
6.572386877239613789e-02
6.581393619366743275e-02
6.589812648832649167e-02
6.593346380029316278e-02
6.601464968178405446e-02
6.606505643766961977e-02
6.607635456263742657e-02
6.611400383000234915e-02
6.615154699876425737e-02
6.617417323552338138e-02
6.621285237459242912e-02
6.627958497690038253e-02
6.632051793579626930e-02
6.641521178949838511e-02
6.645751012010667202e-02
6.652191411276216215e-02
6.661887660570939285e-02
6.665428221320117419e-02
6.673100128571647638e-02
6.680523209809886842e-02
6.686886133186380199e-02
6.694858843959335115e-02
6.699944902107303479e-02
6.705804622564523476e-02
6.709617621954860889e-02
6.716433666128157620e-02
6.724367294813152207e-02
6.727889956744156907e-02
6.734883990987564073e-02
6.738723810485104659e-02
6.747520042092491899e-02
6.752803037360101401e-02
6.755547037170168967e-02
6.764408766022264596e-02
6.769661414551064738e-02
6.776605342970880297e-02
6.781894397158355625e-02
6.786611444690721084e-02
6.790298643367635723e-02
6.792549650087410795e-02
6.796857728698078860e-02
6.804602887724288396e-02
6.812197881046402892e-02
6.818104757813718553e-02
6.824843726056911697e-02
6.827223719823428960e-02
6.830499537882231409e-02
6.835725188287354592e-02
6.841385865418525558e-02
6.843099316414576194e-02
6.851886540334425901e-02
6.856669525207512161e-02
6.865012101376836984e-02
6.871026565073851122e-02
6.879231908442690058e-02
6.885569367107507999e-02
6.895498968237641357e-02
6.903587198970009831e-02
6.905537657415274089e-02
6.909121363537210070e-02
6.916814494596451590e-02
6.924263978451243584e-02
6.931307516416262970e-02
6.940624541894745148e-02
6.947035645607751997e-02
6.953173583067608077e-02
6.959888479863524102e-02
6.964382994071890987e-02
6.969524096616674935e-02
6.974946530860653970e-02
6.979976721901479109e-02
6.984783095919092077e-02
6.993292288313429639e-02
6.998729443472372080e-02
7.004376906868824137e-02
7.011225628947632960e-02
7.020673674245909990e-02
7.026982367763213999e-02
7.033045301929669035e-02
7.039284150388730454e-02
7.043100792018509859e-02
7.048666174825501951e-02
7.052330070104288751e-02
7.057344172702868790e-02
7.063800404653920728e-02
7.071487465760682711e-02
7.078189055245712180e-02
7.080077700374964866e-02
7.084938486617360642e-02
7.090570657936802468e-02
7.093771555717374999e-02
7.095844108883227197e-02
7.103073854216615524e-02
7.105237472772661655e-02
7.108513902194489587e-02
7.114191004270334351e-02
7.120105207851966378e-02
7.124478486573811165e-02
7.129648247705798469e-02
7.135768631261998896e-02
7.144709272894259056e-02
7.148876020500541384e-02
7.158280014740564523e-02
7.162727232102898689e-02
7.170585011552267629e-02
7.178678834147898813e-02
7.185588539297896316e-02
7.189426360384440495e-02
7.193657302725686709e-02
7.198587069918357950e-02
7.199258269017649869e-02
7.203510006602099891e-02
7.207485298590937672e-02
7.212786166994293591e-02
7.217901863181949706e-02
7.218719902966883040e-02
7.223682224211745717e-02
7.226719533698519604e-02
7.229840117972462232e-02
7.237897558694293687e-02
7.246744852715227003e-02
7.251012549814260522e-02
7.260419102214260567e-02
7.266304658835441577e-02
7.273928464326948062e-02
7.282103520271790420e-02
7.286993995791468670e-02
7.293331426648794191e-02
7.300186006856014542e-02
7.306026062529125120e-02
7.308319646677852166e-02
7.315346456318697066e-02
7.321666958428621474e-02
7.327147923613674951e-02
7.332273334658039043e-02
7.338464622051309172e-02
7.344146723958032419e-02
7.348654001012164261e-02
7.350779990443949419e-02
7.355212867679894462e-02
7.364544805310128950e-02
7.372220470181944929e-02
7.381407972024041364e-02
7.388560909040053915e-02
7.392232800457287922e-02
7.398642214234121828e-02
7.402362802840205258e-02
7.406350106061378169e-02
7.410729933563250937e-02
7.412400105574741549e-02
7.416920925632967954e-02
7.420940072794189601e-02
7.427794695918989165e-02
7.434949793325500156e-02
7.441238209901288037e-02
7.445233848419489930e-02
7.450311557906039162e-02
7.456488442653638749e-02
7.463365288976719913e-02
7.468377621897936969e-02
7.472515882875895021e-02
7.480811442769058628e-02
7.484217349546576359e-02
7.488053475859275665e-02
7.494177445163416329e-02
7.502290117546880910e-02
7.505525567003482057e-02
7.511974196289414318e-02
7.515668985113067857e-02
7.523299401799819763e-02
7.532792438272578606e-02
7.540770309702238272e-02
7.545279915560441919e-02
7.550934756818923621e-02
7.554288474628383099e-02
7.558188387037013956e-02
7.565118386812987039e-02
7.566019537196572164e-02
7.571625901481641996e-02
7.574663153017251183e-02
7.585027289932871897e-02
7.590640818665139733e-02
7.593750006430906307e-02
7.601652041189557729e-02
7.607078053080028324e-02
7.609624132572637145e-02
7.614135191464928287e-02
7.618008797932794562e-02
7.627105398599073882e-02
7.634634488470640190e-02
7.641960029546721045e-02
7.646600845325868256e-02
7.652260731195362209e-02
7.658298015627847122e-02
7.665672937718245872e-02
7.673666861324233979e-02
7.682549248939027353e-02
7.689328932253715332e-02
7.696371954895987744e-02
7.703982776652183728e-02
7.711097607674068100e-02
7.719519375637996783e-02
7.728550494009978067e-02
7.734999419929258768e-02
7.742921798606743067e-02
7.744813489372878723e-02
7.747977395021692082e-02
7.755591910628098495e-02
7.757041897960757770e-02
7.762479535052056734e-02
7.765289473519772223e-02
7.771329189354451994e-02
7.771886621172698073e-02
7.777796826115185302e-02
7.783494875945026759e-02
7.790948257298925539e-02
7.795783449324629466e-02
7.803915265847040372e-02
7.809413172703633110e-02
7.812705199316351268e-02
7.817718316188235206e-02
7.823298787136144516e-02
7.827858721793105878e-02
7.831958933463217809e-02
7.837390617921256852e-02
7.839768779410284660e-02
7.845807704992793785e-02
7.852518581516530760e-02
7.859507398689258295e-02
7.868283770830199197e-02
7.870824575259288691e-02
7.873375092320537838e-02
7.875743822438460717e-02
7.879913703727706165e-02
7.882225499187543727e-02
7.891007145667926215e-02
7.897091514316605110e-02
7.903942659759334577e-02
7.912145532005136761e-02
7.918271837160630044e-02
7.922728348555266309e-02
7.925905184926718139e-02
7.934158493087724306e-02
7.936012975496865851e-02
7.942235784636844653e-02
7.948388395729918954e-02
7.952264016437260441e-02
7.954164871046348617e-02
7.960342665484526625e-02
7.967359471618694344e-02
7.972329059416262409e-02
7.977795007300007846e-02
7.981753019827401985e-02
7.989313514808372985e-02
7.995426170724075077e-02
8.000212952549469458e-02
8.004570440050411129e-02
8.009104690033862217e-02
8.011777118315881185e-02
8.015593012663889405e-02
8.018900585393347324e-02
8.028129072727989424e-02
8.032573887387882416e-02
8.039155374370796081e-02
8.043483542712218104e-02
8.048458503180055956e-02
8.053536207584513495e-02
8.058541077645307860e-02
8.064734672101847579e-02
8.071166270141669208e-02
8.079626972327229317e-02
8.087907215051960697e-02
8.094216838125062319e-02
8.101800752907958869e-02
8.106744338778197612e-02
8.115698318183979521e-02
8.120765938820322105e-02
8.126499030154239744e-02
8.136168247991318325e-02
8.144314187572783414e-02
8.148315466102956650e-02
8.156308188521484148e-02
8.161646581739143147e-02
8.167859214771854004e-02
8.170396373246105459e-02
8.175696906809189202e-02
8.179377014180384819e-02
8.184184202747162018e-02
8.188010188490876806e-02
8.194621928888036477e-02
8.198053409269077940e-02
8.204640986383568424e-02
8.210853916541323294e-02
8.215632683635976097e-02
8.220379527453765267e-02
8.229280778702650900e-02
8.232491055918610134e-02
8.235629281667111723e-02
8.238879573161450587e-02
8.244500329755766188e-02
8.249593132840322973e-02
8.253094774333946670e-02
8.256963085785690160e-02
8.260619106689576219e-02
8.270857110444948535e-02
8.277999157143076103e-02
8.282176881846765870e-02
8.285832180575643247e-02
8.289195542038264863e-02
8.292880247655978754e-02
8.297130449190263934e-02
8.302577311346696909e-02
8.304329348707251146e-02
8.306421792131321591e-02
8.312445034369975172e-02
8.319046756109921281e-02
8.328181652044076844e-02
8.334056710594354989e-02
8.339607860135239692e-02
8.344202659116498055e-02
8.347873920059489805e-02
8.353788346723579894e-02
8.363198511959013537e-02
8.368092600394080871e-02
8.373083892144203566e-02
8.375678746904018090e-02
8.379910404510033939e-02
8.386605411266942478e-02
8.393006573567808604e-02
8.402167204250611532e-02
8.410009759625523829e-02
8.414228353481537082e-02
8.420295583007585127e-02
8.428152920776321722e-02
8.436322041286402340e-02
8.441526565856774522e-02
8.445571854842294501e-02
8.451641205446812355e-02
8.457229203893576464e-02
8.459696986780199102e-02
8.466119260521737244e-02
8.471231646027113649e-02
8.476099817648521939e-02
8.480797359422777293e-02
8.483909340611471561e-02
8.490934866939975345e-02
8.495852579309401409e-02
8.504054921259202038e-02
8.506215658033006166e-02
8.514233076100688469e-02
8.522119982333201116e-02
8.528103641688598857e-02
8.531736990328250836e-02
8.536721114268729094e-02
8.544650307228555952e-02
8.551290881875102390e-02
8.557315318749821043e-02
8.560658726971540067e-02
8.565030680575135003e-02
8.568619661930471088e-02
8.572111505057314340e-02
8.574633043792384557e-02
8.577586882321001915e-02
8.584357386349605878e-02
8.591879528571996771e-02
8.598826938496559324e-02
8.605195860823630638e-02
8.609686835735090582e-02
8.614416738166040532e-02
8.617216353765234926e-02
8.621880338445390979e-02
8.625788731218538008e-02
8.631828315199960300e-02
8.635903795732031984e-02
8.643619260501479717e-02
8.648396760780407977e-02
8.654416815710347377e-02
8.664721527972944759e-02
8.672785404361955941e-02
8.677981905687662256e-02
8.685869926226878757e-02
8.693239567701589732e-02
8.696943381183613875e-02
8.701316347626959768e-02
8.703663448245184397e-02
8.708858580750251932e-02
8.710172357193517179e-02
8.717784658673687070e-02
8.721930250783105354e-02
8.727797506782682124e-02
8.732821768734919110e-02
8.739882930926638760e-02
8.748880092249043672e-02
8.757329653478877762e-02
8.761583455747906646e-02
8.767372207423475283e-02
8.773558231812175756e-02
8.780908805003848072e-02
8.788040568978169875e-02
8.794155634873125627e-02
8.796937544571233059e-02
8.805142271343770199e-02
8.812922186649808920e-02
8.821886460341087088e-02
8.831743400237899999e-02
8.837191576784780844e-02
8.845112047886523332e-02
8.851598060930609968e-02
8.854117091895025160e-02
8.860976062856686097e-02
8.862054875460673165e-02
8.864080233712894052e-02
8.866465691142046135e-02
8.869647947510082842e-02
8.871442848464955455e-02
8.879221781824434001e-02
8.884326836738624944e-02
8.893440621316900385e-02
8.897296432040339986e-02
8.905887265469410174e-02
8.911023442794981098e-02
8.919727982884535777e-02
8.926829770784124041e-02
8.930015179482791998e-02
8.935663200497837022e-02
8.939275433814558580e-02
8.947227727212826720e-02
8.947520472858688789e-02
8.951300996749973760e-02
8.954505515909995383e-02
8.962219044440901394e-02
8.966724361258059106e-02
8.969544866310630304e-02
8.971776495882767544e-02
8.975426625586840901e-02
8.982083952090748336e-02
8.987522380792652144e-02
8.994408857827815296e-02
9.000634856478753609e-02
9.008386730515226259e-02
9.012548421920520136e-02
9.017865662140792105e-02
9.025791676496651428e-02
9.031409959570514678e-02
9.037363351610094853e-02
9.042047154904672701e-02
9.049640427506365492e-02
9.055116295328134723e-02
9.062124652275892200e-02
9.066256356876366274e-02
9.074034151060690612e-02
9.074975721328464029e-02
9.081659147468860993e-02
9.089731551473170801e-02
9.098878963405110376e-02
9.107824665463624958e-02
9.117296994643062091e-02
9.122948467754629642e-02
9.125267803425521351e-02
9.129885405180460101e-02
9.136524195479896193e-02
9.138023478274499845e-02
9.141975720643888415e-02
9.147615506668504981e-02
9.153189691760744984e-02
9.162254847483186637e-02
9.165950069437264758e-02
9.172087528204626861e-02
9.173559801158497062e-02
9.177144140444311315e-02
9.185167490548053204e-02
9.189647395661908191e-02
9.196503466966476914e-02
9.202802380092489631e-02
9.208418246561339560e-02
9.210568807163073413e-02
9.213653553389315742e-02
9.222189641838096641e-02
9.230261031950977302e-02
9.237639757672869156e-02
9.237981560288256733e-02
9.240813401283984319e-02
9.248698204390308486e-02
9.256108538550288090e-02
9.264182262293067793e-02
9.271269709799065395e-02
9.274535328173670601e-02
9.279949538927163843e-02
9.283840239245240433e-02
9.287484513076804671e-02
9.292527577739977118e-02
9.299836169406720809e-02
9.309341973660631431e-02
9.314859464789301824e-02
9.319422930195861432e-02
9.321469522808763231e-02
9.330532706566040113e-02
9.333151938005875004e-02
9.335512299095645450e-02
9.341521988577859703e-02
9.348360415114062572e-02
9.352784419796957016e-02
9.358254218783258749e-02
9.360618818506873107e-02
9.364980731924939239e-02
9.370843244624448010e-02
9.377994003794479227e-02
9.380263435817753903e-02
9.389189754009312494e-02
9.396378149375994582e-02
9.405234539029556917e-02
9.409142571817709355e-02
9.412807925033850331e-02
9.422724761532350057e-02
9.428092209146290981e-02
9.433727419728361874e-02
9.439161658533767874e-02
9.444553623067114545e-02
9.447823158728027582e-02
9.450923096107656518e-02
9.455247074764472348e-02
9.463056114445869693e-02
9.466481124415977721e-02
9.471724182628404876e-02
9.477549618153176259e-02
9.483606720581867766e-02
9.493473689906915813e-02
9.495983982169069193e-02
9.504394866074293569e-02
9.508548922018797422e-02
9.512780090957248524e-02
9.520945457622033425e-02
9.527162186515340803e-02
9.535792241185214735e-02
9.541820904731729280e-02
9.543948623184941860e-02
9.549860272289201202e-02
9.556780341319461025e-02
9.565491258287557585e-02
9.567735767850239770e-02
9.574068307471020334e-02
9.578219429017532927e-02
9.585029104572391490e-02
9.591665206336129346e-02
9.594204728637549529e-02
9.601297361268709696e-02
9.605919477568496123e-02
9.611421838192660272e-02
9.618964236294934300e-02
9.622133490092868446e-02
9.631417345472059743e-02
9.640929034873585435e-02
9.645674925469006900e-02
9.651486942068951413e-02
9.657242347300509788e-02
9.661863368896761450e-02
9.669276312086720615e-02
9.672343708538130858e-02
9.680979756558542870e-02
9.682013874181483182e-02
9.689903205839309197e-02
9.695380710173104322e-02
9.702298960342402301e-02
9.707831169186829923e-02
9.712576235669498348e-02
9.721246392382448809e-02
9.727256142453823140e-02
9.731060228684584867e-02
9.736635582066291428e-02
9.744695564278958722e-02
9.753031159678957063e-02
9.758708158517759301e-02
9.765659425212724898e-02
9.775750917868800127e-02
9.779663881710588813e-02
9.784192236979445678e-02
9.787582697664558296e-02
9.795517323202844462e-02
9.799061827020200122e-02
9.804637478579186771e-02
9.806907013073731805e-02
9.810285806031567024e-02
9.817552281822672366e-02
9.824642471623752649e-02
9.831742020728187481e-02
9.836204466730491536e-02
9.844206732354304767e-02
9.851709629725398376e-02
9.856356245821337736e-02
9.861905179754616724e-02
9.867743857114381900e-02
9.873220460197094928e-02
9.879103460068813791e-02
9.888132963488245608e-02
9.890654559818115588e-02
9.899776491938440393e-02
9.907462943134012767e-02
9.916718264261575877e-02
9.922682389214274035e-02
9.925864214409081676e-02
9.930268866022720631e-02
9.935522802214880045e-02
9.942419993824265501e-02
9.951226922942754682e-02
9.956522199012739216e-02
9.959315843251649591e-02
9.966614005605532733e-02
9.971497648751305454e-02
9.978359708617517976e-02
9.983529583468292445e-02
9.987344892183321055e-02
9.992335168041249771e-02
9.996158572578794921e-02
1.000519069538676753e-01
1.000993062881879309e-01
1.001353149976832169e-01
1.002007588198277899e-01
1.002259028935295060e-01
1.002995187922109260e-01
1.003685016704951583e-01
1.004350932070635777e-01
1.004743490304958464e-01
1.004968029399231771e-01
1.005561539133151827e-01
1.006389637921291519e-01
1.006899845139708760e-01
1.007218818175872055e-01
1.007651013817625202e-01
1.008243504258612977e-01
1.008440661592811954e-01
1.009273822799471032e-01
1.009725232689945434e-01
1.010234197875592710e-01
1.010606436258862373e-01
1.011528434392282849e-01
1.012339705903297638e-01
1.013060418897816783e-01
1.013566591243218740e-01
1.014505078069980609e-01
1.014953026279385023e-01
1.015235636501080063e-01
1.015529494895260898e-01
1.016305730901488485e-01
1.017082662736371185e-01
1.017800282704474368e-01
1.018307537742753482e-01
1.018685356134807485e-01
1.019343262925341137e-01
1.020262926478411741e-01
1.021017110747132473e-01
1.021872399651547469e-01
1.022504137313012262e-01
1.022971962520724254e-01
1.023275412186107347e-01
1.023806098403475390e-01
1.024240195273591891e-01
1.024775392137376590e-01
1.025362079168456175e-01
1.025474070781652314e-01
1.026027073848892329e-01
1.026850373753131485e-01
1.027611303023425043e-01
1.028357080778934673e-01
1.029004434860082556e-01
1.029586652858709289e-01
1.030186466507023307e-01
1.031120943716425653e-01
1.031917203480181011e-01
1.032408692445458548e-01
1.032918074005328285e-01
1.033518721090356807e-01
1.034126820499200045e-01
1.034274000182544423e-01
1.035101597161464382e-01
1.036055444146454230e-01
1.036756634197788102e-01
1.037294264208972333e-01
1.038248581582684321e-01
1.038766650985175483e-01
1.039519156381644022e-01
1.040050567806145715e-01
1.040634946478560252e-01
1.040820524734743652e-01
1.040989392096351301e-01
1.041727699307543054e-01
1.041936678277134709e-01
1.042166959883523009e-01
1.042578746382134824e-01
1.043028669963067256e-01
1.043883469044461498e-01
1.044670504985616977e-01
1.045142896365753721e-01
1.045436243761225098e-01
1.045930261110603610e-01
1.046483316696889820e-01
1.047446060691807623e-01
1.047574327725392662e-01
1.048169052547157504e-01
1.049105129015251991e-01
1.049507243367280018e-01
1.050515514784205462e-01
1.051007057303845194e-01
1.051359353681934339e-01
1.051856594036785081e-01
1.052083454082606007e-01
1.052337705068450702e-01
1.053076244711531745e-01
1.053955281116457365e-01
1.054850502221503367e-01
1.055524272347298648e-01
1.055834710022960365e-01
1.056600586748974446e-01
1.057468491454607307e-01
1.057615277450634217e-01
1.058016694756723913e-01
1.058830129826442285e-01
1.059241959427925095e-01
1.059821909937544160e-01
1.060187953848776427e-01
1.060949976617356905e-01
1.061587303823906120e-01
1.062258456818159918e-01
1.062880728488677512e-01
1.063879908869889285e-01
1.064264891526442575e-01
1.064727130915886638e-01
1.065432716451266831e-01
1.065808126843707099e-01
1.066373779573672187e-01
1.066817848701638732e-01
1.067558285282318442e-01
1.068201222957793628e-01
1.068877191165695517e-01
1.069212954720863001e-01
1.069658003679044705e-01
1.070256615990360927e-01
1.070609890088572019e-01
1.071426582749403084e-01
1.072119915786791805e-01
1.072547399368332516e-01
1.073197839414772176e-01
1.073711721402620112e-01
1.074340690367946022e-01
1.075119442863043118e-01
1.075737563126548946e-01
1.076293045796200831e-01
1.077089687039053667e-01
1.077526362220059403e-01
1.077897246940669046e-01
1.078828716166845558e-01
1.079720165639240503e-01
1.080178477935585385e-01
1.080889139894286449e-01
1.081489324742120200e-01
1.081838614847599744e-01
1.082518685178290030e-01
1.083067992398468321e-01
1.083877835000070511e-01
1.084130895232338632e-01
1.084588669252329746e-01
1.085247058585360747e-01
1.085959210655129958e-01
1.086657947519947820e-01
1.087359920175690192e-01
1.087937490086193920e-01
1.088387252879966238e-01
1.088615813259378035e-01
1.089231369934170190e-01
1.089742719223110307e-01
1.090134995271536261e-01
1.090505517792782070e-01
1.090677277168561332e-01
1.091243779803769964e-01
1.091442059833487715e-01
1.091618386892983794e-01
1.092068816848958263e-01
1.093022549427535711e-01
1.093652091308072033e-01
1.093868276740365270e-01
1.094279760403326501e-01
1.094777626115874952e-01
1.095533230503161204e-01
1.095729321078936364e-01
1.096006316014149495e-01
1.096305079053422199e-01
1.097059146982795608e-01
1.097473052811231004e-01
1.098115446059458183e-01
1.098472632880611033e-01
1.099308745257466802e-01
1.100071427738269492e-01
1.100303476728876212e-01
1.100404699378883383e-01
1.100821002455434072e-01
1.101564094928310367e-01
1.101814707111921227e-01
1.101990372532717505e-01
1.102757539100236717e-01
1.103211963608283219e-01
1.103748515107975114e-01
1.104191290510737333e-01
1.104793896413746729e-01
1.105236536346620030e-01
1.105709944643879505e-01
1.105960935928266692e-01
1.106548052720390113e-01
1.106831483515021974e-01
1.107417661793553554e-01
1.108025550886721639e-01
1.108210808177279433e-01
1.108731843761559255e-01
1.109231736654990863e-01
1.109933402618776127e-01
1.110479847188714370e-01
1.110895827344983988e-01
1.111481018820866529e-01
1.111937614168563432e-01
1.112479530087679691e-01
1.112961988435509364e-01
1.113580969054510095e-01
1.113646149069314889e-01
1.114546599099565521e-01
1.115007118665803237e-01
1.115615568457182516e-01
1.116241717656843851e-01
1.116571384624036878e-01
1.117130530761294704e-01
1.118077605192645541e-01
1.118453760532980706e-01
1.119199866196323584e-01
1.119770041526505500e-01
1.120113425260887002e-01
1.120562664125290681e-01
1.120985729929134117e-01
1.121758793379415975e-01
1.121953088344976035e-01
1.122693024243239107e-01
1.123388642002400573e-01
1.124069868854080251e-01
1.124520681641538178e-01
1.124816985466813440e-01
1.125310596255680862e-01
1.125729958641193684e-01
1.126247457140765462e-01
1.126890708840232735e-01
1.127747115043037512e-01
1.128243507716319705e-01
1.128966578461711168e-01
1.129691687123030447e-01
1.130457805241130015e-01
1.130967252038189014e-01
1.131642309146119463e-01
1.132339270730084724e-01
1.132978552225585162e-01
1.133647581501609769e-01
1.134489017924443927e-01
1.135386535678963443e-01
1.136178668684334758e-01
1.136671756285985158e-01
1.137666967458468847e-01
1.138246975620060136e-01
1.138890372115330951e-01
1.139675546538705675e-01
1.139943373339969979e-01
1.140561853109815504e-01
1.141035546191040972e-01
1.141184230870420924e-01
1.141360517729202301e-01
1.142362036767744782e-01
1.142855142143650721e-01
1.143220802995687790e-01
1.143773125757944625e-01
1.144148959756302320e-01
1.144391320197791356e-01
1.145112075702583859e-01
1.145380117212679849e-01
1.145836121162966265e-01
1.146288112553459637e-01
3.042357457261474218e-02
