1.000000000000000000e+00
8.975515463917526082e-01
8.725300687285223455e-01
8.515893470790377728e-01
8.481529209621992971e-01
8.453608247422680355e-01
8.417096219931271550e-01
8.403135738831615242e-01
8.380584192439862745e-01
8.348367697594502035e-01
8.332259450171821680e-01
8.311855670103093230e-01
8.288230240549828709e-01
8.276417525773195338e-01
8.268900343642611173e-01
8.253865979381442841e-01
8.230240549828178320e-01
8.184063573883161302e-01
8.179768041237113207e-01
8.160438144329896781e-01
8.151847079037800592e-01
8.138960481099656308e-01
8.131443298969072142e-01
8.120704467353951905e-01
8.109965635738831669e-01
8.093857388316151313e-01
8.083118556701031077e-01
8.075601374570446911e-01
8.051975945017182390e-01
8.045532646048110248e-01
8.017611683848797632e-01
7.995060137457045135e-01
7.993986254295533112e-01
7.974656357388316685e-01
7.964991408934707362e-01
7.957474226804123196e-01
7.949957044673539031e-01
7.941365979381442841e-01
7.937070446735394746e-01
7.934922680412370699e-01
7.914518900343642249e-01
7.903780068728522012e-01
7.900558419243985941e-01
7.879080756013745468e-01
7.876932989690721421e-01
7.820017182130584166e-01
7.793170103092783574e-01
7.781357388316151313e-01
7.773840206185567148e-01
7.771692439862543100e-01
7.755584192439862745e-01
7.745919243986254532e-01
7.727663230240550130e-01
7.717998281786941916e-01
7.715850515463917869e-01
7.711554982817869774e-01
7.702963917525773585e-01
7.693298969072165372e-01
7.682560137457045135e-01
7.677190721649485017e-01
7.668599656357388827e-01
7.661082474226804662e-01
7.652491408934707362e-01
7.644974226804123196e-01
7.627792096219930817e-01
7.619201030927834628e-01
7.614905498281786533e-01
7.613831615120274510e-01
7.611683848797250462e-01
7.608462199312714391e-01
7.606314432989690344e-01
7.603092783505154273e-01
7.598797250859106178e-01
7.594501718213058084e-01
7.583762886597937847e-01
7.579467353951889752e-01
7.567654639175257492e-01
7.564432989690721421e-01
7.555841924398625231e-01
7.548324742268041065e-01
7.539733676975944876e-01
7.523625429553264521e-01
7.501073883161512024e-01
7.488187285223367740e-01
7.484965635738831669e-01
7.480670103092783574e-01
7.477448453608247503e-01
7.472079037800687384e-01
7.465635738831615242e-01
7.463487972508591195e-01
7.458118556701031077e-01
7.451675257731958935e-01
7.436640893470790603e-01
7.430197594501718461e-01
7.428049828178694414e-01
7.402276632302405845e-01
7.395833333333333703e-01
7.388316151202749538e-01
7.377577319587629301e-01
7.373281786941581206e-01
7.359321305841924898e-01
7.333548109965635220e-01
7.324957044673539031e-01
7.323883161512027007e-01
7.319587628865978912e-01
7.307774914089346652e-01
7.303479381443298557e-01
7.297036082474226415e-01
7.286297250859106178e-01
7.276632302405497965e-01
7.268041237113401776e-01
7.250859106529209397e-01
7.233676975945017018e-01
7.228307560137456900e-01
7.225085910652920829e-01
7.212199312714776545e-01
7.188573883161512024e-01
7.179982817869415834e-01
7.177835051546391787e-01
7.172465635738831669e-01
7.163874570446735479e-01
7.159579037800687384e-01
7.150987972508591195e-01
7.145618556701031077e-01
7.134879725085910840e-01
7.128436426116838698e-01
7.123067010309278579e-01
7.108032646048110248e-01
7.084407216494845727e-01
7.069372852233677396e-01
7.060781786941581206e-01
7.052190721649485017e-01
7.047895189003436922e-01
7.045747422680412875e-01
7.038230240549828709e-01
7.033934707903780614e-01
7.026417525773195338e-01
7.007087628865978912e-01
6.996348797250858675e-01
6.986683848797250462e-01
6.982388316151202368e-01
6.975945017182130226e-01
6.960910652920961894e-01
6.953393470790377728e-01
6.939432989690721421e-01
6.927620274914089160e-01
6.920103092783504994e-01
6.914733676975944876e-01
6.902920962199312616e-01
6.901847079037800592e-01
6.893256013745704402e-01
6.886812714776632260e-01
6.881443298969072142e-01
6.878221649484536071e-01
6.875000000000000000e-01
6.871778350515463929e-01
6.853522336769759526e-01
6.849226804123711432e-01
6.846005154639175361e-01
6.842783505154639290e-01
6.835266323024055124e-01
6.829896907216495006e-01
6.814862542955326674e-01
6.811640893470790603e-01
6.808419243986254532e-01
6.801975945017182390e-01
6.792310996563574177e-01
6.784793814432990011e-01
6.778350515463917869e-01
6.776202749140893822e-01
6.765463917525773585e-01
6.761168384879725490e-01
6.747207903780069183e-01
6.742912371134021088e-01
6.739690721649485017e-01
6.728951890034364780e-01
6.714991408934707362e-01
6.708548109965635220e-01
6.705326460481099149e-01
6.692439862542954865e-01
6.687070446735394746e-01
6.679553264604810581e-01
6.674183848797250462e-01
6.670962199312714391e-01
6.660223367697594155e-01
6.655927835051546060e-01
6.652706185567009989e-01
6.641967353951889752e-01
6.636597938144329634e-01
6.634450171821305586e-01
6.626932989690721421e-01
6.624785223367697373e-01
6.594716494845360710e-01
6.592568728522336663e-01
6.579682130584192379e-01
6.574312714776632260e-01
6.570017182130584166e-01
6.549613402061855716e-01
6.544243986254295598e-01
6.530283505154639290e-01
6.528135738831615242e-01
6.524914089347079171e-01
6.521692439862543100e-01
6.517396907216495006e-01
6.514175257731958935e-01
6.499140893470790603e-01
6.496993127147766556e-01
6.493771477663230485e-01
6.484106529209622272e-01
6.479810996563574177e-01
6.478737113402062153e-01
6.470146048109965964e-01
6.463702749140893822e-01
6.458333333333333703e-01
6.449742268041237514e-01
6.448668384879725490e-01
6.434707903780069183e-01
6.431486254295533112e-01
6.418599656357388827e-01
6.414304123711340733e-01
6.405713058419243433e-01
6.399269759450171291e-01
6.397121993127147244e-01
6.393900343642611173e-01
6.389604810996563078e-01
6.373496563573882723e-01
6.371348797250858675e-01
6.370274914089346652e-01
6.363831615120274510e-01
6.359536082474226415e-01
6.357388316151202368e-01
6.345575601374570107e-01
6.341280068728522012e-01
6.324097938144329634e-01
6.320876288659793563e-01
6.312285223367697373e-01
6.306915807560137255e-01
6.297250859106529042e-01
6.294029209621992971e-01
6.282216494845360710e-01
6.280068728522336663e-01
6.273625429553264521e-01
6.267182130584192379e-01
6.263960481099656308e-01
6.254295532646048095e-01
6.244630584192439882e-01
6.234965635738831669e-01
6.229596219931271550e-01
6.222079037800687384e-01
6.216709621993127266e-01
6.204896907216495006e-01
6.203823024054982982e-01
6.202749140893470958e-01
6.190936426116838698e-01
6.187714776632302627e-01
6.183419243986254532e-01
6.180197594501718461e-01
6.179123711340206437e-01
6.168384879725086201e-01
6.165163230240550130e-01
6.159793814432990011e-01
6.156572164948453940e-01
6.152276632302405845e-01
6.140463917525773585e-01
6.138316151202749538e-01
6.129725085910653348e-01
6.121134020618557159e-01
6.120060137457045135e-01
6.111469072164948946e-01
6.109321305841924898e-01
6.105025773195876804e-01
6.092139175257731409e-01
6.088917525773195338e-01
6.086769759450171291e-01
6.083548109965635220e-01
6.076030927835051054e-01
6.069587628865978912e-01
6.067439862542954865e-01
6.064218213058418794e-01
6.063144329896906770e-01
6.059922680412370699e-01
6.056701030927834628e-01
6.053479381443298557e-01
6.048109965635738439e-01
6.029853951890034036e-01
6.026632302405497965e-01
6.023410652920961894e-01
6.015893470790377728e-01
6.011597938144329634e-01
5.999785223367697373e-01
5.995489690721649279e-01
5.991194158075601184e-01
5.974012027491408805e-01
5.970790378006872734e-01
5.966494845360824639e-01
5.955756013745704402e-01
5.947164948453608213e-01
5.945017182130584166e-01
5.935352233676975953e-01
5.929982817869415834e-01
5.920317869415807621e-01
5.918170103092783574e-01
5.914948453608247503e-01
5.910652920962199408e-01
5.905283505154639290e-01
5.903135738831615242e-01
5.896692439862543100e-01
5.895618556701031077e-01
5.885953608247422864e-01
5.878436426116838698e-01
5.877362542955326674e-01
5.875214776632302627e-01
5.869845360824742508e-01
5.864475945017182390e-01
5.861254295532646319e-01
5.858032646048110248e-01
5.854810996563574177e-01
5.851589347079038106e-01
5.847293814432990011e-01
5.842998281786941916e-01
5.835481099656357751e-01
5.803264604810997040e-01
5.797895189003436922e-01
5.792525773195876804e-01
5.790378006872852756e-01
5.788230240549828709e-01
5.786082474226804662e-01
5.782860824742268591e-01
5.775343642611683315e-01
5.767826460481099149e-01
5.760309278350514983e-01
5.758161512027490936e-01
5.756013745704466888e-01
5.753865979381442841e-01
5.748496563573882723e-01
5.744201030927834628e-01
5.733462199312714391e-01
5.727018900343642249e-01
5.714132302405497965e-01
5.711984536082473918e-01
5.707689003436425823e-01
5.704467353951889752e-01
5.692654639175257492e-01
5.684063573883161302e-01
5.680841924398625231e-01
5.673324742268041065e-01
5.667955326460480947e-01
5.665807560137456900e-01
5.660438144329896781e-01
5.659364261168384758e-01
5.655068728522336663e-01
5.652920962199312616e-01
5.649699312714776545e-01
5.646477663230240474e-01
5.638960481099656308e-01
5.636812714776632260e-01
5.635738831615120237e-01
5.631443298969072142e-01
5.630369415807560118e-01
5.628221649484536071e-01
5.623926116838487976e-01
5.621778350515463929e-01
5.618556701030927858e-01
5.613187285223367740e-01
5.602448453608247503e-01
5.598152920962199408e-01
5.590635738831615242e-01
5.576675257731958935e-01
5.575601374570446911e-01
5.569158075601374769e-01
5.563788659793814650e-01
5.558419243986254532e-01
5.554123711340206437e-01
5.551975945017182390e-01
5.545532646048110248e-01
5.538015463917526082e-01
5.536941580756014059e-01
5.534793814432990011e-01
5.531572164948453940e-01
5.527276632302405845e-01
5.524054982817869774e-01
5.518685567010309656e-01
5.515463917525773585e-01
5.510094501718213467e-01
5.509020618556701443e-01
5.503651202749141325e-01
5.500429553264605254e-01
5.496134020618557159e-01
5.491838487972509064e-01
5.490764604810997040e-01
5.487542955326460969e-01
5.484321305841924898e-01
5.483247422680412875e-01
5.478951890034364780e-01
5.466065292096219386e-01
5.452104810996563078e-01
5.441365979381442841e-01
5.439218213058418794e-01
5.438144329896906770e-01
5.428479381443298557e-01
5.424183848797250462e-01
5.419888316151202368e-01
5.414518900343642249e-01
5.411297250859106178e-01
5.404853951890034036e-01
5.402706185567009989e-01
5.395189003436425823e-01
5.394115120274913799e-01
5.390893470790377728e-01
5.387671821305841657e-01
5.382302405498281539e-01
5.379080756013745468e-01
5.369415807560137255e-01
5.368341924398625231e-01
5.356529209621992971e-01
5.350085910652920829e-01
5.345790378006872734e-01
5.342568728522336663e-01
5.340420962199312616e-01
5.339347079037800592e-01
5.337199312714776545e-01
5.336125429553264521e-01
5.313573883161512024e-01
5.312500000000000000e-01
5.303908934707903811e-01
5.299613402061855716e-01
5.294243986254295598e-01
5.291022336769759526e-01
5.286726804123711432e-01
5.283505154639175361e-01
5.281357388316151313e-01
5.274914089347079171e-01
5.259879725085910840e-01
5.253436426116838698e-01
5.250214776632302627e-01
5.246993127147766556e-01
5.244845360824742508e-01
5.240549828178694414e-01
5.231958762886598224e-01
5.228737113402062153e-01
5.226589347079038106e-01
5.220146048109965964e-01
5.217998281786941916e-01
5.214776632302405845e-01
5.193298969072165372e-01
5.185781786941581206e-01
5.181486254295533112e-01
5.180412371134021088e-01
5.178264604810997040e-01
5.176116838487972993e-01
5.170747422680412875e-01
5.169673539518900851e-01
5.165378006872852756e-01
5.155713058419243433e-01
5.153565292096219386e-01
5.152491408934707362e-01
5.142826460481099149e-01
5.138530927835051054e-01
5.137457044673539031e-01
5.135309278350514983e-01
5.129939862542954865e-01
5.128865979381442841e-01
5.127792096219930817e-01
5.124570446735394746e-01
5.117053264604810581e-01
5.109536082474226415e-01
5.107388316151202368e-01
5.099871134020618202e-01
5.090206185567009989e-01
5.089132302405497965e-01
5.075171821305841657e-01
5.071950171821305586e-01
5.068728522336769515e-01
5.067654639175257492e-01
5.063359106529209397e-01
5.059063573883161302e-01
5.053694158075601184e-01
5.047250859106529042e-01
5.045103092783504994e-01
5.044029209621992971e-01
5.042955326460480947e-01
5.040807560137456900e-01
5.032216494845360710e-01
5.030068728522336663e-01
5.018256013745704402e-01
5.016108247422680355e-01
5.012886597938144284e-01
5.009664948453608213e-01
5.005369415807560118e-01
5.004295532646048095e-01
4.997852233676975953e-01
4.971005154639175361e-01
4.960266323024055124e-01
4.958118556701031077e-01
4.955970790378007029e-01
4.951675257731958935e-01
4.945231958762886793e-01
4.938788659793814650e-01
4.936640893470790603e-01
4.928049828178694414e-01
4.925902061855670366e-01
4.920532646048109693e-01
4.918384879725085645e-01
4.916237113402061598e-01
4.914089347079037551e-01
4.913015463917525527e-01
4.910867697594501480e-01
4.904424398625429338e-01
4.900128865979381243e-01
4.899054982817869219e-01
4.896907216494845172e-01
4.891537800687285054e-01
4.882946735395188864e-01
4.879725085910652793e-01
4.878651202749140769e-01
4.875429553264604698e-01
4.871134020618556604e-01
4.868986254295532556e-01
4.863616838487972438e-01
4.856099656357388272e-01
4.845360824742268036e-01
4.844286941580756012e-01
4.838917525773195893e-01
4.831400343642611728e-01
4.830326460481099704e-01
4.823883161512027562e-01
4.817439862542955420e-01
4.810996563573883278e-01
4.807774914089347207e-01
4.803479381443299112e-01
4.799183848797251017e-01
4.797036082474226970e-01
4.790592783505154828e-01
4.785223367697594710e-01
4.783075601374570662e-01
4.779853951890034591e-01
4.774484536082474473e-01
4.769115120274914355e-01
4.768041237113402331e-01
4.764819587628865705e-01
4.757302405498281539e-01
4.753006872852233444e-01
4.744415807560137255e-01
4.741194158075601184e-01
4.739046391752577136e-01
4.732603092783504994e-01
4.730455326460480947e-01
4.728307560137456900e-01
4.724012027491408805e-01
4.715420962199312616e-01
4.711125429553264521e-01
4.702534364261168331e-01
4.699312714776632260e-01
4.695017182130584166e-01
4.693943298969072142e-01
4.690721649484536071e-01
4.689647766323024047e-01
4.688573883161512024e-01
4.679982817869415834e-01
4.676761168384879763e-01
4.675687285223367740e-01
4.669243986254295598e-01
4.664948453608247503e-01
4.662800687285223455e-01
4.656357388316151313e-01
4.652061855670103219e-01
4.649914089347079171e-01
4.645618556701031077e-01
4.641323024054982982e-01
4.638101374570446911e-01
4.632731958762886793e-01
4.630584192439862745e-01
4.629510309278350721e-01
4.620919243986254532e-01
4.618771477663230485e-01
4.614475945017182390e-01
4.612328178694158343e-01
4.610180412371134295e-01
4.605884879725085645e-01
4.604810996563573622e-01
4.599441580756013503e-01
4.597293814432989456e-01
4.585481099656357196e-01
4.580111683848797077e-01
4.577963917525773030e-01
4.574742268041236959e-01
4.572594501718212912e-01
4.571520618556700888e-01
4.568298969072164817e-01
4.562929553264604698e-01
4.560781786941580651e-01
4.555412371134020533e-01
4.554338487972508509e-01
4.550042955326460414e-01
4.547895189003436367e-01
4.535008591065292083e-01
4.531786941580756012e-01
4.530713058419243988e-01
4.524269759450171846e-01
4.522121993127147799e-01
4.518900343642611728e-01
4.514604810996563633e-01
4.510309278350515538e-01
4.503865979381443396e-01
4.500644329896907325e-01
4.498496563573883278e-01
4.496348797250859231e-01
4.487757731958763041e-01
4.484536082474226970e-01
4.475945017182130781e-01
4.472723367697594710e-01
4.471649484536082686e-01
4.470575601374570662e-01
4.466280068728522568e-01
4.461984536082474473e-01
4.459836769759450426e-01
4.455541237113402331e-01
4.453393470790378283e-01
4.450171821305841657e-01
4.446950171821305586e-01
4.445876288659793563e-01
4.439432989690721421e-01
4.437285223367697373e-01
4.435137457044673326e-01
4.426546391752577136e-01
4.425472508591065113e-01
4.422250859106529042e-01
4.421176975945017018e-01
4.416881443298968923e-01
4.408290378006872734e-01
4.407216494845360710e-01
4.403994845360824639e-01
4.400773195876288568e-01
4.393256013745704402e-01
4.386812714776632260e-01
4.384664948453608213e-01
4.382517182130584166e-01
4.380369415807560118e-01
4.367482817869415834e-01
4.366408934707903811e-01
4.365335051546391787e-01
4.364261168384879763e-01
4.362113402061855716e-01
4.354596219931271550e-01
4.352448453608247503e-01
4.349226804123711432e-01
4.340635738831615242e-01
4.336340206185567148e-01
4.334192439862543100e-01
4.325601374570446911e-01
4.322379725085910840e-01
4.314862542955326674e-01
4.306271477663230485e-01
4.301975945017182390e-01
4.297680412371134295e-01
4.296606529209621717e-01
4.294458762886597669e-01
4.285867697594501480e-01
4.284793814432989456e-01
4.279424398625429338e-01
4.277276632302405290e-01
4.274054982817869219e-01
4.270833333333333148e-01
4.264390034364261006e-01
4.259020618556700888e-01
4.254725085910652793e-01
4.243986254295532556e-01
4.240764604810996485e-01
4.236469072164948391e-01
4.232173539518900296e-01
4.231099656357388272e-01
4.230025773195876249e-01
4.228951890034364225e-01
4.221434707903780059e-01
4.211769759450171846e-01
4.210695876288659822e-01
4.204252577319587680e-01
4.196735395189003515e-01
4.194587628865979467e-01
4.190292096219931373e-01
4.185996563573883278e-01
4.181701030927835183e-01
4.176331615120275065e-01
4.170962199312714946e-01
4.166666666666666852e-01
4.160223367697594710e-01
4.158075601374570662e-01
4.151632302405498520e-01
4.150558419243986497e-01
4.149484536082474473e-01
4.144115120274914355e-01
4.139819587628865705e-01
4.132302405498281539e-01
4.129080756013745468e-01
4.120489690721649279e-01
4.118341924398625231e-01
4.115120274914089160e-01
4.109750859106529042e-01
4.102233676975944876e-01
4.099012027491408805e-01
4.092568728522336663e-01
4.087199312714776545e-01
4.086125429553264521e-01
4.083977663230240474e-01
4.082903780068728450e-01
4.081829896907216426e-01
4.079682130584192379e-01
4.075386597938144284e-01
4.070017182130584166e-01
4.063573883161512024e-01
4.058204467353951905e-01
4.052835051546391787e-01
4.050687285223367740e-01
4.044243986254295598e-01
4.041022336769759526e-01
4.036726804123711432e-01
4.028135738831615242e-01
4.018470790378007029e-01
4.014175257731958935e-01
4.013101374570446911e-01
4.009879725085910840e-01
4.000214776632302627e-01
3.992697594501718461e-01
3.991623711340206437e-01
3.986254295532646319e-01
3.984106529209621717e-01
3.976589347079037551e-01
3.972293814432989456e-01
3.970146048109965409e-01
3.960481099656357196e-01
3.955111683848797077e-01
3.947594501718212912e-01
3.940077319587628746e-01
3.934707903780068627e-01
3.930412371134020533e-01
3.922895189003436367e-01
3.916451890034364225e-01
3.915378006872852201e-01
3.910008591065292083e-01
3.908934707903780059e-01
3.901417525773195893e-01
3.900343642611683870e-01
3.894974226804123751e-01
3.891752577319587680e-01
3.884235395189003515e-01
3.876718213058419349e-01
3.874570446735395302e-01
3.870274914089347207e-01
3.868127147766323159e-01
3.861683848797251017e-01
3.858462199312714946e-01
3.856314432989690899e-01
3.853092783505154828e-01
3.848797250859106733e-01
3.840206185567010544e-01
3.835910652920962449e-01
3.830541237113402331e-01
3.826245704467353681e-01
3.818728522336769515e-01
3.816580756013745468e-01
3.814432989690721421e-01
3.809063573883161302e-01
3.806915807560137255e-01
3.802620274914089160e-01
3.794029209621992971e-01
3.791881443298968923e-01
3.790807560137456900e-01
3.786512027491408805e-01
3.783290378006872734e-01
3.781142611683848687e-01
3.778994845360824639e-01
3.774699312714776545e-01
3.772551546391752497e-01
3.760738831615120237e-01
3.755369415807560118e-01
3.744630584192439882e-01
3.742482817869415834e-01
3.733891752577319645e-01
3.721005154639175361e-01
3.716709621993127266e-01
3.712414089347079171e-01
3.711340206185567148e-01
3.704896907216495006e-01
3.699527491408934887e-01
3.695231958762886793e-01
3.686640893470790603e-01
3.683419243986254532e-01
3.665163230240549574e-01
3.661941580756013503e-01
3.646907216494845172e-01
3.641537800687285054e-01
3.640463917525773030e-01
3.639390034364261006e-01
3.636168384879724935e-01
3.630798969072164817e-01
3.628651202749140769e-01
3.620060137457044580e-01
3.617912371134020533e-01
3.616838487972508509e-01
3.615764604810996485e-01
3.613616838487972438e-01
3.612542955326460414e-01
3.610395189003436367e-01
3.605025773195876249e-01
3.603951890034364225e-01
3.600730240549828154e-01
3.599656357388316130e-01
3.597508591065292083e-01
3.592139175257731964e-01
3.589991408934707917e-01
3.587843642611683870e-01
3.582474226804123751e-01
3.573883161512027562e-01
3.566365979381443396e-01
3.565292096219931373e-01
3.564218213058419349e-01
3.563144329896907325e-01
3.557774914089347207e-01
3.554553264604811136e-01
3.553479381443299112e-01
3.545962199312714946e-01
3.542740549828178875e-01
3.516967353951890307e-01
3.514819587628865705e-01
3.507302405498281539e-01
3.500859106529209397e-01
3.495489690721649279e-01
3.494415807560137255e-01
3.487972508591065113e-01
3.482603092783504994e-01
3.474012027491408805e-01
3.472938144329896781e-01
3.468642611683848687e-01
3.467568728522336663e-01
3.457903780068728450e-01
3.456829896907216426e-01
3.451460481099656308e-01
3.449312714776632260e-01
3.445017182130584166e-01
3.434278350515463929e-01
3.429982817869415834e-01
3.427835051546391787e-01
3.422465635738831669e-01
3.416022336769759526e-01
3.413874570446735479e-01
3.404209621993127266e-01
3.398840206185567148e-01
3.397766323024055124e-01
3.391323024054982982e-01
3.387027491408934887e-01
3.385953608247422864e-01
3.383805841924398816e-01
3.378436426116838698e-01
3.375214776632302627e-01
3.370919243986254532e-01
3.369845360824742508e-01
3.367697594501718461e-01
3.359106529209621717e-01
3.353737113402061598e-01
3.350515463917525527e-01
3.348367697594501480e-01
3.344072164948453385e-01
3.339776632302405290e-01
3.326890034364261006e-01
3.321520618556700888e-01
3.316151202749140769e-01
3.314003436426116722e-01
3.310781786941580651e-01
3.308634020618556604e-01
3.306486254295532556e-01
3.300042955326460414e-01
3.293599656357388272e-01
3.288230240549828154e-01
3.282860824742268036e-01
3.278565292096219941e-01
3.271048109965635775e-01
3.267826460481099704e-01
3.265678694158075657e-01
3.259235395189003515e-01
3.253865979381443396e-01
3.250644329896907325e-01
3.249570446735395302e-01
3.246348797250859231e-01
3.234536082474226970e-01
3.232388316151202923e-01
3.229166666666666852e-01
3.227018900343642804e-01
3.223797250859106733e-01
3.219501718213058639e-01
3.211984536082474473e-01
3.206615120274914355e-01
3.198024054982817610e-01
3.194802405498281539e-01
3.193728522336769515e-01
3.188359106529209397e-01
3.185137457044673326e-01
3.179768041237113207e-01
3.177620274914089160e-01
3.172250859106529042e-01
3.159364261168384758e-01
3.157216494845360710e-01
3.152920962199312616e-01
3.148625429553264521e-01
3.147551546391752497e-01
3.145403780068728450e-01
3.141108247422680355e-01
3.138960481099656308e-01
3.133591065292096189e-01
3.120704467353951905e-01
3.112113402061855716e-01
3.109965635738831669e-01
3.105670103092783574e-01
3.101374570446735479e-01
3.092783505154639290e-01
3.087414089347079171e-01
3.079896907216495006e-01
3.073453608247422864e-01
3.058419243986254532e-01
3.049828178694158343e-01
3.045532646048109693e-01
3.044458762886597669e-01
3.042310996563573622e-01
3.031572164948453385e-01
3.026202749140893267e-01
3.024054982817869219e-01
3.018685567010309101e-01
3.010094501718212912e-01
3.005798969072164817e-01
3.001503436426116722e-01
2.999355670103092675e-01
2.998281786941580651e-01
2.997207903780068627e-01
2.985395189003436367e-01
2.983247422680412320e-01
2.980025773195876249e-01
2.975730240549828154e-01
2.973582474226804107e-01
2.961769759450171846e-01
2.960695876288659822e-01
2.957474226804123751e-01
2.955326460481099704e-01
2.948883161512027562e-01
2.942439862542955420e-01
2.934922680412371254e-01
2.932774914089347207e-01
2.924183848797251017e-01
2.922036082474226970e-01
2.918814432989690899e-01
2.917740549828178875e-01
2.916666666666666852e-01
2.908075601374570662e-01
2.907001718213058639e-01
2.903780068728522568e-01
2.897336769759450426e-01
2.890893470790378283e-01
2.884450171821305586e-01
2.882302405498281539e-01
2.873711340206185350e-01
2.868341924398625231e-01
2.866194158075601184e-01
2.857603092783504994e-01
2.852233676975944876e-01
2.849012027491408805e-01
2.845790378006872734e-01
2.831829896907216426e-01
2.828608247422680355e-01
2.813573883161512024e-01
2.810352233676975953e-01
2.802835051546391787e-01
2.795317869415807621e-01
2.788874570446735479e-01
2.785652920962199408e-01
2.778135738831615242e-01
2.774914089347079171e-01
2.768470790378007029e-01
2.766323024054982982e-01
2.763101374570446911e-01
2.762027491408934887e-01
2.751288659793814650e-01
2.743771477663230485e-01
2.738402061855670366e-01
2.730884879725085645e-01
2.726589347079037551e-01
2.717998281786941361e-01
2.702963917525773030e-01
2.697594501718212912e-01
2.692225085910652793e-01
2.690077319587628746e-01
2.687929553264604698e-01
2.683634020618556604e-01
2.678264604810996485e-01
2.677190721649484462e-01
2.676116838487972438e-01
2.672895189003436367e-01
2.657860824742268036e-01
2.655713058419243988e-01
2.654639175257731964e-01
2.653565292096219941e-01
2.652491408934707917e-01
2.643900343642611728e-01
2.639604810996563633e-01
2.633161512027491491e-01
2.623496563573883278e-01
2.614905498281787088e-01
2.609536082474226970e-01
2.600945017182130781e-01
2.599871134020618757e-01
2.585910652920962449e-01
2.573024054982817610e-01
2.571950171821305586e-01
2.570876288659793563e-01
2.569802405498281539e-01
2.567654639175257492e-01
2.563359106529209397e-01
2.555841924398625231e-01
2.552620274914089160e-01
2.550472508591065113e-01
2.542955326460480947e-01
2.538659793814432852e-01
2.523625429553264521e-01
2.520403780068728450e-01
2.515034364261168331e-01
2.512886597938144284e-01
2.510738831615120237e-01
2.497852233676975953e-01
2.490335051546391787e-01
2.484965635738831669e-01
2.482817869415807621e-01
2.457044673539518775e-01
2.454896907216494728e-01
2.452749140893470681e-01
2.448453608247422586e-01
2.446305841924398539e-01
2.443084192439862468e-01
2.435567010309278302e-01
2.422680412371134018e-01
2.419458762886597947e-01
2.417310996563573899e-01
2.414089347079037828e-01
2.399054982817869497e-01
2.397981099656357473e-01
2.395833333333333426e-01
2.391537800687285331e-01
2.386168384879725213e-01
2.381872852233676841e-01
2.380798969072164817e-01
2.379725085910652793e-01
2.372207903780068627e-01
2.359321305841924343e-01
2.358247422680412320e-01
2.352878006872852201e-01
2.344286941580756012e-01
2.339991408934707917e-01
2.310996563573883278e-01
2.299183848797250740e-01
2.286297250859106456e-01
2.269115120274914077e-01
2.261597938144329911e-01
2.259450171821305864e-01
2.251932989690721698e-01
2.229381443298969201e-01
2.228307560137457177e-01
2.224012027491408805e-01
2.200386597938144284e-01
2.184278350515463929e-01
2.177835051546391787e-01
2.170317869415807621e-01
2.164948453608247503e-01
2.162800687285223455e-01
2.157431271477663337e-01
2.139175257731958657e-01
2.133805841924398539e-01
2.129510309278350444e-01
2.113402061855670089e-01
2.106958762886597947e-01
2.102663230240549852e-01
2.098367697594501757e-01
2.097293814432989734e-01
2.089776632302405568e-01
2.075816151202749260e-01
2.068298969072164817e-01
2.066151202749140769e-01
2.059707903780068627e-01
2.056486254295532556e-01
2.054338487972508509e-01
2.053264604810996485e-01
2.045747422680412320e-01
2.043599656357388272e-01
2.040378006872852201e-01
2.036082474226804107e-01
2.035008591065292083e-01
2.031786941580756012e-01
2.026417525773195893e-01
2.024269759450171846e-01
2.013530927835051609e-01
2.003865979381443396e-01
1.985609965635738716e-01
1.979166666666666574e-01
1.975945017182130503e-01
1.969501718213058361e-01
1.965206185567010266e-01
1.958762886597938124e-01
1.956615120274914077e-01
1.951245704467353959e-01
1.938359106529209674e-01
1.926546391752577414e-01
1.921176975945017296e-01
1.912585910652920829e-01
1.862113402061855716e-01
1.859965635738831669e-01
1.858891752577319645e-01
1.855670103092783574e-01
1.826675257731958657e-01
1.824527491408934610e-01
1.815936426116838420e-01
1.798754295532646041e-01
1.792310996563573899e-01
1.774054982817869497e-01
1.769759450171821402e-01
1.762242268041237236e-01
1.706400343642611728e-01
1.693513745704467444e-01
1.672036082474226693e-01
1.669888316151202645e-01
1.661297250859106456e-01
1.657001718213058361e-01
1.653780068728522290e-01
1.622637457044673603e-01
1.611898625429553367e-01
1.600085910652920829e-01
1.582903780068728450e-01
1.469072164948453663e-01
1.462628865979381521e-01
1.452963917525773307e-01
1.451890034364261284e-01
1.432560137457044580e-01
1.431486254295532556e-01
1.421821305841924343e-01
1.416451890034364225e-01
1.402491408934707917e-01
1.383161512027491491e-01
1.378865979381443396e-01
1.374570446735395302e-01
1.365979381443298835e-01
1.353092783505154550e-01
1.260738831615120237e-01
1.255369415807560118e-01
1.247852233676975953e-01
1.182345360824742231e-01
1.171606529209621994e-01
1.108247422680412320e-01
1.052405498281786950e-01
1.038445017182130642e-01
1.033075601374570385e-01
9.192439862542955975e-02
6.948024054982818165e-02
6.754725085910652516e-02
6.679553264604810858e-02
6.647336769759450148e-02
4.510309278350515400e-02
4.510309278350515400e-02
4.510309278350515400e-02
5.047250859106529493e-03
5.047250859106529493e-03
5.047250859106529493e-03
5.047250859106529493e-03
5.047250859106529493e-03
2.684707903780068732e-03
2.684707903780068732e-03
2.684707903780068732e-03
2.684707903780068732e-03
2.684707903780068732e-03
2.684707903780068732e-03
2.684707903780068732e-03
2.684707903780068732e-03
2.684707903780068732e-03
2.684707903780068732e-03
2.684707903780068732e-03
2.684707903780068732e-03
2.684707903780068732e-03
2.684707903780068732e-03
2.684707903780068732e-03
2.684707903780068732e-03
2.684707903780068732e-03
2.684707903780068732e-03
2.684707903780068732e-03
2.684707903780068732e-03
2.684707903780068732e-03
2.684707903780068732e-03
2.684707903780068732e-03
2.684707903780068732e-03
2.684707903780068732e-03
2.684707903780068732e-03
2.684707903780068732e-03
2.684707903780068732e-03
1.932989690721649556e-03
1.932989690721649556e-03
1.932989690721649556e-03
1.825601374570446755e-03
1.825601374570446755e-03
1.825601374570446755e-03
1.825601374570446755e-03
1.825601374570446755e-03
1.825601374570446755e-03
1.825601374570446755e-03
1.825601374570446755e-03
1.825601374570446755e-03
1.825601374570446755e-03
1.825601374570446755e-03
1.825601374570446755e-03
1.825601374570446755e-03
1.825601374570446755e-03
1.825601374570446755e-03
1.825601374570446755e-03
1.825601374570446755e-03
1.825601374570446755e-03
1.825601374570446755e-03
1.825601374570446755e-03
1.825601374570446755e-03
1.825601374570446755e-03
1.825601374570446755e-03
1.825601374570446755e-03
1.825601374570446755e-03
1.825601374570446755e-03
1.825601374570446755e-03
1.825601374570446755e-03
1.825601374570446755e-03
1.825601374570446755e-03
1.825601374570446755e-03
1.825601374570446755e-03
1.825601374570446755e-03
1.825601374570446755e-03
1.825601374570446755e-03
1.825601374570446755e-03
1.825601374570446755e-03
1.825601374570446755e-03
1.825601374570446755e-03
1.825601374570446755e-03
1.825601374570446755e-03
1.825601374570446755e-03
1.825601374570446755e-03
1.825601374570446755e-03
1.825601374570446755e-03
1.825601374570446755e-03
1.825601374570446755e-03
1.825601374570446755e-03
1.825601374570446755e-03
1.825601374570446755e-03
1.825601374570446755e-03
1.825601374570446755e-03
1.825601374570446755e-03
1.825601374570446755e-03
1.825601374570446755e-03
1.825601374570446755e-03
1.825601374570446755e-03
1.825601374570446755e-03
1.825601374570446755e-03
1.825601374570446755e-03
1.825601374570446755e-03
1.825601374570446755e-03
1.825601374570446755e-03
1.825601374570446755e-03
1.825601374570446755e-03
1.825601374570446755e-03
1.825601374570446755e-03
1.825601374570446755e-03
1.825601374570446755e-03
1.825601374570446755e-03
1.825601374570446755e-03
1.825601374570446755e-03
1.825601374570446755e-03
1.825601374570446755e-03
1.825601374570446755e-03
1.825601374570446755e-03
1.825601374570446755e-03
1.825601374570446755e-03
1.825601374570446755e-03
1.825601374570446755e-03
1.825601374570446755e-03
1.825601374570446755e-03
1.825601374570446755e-03
1.825601374570446755e-03
1.825601374570446755e-03
1.825601374570446755e-03
1.825601374570446755e-03
1.825601374570446755e-03
1.825601374570446755e-03
1.825601374570446755e-03
1.825601374570446755e-03
1.825601374570446755e-03
1.825601374570446755e-03
1.825601374570446755e-03
1.825601374570446755e-03
1.825601374570446755e-03
1.825601374570446755e-03
1.825601374570446755e-03
1.825601374570446755e-03
1.396048109965635766e-03
1.181271477663230164e-03
1.181271477663230164e-03
1.181271477663230164e-03
1.181271477663230164e-03
1.181271477663230164e-03
1.181271477663230164e-03
9.664948453608247780e-04
9.664948453608247780e-04
9.664948453608247780e-04
9.664948453608247780e-04
7.517182130584192839e-04
7.517182130584192839e-04
7.517182130584192839e-04
7.517182130584192839e-04
7.517182130584192839e-04
7.517182130584192839e-04
7.517182130584192839e-04
7.517182130584192839e-04
7.517182130584192839e-04
7.517182130584192839e-04
7.517182130584192839e-04
7.517182130584192839e-04
7.517182130584192839e-04
7.517182130584192839e-04
7.517182130584192839e-04
7.517182130584192839e-04
7.517182130584192839e-04
7.517182130584192839e-04
7.517182130584192839e-04
7.517182130584192839e-04
7.517182130584192839e-04
7.517182130584192839e-04
7.517182130584192839e-04
7.517182130584192839e-04
7.517182130584192839e-04
7.517182130584192839e-04
7.517182130584192839e-04
7.517182130584192839e-04
7.517182130584192839e-04
7.517182130584192839e-04
7.517182130584192839e-04
7.517182130584192839e-04
7.517182130584192839e-04
7.517182130584192839e-04
7.517182130584192839e-04
7.517182130584192839e-04
7.517182130584192839e-04
7.517182130584192839e-04
7.517182130584192839e-04
7.517182130584192839e-04
7.517182130584192839e-04
7.517182130584192839e-04
7.517182130584192839e-04
7.517182130584192839e-04
7.517182130584192839e-04
7.517182130584192839e-04
7.517182130584192839e-04
7.517182130584192839e-04
7.517182130584192839e-04
7.517182130584192839e-04
7.517182130584192839e-04
7.517182130584192839e-04
7.517182130584192839e-04
7.517182130584192839e-04
7.517182130584192839e-04
7.517182130584192839e-04
7.517182130584192839e-04
7.517182130584192839e-04
7.517182130584192839e-04
7.517182130584192839e-04
7.517182130584192839e-04
7.517182130584192839e-04
7.517182130584192839e-04
7.517182130584192839e-04
7.517182130584192839e-04
7.517182130584192839e-04
7.517182130584192839e-04
7.517182130584192839e-04
7.517182130584192839e-04
7.517182130584192839e-04
7.517182130584192839e-04
7.517182130584192839e-04
7.517182130584192839e-04
7.517182130584192839e-04
7.517182130584192839e-04
7.517182130584192839e-04
7.517182130584192839e-04
7.517182130584192839e-04
7.517182130584192839e-04
7.517182130584192839e-04
7.517182130584192839e-04
7.517182130584192839e-04
7.517182130584192839e-04
7.517182130584192839e-04
7.517182130584192839e-04
7.517182130584192839e-04
7.517182130584192839e-04
7.517182130584192839e-04
7.517182130584192839e-04
7.517182130584192839e-04
7.517182130584192839e-04
7.517182130584192839e-04
7.517182130584192839e-04
7.517182130584192839e-04
7.517182130584192839e-04
7.517182130584192839e-04
7.517182130584192839e-04
7.517182130584192839e-04
7.517182130584192839e-04
7.517182130584192839e-04
7.517182130584192839e-04
7.517182130584192839e-04
7.517182130584192839e-04
7.517182130584192839e-04
7.517182130584192839e-04
7.517182130584192839e-04
7.517182130584192839e-04
7.517182130584192839e-04
7.517182130584192839e-04
7.517182130584192839e-04
7.517182130584192839e-04
7.517182130584192839e-04
7.517182130584192839e-04
7.517182130584192839e-04
7.517182130584192839e-04
7.517182130584192839e-04
7.517182130584192839e-04
7.517182130584192839e-04
7.517182130584192839e-04
7.517182130584192839e-04
7.517182130584192839e-04
7.517182130584192839e-04
7.517182130584192839e-04
7.517182130584192839e-04
7.517182130584192839e-04
7.517182130584192839e-04
7.517182130584192839e-04
7.517182130584192839e-04
7.517182130584192839e-04
7.517182130584192839e-04
7.517182130584192839e-04
7.517182130584192839e-04
7.517182130584192839e-04
7.517182130584192839e-04
7.517182130584192839e-04
7.517182130584192839e-04
7.517182130584192839e-04
7.517182130584192839e-04
7.517182130584192839e-04
7.517182130584192839e-04
7.517182130584192839e-04
7.517182130584192839e-04
7.517182130584192839e-04
7.517182130584192839e-04
7.517182130584192839e-04
7.517182130584192839e-04
7.517182130584192839e-04
7.517182130584192839e-04
7.517182130584192839e-04
7.517182130584192839e-04
7.517182130584192839e-04
7.517182130584192839e-04
7.517182130584192839e-04
7.517182130584192839e-04
7.517182130584192839e-04
7.517182130584192839e-04
7.517182130584192839e-04
7.517182130584192839e-04
7.517182130584192839e-04
7.517182130584192839e-04
7.517182130584192839e-04
7.517182130584192839e-04
7.517182130584192839e-04
7.517182130584192839e-04
7.517182130584192839e-04
7.517182130584192839e-04
7.517182130584192839e-04
7.517182130584192839e-04
7.517182130584192839e-04
7.517182130584192839e-04
7.517182130584192839e-04
7.517182130584192839e-04
7.517182130584192839e-04
7.517182130584192839e-04
7.517182130584192839e-04
7.517182130584192839e-04
7.517182130584192839e-04
7.517182130584192839e-04
7.517182130584192839e-04
7.517182130584192839e-04
7.517182130584192839e-04
7.517182130584192839e-04
7.517182130584192839e-04
7.517182130584192839e-04
7.517182130584192839e-04
7.517182130584192839e-04
7.517182130584192839e-04
7.517182130584192839e-04
7.517182130584192839e-04
7.517182130584192839e-04
7.517182130584192839e-04
7.517182130584192839e-04
7.517182130584192839e-04
7.517182130584192839e-04
7.517182130584192839e-04
7.517182130584192839e-04
7.517182130584192839e-04
7.517182130584192839e-04
7.517182130584192839e-04
7.517182130584192839e-04
7.517182130584192839e-04
7.517182130584192839e-04
7.517182130584192839e-04
7.517182130584192839e-04
7.517182130584192839e-04
7.517182130584192839e-04
7.517182130584192839e-04
7.517182130584192839e-04
7.517182130584192839e-04
7.517182130584192839e-04
7.517182130584192839e-04
7.517182130584192839e-04
7.517182130584192839e-04
7.517182130584192839e-04
7.517182130584192839e-04
7.517182130584192839e-04
7.517182130584192839e-04
7.517182130584192839e-04
7.517182130584192839e-04
7.517182130584192839e-04
7.517182130584192839e-04
7.517182130584192839e-04
7.517182130584192839e-04
7.517182130584192839e-04
7.517182130584192839e-04
7.517182130584192839e-04
7.517182130584192839e-04
7.517182130584192839e-04
7.517182130584192839e-04
7.517182130584192839e-04
7.517182130584192839e-04
7.517182130584192839e-04
7.517182130584192839e-04
7.517182130584192839e-04
7.517182130584192839e-04
7.517182130584192839e-04
7.517182130584192839e-04
7.517182130584192839e-04
5.369415807560137897e-04
3.221649484536082413e-04
3.221649484536082413e-04
3.221649484536082413e-04
3.221649484536082413e-04
3.221649484536082413e-04
3.221649484536082413e-04
3.221649484536082413e-04
2.147766323024054942e-04
2.147766323024054942e-04
2.147766323024054942e-04
2.147766323024054942e-04
2.147766323024054942e-04
2.147766323024054942e-04
2.147766323024054942e-04
2.147766323024054942e-04
2.147766323024054942e-04
2.147766323024054942e-04
2.147766323024054942e-04
2.147766323024054942e-04
2.147766323024054942e-04
2.147766323024054942e-04
2.147766323024054942e-04
2.147766323024054942e-04
2.147766323024054942e-04
2.147766323024054942e-04
2.147766323024054942e-04
2.147766323024054942e-04
2.147766323024054942e-04
2.147766323024054942e-04
2.147766323024054942e-04
2.147766323024054942e-04
2.147766323024054942e-04
2.147766323024054942e-04
2.147766323024054942e-04
2.147766323024054942e-04
2.147766323024054942e-04
2.147766323024054942e-04
2.147766323024054942e-04
2.147766323024054942e-04
2.147766323024054942e-04
2.147766323024054942e-04
2.147766323024054942e-04
2.147766323024054942e-04
2.147766323024054942e-04
2.147766323024054942e-04
2.147766323024054942e-04
2.147766323024054942e-04
2.147766323024054942e-04
2.147766323024054942e-04
2.147766323024054942e-04
2.147766323024054942e-04
2.147766323024054942e-04
2.147766323024054942e-04
2.147766323024054942e-04
2.147766323024054942e-04
2.147766323024054942e-04
2.147766323024054942e-04
2.147766323024054942e-04
2.147766323024054942e-04
2.147766323024054942e-04
2.147766323024054942e-04
2.147766323024054942e-04
2.147766323024054942e-04
2.147766323024054942e-04
2.147766323024054942e-04
2.147766323024054942e-04
2.147766323024054942e-04
2.147766323024054942e-04
2.147766323024054942e-04
2.147766323024054942e-04
2.147766323024054942e-04
2.147766323024054942e-04
2.147766323024054942e-04
2.147766323024054942e-04
2.147766323024054942e-04
2.147766323024054942e-04
2.147766323024054942e-04
2.147766323024054942e-04
2.147766323024054942e-04
2.147766323024054942e-04
2.147766323024054942e-04
2.147766323024054942e-04
2.147766323024054942e-04
2.147766323024054942e-04
2.147766323024054942e-04
2.147766323024054942e-04
2.147766323024054942e-04
2.147766323024054942e-04
2.147766323024054942e-04
2.147766323024054942e-04
2.147766323024054942e-04
2.147766323024054942e-04
2.147766323024054942e-04
2.147766323024054942e-04
2.147766323024054942e-04
2.147766323024054942e-04
2.147766323024054942e-04
2.147766323024054942e-04
2.147766323024054942e-04
2.147766323024054942e-04
2.147766323024054942e-04
2.147766323024054942e-04
2.147766323024054942e-04
2.147766323024054942e-04
2.147766323024054942e-04
2.147766323024054942e-04
2.147766323024054942e-04
2.147766323024054942e-04
2.147766323024054942e-04
2.147766323024054942e-04
2.147766323024054942e-04
2.147766323024054942e-04
2.147766323024054942e-04
2.147766323024054942e-04
2.147766323024054942e-04
2.147766323024054942e-04
2.147766323024054942e-04
2.147766323024054942e-04
2.147766323024054942e-04
2.147766323024054942e-04
2.147766323024054942e-04
2.147766323024054942e-04
2.147766323024054942e-04
2.147766323024054942e-04
2.147766323024054942e-04
2.147766323024054942e-04
2.147766323024054942e-04
2.147766323024054942e-04
2.147766323024054942e-04
2.147766323024054942e-04
2.147766323024054942e-04
2.147766323024054942e-04
2.147766323024054942e-04
2.147766323024054942e-04
2.147766323024054942e-04
2.147766323024054942e-04
2.147766323024054942e-04
2.147766323024054942e-04
2.147766323024054942e-04
2.147766323024054942e-04
2.147766323024054942e-04
2.147766323024054942e-04
2.147766323024054942e-04
2.147766323024054942e-04
2.147766323024054942e-04
2.147766323024054942e-04
2.147766323024054942e-04
2.147766323024054942e-04
2.147766323024054942e-04
2.147766323024054942e-04
2.147766323024054942e-04
2.147766323024054942e-04
2.147766323024054942e-04
2.147766323024054942e-04
2.147766323024054942e-04
2.147766323024054942e-04
2.147766323024054942e-04
2.147766323024054942e-04
2.147766323024054942e-04
2.147766323024054942e-04
2.147766323024054942e-04
2.147766323024054942e-04
2.147766323024054942e-04
2.147766323024054942e-04
2.147766323024054942e-04
2.147766323024054942e-04
2.147766323024054942e-04
2.147766323024054942e-04
2.147766323024054942e-04
2.147766323024054942e-04
2.147766323024054942e-04
2.147766323024054942e-04
2.147766323024054942e-04
2.147766323024054942e-04
2.147766323024054942e-04
2.147766323024054942e-04
2.147766323024054942e-04
2.147766323024054942e-04
2.147766323024054942e-04
2.147766323024054942e-04
2.147766323024054942e-04
2.147766323024054942e-04
2.147766323024054942e-04
2.147766323024054942e-04
2.147766323024054942e-04
2.147766323024054942e-04
2.147766323024054942e-04
2.147766323024054942e-04
2.147766323024054942e-04
2.147766323024054942e-04
2.147766323024054942e-04
2.147766323024054942e-04
2.147766323024054942e-04
2.147766323024054942e-04
2.147766323024054942e-04
2.147766323024054942e-04
2.147766323024054942e-04
2.147766323024054942e-04
2.147766323024054942e-04
2.147766323024054942e-04
2.147766323024054942e-04
2.147766323024054942e-04
2.147766323024054942e-04
2.147766323024054942e-04
2.147766323024054942e-04
2.147766323024054942e-04
2.147766323024054942e-04
2.147766323024054942e-04
2.147766323024054942e-04
2.147766323024054942e-04
2.147766323024054942e-04
2.147766323024054942e-04
2.147766323024054942e-04
2.147766323024054942e-04
2.147766323024054942e-04
2.147766323024054942e-04
2.147766323024054942e-04
2.147766323024054942e-04
2.147766323024054942e-04
2.147766323024054942e-04
2.147766323024054942e-04
2.147766323024054942e-04
2.147766323024054942e-04
2.147766323024054942e-04
2.147766323024054942e-04
2.147766323024054942e-04
2.147766323024054942e-04
2.147766323024054942e-04
2.147766323024054942e-04
2.147766323024054942e-04
2.147766323024054942e-04
2.147766323024054942e-04
2.147766323024054942e-04
2.147766323024054942e-04
2.147766323024054942e-04
2.147766323024054942e-04
2.147766323024054942e-04
2.147766323024054942e-04
2.147766323024054942e-04
2.147766323024054942e-04
2.147766323024054942e-04
2.147766323024054942e-04
2.147766323024054942e-04
2.147766323024054942e-04
2.147766323024054942e-04
2.147766323024054942e-04
2.147766323024054942e-04
2.147766323024054942e-04
2.147766323024054942e-04
2.147766323024054942e-04
2.147766323024054942e-04
2.147766323024054942e-04
2.147766323024054942e-04
2.147766323024054942e-04
2.147766323024054942e-04
2.147766323024054942e-04
2.147766323024054942e-04
2.147766323024054942e-04
2.147766323024054942e-04
2.147766323024054942e-04
2.147766323024054942e-04
2.147766323024054942e-04
2.147766323024054942e-04
2.147766323024054942e-04
2.147766323024054942e-04
2.147766323024054942e-04
2.147766323024054942e-04
2.147766323024054942e-04
2.147766323024054942e-04
2.147766323024054942e-04
2.147766323024054942e-04
2.147766323024054942e-04
2.147766323024054942e-04
2.147766323024054942e-04
2.147766323024054942e-04
2.147766323024054942e-04
2.147766323024054942e-04
2.147766323024054942e-04
2.147766323024054942e-04
2.147766323024054942e-04
2.147766323024054942e-04
2.147766323024054942e-04
2.147766323024054942e-04
2.147766323024054942e-04
2.147766323024054942e-04
2.147766323024054942e-04
2.147766323024054942e-04
2.147766323024054942e-04
2.147766323024054942e-04
2.147766323024054942e-04
2.147766323024054942e-04
2.147766323024054942e-04
2.147766323024054942e-04
2.147766323024054942e-04
2.147766323024054942e-04
2.147766323024054942e-04
2.147766323024054942e-04
2.147766323024054942e-04
2.147766323024054942e-04
2.147766323024054942e-04
2.147766323024054942e-04
2.147766323024054942e-04
2.147766323024054942e-04
2.147766323024054942e-04
2.147766323024054942e-04
2.147766323024054942e-04
2.147766323024054942e-04
2.147766323024054942e-04
2.147766323024054942e-04
2.147766323024054942e-04
2.147766323024054942e-04
2.147766323024054942e-04
2.147766323024054942e-04
2.147766323024054942e-04
2.147766323024054942e-04
2.147766323024054942e-04
2.147766323024054942e-04
2.147766323024054942e-04
2.147766323024054942e-04
2.147766323024054942e-04
2.147766323024054942e-04
2.147766323024054942e-04
2.147766323024054942e-04
2.147766323024054942e-04
2.147766323024054942e-04
2.147766323024054942e-04
2.147766323024054942e-04
2.147766323024054942e-04
2.147766323024054942e-04
2.147766323024054942e-04
2.147766323024054942e-04
2.147766323024054942e-04
2.147766323024054942e-04
2.147766323024054942e-04
2.147766323024054942e-04
2.147766323024054942e-04
2.147766323024054942e-04
2.147766323024054942e-04
2.147766323024054942e-04
2.147766323024054942e-04
2.147766323024054942e-04
2.147766323024054942e-04
2.147766323024054942e-04
2.147766323024054942e-04
2.147766323024054942e-04
2.147766323024054942e-04
2.147766323024054942e-04
2.147766323024054942e-04
2.147766323024054942e-04
2.147766323024054942e-04
2.147766323024054942e-04
2.147766323024054942e-04
2.147766323024054942e-04
2.147766323024054942e-04
2.147766323024054942e-04
2.147766323024054942e-04
2.147766323024054942e-04
2.147766323024054942e-04
2.147766323024054942e-04
2.147766323024054942e-04
2.147766323024054942e-04
2.147766323024054942e-04
2.147766323024054942e-04
2.147766323024054942e-04
2.147766323024054942e-04
2.147766323024054942e-04
2.147766323024054942e-04
2.147766323024054942e-04
2.147766323024054942e-04
2.147766323024054942e-04
2.147766323024054942e-04
2.147766323024054942e-04
2.147766323024054942e-04
2.147766323024054942e-04
2.147766323024054942e-04
2.147766323024054942e-04
2.147766323024054942e-04
2.147766323024054942e-04
2.147766323024054942e-04
2.147766323024054942e-04
2.147766323024054942e-04
2.147766323024054942e-04
2.147766323024054942e-04
2.147766323024054942e-04
2.147766323024054942e-04
2.147766323024054942e-04
2.147766323024054942e-04
2.147766323024054942e-04
2.147766323024054942e-04
2.147766323024054942e-04
2.147766323024054942e-04
2.147766323024054942e-04
2.147766323024054942e-04
2.147766323024054942e-04
2.147766323024054942e-04
2.147766323024054942e-04
2.147766323024054942e-04
2.147766323024054942e-04
2.147766323024054942e-04
2.147766323024054942e-04
2.147766323024054942e-04
2.147766323024054942e-04
2.147766323024054942e-04
2.147766323024054942e-04
2.147766323024054942e-04
2.147766323024054942e-04
2.147766323024054942e-04
2.147766323024054942e-04
2.147766323024054942e-04
2.147766323024054942e-04
2.147766323024054942e-04
2.147766323024054942e-04
2.147766323024054942e-04
2.147766323024054942e-04
2.147766323024054942e-04
2.147766323024054942e-04
2.147766323024054942e-04
2.147766323024054942e-04
2.147766323024054942e-04
2.147766323024054942e-04
2.147766323024054942e-04
2.147766323024054942e-04
2.147766323024054942e-04
2.147766323024054942e-04
2.147766323024054942e-04
2.147766323024054942e-04
2.147766323024054942e-04
2.147766323024054942e-04
2.147766323024054942e-04
2.147766323024054942e-04
2.147766323024054942e-04
2.147766323024054942e-04
2.147766323024054942e-04
2.147766323024054942e-04
2.147766323024054942e-04
2.147766323024054942e-04
2.147766323024054942e-04
2.147766323024054942e-04
2.147766323024054942e-04
2.147766323024054942e-04
2.147766323024054942e-04
2.147766323024054942e-04
2.147766323024054942e-04
2.147766323024054942e-04
2.147766323024054942e-04
2.147766323024054942e-04
2.147766323024054942e-04
2.147766323024054942e-04
2.147766323024054942e-04
2.147766323024054942e-04
2.147766323024054942e-04
2.147766323024054942e-04
2.147766323024054942e-04
2.147766323024054942e-04
2.147766323024054942e-04
2.147766323024054942e-04
2.147766323024054942e-04
2.147766323024054942e-04
2.147766323024054942e-04
2.147766323024054942e-04
2.147766323024054942e-04
2.147766323024054942e-04
2.147766323024054942e-04
2.147766323024054942e-04
2.147766323024054942e-04
2.147766323024054942e-04
2.147766323024054942e-04
2.147766323024054942e-04
2.147766323024054942e-04
2.147766323024054942e-04
2.147766323024054942e-04
2.147766323024054942e-04
2.147766323024054942e-04
2.147766323024054942e-04
2.147766323024054942e-04
2.147766323024054942e-04
2.147766323024054942e-04
2.147766323024054942e-04
2.147766323024054942e-04
2.147766323024054942e-04
2.147766323024054942e-04
2.147766323024054942e-04
2.147766323024054942e-04
2.147766323024054942e-04
2.147766323024054942e-04
2.147766323024054942e-04
2.147766323024054942e-04
2.147766323024054942e-04
2.147766323024054942e-04
2.147766323024054942e-04
2.147766323024054942e-04
2.147766323024054942e-04
2.147766323024054942e-04
2.147766323024054942e-04
2.147766323024054942e-04
2.147766323024054942e-04
2.147766323024054942e-04
2.147766323024054942e-04
2.147766323024054942e-04
2.147766323024054942e-04
2.147766323024054942e-04
2.147766323024054942e-04
2.147766323024054942e-04
2.147766323024054942e-04
2.147766323024054942e-04
2.147766323024054942e-04
2.147766323024054942e-04
2.147766323024054942e-04
2.147766323024054942e-04
1.073883161512027471e-04
