99
37
100
34
253
36
33
101
260
93
278
149
35
264
244
164
238
247
22
146
138
154
242
152
153
38
94
256
255
245
203
140
144
143
252
204
243
254
259
210
128
47
212
31
273
29
137
246
257
183
221
211
127
249
248
220
48
230
91
95
28
42
50
116
8
226
24
86
46
41
205
241
9
121
115
119
209
200
258
45
26
218
74
157
109
272
132
206
139
224
196
159
49
16
30
131
52
17
171
104
98
79
208
23
90
271
124
134
126
120
237
186
189
234
231
72
184
194
4
133
190
235
123
51
201
80
71
81
251
180
85
233
118
185
83
130
236
225
179
84
129
82
222
161
192
105
15
232
197
187
188
195
202
223
32
270
96
182
78
168
167
176
111
268
87
267
266
239
240
102
261
103
269
97
89
88
262
263
250
70
19
39
18
76
77
40
73
11
7
169
14
10
62
5
175
68
3
2
1
165
27
166
75
181
20
44
113
110
162
174
21
65
12
43
114
160
64
6
61
63
158
59
60
156
155
56
112
150
58
57
55
177
67
151
