0.00000000
0.00075634
0.00162072
0.00253294
0.00333959
0.00463617
0.00523414
0.00598553
0.00797824
0.00896304
0.01154135
0.01462774
0.01633919
0.01811827
0.01909318
0.02026686
0.02218120
0.02427701
0.02767433
0.03002665
0.03223545
0.03584640
0.03998770
0.04337266
0.04467913
0.04815977
0.05214023
0.05445708
0.05822639
0.06063397
0.06542355
0.06623762
0.06870046
0.07014550
0.07176870
0.07624898
0.07908791
0.08393028
0.08705378
0.08812684
0.09316551
0.09888711
0.10261600
0.10764889
0.11242279
0.11649315
0.12109384
0.12377773
0.12783076
0.13367525
0.13956758
0.14512339
0.14768849
0.15250776
0.15369134
0.15621439
0.16079530
0.16352207
0.16875127
0.17180714
0.17464196
0.17628000
0.17978537
0.18432586
0.18663529
0.19080132
0.19532202
0.20062379
0.20736814
0.21430052
0.22083619
0.22585176
0.23103559
0.23663430
0.24344874
0.25036134
0.25865051
0.26474409
0.27176474
0.27881591
0.28585634
0.29063603
0.29908357
0.30560439
0.31183160
0.31716637
0.32238814
0.32852461
0.33509328
0.33974924
0.34212877
0.34469718
0.35097881
0.35462523
0.35734953
0.35996084
0.36393140
0.36486094
0.36888924
0.37170675
0.37911091
0.38479951
0.39215914
0.40061657
0.40888842
0.41600722
0.42284477
0.43128241
0.44052670
0.44863277
0.45759828
0.46648543
0.47528021
0.48392652
0.49353784
0.50072922
0.50730778
0.51784617
0.52779153
0.53612112
0.54482764
0.55305166
0.56332859
0.57503571
0.58388823
0.59804004
0.60666325
0.61686513
0.62688144
0.63534465
0.64493124
0.65778895
0.66766174
0.67890367
0.68990973
0.69639508
0.70654912
0.71821335
0.72894310
0.74096943
0.75534228
0.76540559
0.77749460
0.78990033
0.80404225
0.81313559
0.82844788
0.84303684
0.85729422
0.85804067
0.87365731
0.88349710
0.89615108
0.90713403
0.92002474
0.93320907
0.94931564
0.96564821
0.98116917
0.98176467
0.98214655
0.98275195
0.98445514
0.98527663
0.98549272
0.98560077
0.98620864
0.98637442
0.98703013
0.98767100
0.98799514
0.98841992
0.98852549
0.98852549
0.98874406
0.98951524
0.98984433
0.99099244
0.99152526
0.99189724
0.99261563
0.99357322
0.99368374
0.99411346
0.99427430
0.99432956
0.99438482
0.99504300
0.99536714
0.99558819
0.99580676
0.99596759
0.99634452
0.99661588
0.99667114
0.99683692
0.99694497
0.99699776
0.99705055
0.99710581
0.99754542
0.99760068
0.99771120
0.99798009
0.99814092
0.99863332
0.99896241
0.99929150
0.99945729
0.99951255
0.99951255
0.99951255
0.99989195
1.00000000
0.37134749
