0.00000000
0.00003250
0.00009751
0.00014629
0.00019507
0.00026823
0.00033324
0.00039014
0.00044703
0.00049581
0.00054458
0.00057709
0.00064210
0.00070711
0.00075588
0.00082089
0.00087779
0.00095091
0.00102404
0.00106466
0.00112155
0.00117033
0.00123534
0.00131662
0.00137351
0.00140602
0.00145479
0.00151980
0.00158481
0.00163359
0.00169860
0.00175549
0.00178800
0.00184489
0.00189367
0.00198306
0.00204803
0.00213743
0.00220248
0.00225933
0.00232438
0.00238939
0.00244628
0.00251129
0.00255196
0.00258446
0.00261696
0.00265763
0.00273891
0.00277953
0.00283642
0.00287708
0.00294213
0.00299091
0.00307219
0.00313720
0.00321037
0.00324287
0.00332415
0.00340544
0.00347044
0.00355173
0.00361678
0.00366551
0.00373052
0.00379557
0.00382808
0.00388497
0.00395002
0.00399880
0.00404758
0.00408824
0.00412890
0.00421834
0.00431593
0.00435659
0.00442165
0.00450297
0.00459237
0.00468992
0.00472243
0.00477120
0.00484437
0.00487687
0.00492565
0.00495816
0.00502316
0.00508006
0.00513691
0.00519376
0.00525881
0.00530759
0.00538887
0.00544572
0.00552705
0.00563272
0.00565711
0.00570588
0.00579528
0.00584406
0.00593346
0.00596596
0.00601470
0.00605532
0.00609598
0.00614471
0.00621784
0.00629101
0.00633163
0.00642914
0.00645353
0.00648603
0.00651042
0.00654293
0.00659982
0.00669741
0.00677058
0.00685186
0.00690060
0.00694934
0.00700623
0.00706312
0.00712001
0.00720134
0.00731512
0.00741268
0.00743707
0.00747773
0.00758344
0.00763222
0.00770534
0.00780290
0.00788418
0.00793292
0.00800608
0.00807925
0.00818492
0.00822558
0.00833125
0.00845319
0.00854263
0.00861580
0.00869708
0.00878648
0.00881087
0.00890842
0.00899786
0.00904664
0.00912796
0.00920929
0.00924991
0.00933123
0.00937189
0.00942063
0.00946940
0.00954253
0.00961565
0.00968070
0.00973760
0.00983515
0.00986766
0.00998153
0.01007908
0.01011974
0.01018471
0.01025788
0.01028226
0.01035543
0.01040421
0.01048549
0.01058304
0.01060743
0.01067244
0.01072118
0.01076184
0.01078623
0.01082689
0.01085939
0.01096507
0.01098945
0.01103823
0.01107074
0.01113579
0.01116017
0.01126585
0.01131462
0.01133901
0.01146911
0.01155855
0.01166422
0.01172111
0.01181867
0.01187560
0.01191622
0.01199751
0.01204628
0.01210318
0.01219257
0.01223324
0.01234706
0.01239580
0.01247712
0.01250151
0.01259907
0.01268035
0.01274540
0.01278606
0.01285111
0.01290804
0.01302187
0.01310320
0.01315197
0.01317636
0.01328207
0.01342845
0.01348530
0.01354215
0.01364782
0.01368033
0.01374538
0.01383482
0.01391606
0.01395672
0.01401365
0.01407870
0.01411121
0.01417626
0.01420065
0.01425758
0.01434702
0.01440387
0.01450954
0.01454205
0.01460710
0.01475347
0.01484291
0.01494046
0.01496485
0.01500547
0.01510307
0.01518439
0.01526567
0.01532253
0.01541192
0.01550136
0.01553387
0.01560707
0.01569647
0.01572898
0.01576148
0.01589158
0.01594852
0.01606238
0.01611928
0.01620868
0.01628996
0.01637124
0.01646068
0.01654192
0.01664763
0.01671268
0.01691603
0.01701363
0.01705429
0.01719250
0.01733072
0.01737138
0.01746078
0.01753390
0.01759895
0.01772090
0.01785911
0.01795667
0.01803799
0.01813559
0.01819252
0.01824946
0.01833890
0.01843645
0.01855028
0.01862344
0.01868030
0.01873715
0.01879408
0.01893230
0.01902170
0.01911925
0.01925747
0.01933063
0.01941196
0.01951763
0.01955825
0.01959891
0.01968835
0.01976151
0.01986723
0.01993228
0.01998101
0.02007045
0.02012739
0.02015177
0.02026564
0.02035508
0.02043641
0.02055839
0.02067226
0.02076170
0.02085929
0.02092430
0.02101374
0.02109507
0.02122517
0.02126579
0.02131452
0.02134703
0.02140388
0.02150959
0.02153398
0.02162346
0.02169663
0.02179418
0.02187546
0.02199741
0.02206246
0.02214378
0.02217628
0.02221695
0.02230634
0.02242833
0.02250153
0.02254216
0.02261528
0.02265590
0.02276161
0.02284289
0.02294861
0.02298111
0.02306243
0.02308682
0.02320881
0.02330640
0.02340400
0.02351787
0.02363981
0.02375368
0.02385939
0.02391633
0.02394883
0.02398945
0.02403819
0.02408696
0.02414386
0.02421698
0.02428203
0.02434708
0.02437959
0.02447714
0.02459909
0.02463159
0.02469660
0.02473726
0.02484297
0.02494057
0.02505440
0.02511133
0.02515195
0.02517634
0.02521696
0.02525762
0.02529824
0.02539580
0.02545269
0.02552582
0.02558267
0.02560706
0.02563144
0.02576154
0.02586726
0.02592411
0.02596473
0.02608671
0.02615988
0.02622489
0.02626555
0.02635495
0.02641184
0.02645246
0.02649308
0.02656621
0.02665560
0.02679382
0.02689142
0.02698901
0.02709472
0.02719216
0.02727344
0.02733029
0.02741969
0.02754159
0.02763099
0.02772043
0.02787492
0.02792365
0.02803752
0.02817574
0.02823259
0.02832203
0.02839524
0.02841962
0.02853341
0.02855780
0.02867974
0.02876922
0.02887493
0.02893187
0.02895626
0.02907013
0.02915961
0.02923281
0.02935480
0.02942796
0.02950117
0.02963127
0.02969628
0.02980203
0.02993213
0.02998091
0.03010290
0.03017610
0.03030620
0.03042811
0.03051755
0.03059075
0.03064769
0.03077775
0.03089162
0.03097294
0.03101356
0.03103795
0.03113546
0.03125741
0.03133061
0.03142009
0.03155019
0.03164775
0.03170468
0.03183478
0.03190799
0.03195673
0.03202178
0.03212749
0.03226570
0.03234699
0.03242011
0.03255833
0.03269654
0.03280226
0.03293236
0.03305434
0.03317633
0.03320071
0.03329011
0.03333073
0.03340394
0.03344460
0.03350154
0.03356659
0.03362348
0.03367226
0.03374546
0.03393254
0.03420910
0.03424972
0.03429849
0.03435543
0.03447737
0.03455058
0.03460751
0.03469699
0.03475393
0.03482714
0.03494912
0.03502233
0.03506299
0.03512800
0.03527441
0.03535569
0.03542890
0.03550211
0.03559159
0.03568107
0.03580305
0.03594943
0.03603891
0.03607141
0.03609580
0.03623398
0.03634784
0.03643732
0.03657558
0.03670568
0.03683582
0.03694149
0.03699843
0.03707164
0.03714480
0.03717731
0.03731552
0.03742128
0.03750260
0.03764082
0.03775468
0.03791729
0.03803923
0.03817749
0.03827505
0.03833198
0.03840506
0.03848630
0.03864891
0.03876274
0.03880340
0.03889288
0.03896609
0.03902294
0.03911242
0.03918550
0.03929937
0.03940512
0.03951895
0.03965721
0.03969787
0.03972226
0.03985240
0.03999877
0.04005567
0.04012887
0.04015326
0.04022647
0.04032398
0.04061681
0.04073876
0.04084451
0.04088517
0.04103966
0.04117788
0.04125108
0.04132429
0.04134868
0.04141365
0.04151932
0.04157617
0.04166565
0.04181202
0.04190150
0.04212920
0.04225930
0.04243002
0.04245441
0.04260890
0.04271465
0.04277151
0.04283647
0.04290968
0.04303166
0.04308856
0.04321058
0.04331634
0.04347898
0.04358469
0.04365790
0.04380428
0.04400754
0.04403193
0.04408067
0.04421888
0.04434091
0.04439780
0.04446281
0.04460918
0.04478815
0.04499961
0.04510536
0.04520296
0.04525174
0.04540631
0.04556088
0.04565036
0.04578038
0.04580477
0.04586973
0.04589412
0.04598360
0.04604857
0.04616244
0.04618683
0.04628434
0.04640637
0.04653643
0.04656082
0.04680483
0.04692685
0.04695124
0.04699190
0.04711393
0.04714643
0.04734966
0.04747976
0.04755288
0.04775615
0.04791072
0.04793511
0.04795950
0.04808153
0.04822790
0.04834168
0.04842293
0.04846355
0.04874010
0.04884586
0.04894337
0.04905716
0.04918721
0.04931727
0.04937417
0.04942294
0.04956116
0.04961810
0.04977267
0.04987830
0.05000020
0.05014653
0.05025228
0.05036607
0.05046358
0.05061807
0.05076445
0.05085380
0.05087819
0.05093504
0.05109765
0.05121148
0.05123586
0.05146360
0.05166695
0.05170761
0.05173200
0.05181324
0.05192703
0.05208152
0.05226035
0.05237414
0.05248793
0.05265057
0.05271554
0.05284568
0.05295131
0.05308957
0.05315454
0.05327656
0.05342290
0.05344728
0.05347979
0.05352857
0.05371564
0.05387829
0.05394326
0.05399203
0.05416288
0.05424412
0.05436615
0.05443935
0.05446374
0.05457753
0.05469943
0.05476440
0.05488642
0.05495139
0.05503263
0.05517896
0.05528472
0.05544736
0.05556939
0.05562624
0.05572375
0.05587824
0.05600839
0.05615480
0.05621977
0.05639049
0.05650428
0.05664257
0.05674820
0.05687826
0.05700840
0.05716289
0.05733370
0.05747195
0.05762653
0.05778102
0.05790292
0.05801666
0.05810602
0.05819538
0.05832544
0.05845549
0.05869135
0.05881337
0.05898414
0.05916301
0.05930127
0.05942317
0.05970780
0.05987857
0.06007380
0.06022013
0.06027698
0.06038261
0.06056153
0.06069971
0.06078091
0.06091105
0.06101668
0.06117928
0.06126864
0.06143124
0.06161832
0.06174022
0.06185401
0.06194337
0.06209790
0.06219541
0.06235806
0.06247996
0.06256120
0.06274012
0.06289461
0.06296769
0.06304893
0.06317899
0.06334160
0.06349613
0.06361803
0.06377248
0.06382937
0.06407342
0.06424418
0.06439871
0.06455316
0.06465879
0.06481332
0.06490268
0.06492707
0.06512226
0.06524416
0.06543939
0.06559384
0.06572386
0.06586204
0.06604907
0.06615470
0.06629300
0.06638236
0.06648798
0.06656923
0.06673995
0.06690255
0.06710586
0.06728478
0.06741480
0.06752854
0.06761790
0.06775603
0.06789433
0.06800808
0.06816261
0.06834960
0.06855287
0.06862595
0.06874785
0.06886160
0.06895095
0.06908925
0.06921116
0.06934933
0.06948751
0.06957686
0.06986969
0.07005668
0.07021122
0.07029241
0.07043871
0.07051179
0.07066624
0.07085327
0.07104022
0.07117840
0.07136543
0.07151988
0.07171507
0.07184509
0.07203217
0.07221113
0.07234115
0.07248744
0.07270710
0.07281269
0.07292643
0.07311347
0.07334936
0.07342245
0.07358505
0.07378024
0.07391842
0.07417866
0.07432495
0.07443054
0.07464196
0.07482084
0.07495086
0.07512970
0.07529239
0.07536547
0.07553623
0.07560120
0.07567428
0.07586128
0.07600757
0.07617825
0.07628383
0.07646280
0.07690208
0.07717048
0.07726795
0.07739797
0.07747105
0.07764177
0.07782069
0.07802400
0.07816218
0.07826776
0.07841406
0.07849525
0.07868229
0.07886937
0.07903193
0.07918650
0.07928397
0.07938145
0.07960099
0.07979622
0.07995063
0.08013770
0.08034097
0.08054423
0.08064982
0.08080439
0.08104017
0.08116203
0.08130832
0.08149535
0.08162537
0.08177978
0.08189352
0.08197472
0.08214544
0.08234879
0.08247881
0.08263338
0.08274709
0.08292605
0.08310492
0.08319428
0.08336500
0.08349502
0.08361688
0.08382839
0.08395025
0.08412093
0.08420213
0.08457628
0.08478774
0.08496662
0.08506405
0.08524301
0.08538930
0.08573095
0.08586097
0.08602353
0.08613728
0.08634866
0.08650323
0.08672281
0.08687722
0.08704806
0.08714550
0.08726736
0.08738106
0.08749476
0.08768979
0.08791753
0.08813711
0.08821831
0.08839715
0.08873879
0.08907212
0.08923468
0.08938097
0.08959240
0.08972242
0.08984428
0.08996614
0.09005545
0.09021802
0.09057594
0.09093374
0.09108003
0.09127514
0.09146213
0.09158399
0.09175471
0.09201495
0.09223453
0.09240525
0.09282015
0.09321857
0.09335670
0.09353558
0.09373893
0.09395855
0.09412927
0.09443022
0.09467419
0.09482048
0.09493422
0.09511318
0.09533276
0.09550348
0.09568236
0.09592633
0.09606447
0.09626777
0.09640591
0.09660106
0.09674731
0.09695869
0.09703989
0.09716175
0.09742179
0.09756804
0.09768990
0.09792575
0.09814533
0.09826715
0.09841340
0.09857592
0.09866524
0.09880337
0.09898217
0.09909587
0.09925028
0.09941280
0.09959160
0.09971346
0.09992492
0.10016078
0.10036404
0.10055100
0.10070540
0.10080283
0.10095724
0.10118498
0.10132307
0.10142866
0.10170522
0.10189217
0.10211986
0.10238015
0.10253455
0.10272971
0.10281902
0.10295711
0.10307897
0.10321711
0.10332270
0.10343644
0.10361524
0.10375329
0.10385888
0.10398070
0.10407813
0.10424885
0.10445203
0.10472039
0.10480159
0.10495604
0.10511852
0.10528920
0.10552514
0.10562257
0.10585030
0.10602914
0.10624052
0.10660639
0.10672821
0.10683376
0.10693935
0.10718336
0.10738663
0.10767946
0.10789096
0.10804533
0.10827311
0.10845190
0.10848441
0.10865509
0.10881765
0.10899645
0.10934621
0.10944364
0.10963055
0.10985021
0.11005344
0.11019969
0.11045177
0.11062237
0.11075251
0.11098021
0.11119967
0.11128898
0.11138645
0.11147577
0.11156509
0.11170314
0.11189005
0.11208499
0.11229638
0.11241820
0.11254002
0.11266184
0.11281620
0.11292986
0.11312501
0.11323056
0.11333615
0.11360422
0.11379117
0.11392111
0.11420582
0.11437638
0.11452254
0.11465248
0.11505110
0.11542534
0.11597845
0.11647467
0.11679992
0.11706836
0.11727159
0.11745850
0.11772690
0.11791373
0.11814122
0.11828742
0.11845798
0.11860423
0.11877487
0.11904335
0.11922206
0.11936007
0.11954703
0.11970951
0.11988015
0.12013994
0.12029422
0.12041604
0.12052970
0.12075727
0.12090348
0.12109851
0.12132608
0.12144786
0.12155341
0.12173216
0.12194342
0.12209779
0.12227662
0.12249600
0.12266672
0.12291069
0.12310576
0.12330078
0.12347138
0.12364198
0.12379630
0.12395878
0.12436544
0.12456047
0.12471475
0.12486912
0.12497466
0.12515338
0.12532397
0.12548646
0.12567333
0.12594152
0.12610400
0.12626648
0.12646147
0.12664834
0.12686784
0.12698966
0.12716038
0.12731470
0.12750973
0.12767225
0.12785100
0.12817609
0.12837919
0.12868010
0.12890779
0.12910278
0.12928973
0.12941151
0.12960654
0.12977705
0.12997212
0.13017526
0.13037033
0.13055728
0.13076867
0.13106154
0.13124025
0.13143524
0.13180127
0.13198814
0.13223191
0.13254912
0.13278489
0.13297172
0.13318298
0.13335354
0.13358910
0.13384926
0.13406060
0.13421493
0.13433671
0.13452354
0.13471865
0.13491363
0.13527950
0.13545006
0.13564517
0.13579134
0.13592131
0.13610003
0.13630321
0.13649008
0.13669314
0.13690440
0.13709951
0.13730269
0.13748956
0.13764393
0.13783896
0.13818060
0.13861981
0.13881492
0.13893669
0.13913971
0.13935913
0.13959486
0.13981432
0.14000119
0.14023688
0.14039116
0.14056987
0.14094407
0.14118799
0.14139118
0.14159416
0.14178927
0.14204131
0.14223630
0.14247190
0.14282974
0.14303296
0.14323619
0.14340671
0.14356915
0.14381291
0.14395908
0.14426810
0.14459318
0.14486966
0.14508104
0.14529234
0.14571531
0.14595100
0.14615402
0.14629203
0.14658457
0.14704799
0.14726733
0.14751929
0.14769796
0.14781974
0.14806326
0.14827447
0.14847758
0.14863182
0.14886751
0.14903806
0.14928183
0.14950116
0.14973672
0.14993983
0.15017547
0.15042756
0.15058996
0.15088270
0.15107777
0.15126452
0.15146766
0.15170335
0.15193916
0.15215042
0.15232909
0.15252408
0.15278432
0.15293045
0.15315786
0.15338530
0.15358021
0.15379143
0.15397014
0.15423841
0.15436831
0.15460408
0.15482333
0.15496950
0.15512378
0.15535951
0.15560336
0.15579010
0.15602567
0.15639166
0.15663543
0.15702585
0.15729413
0.15751334
0.15774907
0.15798459
0.15813883
0.15835009
0.15857754
0.15873994
0.15895120
0.15917873
0.15939003
0.15966630
0.15988559
0.16003983
0.16026732
0.16060061
0.16081191
0.16103948
0.16131571
0.16156742
0.16176241
0.16196539
0.16217648
0.16239581
0.16263142
0.16286723
0.16307837
0.16326507
0.16357368
0.16394775
0.16420795
0.16445180
0.16464670
0.16498011
0.16524847
0.16550022
0.16597176
0.16618294
0.16645089
0.16671896
0.16701125
0.16718992
0.16744988
0.16767737
0.16787227
0.16811595
0.16840029
0.16866025
0.16893631
0.16918827
0.16942367
0.16965915
0.16991107
0.17029260
0.17054431
0.17079615
0.17096663
0.17118600
0.17143796
0.17171411
0.17205505
0.17227451
0.17250212
0.17285984
0.17308716
0.17339577
0.17362322
0.17392404
0.17417576
0.17441124
0.17465488
0.17498787
0.17530472
0.17557279
0.17584902
0.17614947
0.17644180
0.17675857
0.17710804
0.17733545
0.17759540
0.17792024
0.17813150
0.17833444
0.17856189
0.17891915
0.17918722
0.17945554
0.17971566
0.18001611
0.18023536
0.18053585
0.18077145
0.18099907
0.18129144
0.18171442
0.18195015
0.18217764
0.18238873
0.18266492
0.18288437
0.18313613
0.18341235
0.18367223
0.18400572
0.18425760
0.18441995
0.18463937
0.18513526
0.18541981
0.18567984
0.18602091
0.18627279
0.18658956
0.18689804
0.18730416
0.18764528
0.18787285
0.18823023
0.18847416
0.18868550
0.18901034
0.18929464
0.18954640
0.18982254
0.19005794
0.19033409
0.19061031
0.19091085
0.19121175
0.19150425
0.19186963
0.19215401
0.19244643
0.19277951
0.19307192
0.19341308
0.19369750
0.19394126
0.19417679
0.19450212
0.19473785
0.19499793
0.19527411
0.19583538
0.19615252
0.19647740
0.19672932
0.19699739
0.19728972
0.19752550
0.19783427
0.19820776
0.19848419
0.19870361
0.19894754
0.19924799
0.19958090
0.19984893
0.20010081
0.20040954
0.20066941
0.20099433
0.20128667
0.20162770
0.20200185
0.20225373
0.20260279
0.20287107
0.20327711
0.20366716
0.20404873
0.20427601
0.20450363
0.20486921
0.20516970
0.20554324
0.20590861
0.20625772
0.20656653
0.20685116
0.20713575
0.20750113
0.20779388
0.20805395
0.20834658
0.20866351
0.20892371
0.20920834
0.20958204
0.20989880
0.21031287
0.21067038
0.21100330
0.21137683
0.21179951
0.21227847
0.21248973
0.21284707
0.21319675
0.21347298
0.21425387
0.21456256
0.21507398
0.21547190
0.21569944
0.21594303
0.21628406
0.21670629
0.21694202
0.21717771
0.21741336
0.21776296
0.21806366
0.21842141
0.21866518
0.21897382
0.21926624
0.21959100
0.21997277
0.22024084
0.22062261
0.22117470
0.22150778
0.22177601
0.22225501
0.22276647
0.22310791
0.22381539
0.22405915
0.22444089
0.22471728
0.22500986
0.22531076
0.22581411
0.22620408
0.22665914
0.22691107
0.22739011
0.22784488
0.22814529
0.22840537
0.22881145
0.22908771
0.22940460
0.22963213
0.23014368
0.23050918
0.23106114
0.23141894
0.23200340
0.23251519
0.23306810
0.23329567
0.23365334
0.23420654
0.23448281
0.23482421
0.23508441
0.23532010
0.23562096
0.23605159
0.23651448
0.23681522
0.23707509
0.23755454
0.23837540
0.23871663
0.23896868
0.23950552
0.23983081
0.24031805
0.24064330
0.24087895
0.24122863
0.24150498
0.24180588
0.24204977
0.24230972
0.24279680
0.24303253
0.24343032
0.24396634
0.24433184
0.24479448
0.24511158
0.24537973
0.24560730
0.24597280
0.24626534
0.24664708
0.24694773
0.24728073
0.24759749
0.24819016
0.24857189
0.24897043
0.24940073
0.24976623
0.25011554
0.25048146
0.25083089
0.25107478
0.25135924
0.25170064
0.25222063
0.25300132
0.25335059
0.25382967
0.25427629
0.25509751
0.25592689
0.25620332
0.25647152
0.25675582
0.25712144
0.25742210
0.25768214
0.25805596
0.25843773
0.25868149
0.25914439
0.25946927
0.25989170
0.26075268
0.26117503
0.26153229
0.26201953
0.26236106
0.26277529
0.26324712
0.26353171
0.26385668
0.26415746
0.26444991
0.26529421
0.26558683
0.26601726
0.26626110
0.26683774
0.26717094
0.26766671
0.26793486
0.26828434
0.26861762
0.26893463
0.26922693
0.26997412
0.27025039
0.27065675
0.27090056
0.27137993
0.27170514
0.27213610
0.27271270
0.27301343
0.27363102
0.27395602
0.27445958
0.27476851
0.27507724
0.27545090
0.27607599
0.27644173
0.27688872
0.27734370
0.27768510
0.27801003
0.27829441
0.27865179
0.27922847
0.27974809
0.28037338
0.28105589
0.28165721
0.28208772
0.28254261
0.28307060
0.28354972
0.28387476
0.28419157
0.28461380
0.28491466
0.28521548
0.28556483
0.28581688
0.28624726
0.28680767
0.28715718
0.28753937
0.28822950
0.28898477
0.28935031
0.28975668
0.29001676
0.29109641
0.29137268
0.29178700
0.29250939
0.29285087
0.29331442
0.29368841
0.29418376
0.29450069
0.29484201
0.29543471
0.29580845
0.29623105
0.29678326
0.29710847
0.29768502
0.29805069
0.29867619
0.29920404
0.29971563
0.30002444
0.30069843
0.30104778
0.30167290
0.30198983
0.30235566
0.30286741
0.30326542
0.30367154
0.30404528
0.30432167
0.30466307
0.30498828
0.30541892
0.30602777
0.30640155
0.30707562
0.30741714
0.30790479
0.30822168
0.30853857
0.30905102
0.30946526
0.31007530
0.31053008
0.31136654
0.31191100
0.31263377
0.31308920
0.31346319
0.31385324
0.31516978
0.31555168
0.31587660
0.31681865
0.31711943
0.31747694
0.31777772
0.31806223
0.31850897
0.31881770
0.31937835
0.31968733
0.32058872
0.32124742
0.32326888
0.32365074
0.32413876
0.32473171
0.32526806
0.32589392
0.32624319
0.32656033
0.32708007
0.32776233
0.32857441
0.32892380
0.32980925
0.33018320
0.33051644
0.33105246
0.33202706
0.33266022
0.33312319
0.33352136
0.33390318
0.33419588
0.33450469
0.33547122
0.33583709
0.33652842
0.33696713
0.33725975
0.33795862
0.33853530
0.33885227
0.33989163
0.34032263
0.34065579
0.34107007
0.34203643
0.34243452
0.34293799
0.34334423
0.34378298
0.34416484
0.34513919
0.34639768
0.34682016
0.34711282
0.34744611
0.34795032
0.34831603
0.34890959
0.34937277
0.34968966
0.35024240
0.35070550
0.35142822
0.35190792
0.35237093
0.35329754
0.35376059
0.35415065
0.35460588
0.35497146
0.35540205
0.35580043
0.35627156
0.35762010
0.35803467
0.35862775
0.35904202
0.35939154
0.35983849
0.36043144
0.36081350
0.36178798
0.36372395
0.36422759
0.36483714
0.36523543
0.36645355
0.36694091
0.36740438
0.36795737
0.36897250
0.36943564
0.36999613
0.37046730
0.37088990
0.37192135
0.37258726
0.37291235
0.37373217
0.37443087
0.37478851
0.37581930
0.37630666
0.37667249
0.37753281
0.37864489
0.37976495
0.38013877
0.38124286
0.38165714
0.38199034
0.38246155
0.38379399
0.38414338
0.38454151
0.38489107
0.38569569
0.38776613
0.38816434
0.38884665
0.38929335
0.38991069
0.39172134
0.39432685
0.39466014
0.39508265
0.39567581
0.39612272
0.39669161
0.39705736
0.39784620
0.39835844
0.39886204
0.39937370
0.39975556
0.40023485
0.40074709
0.40110485
0.40182839
0.40268101
0.40306287
0.40376140
0.40425696
0.40479306
0.40588120
0.40629573
0.40689724
0.40727931
0.40817357
0.40870967
0.40923774
0.40998472
0.41036678
0.41087845
0.41149653
0.41184601
0.41220372
0.41283721
0.41360080
0.41433992
0.41476268
0.41517729
0.41565649
0.41653341
0.41715055
0.41754077
0.41872728
0.41944189
0.41983194
0.42020581
0.42212984
0.42247124
0.42291007
0.42358401
0.42455012
0.42491600
0.42555801
0.42628877
0.42663824
0.42741052
0.42814161
0.42883182
0.42937649
0.42976646
0.43104959
0.43152904
0.43197603
0.43293514
0.43388518
0.43459180
0.43502259
0.43699577
0.43749125
0.43792196
0.43857185
0.43903503
0.44050609
0.44134244
0.44172429
0.44215501
0.44259380
0.44348761
0.44394280
0.44478746
0.44546207
0.44597394
0.44656693
0.44712738
0.44847518
0.44932050
0.44990534
0.45088080
0.45178257
0.45267630
0.45378079
0.45426844
0.45488570
0.45547049
0.45638840
0.45793902
0.45835347
0.45888157
0.45936090
0.45979998
0.46062034
0.46141651
0.46185538
0.46227794
0.46283847
0.46378889
0.46445492
0.46545527
0.46604814
0.46656001
0.46701508
0.46769784
0.46854299
0.46925772
0.46997249
0.47048449
0.47098009
0.47310211
0.47397117
0.47432876
0.47497856
0.47566985
0.47607626
0.47655591
0.47705143
0.47810826
0.47866908
0.47940816
0.47989572
0.48236751
0.48292820
0.48330194
0.48390317
0.48495914
0.48545466
0.48584475
0.48656747
0.48709587
0.48792504
0.48896477
0.48955023
0.49139417
0.49203594
0.49317293
0.49375793
0.49446525
0.49513968
0.49605739
0.49654529
0.49720317
0.49806517
0.49974655
0.50025855
0.50202286
0.50288384
0.50350933
0.50470397
0.50574337
0.50635259
0.50692148
0.50743327
0.50853867
0.50902628
0.50997728
0.51074923
0.51124500
0.51226149
0.51312260
0.51373227
0.51611182
0.51691656
0.51753423
0.51807857
0.51869611
0.51936223
0.52032941
0.52086576
0.52285644
0.52331970
0.52409190
0.52598491
0.52652138
0.52795953
0.52860937
0.52906464
0.53025128
0.53155134
0.53267301
0.53364827
0.53469637
0.53772691
0.53833613
0.53909189
0.53988811
0.54224265
0.54293361
0.54373786
0.54433942
0.54481895
0.54595661
0.54850815
0.54913381
0.54979194
0.55197629
0.55275615
0.55408047
0.55617535
0.55667915
0.55744315
0.55806873
0.55945793
0.56006757
0.56300752
0.56384431
0.56502988
0.56561484
0.56720670
0.56788105
0.56972532
0.57080638
0.57135904
0.57219579
0.57318745
0.57392698
0.57465003
0.57554396
0.57776976
0.57900444
0.58133838
0.58233844
0.58439335
0.58530344
0.58609994
0.58696928
0.58766819
0.58826122
0.58909835
0.59136699
0.59234188
0.59430805
0.59500671
0.59716034
0.59789937
0.59885008
0.60068611
0.60167772
0.60259592
0.60592053
0.60703376
0.60761884
0.60830951
0.60891066
0.60947951
0.61024334
0.61108035
0.61326523
0.61407776
0.61561281
0.61648215
0.61722172
0.61844128
0.61955471
0.62055436
0.62145637
0.62433267
0.62492579
0.62750975
0.62839508
0.62905308
0.62998784
0.63558772
0.63626208
0.63843259
0.64043213
0.64130976
0.64516305
0.64580477
0.64980547
0.65069137
0.65282773
0.65468786
0.65672909
0.65953235
0.66022323
0.66319061
0.66397043
0.66502739
0.66774302
0.66829551
0.66926237
0.66993710
0.67233324
0.67349558
0.67667373
0.67873713
0.68027992
0.68173525
0.68240145
0.68328710
0.68438340
0.68904473
0.69153044
0.69255398
0.69653754
0.69745533
0.69889356
0.70019320
0.70193135
0.70357207
0.70809077
0.70968333
0.71034940
0.71394006
0.71572027
0.71736095
0.71962773
0.72127611
0.72233237
0.72320232
0.72571959
0.72647523
0.72850653
0.72979881
0.73058691
0.73242211
0.73329908
0.73404680
0.73503854
0.73649297
0.74085685
0.74413445
0.74818726
0.74930074
0.75165684
0.75282638
0.75361465
0.75701819
0.75836760
0.75984678
0.76130986
0.76301538
0.76419337
0.76646737
0.76812613
0.77029507
0.77165190
0.77250493
0.77354478
0.77505606
0.78027396
0.78145249
0.78462376
0.78602870
0.78931236
0.79125484
0.79776889
0.80080088
0.80458990
0.80656464
0.80802755
0.81062112
0.81249031
0.81337601
0.81459552
0.81596022
0.81726065
0.81864203
0.82078811
0.82288319
0.82380955
0.82610134
0.82707668
0.83120674
0.83219036
0.83515737
0.83698562
0.83810696
0.84082750
0.84172926
0.84311081
0.84410205
0.84584922
0.84691351
0.84910824
0.85015671
0.85233472
0.85356165
0.85670684
0.86031015
0.86104131
0.86278873
0.86394303
0.86729862
0.86902045
0.87104410
0.87342574
0.87662021
0.87766839
0.87941617
0.88156930
0.88532108
0.88774973
0.89139769
0.89358283
0.89463072
0.89655537
0.89800942
0.90096700
0.90453339
0.90591556
0.90740203
0.90969383
0.91264407
0.91264407
0.91271728
0.91281492
0.91283119
0.91296137
0.91296137
0.91305901
0.91328683
0.91341701
0.91346575
0.91349830
0.91351457
0.91357966
0.91362848
0.91364475
0.91366103
0.91372612
0.91374239
0.91379121
0.91382375
0.91414921
0.91432821
0.91436076
0.91444212
0.91449094
0.91475131
0.91509300
0.91512546
0.91512546
0.91514985
0.91516612
0.91524749
0.91524749
0.91526376
0.91531254
0.91534508
0.91580884
0.91584138
0.91619057
0.91623123
0.91624750
0.91629632
0.91636141
0.91647532
0.91649160
0.91649971
0.91651599
0.91658108
0.91659735
0.91681701
0.91684956
0.91698786
0.91700413
0.91727212
0.91733721
0.91738603
0.91746739
0.91759757
0.91765439
0.91776830
0.91781711
0.91784146
0.91789028
0.91803674
0.91807736
0.91819123
0.91821561
0.91847598
0.91854107
0.91868753
0.91873622
0.91876877
0.91878504
0.91880131
0.91880131
0.91886641
0.91891514
0.91893141
0.91894769
0.91898023
0.91902905
0.91914296
0.91914296
0.91925687
0.91925687
0.91925687
0.91931381
0.91936262
0.91941144
0.91947653
0.91949281
0.91950908
0.91969587
0.92013524
0.92017590
0.92022472
0.92026529
0.92141832
0.92147513
0.92156461
0.92159716
0.92164597
0.92169479
0.92169479
0.92322424
0.92324051
0.92325678
0.92327305
0.92332187
0.92332999
0.92342763
0.92348456
0.92357404
0.92359031
0.92362286
0.92362286
0.92389081
0.92411805
0.92415059
0.92418314
0.92428078
0.92429705
0.92439469
0.92441903
0.92441903
0.92441903
0.92442715
0.92447593
0.92450847
0.92453286
0.92458168
0.92459795
0.92463862
0.92465489
0.92471178
0.92474429
0.92477683
0.92479310
0.92480938
0.92482565
0.92484192
0.92485815
0.92490697
0.92495579
0.92497206
0.92518361
0.92521616
0.92526494
0.92532994
0.92534622
0.92536249
0.92537876
0.92537876
0.92541131
0.92541131
0.92546000
0.92557391
0.92558203
0.92559830
0.92580985
0.92589121
0.93158008
0.93158008
0.93158008
0.93159631
0.93161255
0.93171018
0.93175900
0.93180782
0.93190546
0.93192173
0.93198682
0.93200309
0.93587142
0.93592024
0.93596090
0.93602599
0.93602599
0.93604226
0.93605854
0.93607481
0.93607481
0.93610732
0.93802607
0.93806665
0.93809920
0.93814801
0.93816429
0.93822938
0.93822938
0.93822938
0.93824565
0.93827820
0.93831074
0.93835956
0.93840838
0.93842465
0.93852229
0.93860365
0.93863620
0.93876638
0.93877450
0.93879077
0.93892095
0.93895350
0.93895350
0.93897789
0.93901043
0.93909180
0.93910807
0.93912434
0.93918128
0.93920567
0.93923821
0.93930331
0.93943349
0.93944976
0.93944976
0.93948231
0.93949042
0.93949042
0.93952297
0.93954732
0.93956359
0.93956359
0.93956359
0.93956359
0.93959609
0.93961237
0.93961237
0.93962864
0.93966118
0.93972628
0.93979137
0.93980764
0.93982391
0.93983203
0.93983203
0.93984830
0.93986457
0.93989712
0.93989712
0.93989712
0.93989712
0.93989712
0.93992147
0.93992958
0.93992958
0.93992958
0.93994586
0.94239906
0.94482804
0.94483616
0.94485243
0.94488498
0.94490933
0.94493367
0.94493367
0.94493367
0.94493367
0.94500688
0.94500688
0.94500688
0.94500688
0.94502315
0.94502315
0.94502315
0.94502315
0.94502315
0.94504750
0.94507185
0.94823340
0.94826594
0.94829849
0.94829849
0.94833103
0.94833103
0.94833103
0.94833103
0.94833103
0.94833103
0.94833103
0.94837985
0.94839608
0.94839608
0.94839608
0.94839608
0.94839608
0.94839608
0.94839608
0.94839608
0.94839608
0.94845290
0.94845290
0.94845290
0.94845290
0.94845290
0.94845290
0.94845290
0.94845290
0.94850171
0.94857492
0.94859119
0.94859119
0.94867235
0.94868858
0.94868858
0.94873728
0.94873728
0.94875355
0.94875355
0.94875355
0.94912688
0.94914315
0.94915943
0.94915943
0.94916754
0.94916754
0.94916754
0.94916754
0.94916754
0.94916754
0.94916754
0.94916754
0.94916754
0.95217423
0.95219050
0.95219050
0.95219050
0.95219050
0.95219050
0.95219050
0.95219050
0.95220678
0.95220678
0.95220678
0.95220678
0.95220678
0.95220678
0.95220678
0.95220678
0.95220678
0.95220678
0.95220678
0.95223932
0.95223932
0.95223932
0.95225559
0.95225559
0.95227994
0.95229622
0.95230433
0.95233688
0.95233688
0.95233688
0.95235315
0.95235315
0.95236942
0.95236942
0.95244255
0.95244255
0.95244255
0.95244255
0.95246694
0.95247505
0.95248317
0.95248317
0.95248317
0.95248317
0.95248317
0.95248317
0.95248317
0.95251571
0.95251571
0.95251571
0.95251571
0.95251571
0.95251571
0.95251571
0.95251571
0.95251571
0.95251571
0.95251571
0.95251571
0.95257252
0.95271049
0.95271049
0.95271049
0.95272677
0.95272677
0.95272677
0.95272677
0.95275931
0.95275931
0.95275931
0.95275931
0.95280813
0.95280813
0.95287310
0.95288933
0.95288933
0.95288933
0.95288933
0.95288933
0.95288933
0.95288933
0.95288933
0.95288933
0.95288933
0.95288933
0.95294614
0.95301918
0.95304353
0.95304353
0.95304353
0.95304353
0.95304353
0.95304353
0.95307608
0.95307608
0.95307608
0.95309235
0.95311674
0.95319790
0.95319790
0.95319790
0.95319790
0.95319790
0.95319790
0.95319790
0.95319790
0.95319790
0.95319790
0.95319790
0.95319790
0.95495228
0.95495228
0.95498482
0.95498482
0.95498482
0.95498482
0.95498482
0.95498482
0.95502544
0.95509053
0.95509053
0.95509053
0.95509053
0.95509053
0.95509053
0.95509053
0.95509053
0.95518817
0.95519629
0.95519629
0.95519629
0.95519629
0.95519629
0.95519629
0.95519629
0.95522067
0.95525322
0.95533458
0.95536713
0.95539968
0.95542402
0.95548895
0.95548895
0.95548895
0.95550522
0.95555404
0.95556216
0.95585437
0.95585437
0.95595201
0.95598455
0.95600082
0.95600082
0.95600082
0.95600082
0.95600082
0.95604952
0.95604952
0.95613068
0.95613068
0.95613068
0.95613068
0.95621204
0.95622831
0.95624459
0.95629341
0.95632595
0.95632595
0.95632595
0.95632595
0.95632595
0.95632595
0.95632595
0.95634222
0.95637469
0.95637469
0.95638280
0.95638280
0.95639092
0.95639092
0.95639092
0.95639092
0.95639092
0.95639092
0.95639092
0.95639904
0.95648040
0.95648040
0.95656176
0.95656176
0.95656988
0.95656988
0.95661870
0.95661870
0.95661870
0.95661870
0.95664305
0.95829184
0.96215299
0.96418541
0.96418541
0.96426678
0.96426678
0.96429113
0.96429113
0.96430740
0.96438856
0.96441290
0.96442918
0.96447800
0.96449427
0.96451054
0.96455936
0.96459191
0.96460818
0.96464072
0.96473836
0.96477087
0.96478714
0.96480341
0.96481968
0.96483596
0.96485223
0.96487662
0.96490101
0.96493355
0.96501492
0.96501492
0.96501492
0.96501492
0.96503931
0.96505558
0.96505558
0.96505558
0.96506369
0.96507181
0.96507181
0.96507181
0.96507181
0.96507181
0.96508808
0.96508808
0.96508808
0.96508808
0.96509620
0.96510432
0.96511243
0.96512055
0.96514489
0.96515301
0.96516113
0.96516924
0.96518547
0.97020699
0.97021511
0.97022322
0.97023134
0.97028815
0.97032069
0.97033697
0.97035324
0.97035324
0.97035324
0.97035324
0.97035324
0.97035324
0.97036136
0.97036136
0.97036136
0.97036136
0.97036136
0.97038574
0.97058102
0.97058102
0.97058102
0.97060537
0.97062971
0.97062971
0.97062971
0.97062971
0.97062971
0.97062971
0.97062971
0.97062971
0.97062971
0.97064594
0.97067841
0.97068652
0.97076789
0.97076789
0.97076789
0.97077600
0.97077600
0.97077600
0.97077600
0.97091397
0.97091397
0.97092209
0.97092209
0.97093020
0.97093020
0.97093020
0.97094648
0.97094648
0.97101157
0.97109293
0.97109293
0.97109293
0.97110105
0.97111732
0.97113359
0.97114987
0.97114987
0.97119053
0.97120680
0.97121492
0.97123115
0.97128796
0.97130423
0.97132051
0.97133678
0.97136932
0.97138560
0.97138560
0.97139371
0.97139371
0.97139371
0.97139371
0.97139371
0.97139371
0.97139371
0.97139371
0.97139371
0.97139371
0.97139371
0.97139371
0.97139371
0.97139371
0.97140183
0.97140995
0.97140995
0.97140995
0.97140995
0.97140995
0.97140995
0.97141806
0.97143433
0.97143433
0.97143433
0.97143433
0.97143433
0.97143433
0.97143433
0.97144245
0.97146680
0.97146680
0.97146680
0.97152361
0.97152361
0.97152361
0.97152361
0.97156419
0.97156419
0.97157230
0.97157230
0.97157230
0.97157230
0.97157230
0.97157230
0.97157230
0.97157230
0.97157230
0.97157230
0.97157230
0.97157230
0.97157230
0.97157230
0.97157230
0.97157230
0.97157230
0.97157230
0.97157230
0.97162112
0.97163739
0.97163739
0.97165367
0.97170244
0.97175122
0.97175122
0.97176745
0.97178373
0.97178373
0.97178373
0.97178373
0.97181627
0.97186509
0.97190575
0.97193826
0.97198708
0.97198708
0.97201962
0.97205217
0.97208471
0.97208471
0.97210099
0.97211726
0.97211726
0.97211726
0.97211726
0.97212537
0.97214165
0.97832805
0.97832805
0.97832805
0.97832805
0.97832805
0.97832805
0.97832805
0.97832805
0.97832805
0.97832805
0.97836871
0.97838499
0.97840126
0.97851517
0.97851517
0.97851517
0.97851517
0.97853144
0.97854772
0.97854772
0.97859641
0.97859641
0.97859641
0.97861268
0.97862896
0.97862896
0.97862896
0.97862896
0.97862896
0.97862896
0.97862896
0.97862896
0.97862896
0.97862896
0.97862896
0.97862896
0.97862896
0.97862896
0.97862896
0.97862896
0.97863707
0.97863707
0.97863707
0.97863707
0.97863707
0.97863707
0.97863707
0.97863707
0.97863707
0.97863707
0.97863707
0.97863707
0.97863707
0.98234197
0.98237452
0.98240706
0.98240706
0.98240706
0.98240706
0.98242333
0.98242333
0.98247215
0.98247215
0.98249650
0.98251273
0.98256143
0.98256143
0.98260201
0.98261824
0.98261824
0.98261824
0.98275621
0.98275621
0.98275621
0.98275621
0.98275621
0.98277244
0.98277244
0.98277244
0.98278871
0.98278871
0.98278871
0.98278871
0.98278871
0.98278871
0.98280498
0.98280498
0.98282933
0.98282933
0.98282933
0.98284556
0.98286991
0.98286991
0.98286991
0.98302411
0.98302411
0.98302411
0.98302411
0.98305658
0.98305658
0.98305658
0.98443742
0.98457547
0.98463241
0.98471356
0.98472168
0.98472980
0.98492470
0.98506271
0.98512780
0.98517662
0.98517662
0.98517662
0.98517662
0.98517662
0.98517662
0.98517662
0.98517662
0.98520908
0.98520908
0.98520908
0.98520908
0.98520908
0.98520908
0.98520908
0.98521720
0.98521720
0.98521720
0.98521720
0.98521720
0.98521720
0.98521720
0.98521720
0.98521720
0.98521720
0.98521720
0.98521720
0.98521720
0.98521720
0.98521720
0.98521720
0.98521720
0.98521720
0.98521720
0.98521720
0.98521720
0.98521720
0.98521720
0.98521720
0.98521720
0.98524974
0.98529856
0.98536365
0.98537993
0.98544502
0.98547756
0.98549384
0.98551011
0.98552638
0.98564029
0.98565657
0.98575420
0.98578675
0.98580302
0.98581929
0.98583557
0.98585184
0.98586811
0.98590869
0.98616028
0.98620086
0.98621709
0.98624144
0.98624956
0.98647680
0.98649303
0.98651738
0.98654173
0.98654984
0.98656607
0.98658231
0.98673655
0.98676090
0.98706930
0.98707741
0.98710176
0.98711799
0.98716669
0.98718292
0.98719103
0.98722350
0.98728031
0.98728842
0.98734524
0.98744263
0.98745074
0.98760494
0.98761306
0.98764552
0.98769422
0.98771856
0.98776726
0.98782407
0.98786465
0.98788900
0.98791334
0.98792146
0.98797015
0.98797827
0.98798639
0.98799450
0.98800262
0.98801073
0.98805943
0.98812435
0.98814059
0.98818928
0.98819740
0.98820551
0.98823806
0.98823806
0.98823806
0.98823806
0.98823806
0.98825433
0.98827060
0.98827060
0.98827060
0.98827060
0.98827060
0.98827060
0.98827060
0.98827060
0.98827060
0.98827060
0.98831942
0.98831942
0.98831942
0.98831942
0.98831942
0.98831942
0.98831942
0.98831942
0.98831942
0.98831942
0.98833570
0.98833570
0.98833570
0.98836824
0.98836824
0.98836824
0.98840079
0.98840079
0.98840079
0.98840079
0.98840890
0.98850654
0.98850654
0.98850654
0.98850654
0.98850654
0.98850654
0.98850654
0.98855536
0.98855536
0.98855536
0.98855536
0.98855536
0.98855536
0.98857159
0.98873432
0.98873432
0.98873432
0.98875059
0.98893771
0.98895398
0.98895398
0.98900280
0.98900280
0.98900280
0.98900280
0.98900280
0.98900280
0.98900280
0.98900280
0.98901092
0.98901092
0.98902719
0.98902719
0.98902719
0.98902719
0.98902719
0.98902719
0.98902719
0.98904342
0.98948176
0.98948176
0.98948987
0.98949799
0.98951426
0.98954681
0.98954681
0.98956308
0.98961190
0.98966072
0.98970954
0.98975836
0.98980717
0.98980717
0.98982345
0.98983156
0.98983156
0.98991293
0.98991293
0.98991293
0.98991293
0.98991293
0.98991293
0.98991293
0.98993728
0.98993728
0.98994539
0.98994539
0.98994539
0.98994539
0.98994539
0.98997790
0.98997790
0.98997790
0.98997790
0.98997790
0.98997790
0.98997790
0.98997790
0.98997790
0.98997790
0.98997790
0.98997790
0.98997790
0.98997790
0.98997790
0.98997790
0.98997790
0.98997790
0.98997790
0.98997790
0.98997790
0.98997790
0.99012435
0.99012435
0.99012435
0.99012435
0.99012435
0.99012435
0.99012435
0.99012435
0.99012435
0.99012435
0.99012435
0.99012435
0.99012435
0.99014058
0.99014058
0.99014058
0.99014058
0.99014058
0.99014058
0.99014058
0.99014058
0.99014058
0.99014058
0.99014058
0.99014058
0.99014058
0.99014058
0.99014058
0.99016497
0.99016497
0.99016497
0.99016497
0.99016497
0.99016497
0.99016497
0.99016497
0.99019752
0.99019752
0.99019752
0.99019752
0.99019752
0.99019752
0.99019752
0.99019752
0.99019752
0.99019752
0.99019752
0.99019752
0.99019752
0.99019752
0.99019752
0.99019752
0.99019752
0.99019752
0.99019752
0.99019752
0.99019752
0.99019752
0.99019752
0.99019752
0.99019752
0.99019752
0.99019752
0.99019752
0.99019752
0.99020563
0.99020563
0.99020563
0.99020563
0.99020563
0.99020563
0.99020563
0.99020563
0.99020563
0.99025445
0.99026257
0.99026257
0.99026257
0.99026257
0.99026257
0.99026257
0.99026257
0.99026257
0.99026257
0.99026257
0.99026257
0.99026257
0.99026257
0.99026257
0.99026257
0.99026257
0.99027880
0.99027880
0.99027880
0.99029507
0.99034389
0.99034389
0.99034389
0.99034389
0.99036016
0.99037644
0.99039271
0.99042526
0.99044153
0.99044153
0.99045780
0.99049035
0.99053917
0.99053917
0.99053917
0.99053917
0.99053917
0.99053917
0.99053917
0.99053917
0.99053917
0.99053917
0.99053917
0.99053917
0.99058798
0.99058798
0.99058798
0.99058798
0.99058798
0.99058798
0.99058798
0.99058798
0.99058798
0.99058798
0.99058798
0.99059610
0.99059610
0.99059610
0.99059610
0.99059610
0.99059610
0.99059610
0.99059610
0.99059610
0.99059610
0.99059610
0.99059610
0.99059610
0.99059610
0.99059610
0.99059610
0.99059610
0.99059610
0.99061237
0.99062865
0.99062865
0.99064492
0.99064492
0.99065303
0.99066115
0.99066927
0.99067738
0.99068550
0.99069361
0.99070173
0.99070984
0.99071796
0.99072608
0.99074231
0.99075042
0.99075854
0.99076666
0.99077477
0.99078289
0.99080723
0.99081535
0.99082347
0.99083158
0.99083970
0.99084781
0.99085593
0.99088032
0.99088843
0.99090467
0.99091278
0.99092090
0.99092901
0.99093713
0.99094525
0.99095336
0.99096148
0.99097771
0.99098582
0.99099394
0.99100206
0.99101017
0.99101829
0.99102640
0.99103452
0.99104264
0.99105075
0.99105887
0.99106698
0.99107510
0.99108321
0.99114831
0.99115642
0.99116454
0.99116454
0.99119708
0.99121336
0.99122963
0.99124586
0.99126209
0.99126209
0.99126209
0.99126209
0.99126209
0.99129464
0.99173289
0.99176536
0.99178159
0.99183028
0.99196047
0.99196858
0.99197670
0.99200109
0.99239163
0.99248927
0.99253809
0.99267606
0.99274115
0.99296897
0.99307448
0.99315584
0.99318019
0.99327758
0.99344031
0.99345658
0.99347281
0.99350527
0.99357037
0.99368428
0.99370055
0.99373301
0.99374113
0.99385504
0.99387939
0.99391185
0.99400949
0.99405007
0.99409888
0.99411512
0.99414758
0.99418004
0.99429395
0.99431018
0.99438323
0.99444004
0.99457834
0.99472479
0.99487125
0.99495261
0.99509907
0.99513965
0.99519646
0.99523704
0.99535095
0.99544858
0.99548105
0.99552163
0.99555409
0.99557844
0.99562726
0.99565160
0.99579769
0.99591160
0.99593595
0.99598476
0.99608240
0.99612298
0.99613110
0.99616364
0.99617176
0.99618799
0.99630190
0.99638326
0.99646463
0.99649709
0.99652956
0.99658637
0.99661071
0.99662699
0.99669208
0.99670835
0.99677344
0.99687108
0.99687920
0.99694412
0.99697667
0.99702549
0.99705803
0.99712312
0.99715567
0.99718821
0.99720445
0.99723699
0.99725326
0.99731836
0.99733459
0.99735086
0.99739968
0.99743223
0.99744850
0.99745661
0.99746473
0.99749728
0.99752982
0.99754609
0.99757864
0.99758676
0.99761922
0.99763549
0.99764361
0.99767607
0.99769230
0.99773296
0.99785470
0.99822819
0.99824447
0.99826070
0.99827693
0.99829316
0.99832571
0.99846368
0.99849622
0.99852869
0.99853680
0.99855307
0.99858562
0.99859374
0.99861808
0.99862620
0.99865055
0.99866682
0.99869117
0.99870744
0.99872371
0.99873183
0.99873995
0.99875622
0.99877249
0.99878061
0.99879688
0.99881315
0.99917033
0.99917845
0.99921903
0.99921903
0.99921903
0.99921903
0.99923530
0.99925969
0.99930851
0.99931662
0.99933285
0.99933285
0.99933285
0.99933285
0.99934913
0.99934913
0.99934913
0.99934913
0.99934913
0.99934913
0.99934913
0.99934913
0.99934913
0.99934913
0.99934913
0.99934913
0.99934913
0.99934913
0.99934913
0.99934913
0.99934913
0.99934913
0.99934913
0.99934913
0.99934913
0.99934913
0.99934913
0.99934913
0.99934913
0.99936540
0.99936540
0.99936540
0.99936540
0.99936540
0.99936540
0.99936540
0.99936540
0.99936540
0.99936540
0.99936540
0.99936540
0.99936540
0.99936540
0.99936540
0.99936540
0.99936540
0.99936540
0.99936540
0.99936540
0.99936540
0.99936540
0.99937352
0.99945488
0.99947115
0.99948743
0.99953624
0.99955252
0.99955252
0.99955252
0.99955252
0.99955252
0.99955252
0.99955252
0.99955252
0.99955252
0.99955252
0.99955252
0.99955252
0.99955252
0.99955252
0.99955252
0.99955252
0.99956879
0.99956879
0.99956879
0.99956879
0.99956879
0.99956879
0.99956879
0.99956879
0.99956879
0.99956879
0.99956879
0.99956879
0.99956879
0.99956879
0.99956879
0.99956879
0.99956879
0.99958506
0.99958506
0.99958506
0.99958506
0.99958506
0.99958506
0.99960134
0.99960134
0.99960134
0.99960134
0.99960134
0.99961761
0.99963388
0.99965015
0.99965015
0.99966643
0.99966643
0.99966643
0.99966643
0.99966643
0.99966643
0.99966643
0.99966643
0.99966643
0.99966643
0.99966643
0.99966643
0.99966643
0.99966643
0.99966643
0.99966643
0.99966643
0.99966643
0.99966643
0.99966643
0.99967454
0.99967454
0.99967454
0.99967454
0.99967454
0.99967454
0.99967454
0.99967454
0.99967454
0.99967454
0.99967454
0.99967454
0.99967454
0.99967454
0.99967454
0.99967454
0.99967454
0.99967454
0.99967454
0.99967454
0.99967454
0.99967454
0.99967454
0.99967454
0.99967454
0.99967454
0.99967454
0.99967454
0.99967454
0.99967454
0.99967454
0.99967454
0.99967454
0.99967454
0.99967454
0.99967454
0.99967454
0.99967454
0.99967454
0.99967454
0.99967454
0.99967454
0.99967454
0.99967454
0.99967454
0.99967454
0.99967454
0.99967454
0.99967454
0.99967454
0.99967454
0.99967454
0.99967454
0.99967454
0.99967454
0.99967454
0.99967454
0.99967454
0.99967454
0.99967454
0.99967454
0.99967454
0.99967454
0.99967454
0.99967454
0.99967454
0.99967454
0.99967454
0.99967454
0.99967454
0.99967454
0.99967454
0.99967454
0.99967454
0.99967454
0.99967454
0.99967454
0.99967454
0.99967454
0.99967454
0.99967454
0.99967454
0.99967454
0.99967454
0.99967454
0.99967454
0.99967454
0.99967454
0.99967454
0.99967454
0.99967454
0.99967454
0.99967454
0.99967454
0.99967454
0.99967454
0.99967454
0.99967454
0.99967454
0.99967454
0.99967454
0.99967454
0.99967454
0.99967454
0.99967454
0.99967454
0.99967454
0.99967454
0.99967454
0.99967454
0.99967454
0.99967454
0.99967454
0.99967454
0.99967454
0.99967454
0.99967454
0.99967454
0.99967454
0.99967454
0.99967454
0.99967454
0.99967454
0.99967454
0.99967454
0.99967454
0.99967454
0.99967454
0.99967454
0.99967454
0.99967454
0.99967454
0.99967454
0.99967454
0.99967454
0.99967454
0.99967454
0.99967454
0.99967454
0.99967454
0.99967454
0.99967454
0.99967454
0.99967454
0.99967454
0.99967454
0.99967454
0.99967454
0.99967454
0.99967454
0.99967454
0.99967454
0.99967454
0.99967454
0.99967454
0.99967454
0.99967454
0.99967454
0.99967454
0.99967454
0.99967454
0.99967454
0.99967454
0.99967454
0.99967454
0.99967454
0.99967454
0.99967454
0.99967454
0.99967454
0.99967454
0.99967454
0.99967454
0.99967454
0.99967454
0.99967454
0.99967454
0.99967454
0.99967454
0.99967454
0.99967454
0.99967454
0.99967454
0.99967454
0.99967454
0.99967454
0.99967454
0.99967454
0.99967454
0.99967454
0.99967454
0.99967454
0.99967454
0.99967454
0.99967454
0.99967454
0.99967454
0.99967454
0.99967454
0.99967454
0.99967454
0.99967454
0.99967454
0.99967454
0.99967454
0.99967454
0.99967454
0.99967454
0.99967454
0.99967454
0.99967454
0.99967454
0.99967454
0.99967454
0.99967454
0.99967454
0.99967454
0.99967454
0.99967454
0.99967454
0.99967454
0.99967454
0.99967454
0.99967454
0.99967454
0.99967454
0.99967454
0.99967454
0.99967454
0.99967454
0.99967454
0.99967454
0.99967454
0.99967454
0.99967454
0.99967454
0.99967454
0.99967454
0.99967454
0.99967454
0.99967454
0.99967454
0.99967454
0.99967454
0.99967454
0.99967454
0.99967454
0.99967454
0.99967454
0.99967454
0.99967454
0.99967454
0.99967454
0.99967454
0.99967454
0.99967454
0.99967454
0.99967454
0.99967454
0.99967454
0.99967454
0.99967454
0.99967454
0.99967454
0.99967454
0.99967454
0.99967454
0.99967454
0.99967454
0.99967454
0.99967454
0.99967454
0.99967454
0.99967454
0.99967454
0.99969082
0.99995118
0.99995118
0.99995118
0.99995118
0.99995118
0.99995118
0.99995118
0.99995118
0.99996745
0.99998373
1.00000000
0.20974842
