0.00000000
0.00186012
0.00314512
0.00456484
0.00570304
0.00784470
0.00883609
0.01068415
0.01239747
0.01468593
0.01698645
0.02011950
0.02227323
0.02298309
0.02483115
0.02639767
0.02741320
0.02913860
0.02971373
0.03115759
0.03332338
0.03562391
0.03791236
0.04076388
0.04235454
0.04422674
0.04623366
0.04909725
0.05023544
0.05294016
0.05607321
0.05823900
0.06025800
0.06156713
0.06302306
0.06430805
0.06646178
0.06932536
0.07089189
0.07359661
0.07431854
0.07592127
0.07693680
0.07795233
0.08079178
0.08164844
0.08451203
0.08709409
0.09092493
0.09405798
0.09579544
0.09738610
0.09810804
0.10013910
0.10645347
0.10959859
0.11203384
0.11346564
0.11590089
0.11876448
0.12176280
0.12489585
0.12675598
0.12834664
0.12965577
0.13122229
0.13253142
0.13409795
0.13740194
0.13926206
0.14042439
0.14300645
0.14643310
0.14815849
0.14974915
0.15163341
0.15323614
0.15483887
0.15644160
0.15772659
0.15986825
0.16131211
0.16362470
0.16648829
0.17008588
0.17195807
0.17395293
0.17625345
0.17770938
0.17974044
0.18289763
0.18450036
0.18722921
0.18911347
0.19097360
0.19481651
0.19738650
0.20054369
0.20272155
0.20658860
0.21158177
0.21471482
0.21788408
0.21991514
0.22279080
0.22636425
0.23134535
0.23407421
0.23638680
0.23884619
0.24087725
0.24292038
0.24651797
0.24983402
0.25199982
0.25444714
0.25617253
0.25904819
0.26150758
0.26410170
0.26669583
0.27045228
0.27218974
0.27522427
0.27795312
0.28096351
0.28383916
0.28773035
0.29159740
0.29459572
0.29791177
0.30224336
0.30612248
0.30918114
0.31321912
0.31811377
0.32313108
0.32502741
0.32846613
0.33136592
0.33469404
0.33842636
0.34401880
0.34748166
0.35351450
0.35511723
0.35811555
0.36086854
0.36460086
0.36964230
0.37524682
0.38000673
0.38204986
0.38590484
0.39037116
0.39434880
0.40019864
0.40362529
0.40826255
0.41170126
0.41687744
0.42292235
0.42970126
0.43316412
0.43787576
0.44200021
0.44727491
0.45213336
0.45669820
0.46154458
0.46869148
0.47424772
0.48152935
0.48637573
0.49222556
0.49622735
0.50178358
0.50890635
0.51702051
0.52174422
0.52706720
0.53008965
0.53410350
0.53783582
0.54142134
0.54487213
0.54974264
0.55263036
0.55764767
0.56180832
0.56670297
0.56988429
0.57532994
0.57978418
0.58367537
0.58797075
0.59300013
0.59888617
0.60522468
0.60871167
0.61960296
0.62378774
0.63412804
0.63644063
0.64134734
0.64738019
0.65156497
0.65690002
0.66164787
0.66752184
0.67311428
0.67886559
0.68307452
0.69113842
0.69447861
0.70265311
0.70698469
0.71091208
0.71509687
0.72084818
0.72614702
0.73034388
0.74174797
0.75397252
0.76058049
0.76520568
0.77783443
0.78144408
0.79676548
0.80814544
0.81750640
0.83195907
0.83717145
0.84380356
0.85799883
0.86219569
0.86942706
0.87016106
0.89399883
0.91869326
0.92505591
0.92823723
0.92853083
0.93066042
0.93324248
0.94518550
0.94708183
0.94840302
0.95029935
0.95146168
0.95217155
0.95349274
0.95525434
0.95553587
0.95611100
0.95668613
0.95800733
0.96233892
0.96424731
0.96745277
0.97423168
0.97511248
0.97731448
0.98093620
0.98196380
0.98284460
0.98357859
0.98372539
0.98431259
0.98504659
0.98578059
0.98797052
0.98929172
0.99017252
0.99120011
0.99388070
0.99501889
0.99643862
0.99799308
0.31376341
