0.00000000
0.00041700
0.00083400
0.00125100
0.00156375
0.00187650
0.00229350
0.00271049
0.00317893
0.00364874
0.00427424
0.00479549
0.00521249
0.00562949
0.00615074
0.00656774
0.00708899
0.00761023
0.00797442
0.00849567
0.00880842
0.00932967
0.00964242
0.00995380
0.01047505
0.01120480
0.01172605
0.01219586
0.01261286
0.01313410
0.01365535
0.01417660
0.01459360
0.01511485
0.01547904
0.01605310
0.01647010
0.01704279
0.01745979
0.01798104
0.01839803
0.01891928
0.01954478
0.02006603
0.02069153
0.02090003
0.02136847
0.02194116
0.02240960
0.02293085
0.02350354
0.02376348
0.02428473
0.02480597
0.02548428
0.02595409
0.02647534
0.02699659
0.02767353
0.02819478
0.02861178
0.02939296
0.02991421
0.03033121
0.03085246
0.03137371
0.03189359
0.03231059
0.03272759
0.03330165
0.03403140
0.03486539
0.03549089
0.03585508
0.03606358
0.03648058
0.03705327
0.03752308
0.03809714
0.03851414
0.03893114
0.03924389
0.03976513
0.04028501
0.04091051
0.04132751
0.04195301
0.04252707
0.04304832
0.04346532
0.04377807
0.04429932
0.04466351
0.04534045
0.04596594
0.04648719
0.04721694
0.04742544
0.04794669
0.04836369
0.04888494
0.04909344
0.04951044
0.05018738
0.05060437
0.05112562
0.05169968
0.05222093
0.05274218
0.05347193
0.05388893
0.05441018
0.05498287
0.05550412
0.05602536
0.05665086
0.05696361
0.05743342
0.05769473
0.05837167
0.05904861
0.05967411
0.06024680
0.06055955
0.06108079
0.06149779
0.06170629
0.06222754
0.06290448
0.06363423
0.06405123
0.06436398
0.06514517
0.06577067
0.06650041
0.06691741
0.06723016
0.06785566
0.06842698
0.06905248
0.06946948
0.06988648
0.07061623
0.07124173
0.07165873
0.07197148
0.07270122
0.07322247
0.07395222
0.07478622
0.07509897
0.07556741
0.07619291
0.07671416
0.07739110
0.07801659
0.07869490
0.07911190
0.07952890
0.08015303
0.08119553
0.08197672
0.08260358
0.08307202
0.08364608
0.08442864
0.08494989
0.08562683
0.08630377
0.08692790
0.08734490
0.08797040
0.08859589
0.08885720
0.08906570
0.08927420
0.08989970
0.09057664
0.09120077
0.09146071
0.09208621
0.09286740
0.09318015
0.09370140
0.09401415
0.09453539
0.09526514
0.09599489
0.09662039
0.09724589
0.09745439
0.09787139
0.09839264
0.09870539
0.09912238
0.09985213
0.10063332
0.10131163
0.10224988
0.10287538
0.10370938
0.10402213
0.10423062
0.10496037
0.10569012
0.10600287
0.10667981
0.10730531
0.10761806
0.10824356
0.10886906
0.10918181
0.10959880
0.11022430
0.11095405
0.11157955
0.11210080
0.11241355
0.11293480
0.11345605
0.11429005
0.11501979
0.11538398
0.11689492
0.11752042
0.11814592
0.11892711
0.11934411
0.12017810
0.12059510
0.12122060
0.12158479
0.12221029
0.12294004
0.12392973
0.12455523
0.12533778
0.12606753
0.12658878
0.12721428
0.12773553
0.12841247
0.12914222
0.13008047
0.13070596
0.13133146
0.13216546
0.13310371
0.13336502
0.13399052
0.13472027
0.13524152
0.13602270
0.13654395
0.13716945
0.13789920
0.13894170
0.13977570
0.14050545
0.14149513
0.14243475
0.14316450
0.14337300
0.14399850
0.14483250
0.14561369
0.14655193
0.14728168
0.14801006
0.14889550
0.14962525
0.15025075
0.15098050
0.15139749
0.15176168
0.15228293
0.15311693
0.15353393
0.15415943
0.15488918
0.15520193
0.15582743
0.15645293
0.15697417
0.15728692
0.15780817
0.15895492
0.15958042
0.16041442
0.16114417
0.16197816
0.16312491
0.16432447
0.16505422
0.16620097
0.16713921
0.16797321
0.16906715
0.16990115
0.17052665
0.17167339
0.17271589
0.17334139
0.17422546
0.17521515
0.17604915
0.17709165
0.17792564
0.17860395
0.17959501
0.18074176
0.18157576
0.18230550
0.18266969
0.18329519
0.18418063
0.18506607
0.18600432
0.18662982
0.18746382
0.18808931
0.18850631
0.18975731
0.19027856
0.19121818
0.19194656
0.19299042
0.19372017
0.19455417
0.19497117
0.19570092
0.19663917
0.19742172
0.19820428
0.19903828
0.19924678
0.19966378
0.19997653
0.20127897
0.20159172
0.20247716
0.20320690
0.20414515
0.20477065
0.20581315
0.20623015
0.20695990
0.20737690
0.20800239
0.20862789
0.20936038
0.21071426
0.21212095
0.21305919
0.21420594
0.21503994
0.21587394
0.21649944
0.21722919
0.21837593
0.21941843
0.21973118
0.22072087
0.22186762
0.22259737
0.22343136
0.22426536
0.22515217
0.22556917
0.22640317
0.22734278
0.22833384
0.22921928
0.23015616
0.23156011
0.23239274
0.23332688
0.23478638
0.23582887
0.23655862
0.23770537
0.23895500
0.23989188
0.24103999
0.24249949
0.24452620
0.24541438
0.24718389
0.24791364
0.24822638
0.24895613
0.24968588
0.25072838
0.25104113
0.25197938
0.25281338
0.25354312
0.25432431
0.25547106
0.25672206
0.25776456
0.25854711
0.25948536
0.26011086
0.26089342
0.26214442
0.26324109
0.26417934
0.26532609
0.26652565
0.26756814
0.26829789
0.26934039
0.27027864
0.27100839
0.27194664
0.27225938
0.27309338
0.27361463
0.27392738
0.27502132
0.27606382
0.27689782
0.27762756
0.27893137
0.28028662
0.28132912
0.28216311
0.28278861
0.28398680
0.28492368
0.28586193
0.28680018
0.28805117
0.28924936
0.28966636
0.29070886
0.29195986
0.29268961
0.29420054
0.29545154
0.29670117
0.29763942
0.29847342
0.29972441
0.30123535
0.30217360
0.30316329
0.30441428
0.30556103
0.30608228
0.30660353
0.30806303
0.30926258
0.31051358
0.31150327
0.31296277
0.31441816
0.31572196
0.31645171
0.31811971
0.31900652
0.32015326
0.32057026
0.32140426
0.32260245
0.32390489
0.32473889
0.32546864
0.32640688
0.32770932
0.32952753
0.33025728
0.33166397
0.33260222
0.33380040
0.33505140
0.33640391
0.33734079
0.33801910
0.33895871
0.33927146
0.34005265
0.34130365
0.34208484
0.34312734
0.34432553
0.34515952
0.34609777
0.34703602
0.34797427
0.34927808
0.35021632
0.35063332
0.35188432
0.35360102
0.35448646
0.35605020
0.35672714
0.35740545
0.35850076
0.35991155
0.36137516
0.36299445
0.36387852
0.36544227
0.36648477
0.36768296
0.36862120
0.36945520
0.37039208
0.37127889
0.37232139
0.37357238
0.37492763
0.37617863
0.37711688
0.37862781
0.37941037
0.38113118
0.38264622
0.38342741
0.38467841
0.38587660
0.38691910
0.38848284
0.38957815
0.39129896
0.39249851
0.39380095
0.39463632
0.39547032
0.39661706
0.39760675
0.39854911
0.40032272
0.40157372
0.40246053
0.40339878
0.40543370
0.40673751
0.40741445
0.40814420
0.40949944
0.41080188
0.41226138
0.41372088
0.41424213
0.41653562
0.41747387
0.41830787
0.41945325
0.42054855
0.42195661
0.42326179
0.42482416
0.42617941
0.42748459
0.42967657
0.43066763
0.43129313
0.43191863
0.43296112
0.43379512
0.43462912
0.43494187
0.43577587
0.43681974
0.43817498
0.43927029
0.44083404
0.44255347
0.44438538
0.44501087
0.44532362
0.44615762
0.44699025
0.44860407
0.44964657
0.45121031
0.45272262
0.45360806
0.45480762
0.45621704
0.45715529
0.45819779
0.45924029
0.46111815
0.46237052
0.46377584
0.46539102
0.46664065
0.46768315
0.46888271
0.47049653
0.47185177
0.47325846
0.47456090
0.47597032
0.47800251
0.48060876
0.48206825
0.48493718
0.48660791
0.48827728
0.49041782
0.49297399
0.49480042
0.49641698
0.49823929
0.49943885
0.50099986
0.50204236
0.50355466
0.50506286
0.50631523
0.50808474
0.51006548
0.51110661
0.51251193
0.51433288
0.51573683
0.51776491
0.51979573
0.52177236
0.52359331
0.52489438
0.52629833
0.52723658
0.52796633
0.52937301
0.53020838
0.53192919
0.53307731
0.53437974
0.53521374
0.53604774
0.53714168
0.53854837
0.53959086
0.54084186
0.54250986
0.54376222
0.54522172
0.54631566
0.54808654
0.54954603
0.55090128
0.55225653
0.55345609
0.55444577
0.55569540
0.55684078
0.55814459
0.55929134
0.56091200
0.56190169
0.56252719
0.56346407
0.56445375
0.56560050
0.56706137
0.56888506
0.57128280
0.57253517
0.57404610
0.57503716
0.57628679
0.57743354
0.57878742
0.57988135
0.58097666
0.58269747
0.58389566
0.58519946
0.58670766
0.58764591
0.58894972
0.59009647
0.59145308
0.59369377
0.59520471
0.59687270
0.59859214
0.59963464
0.60114694
0.60276487
0.60448567
0.60615367
0.60849998
0.61000954
0.61125917
0.61303416
0.61465619
0.61694969
0.61856487
0.61981724
0.62164230
0.62289329
0.62502973
0.62654067
0.62846860
0.63039517
0.63201173
0.63399110
0.63529491
0.63706990
0.63847795
0.64045870
0.64207526
0.64332762
0.64499425
0.64640094
0.64796468
0.64973282
0.65134390
0.65290765
0.65410584
0.65587672
0.65791575
0.65942668
0.66088481
0.66249863
0.66412066
0.66516316
0.66641416
0.66714391
0.66870765
0.66995865
0.67089690
0.67204365
0.67324184
0.67454564
0.67485839
0.67527539
0.67610939
0.67673489
0.67793445
0.67835145
0.67939531
0.68038637
0.68148168
0.68241993
0.68335817
0.68471342
0.68575455
0.68731830
0.68887930
0.69007886
0.69164124
0.69273518
0.69403762
0.69559999
0.69695798
0.69862598
0.70034541
0.70227472
0.70347291
0.70498384
0.70696596
0.70946659
0.71113458
0.71280121
0.71435948
0.71545342
0.71654873
0.71832097
0.71967485
0.72113161
0.72316927
0.72541680
0.72593805
0.72656355
0.72687630
0.72771030
0.72802305
0.72844005
0.73036798
0.73213338
0.73385282
0.73567651
0.73692751
0.73807425
0.73932525
0.74115031
0.74297263
0.74480316
0.74574004
0.74735659
0.74934145
0.75105678
0.75220352
0.75340308
0.75444421
0.75595378
0.75720614
0.75850995
0.76007370
0.76200027
0.76403108
0.76569634
0.76741989
0.76982174
0.77148974
0.77346911
0.77508156
0.77570706
0.77643681
0.77695806
0.77789631
0.77820906
0.77904305
0.77982150
0.78117401
0.78237220
0.78310195
0.78383170
0.78445720
0.78487420
0.78518695
0.78560394
0.78664644
0.78706344
0.78940701
0.78992826
0.79055376
0.79138775
0.79201325
0.79232600
0.79305575
0.79368125
0.79441100
0.79514075
0.79566200
0.79628749
0.79680874
0.79722574
0.79904943
0.79957068
0.80071743
0.80207130
0.80306099
0.80415493
0.80446768
0.80498893
0.80561443
0.80603143
0.80722825
0.80925496
0.80967196
0.81008895
0.81108001
0.81191401
0.81253951
0.81347776
0.81431176
0.81504150
0.81545850
0.81618825
0.81702225
0.81775200
0.81858600
0.81921150
0.81983699
0.82056674
0.82150499
0.82233899
0.82348574
0.82411124
0.82463249
0.82536223
0.82598773
0.82682173
0.82765573
0.82848973
0.82880248
0.82942798
0.83015772
0.83146016
0.83198141
0.83250266
0.83312816
0.83406641
0.83490041
0.83599434
0.83682834
0.83917739
0.83959438
0.84079257
0.84199213
0.84282613
0.84355588
0.84449412
0.84532812
0.84605787
0.84647487
0.84720462
0.84814287
0.84897687
0.84960236
0.85033211
0.85116611
0.85205155
0.85298980
0.85392805
0.85486629
0.85580454
0.85684704
0.85788954
0.85996769
0.86090594
0.86194843
0.86246968
0.86299093
0.86486743
0.86611843
0.86742086
0.86856761
0.86960874
0.87127263
0.87330208
0.87465733
0.87606401
0.87742200
0.87856738
0.87981837
0.88101656
0.88279155
0.88424694
0.88580795
0.88716319
0.88893133
0.89075228
0.89236473
0.89356292
0.89507249
0.89663349
0.89803881
0.89960119
0.90152365
0.90298178
0.90454142
0.90626222
0.90824297
0.91022235
0.91230050
0.91375589
0.91417289
0.91500688
0.91521538
0.91615363
0.91677913
0.91719613
0.91959251
0.92011376
0.92063500
0.92283383
0.92408483
0.92460608
0.92481458
0.92803811
0.92824661
0.92855936
0.92897636
0.92981036
0.93054010
0.93095710
0.93288504
0.93330204
0.93392754
0.93533423
0.93627247
0.93668947
0.93710647
0.93830603
0.94075521
0.94127646
0.94351441
0.94361866
0.94403566
0.94455691
0.94486966
0.94570366
0.94695465
0.94904376
0.94987776
0.95170144
0.95201419
0.95279538
0.95445927
0.95487627
0.95571027
0.95602302
0.95680558
0.95857508
0.95972183
0.96086858
0.96212095
0.96430882
0.96472582
0.96503857
0.96722645
0.96816470
0.96847744
0.96889444
0.96920719
0.97192043
0.97223318
0.97306717
0.97317142
0.97358842
0.97421392
0.97452667
0.97525642
0.97567342
0.97598617
0.97619467
0.97781122
0.97947922
0.97989622
0.98104297
0.98145997
0.98265679
0.98432478
0.98557578
0.98599278
0.98651403
0.98693103
0.98895774
0.98984181
0.99140418
0.99317232
0.99348507
0.99369357
0.99421482
0.99494457
0.99557007
0.99609132
0.99744656
0.99807206
0.99874900
0.99906175
0.99968725
0.38932688
