189
185
144
164
152
183
60
165
150
211
192
52
139
140
117
153
138
154
135
137
94
181
71
23
0
73
134
53
179
97
141
56
180
158
91
106
155
98
171
147
72
114
47
103
123
76
74
167
50
89
120
110
112
121
212
186
172
118
169
156
100
78
96
64
113
99
82
86
85
87
115
92
58
116
83
59
61
12
46
18
132
11
90
42
124
88
149
32
93
80
126
15
102
129
119
111
166
127
177
65
66
57
54
41
157
145
95
69
51
48
28
67
68
2
107
133
4
62
27
109
77
75
30
81
16
70
17
25
24
20
38
35
108
7
101
29
1
33
10
26
31
39
36
21
79
14
5
43
63
13
104
22
9
3
34
44
