729
1038
263
149
262
614
100
266
304
93
787
840
333
608
282
600
893
647
473
407
495
457
435
602
672
65
77
1028
833
750
504
171
94
348
820
240
156
514
456
1037
403
961
215
552
404
369
192
276
569
137
17
593
564
1024
527
187
744
964
849
518
610
543
71
887
818
213
900
932
84
49
613
101
590
566
202
728
759
58
760
145
396
798
119
474
390
989
124
331
92
670
168
109
1036
790
888
878
824
998
745
273
22
831
345
936
289
321
203
74
376
584
355
0
384
953
287
967
975
570
6
305
244
366
836
628
520
757
25
165
884
86
959
127
87
621
689
61
638
903
710
680
685
866
841
980
706
26
560
377
252
195
658
317
956
905
829
117
180
871
686
427
205
612
135
1035
994
688
53
983
199
191
509
855
464
674
234
858
425
123
990
862
792
826
211
431
950
671
754
297
811
521
134
719
232
511
28
940
141
682
283
749
337
865
257
157
579
825
574
66
743
98
587
551
507
182
484
148
20
491
954
891
307
1041
770
524
965
254
683
11
313
132
863
486
821
239
112
443
586
144
447
872
228
439
291
629
72
816
315
37
233
339
311
677
867
80
540
513
450
591
164
822
536
772
505
223
877
438
260
415
868
880
379
700
598
1013
89
493
436
673
245
938
795
401
951
417
381
310
343
70
774
136
741
635
99
985
721
766
150
879
931
734
399
747
29
922
78
976
921
907
497
809
151
102
707
416
583
12
937
334
285
220
832
340
526
659
890
209
919
480
270
454
620
548
646
251
786
212
1006
177
917
176
419
963
341
722
116
725
968
1003
420
723
577
717
271
523
605
846
175
796
806
103
949
33
512
429
125
962
582
701
571
631
572
256
75
499
597
948
470
15
147
479
190
626
494
309
1
63
64
649
356
201
997
898
7
782
651
130
227
55
1001
813
969
293
930
51
42
622
235
351
834
503
736
668
763
609
561
1030
41
453
88
482
216
249
644
186
793
902
726
553
258
643
418
221
991
515
502
657
380
138
30
422
290
302
382
661
864
1010
633
874
724
110
901
378
735
699
397
153
761
226
1007
1011
737
357
326
483
189
367
115
27
475
452
984
459
23
765
36
788
426
146
458
1012
506
318
828
490
1031
556
492
522
344
780
789
875
247
370
353
143
465
585
430
279
398
909
393
1017
946
663
885
268
714
794
839
272
128
718
815
294
365
388
889
762
623
897
224
783
466
691
320
859
476
533
639
154
391
712
83
618
328
979
693
405
977
383
594
596
300
715
992
198
648
161
669
883
805
842
933
179
607
433
517
1019
142
394
935
544
982
107
56
312
911
414
595
814
615
929
9
330
48
1016
39
167
592
678
31
665
1025
939
732
322
510
472
748
625
133
118
611
448
835
807
114
630
347
943
423
530
892
267
126
387
973
488
695
1009
169
619
781
81
847
711
771
50
218
853
219
664
174
769
558
708
217
559
817
181
947
557
575
546
409
323
155
207
444
352
362
908
349
541
576
386
860
68
2
918
449
35
274
775
996
184
1032
1015
442
261
91
886
519
295
324
281
906
1029
785
170
738
371
158
500
350
277
185
799
278
152
532
1042
978
632
539
538
359
1020
360
716
478
1026
178
777
656
660
581
904
896
578
791
756
441
1002
742
535
43
3
854
850
469
810
467
926
412
1005
96
59
372
1033
358
808
238
952
525
60
8
604
627
421
121
733
242
545
231
588
910
19
687
1034
516
314
255
995
690
838
934
34
662
1018
852
200
113
259
90
193
924
108
214
413
301
942
534
869
606
106
389
131
675
265
555
914
120
944
830
162
697
481
284
958
679
395
705
52
804
568
40
57
827
801
368
250
489
237
44
923
550
837
204
336
432
676
85
751
460
229
617
727
104
1000
197
69
993
210
960
730
225
95
844
999
385
296
547
696
1039
845
694
971
79
876
554
5
636
970
13
140
653
640
325
45
567
848
129
1027
82
455
319
843
920
16
508
565
988
739
306
374
752
38
601
1040
603
823
275
861
537
363
498
338
410
764
740
529
487
624
335
981
496
941
851
1004
111
286
299
562
46
160
755
681
1023
400
645
373
446
437
188
928
987
616
246
243
316
692
881
122
292
720
288
468
408
264
709
580
346
501
222
183
882
655
1008
957
4
913
915
986
702
873
531
163
139
159
974
768
194
10
298
652
549
375
812
803
269
166
440
