5375
7511
14989
9776
8567
15249
7156
6689
10255
6039
10558
5931
12360
5804
3562
6136
11728
11766
5287
7756
11561
16521
4831
13305
9080
11465
10134
14270
14269
10304
11549
15769
7843
3918
15480
16000
10161
4324
5951
3632
10538
8277
5941
7556
12402
1212
1208
17868
10914
8247
10004
4074
11650
12563
8243
6151
9946
6013
10140
13450
7206
12337
14627
9281
7823
10275
2471
12267
8232
5313
4166
2555
14831
7361
14670
15727
15058
11720
10226
15895
14893
9577
5521
4552
12775
17614
2841
1941
16519
14905
7282
5839
13220
3978
12512
6654
5569
13709
12131
14279
5194
9348
13344
9062
3907
8085
11997
15344
7405
13885
12475
4570
10525
15079
5580
6044
9410
8940
10426
7435
12342
9402
15326
16244
10712
12120
5719
11001
6450
1897
16236
9787
8287
2257
607
757
10186
11796
6000
5574
5972
7828
8094
11779
15719
11005
2236
5012
5616
3026
7302
812
9692
9249
11052
10441
10335
15265
7092
2745
5358
10311
10389
13674
15016
669
10431
9029
5208
2692
10451
9763
6964
15883
468
10373
4967
10238
16663
11705
8680
14655
12634
9374
11328
16055
2230
12011
6372
9405
11700
6894
2618
378
7675
10747
8408
11330
10185
11039
4510
9995
5185
11042
9733
7914
12168
12154
6430
1725
9867
4818
2842
8860
4975
10174
9746
12411
7317
11685
7313
5797
11709
10256
11912
12528
1426
10754
7004
15413
13784
15439
11217
10163
12143
7099
15250
2704
10926
2309
12169
4318
12008
3233
3186
10492
12109
10975
1629
15206
2194
11329
7670
12001
15734
9970
7419
13000
9092
2123
11978
7606
6793
4914
16594
16300
3271
9765
6993
7519
15458
15707
8507
16241
5639
7788
9573
10151
15085
6432
11132
8144
15864
7674
10557
6323
10245
6966
7055
5665
9355
5295
11551
11686
13668
8874
16708
6348
9130
12813
8422
15113
2514
10194
9343
6415
5713
569
11641
12052
7582
15282
9802
4128
10985
8152
16233
9908
15207
12256
10136
9863
6471
7130
1856
11933
5518
11022
16313
5034
7567
11573
12198
2419
5245
4169
12048
12279
11952
10133
2638
8231
3082
10746
3998
13112
11230
6796
14398
15093
12564
6893
2617
12965
5225
12430
5913
155
11609
998
12393
9105
16251
11602
4307
13054
5288
11741
9980
12317
6225
11738
14275
7397
1357
14278
7709
15379
12221
4371
14498
15506
12970
9260
1567
10676
9957
7894
15510
14322
8013
5910
11478
15188
5298
7944
3295
11534
2323
9947
8108
5030
7131
9095
9094
7524
5405
8437
9780
8329
3879
5651
2634
12958
12677
10897
9341
14266
3951
10446
16232
13199
10781
11603
14904
2675
8147
15498
5582
15849
10297
3796
11630
6852
8344
16544
4478
12401
12307
1992
11571
9478
2443
8778
9329
11440
5321
12303
2202
13014
13515
1692
14533
995
15277
9795
14914
8146
14354
11378
9703
10153
15702
16286
17351
11723
3333
1781
7311
554
9033
15189
8682
10111
13492
9886
7270
12050
2377
12639
16607
16664
6220
12867
9852
9366
2551
10520
7291
9004
6571
15354
2672
7117
5704
5561
8903
5761
11623
7531
16568
1701
13232
14478
11438
12566
11471
12860
6521
8410
6391
4948
11781
5595
2161
10338
2787
12469
4832
16330
7090
10054
13118
11565
10963
8765
4567
8102
8100
9453
16901
12287
14804
9883
7335
11201
3919
7453
3556
14506
10847
8066
5547
12969
11692
9042
2363
8453
14097
7325
10181
8333
4629
3498
10567
5559
8216
11463
9125
9919
9893
9892
10896
5317
13212
8466
2378
12100
9878
9831
5161
11428
5158
14563
14862
1553
10175
3953
12733
10449
10468
9956
9826
12567
15826
15336
3654
2063
44
9778
2204
16266
14963
12299
16259
4877
11883
5324
13266
4684
12121
6607
3300
10355
16267
5776
11664
12293
14510
11530
5291
10810
13116
1733
8078
1773
13114
4271
1257
15134
7791
1870
5602
10169
9339
1789
9834
8159
5703
13578
1039
4712
14601
4548
9991
2090
3051
14874
2326
5144
5131
12600
9485
5488
9658
16305
10673
10886
16012
10818
10832
10876
6782
11497
13179
11531
7801
5732
8320
7978
14654
2304
5061
1280
5053
10321
8280
11528
12691
8769
7285
3616
11222
10098
11936
5076
9392
11690
12034
5221
16511
7275
14362
2049
1521
5265
7790
1137
12981
6140
7035
268
13110
6543
5315
11262
16562
8173
10580
14580
7514
3510
17626
4315
5643
7144
5098
8849
6967
9054
13284
10908
11748
6684
5880
11677
11503
9345
11755
2467
10748
6951
2268
9955
14947
14055
11751
7713
6510
12271
5810
2459
5304
10437
12233
5779
1792
9675
10198
7544
5901
865
6768
12025
14493
8318
3223
7438
8198
8928
9735
10733
14080
13163
12259
11895
16823
6826
10305
11675
11790
11568
9888
15394
16425
11292
8149
14573
6985
6912
8191
7084
10816
17040
9921
12804
5157
3532
6847
11344
13241
15884
14999
15398
5725
9907
11445
4494
4497
6712
11524
3755
4391
5677
11725
13659
5940
7683
8717
9350
12633
6897
16481
14858
5054
11394
13111
7155
8709
7021
14843
5893
12681
10561
8406
1305
2737
11479
1819
10967
13584
5636
5573
2013
15203
11648
7813
9017
10002
7080
8886
2523
14730
16240
1827
9707
6184
9793
7720
9315
186
11913
5166
2089
6294
10372
5966
7299
797
14900
1376
1670
2010
6846
6106
3357
16118
11475
10353
4566
4672
2452
15305
17146
7589
8214
4352
290
11553
13025
6713
11559
13252
1948
14534
11512
3263
12199
1744
14727
14588
8265
4483
17075
10323
11510
10058
4756
14639
6109
946
15133
13224
10073
5528
11834
16549
9436
12193
10774
3013
12248
16485
14234
4033
11003
12103
6181
14626
13037
12684
10171
6836
12383
2365
6311
7235
14561
2078
9291
9696
15517
15355
6880
12105
9783
1576
15067
4890
6386
5398
2396
7023
1067
5909
10531
12493
9270
3487
5726
8481
8115
8113
14711
13542
16509
14367
12654
13434
8386
2474
1876
4218
8123
15072
10690
11719
7294
15212
5241
6659
14649
8959
12919
9023
2389
7107
11822
221
8073
5959
11682
7022
13239
9083
11335
12699
2505
5663
7251
2092
12167
14258
10527
12306
2124
9689
3469
12231
493
4233
13061
16471
2100
1002
6487
4251
11050
11557
8116
9727
12511
11718
10115
5795
10724
2030
9901
14465
5593
9714
6408
595
7758
12216
2729
14513
7024
12013
7998
2390
9875
11153
9866
14330
4077
10807
6876
9711
11825
2231
2232
12961
4938
11661
11801
11472
4655
6677
7761
15794
9870
13951
5843
9371
10600
10442
5410
2633
6036
7327
14227
14667
4467
5771
11187
9662
7615
2959
8075
10327
12826
5116
11993
12253
9902
13137
2227
11758
2800
12444
13062
8203
5929
12914
12614
16686
2689
1013
11578
11579
10097
9450
2466
11508
9614
5040
5278
3983
4504
152
9375
6396
8302
12952
341
11433
6683
11663
10368
8088
8663
10805
16712
13267
7704
8240
8817
7867
9358
4342
9759
10347
8974
5749
14059
15148
13295
7056
5717
13626
14350
6146
15652
9715
5022
2579
821
7269
12107
894
5970
12040
11364
11219
9788
1106
6254
12874
2697
13646
4650
8079
7178
16683
1543
579
12729
5122
8734
6922
3822
5362
2192
2168
6710
11470
9372
1019
11698
1969
4875
8815
10158
3016
13638
2923
16128
13964
12645
6558
1434
2518
5954
12316
13157
5840
8204
104
5994
14612
13255
5731
8403
1738
5066
2487
173
11403
12873
9457
2209
802
7029
8379
7522
14349
7632
13011
5568
6412
10609
15837
9798
14187
1922
8706
9413
9837
1702
14161
1554
15302
9792
14760
11544
11312
614
8416
11964
8741
13575
7445
7765
11836
11803
12030
9613
9591
14942
611
7650
8222
1628
5002
7908
4865
4291
4293
14296
5089
7693
3136
15017
8552
16219
2896
10162
12028
1506
1569
16333
5260
5923
1383
135
11474
11711
5850
5773
8584
9740
12848
2342
10949
4589
2114
12245
8409
10888
12175
9719
1222
13258
7799
1575
5063
5064
2307
8125
5787
8922
8011
43
10303
2635
1523
1684
1707
1841
5678
6991
10923
13505
7671
8054
4551
6404
11469
1014
4918
4919
2589
2596
11484
8391
9885
4971
12081
8851
9382
1899
9895
14480
7075
12573
7170
11016
9716
3856
6969
8183
2052
6050
5074
14254
6250
9698
6961
14504
3989
5680
10889
7584
450
12318
5878
8850
5134
15631
5631
8946
14201
2333
11555
436
5953
7473
9362
5847
3897
12533
2395
889
11629
11296
8608
11527
2583
14832
13437
4126
8742
8098
8076
9876
2117
8178
17204
5922
3294
15463
5666
1511
4356
5894
12863
15047
2105
14170
6067
10971
15577
6267
13813
5081
4487
7688
5741
10849
4878
6351
12039
2565
12957
15874
5645
5646
4080
8200
4442
9378
4799
361
13596
1518
7034
10968
5506
6550
5175
11227
9931
2276
166
15232
10075
909
6490
16452
6809
983
11434
1958
10155
495
13293
9930
12265
5433
16250
16248
11668
14750
7490
16450
6024
2242
1997
10407
2098
6791
6728
915
12160
6722
11780
6773
15962
16092
15839
12095
778
779
9437
7833
10251
11910
11444
3853
12041
12252
15790
13352
12053
12311
11814
3604
7233
4635
3722
923
1813
12433
4476
11749
14575
12441
14559
6788
13430
11722
5273
9712
1982
12814
14925
11646
2780
14150
5154
11731
11697
16473
4477
3621
12072
8051
13716
11724
5078
13632
13355
2519
9789
13195
860
9889
2809
10951
320
12453
1332
1050
10870
7336
8037
12532
10548
11907
2533
4223
9040
14466
9292
10277
3675
8673
7778
2526
4547
1605
1771
1604
3119
9954
8254
7947
12789
5014
9939
15283
2848
17096
6113
7505
6468
12506
4626
6166
14384
9409
2470
4503
3034
9116
6491
3200
8436
16016
96
12389
17977
7681
11477
9773
12285
13198
13218
13244
12644
13861
12725
14223
12731
13234
11707
5516
4784
5818
144
11823
2324
4992
11740
5283
10383
34
246
4538
15319
7634
7655
6486
1762
5151
9682
12980
12728
10722
11509
251
6158
8686
9256
7768
5926
9718
4173
9767
1814
4615
4210
4209
2195
6943
7883
7760
5903
6676
12829
11824
2134
2410
10756
8967
10071
2628
10116
14894
1623
10819
1474
5628
8557
7362
14731
2053
316
6814
3667
5173
16036
8439
10405
11795
14539
14447
14428
14409
14432
14552
14490
14452
14598
14530
14511
14448
14546
7565
5380
15096
2007
185
4372
8228
13985
6410
347
9742
16386
12237
7817
7816
10000
16556
7726
12014
13426
10390
3954
5296
12298
16112
7497
2296
12232
17135
5914
3851
2292
1166
3531
198
615
5354
177
7261
11614
12378
6649
6125
10825
10811
14
8327
9751
14250
12302
12250
3120
9101
7011
4311
8165
1882
13935
4621
13483
8547
7931
11829
5701
7184
10274
854
5630
9879
5249
12096
12031
7818
10147
1848
7927
8241
15645
14249
1843
9472
5093
4654
11713
12585
5394
9061
14957
11066
13940
11035
11030
14164
14000
13318
14981
11011
11031
11038
11008
10375
10482
16321
14130
15620
11021
11835
11017
11265
8365
8273
4630
9803
14094
10365
7255
10459
5153
6290
6205
3045
2478
6924
552
4385
11872
5007
7173
95
2782
4807
7863
3768
6003
13696
7393
8791
7672
12592
13780
2742
7044
4272
5742
11772
13685
2480
16904
4200
4201
7942
4546
13096
6584
9505
6865
5498
6216
11473
6658
8230
10081
12817
14954
5955
8388
16678
5714
295
16209
6095
1990
2274
12370
16742
14407
8479
7158
6769
2652
12246
11775
3647
3947
5592
9379
2383
8713
10222
9928
2566
6835
10201
13833
10072
2067
15444
10046
15634
7924
9988
13117
17615
11305
5997
6368
14550
8025
9465
7065
9685
15655
12425
16235
16204
10257
5115
13687
13107
8255
2397
2373
5604
15952
4035
5767
9336
11532
17571
11523
6279
12672
5605
15342
10909
9745
8761
1451
1805
1669
11645
13324
11689
5755
7666
5754
4627
8225
76
14168
8496
492
632
9664
15761
7585
7265
10939
4972
7913
12418
7338
2215
6861
12963
17154
14991
4058
4690
12125
9833
2674
3559
5434
16502
533
3100
11521
13013
2434
14642
10278
9093
7822
2062
15223
7070
7292
10419
12346
1507
10918
9252
13202
3916
13228
11985
8262
6033
7160
12641
11420
2334
17911
11627
8910
1906
2327
7427
10462
11334
7984
10475
16768
16767
12146
6339
10944
10780
3411
12047
9351
11681
5685
6519
4039
11624
9353
11637
8354
2482
1785
1060
10942
12508
12822
13857
5788
4289
6167
5588
7569
13806
7163
6507
13928
1478
13452
7399
7368
2328
2353
6320
8129
15241
9316
11036
7919
11745
1140
8566
10144
6600
2210
5110
13168
5606
6439
10850
12781
12806
4964
16692
11666
1934
3103
14657
12702
9047
9750
5706
33
7384
6094
2399
2537
5660
8278
11537
14586
10061
9258
14683
4004
8052
5911
4408
5958
5499
11566
13648
3379
7608
11811
8209
5875
3249
12917
5935
2475
11482
13913
7389
5457
8392
2431
2261
6043
3483
3721
4212
8135
11746
11253
513
8650
11596
1467
13367
8723
8189
7865
8348
6268
10418
4843
13285
8163
12758
4129
9726
5474
8292
6772
7961
6557
16776
10853
703
7523
10447
14057
12006
13082
5564
1854
3602
3548
6233
7147
6222
14739
12950
874
7611
2568
4828
2076
5656
2208
9663
1983
7074
11073
3253
5183
12270
6054
15307
1437
16027
8774
11729
1099
1483
1378
14127
13686
5640
12024
12636
5586
8000
4663
4535
15622
15485
14138
13499
4605
13598
11695
8856
10526
726
2515
11793
5817
14062
6070
6226
6918
11813
3664
7827
7972
12399
7891
11131
12541
12186
9835
15911
15943
16099
13155
15823
15957
1746
1615
981
5468
8237
8024
12249
17356
11763
4611
14200
13376
6694
8525
8528
6572
7054
15221
8263
13383
15222
15224
994
14086
6449
7406
12289
9695
6292
9737
7685
9728
9704
8755
6899
4523
6783
10152
1557
8907
6794
10104
11737
3527
4920
12666
8913
7869
3655
12514
5635
9669
7315
9524
5816
1425
9924
52
9913
11212
13145
2142
5793
14030
5860
10099
12000
4197
2442
6069
8831
11845
7691
7534
4614
10833
13791
9768
5800
236
235
9736
14869
9129
3171
8767
11744
2554
3962
7744
13077
1148
10334
11730
16050
15504
4624
2621
5425
16117
12628
9511
10454
8801
13388
11784
12929
11255
9454
7740
6671
11785
8716
14564
11771
9887
13688
9609
9710
4193
10149
2529
4703
6459
4531
12288
8925
403
7378
1492
11467
7025
12038
15532
8130
7770
5339
9539
8414
7727
1879
455
15979
11619
14959
12020
13339
10443
11660
7757
9679
5652
3618
2587
4976
7414
14622
6001
10815
5455
2477
10547
11674
5238
1424
6347
6546
5018
2245
12988
14141
2547
12555
12184
10769
2229
3929
10839
7538
10961
3304
6419
7197
6945
15201
1741
1533
8211
8223
5634
958
2502
7562
13021
3443
5973
9971
13525
11631
14273
8875
10033
2079
2627
16246
10700
12955
11500
8136
8542
1391
12593
10315
6585
3930
13653
895
10836
8570
10984
744
10197
7127
10938
10544
11507
6792
8399
7489
150
10040
13444
13341
11223
6933
4766
1495
11356
2963
5048
2039
9731
10481
12002
12850
12473
11359
8148
13119
14159
418
4444
2969
32
2043
11754
6935
1839
3310
7696
1114
2767
451
8334
5629
10490
822
2402
5691
1584
377
7329
4704
12005
16942
5193
4968
11451
6821
11485
9801
8330
8335
8328
8336
5944
2251
535
15505
2435
9847
2881
7733
4686
4419
6900
2172
11079
6398
13098
13086
13089
13943
13992
5709
11505
4886
1613
5783
13057
1713
11708
7933
13257
11393
6189
6188
571
7587
14972
5028
9871
2339
16289
7366
8058
7751
2764
3248
12085
11684
5698
12117
10113
8119
12135
7983
6409
723
1481
5212
5962
5763
11461
10117
8470
514
1101
8497
11372
7194
9640
4586
6581
1664
14446
13292
12880
7665
6196
13387
11878
6142
11481
5790
11703
11735
1590
2031
15533
13334
6244
7552
8796
5889
5874
5525
12073
13360
4724
4725
11734
5051
2418
6813
13881
15295
9813
12142
9058
10102
12665
9073
8217
11842
3521
285
6360
5432
5252
2153
1935
14450
2663
2664
1919
5936
13384
12865
11747
11753
9757
11752
11742
16567
11322
7123
13194
13540
11448
9312
9356
13730
9872
328
3488
479
10711
1012
11618
5331
117
9747
7455
13002
9680
2469
2626
15303
2548
12836
12753
5109
10143
7430
12680
15244
2247
13411
13862
8438
8026
13713
10160
9841
6723
8877
10763
11786
2110
2670
7723
5024
10236
8931
5758
5575
10719
4796
2532
2405
2272
2022
2
6376
14252
10562
9391
13132
15367
2293
12835
4859
2788
10706
9950
7596
3467
8825
1174
9651
553
9020
2761
7743
5003
8794
5799
11998
9687
2303
17155
9836
9918
6766
13786
7122
1108
5070
5760
10279
7166
10865
8899
14785
12437
13836
14177
12515
12151
13897
9969
12887
11323
2170
15626
10551
13745
2206
3555
3133
7266
5108
11562
5715
9681
717
5577
10820
13812
10031
11333
10752
5496
9772
5746
3865
518
5918
5186
972
12793
8447
6958
13974
5483
4666
5766
10141
2367
9103
3960
9771
9904
12067
2046
6229
13821
7263
2843
5011
15334
2654
11762
15236
13243
13558
1447
7181
9769
4287
9055
6058
13975
9462
2329
4620
7702
7402
5259
12451
5912
12182
8628
3339
7680
13124
6500
13583
12158
10977
15337
8868
10227
8880
9723
7148
6377
7678
5583
1927
6881
1551
6980
12657
15562
1035
7809
7874
10469
8003
16947
8404
13764
13838
9131
1401
11957
8653
8703
6456
3116
10252
10954
8626
7432
2126
6207
4998
366
5567
1092
2423
11940
8323
14912
14911
2113
13175
10356
3939
623
11421
14264
14184
2656
1737
14151
7240
2144
2143
16492
8192
2258
7880
5348
12458
9443
9317
12999
4207
2605
4780
4651
11516
10263
12647
1504
2577
10491
12090
102
6305
6785
7061
9844
10244
8396
6739
2707
1498
7811
9497
9555
3115
7792
2171
9825
6358
3290
8357
4105
7475
13359
10912
16353
9638
1956
1444
12102
5462
5697
2578
10948
1462
2992
420
5147
10148
7991
14918
9030
13518
11078
11830
7126
4534
9721
9755
12517
10300
1405
539
8077
8138
2710
11203
650
651
3958
3471
6952
9337
10050
13466
2355
9318
11926
12901
2632
13153
8435
6795
1545
5867
5019
10350
16560
741
2119
7010
1034
2006
11412
3885
13769
6743
11657
538
3808
4939
12922
2000
6421
9697
13848
1078
12549
13431
12069
13622
16256
4180
7247
6616
7066
6866
13936
73
10089
2564
7215
5906
7830
12036
1855
2221
2034
8415
6981
2684
6594
913
557
5513
301
5464
1625
3221
15263
9770
3430
3252
7309
7407
6426
663
4493
10342
14975
14978
6675
2987
727
728
5965
6120
6716
13691
11447
16602
4412
10858
8284
5615
6492
14347
13201
3674
6218
3974
1748
6481
9756
4594
9762
9674
1036
2167
12505
7890
10444
7253
11636
6004
8177
9905
9138
5621
7423
6515
12421
1259
13921
14469
10861
13511
4102
3062
3313
12012
2659
11783
6011
6325
1964
13322
903
5927
8345
11213
13797
2160
11043
1889
5664
12230
8053
4701
13823
949
239
4785
4786
6946
14140
11876
9694
9713
2045
6947
2352
1706
11349
4913
2350
10088
1892
1699
1970
193
6940
10796
15872
14753
12784
2129
1393
1394
9471
9884
15238
10697
9951
4025
16927
6856
6327
4873
6326
3219
7159
4163
12615
9264
9456
7581
9897
7859
6214
6227
2200
8772
8294
8676
5842
9811
8055
12587
322
4506
10563
8798
9294
1030
3523
2744
2080
12059
12049
12975
8572
3814
1893
5439
7911
1538
2205
4355
4351
386
12936
13151
12523
12347
12462
12310
10190
10929
525
8359
3027
3509
2973
7459
6711
2802
12973
226
1100
4364
4363
12915
1972
11760
2213
8719
1907
7897
8754
4470
4932
4388
12542
10817
7116
7030
7491
5871
13664
14738
2464
1757
5005
1411
11382
11431
8154
7086
7712
14180
2413
848
524
2669
6686
4441
7196
4131
11815
14584
6678
8017
12275
4858
8372
5835
9386
3401
9648
15827
12759
1164
8166
6996
9068
4472
7359
7360
630
9079
683
12495
12906
11715
4396
1027
12869
2346
2345
2217
5519
2032
2510
7212
6874
6873
6872
1534
1603
9966
10699
1662
12044
1986
5004
2131
7183
4550
4904
354
4903
5882
5571
5819
10955
823
12510
1123
1093
1124
4283
5090
3196
9434
16162
877
5458
2112
6652
5217
8062
6350
3904
6309
7276
7887
13362
6330
4399
2108
2207
8158
2561
2668
10953
10956
11739
3410
6081
6080
5503
2479
11525
8834
16453
1500
15492
3715
1574
4485
2014
2011
2121
15366
15470
5189
8121
9407
5721
14861
9360
9335
3187
8983
11680
367
996
3578
11435
4516
11480
4273
4083
5174
12653
5668
7516
2861
5399
13926
11805
2709
4747
4748
15411
15416
5444
9800
12046
16288
16326
9132
1399
1310
12971
2331
2332
4824
4749
5352
5534
6209
12501
15784
13562
12537
12718
12358
13439
12820
12656
13113
12201
10400
13375
13333
13732
12765
13379
12545
12709
13147
12746
12743
13781
13794
12968
12341
13391
15539
12696
12940
12964
14351
13408
13015
12215
15887
15630
13233
14073
13273
14114
12824
14069
16031
14091
16048
13039
15538
13849
13500
13081
12783
15609
12757
13577
12616
13735
14032
13019
13144
12470
13183
12881
15676
13521
13582
12788
14160
14093
13419
13122
13392
14095
13418
12442
13672
11173
5812
10233
11466
5967
3729
15959
15974
12553
8668
10060
13223
10797
13958
10787
4422
10767
3153
4433
8779
2097
10993
7960
11458
15382
7755
4211
11704
8188
1121
10110
3135
9625
8827
11248
11658
8356
1914
7268
5623
8221
7245
6750
1993
15310
2300
3234
8264
5738
5480
7643
6253
2212
6706
6778
10261
3720
6107
7537
10120
10921
4019
7165
6485
5207
12668
4225
3773
3580
3228
3229
950
12292
13087
262
13171
3425
5535
15296
13038
8524
8133
11542
2086
7767
6591
2611
3440
1621
7046
4336
5545
5041
6608
11032
12897
4723
15253
5509
10877
8105
8104
4984
4985
4539
2384
2252
1422
16373
2796
2799
2130
13055
7006
11560
6978
4850
10549
633
532
7318
992
8266
795
1381
9298
14962
7614
3170
14060
11809
6884
167
11671
16926
4036
2803
2458
10395
9749
13040
9944
3003
5986
5723
9523
16613
9729
5759
5671
15487
700
581
4577
10723
10306
10976
4713
8472
9961
5557
16405
11622
11736
7669
3901
9999
3072
476
1639
14290
6655
3547
5681
6905
7521
11580
11575
13447
2238
13191
6790
11572
6183
1135
6959
7052
10840
5059
6474
4103
7250
5461
5408
6688
5890
14009
4735
17625
2866
14611
5171
14644
5092
2387
494
677
6568
6597
3347
5982
5111
7677
6147
7382
873
8281
687
12570
2284
7398
8019
3151
1126
841
10755
13871
10445
5319
8245
12365
11476
12414
5058
2818
5442
6150
12966
3150
4986
3111
12960
1386
1242
937
13050
698
8988
1837
7819
6104
1632
8920
2795
4893
1501
1502
7520
7068
11517
6023
16462
6318
5549
1822
469
7396
4522
6534
306
10345
9976
9660
12459
2721
6047
4726
2785
4310
5964
2619
2381
1896
2302
11539
2825
3097
11389
1637
9399
10210
6470
1735
3266
3345
3139
12797
4820
5037
1514
7605
4214
2553
10038
5460
6812
6361
16894
2643
6168
583
9981
372
12205
13323
7752
2294
12841
4177
7877
12716
6908
6994
1751
5107
4436
3940
5989
7239
4930
5688
11655
10809
1026
776
13306
13588
10883
12921
1432
8316
1731
342
7988
13924
447
6096
4235
15327
11761
3942
15665
5150
4763
15491
9968
5590
13670
697
346
12932
2150
7280
8132
11595
16404
10216
4229
5770
209
6855
2870
1916
16342
15200
14930
3956
3957
1490
5807
15816
1647
1449
12664
106
2534
7617
8869
15328
1066
11726
5798
6514
4253
11363
11286
916
1594
4866
4091
4896
4895
4265
8620
10966
2166
12089
1592
7051
11024
4411
6756
6501
4196
6187
3636
5961
12213
247
1850
4361
11502
2513
8050
5497
1113
7786
1131
10890
13559
8646
5920
13621
759
14995
11598
10485
7404
4897
506
627
5026
6708
4475
12886
7296
7754
5114
2584
5430
9052
15267
2311
6105
979
9468
5504
5505
5502
13617
8377
5851
8101
1811
4959
2223
323
9459
13539
4782
7477
4022
6433
6667
2256
8106
5553
7739
5930
5674
5676
369
397
2073
12454
2149
12003
3766
15459
12173
7876
14345
5251
15102
7668
11756
2371
2370
10183
1581
7301
1801
12043
5065
8612
7241
4584
7716
10707
3635
4558
1159
8389
12304
9261
7769
10806
3598
3938
10960
6780
8142
6779
1798
5227
7441
5443
12838
16360
5369
16281
4078
7349
5308
7932
7507
1566
3473
3246
2104
11352
6179
1023
5917
232
5494
4117
955
2433
13172
676
10103
12023
3028
6864
5596
4957
16339
5180
1888
6373
13722
7284
3272
11432
2282
10154
6388
6297
3276
3628
8685
7444
5649
3676
8624
4728
4730
4729
4709
2289
7003
2791
768
9451
9984
5397
2270
9469
9447
13481
13637
6887
5618
5617
8238
6593
2771
2772
6670
5124
2608
9481
2310
9134
8319
6960
760
4428
4429
8805
4565
3996
10472
7230
13311
6060
8780
8867
3369
2228
7027
2815
8332
6030
14256
2625
3101
5016
7387
7182
6831
4393
10959
2703
5692
5876
5833
6103
8659
963
330
1730
7331
312
4879
7660
5610
5039
6755
804
9548
4202
2580
2702
13156
15479
9154
11652
7180
4871
9483
5868
2224
9482
3312
4213
4598
596
14581
5644
6839
4838
12449
6895
5711
906
10207
2929
2958
10106
2847
7424
10001
4518
8745
796
4423
3641
9304
12482
4745
6197
1284
11048
1129
13085
12662
6668
11049
6624
100
6488
6882
2362
7994
9693
8464
7644
836
5544
4597
165
6883
1103
7324
5736
2412
16343
5624
6580
11870
8347
14404
3455
7687
4198
256
4711
6299
715
4811
12770
7966
7451
9255
6685
5865
15146
17612
11552
7814
5017
7513
658
13679
8707
16593
6744
1245
12561
2798
781
4431
4056
6868
6869
2306
8627
7020
6195
6194
6362
10784
8395
6508
16340
9384
7969
7421
5472
8648
9388
12577
7921
4953
985
8036
1611
12010
2688
3092
6234
3605
11164
8503
4772
7450
7063
5072
7217
7826
1125
13663
13956
1601
3583
6441
4815
8368
6560
8270
7580
2359
5427
7815
7997
2020
8579
3256
1147
1530
9349
2165
1910
1548
1547
4479
8821
8546
6955
8818
3568
7470
6988
1825
7002
8828
1790
5727
5163
7322
6177
8594
6281
4301
233
12225
6208
8137
7917
4912
6064
5708
10943
5050
10941
1764
5852
1593
5858
7555
2496
12842
13412
4716
9253
395
8339
7705
678
541
6385
8364
8363
10543
7305
7304
7763
7762
11501
842
4770
5312
10367
6680
6129
8400
2279
808
1010
5600
7935
1058
4389
12521
5073
4030
1139
16220
3995
4917
10575
10573
10574
8407
5658
1090
3370
7185
2801
3419
12583
7631
11425
12907
847
948
6719
6303
3392
5620
10435
3102
9814
409
2156
7732
5047
3909
1791
1503
10052
6870
6697
481
7326
2594
12710
7548
1769
10834
4532
9086
7926
4268
4269
5215
6437
17086
7789
7593
853
10084
7337
4456
4839
3952
10336
10371
3195
10196
12918
5478
2691
638
11381
4130
8205
1084
15260
7635
5
4669
9775
4628
4692
1750
3446
6503
12161
8315
1560
8187
1679
7043
3776
3250
1572
1826
8895
7207
9078
3145
6752
3692
7110
21
3176
3177
15467
3265
2159
15767
9992
4228
4732
10224
2341
1595
5445
1382
8393
474
738
334
5774
10795
11208
7623
7950
2826
952
4460
9917
4227
4790
15814
2665
544
7576
5977
5786
5785
411
7637
5075
4951
8387
5351
10159
331
9819
11732
5451
6438
8074
12189
318
3500
8215
1940
6529
8738
971
9964
7287
5281
5956
13004
1834
7766
2658
17163
914
267
10230
4285
12599
13783
11973
13824
1818
11460
6403
4990
12855
3109
7871
15390
4555
8110
10348
6609
6090
2241
5179
4259
7795
6968
360
5933
3374
16496
6295
685
1526
14638
6928
8398
9925
7310
8171
4375
6274
7676
2040
2291
3599
9766
8229
6182
11184
6236
473
472
8212
7772
8268
9359
5467
3921
7344
2318
7888
4860
5162
11944
8293
4810
8080
1006
5762
4290
10757
7736
2607
9754
11047
3338
3156
6583
2145
162
11107
4569
4451
6232
2844
6913
15364
6903
1648
9400
1151
12853
1403
2162
16902
4001
142
6401
5829
7422
2312
2313
3212
3213
5233
11593
1654
8303
5915
8787
4425
8067
829
8807
8004
4236
4237
9323
10930
7257
37
10735
5740
6114
6312
8729
6561
4557
4755
1872
12948
7753
10051
6890
625
10565
8103
5733
6929
6930
8397
2440
6536
938
5392
8139
6324
1094
1097
1098
1096
6141
11120
6875
3209
9699
7948
6695
9444
7394
4049
12714
6257
6256
5511
4398
2644
7169
480
113
7682
1430
1429
2711
3377
3376
6464
4081
1810
13920
2233
1549
6979
11247
7496
6592
3891
416
6830
7995
1842
9753
7832
2740
4814
3727
5441
1799
401
2260
6725
5450
10014
8924
11605
11632
4599
5149
16910
2746
6399
716
6751
5243
9326
1766
2125
1598
7603
8889
7342
5866
4681
4250
4190
5990
964
5426
520
6370
1154
7085
2599
14440
2609
5465
3291
711
5996
4270
5832
784
5747
813
1863
1415
6202
13906
8127
7177
2830
1742
1634
9403
13656
6666
6255
2193
4827
4826
1588
10898
17959
2278
12723
174
175
8505
11488
10935
9657
5029
1809
11621
6548
5105
8246
9028
3964
505
504
4892
154
8219
1071
1181
7205
6530
2103
9671
5146
7773
7484
4279
4874
7734
9111
4099
4098
2713
5475
15279
10812
5655
4430
2727
724
6286
815
7141
529
10534
280
10192
10193
4608
4308
344
6646
27
7686
2188
7629
4338
11800
9741
12502
485
714
3535
13892
2716
2574
7254
656
2789
7106
9397
9396
4631
3318
1249
5168
6645
3226
15475
7154
4473
9816
5803
11577
1900
15772
7918
9972
7258
4819
4330
712
631
774
454
1539
2600
12494
10572
1061
8044
7186
10603
4424
10249
10536
1122
11399
4325
8032
2919
6640
10986
3673
5142
1816
3230
159
4101
4923
4280
666
2980
5117
2044
5177
936
5176
4519
4360
5178
935
7588
9368
7748
3990
7923
5035
6927
4682
1441
5423
5370
11743
2187
6089
2041
270
3848
5907
4863
502
8358
16218
13240
1663
12308
11337
10841
8331
2028
129
11984
11777
6259
11712
7371
4332
4822
8639
10487
1667
5371
1700
8381
7860
7861
11638
5947
7684
15500
11496
6820
1158
556
7979
6638
5694
4607
2661
9477
8402
18
17575
12209
10992
8789
1025
6802
5861
5863
2025
5775
917
5887
5855
12119
10915
4910
4907
6017
10035
7053
8458
5235
6382
5980
4226
7400
1642
3334
1018
1017
11591
4876
516
4776
9021
12705
5267
8917
5025
3298
3299
6745
10325
6169
6170
5060
9267
1678
11353
4292
7298
315
2481
11456
5724
9295
3453
13204
6473
6647
8282
7224
17576
4263
9959
7290
5627
1063
6898
4524
336
6707
2732
16394
1488
8027
6247
5152
635
4619
6885
10775
1552
6563
6917
9672
8837
6243
5396
1091
2790
7036
11224
1716
5552
5551
14984
10142
7243
4469
333
85
4093
7431
4961
2102
84
4095
4545
13535
7718
928
7700
400
3174
5038
2642
12330
17577
4618
2570
14961
9297
4387
4262
9006
10045
5648
358
2222
5687
1802
5609
3400
783
14609
6787
5036
10225
8430
7689
2382
1638
6260
885
3961
6504
846
5424
1007
7873
9427
1128
6130
8478
6527
6525
3090
5269
5393
8630
6526
4989
540
5258
6727
15338
4088
4089
1112
1111
12369
2169
8651
13193
6970
3949
2747
3172
10838
1513
4921
7425
1740
586
7974
4410
4678
12226
3651
825
3624
17831
5165
1160
1765
11000
2386
4894
11570
5141
271
6121
6087
265
978
4106
3164
7907
363
10416
2308
8431
9143
4642
8038
3158
7566
4390
7091
4194
17737
8156
2540
773
5542
1454
7640
3366
5421
2191
7976
4542
8809
10605
9690
496
5477
5428
16349
580
5902
6786
7954
6122
145
9051
8688
16327
6696
5010
1697
7133
8018
11799
9853
8722
15132
9748
46
5661
6304
2421
2038
1852
8482
8338
1975
7699
7057
1438
5479
8001
6005
9306
6078
16406
8093
7839
4381
4380
9284
14819
6131
12147
3789
345
4559
12808
4656
6761
441
8655
421
1883
9996
3744
14272
14194
10981
5266
2903
1536
10980
12239
2220
5633
941
8599
6270
12042
8804
1146
3600
2530
2726
10566
4731
4733
6115
3494
5264
1057
7332
8643
6983
9087
1689
1971
3046
626
6953
16494
5979
13136
1165
10195
3973
5734
5363
4489
3537
8853
9279
9774
16437
10006
4660
4746
2812
15356
1515
8904
10779
6340
9942
1691
7343
3280
11279
10793
1076
1886
9784
5376
3049
6639
6215
11063
10214
965
2836
4771
8449
3341
7443
310
8677
7104
9268
8169
8500
419
9274
3061
4761
1911
4801
10139
9823
6393
3454
4257
11584
8927
2266
3576
11633
1005
5326
8857
6029
4066
7486
7481
6230
9722
5367
6431
8421
16923
6578
4002
4885
5937
4239
10952
9804
7717
6674
8998
14154
1469
984
8197
8859
5195
14839
8274
4842
11947
5214
10917
6698
1616
15948
11643
224
5650
11491
2239
3175
6075
7412
3480
5282
7157
2486
5113
1104
3081
1420
12374
8824
8049
3936
335
9311
3421
80
5218
4696
8750
7112
5869
2524
1652
5301
1720
1065
6995
11430
945
9098
5020
1859
5530
6307
6892
5730
12126
4238
5722
11625
10301
2147
1959
6002
6896
3511
2366
5350
793
12398
10749
2984
5469
7796
15116
3915
5622
864
3386
1885
6300
6293
8758
6632
9369
11543
2637
577
14442
5204
4457
10137
1059
5653
15118
2277
1105
9851
14846
5563
8781
2047
5406
16249
1840
10028
2425
12361
10703
16113
816
7968
7237
9846
5322
5052
2288
509
8224
589
8450
9102
7838
3994
1902
8777
734
1456
4962
6016
10374
9293
1602
5748
7551
4297
2673
2004
639
16131
8737
14391
4486
4484
40
4722
5307
826
12
2317
302
10545
7049
2158
7114
1918
5916
3449
6156
5899
1763
7701
6986
11161
3267
9275
3321
2406
4533
10515
4488
930
4383
7902
2901
1984
9484
8896
8573
6145
1255
9364
2364
10539
6679
6579
10550
6691
1450
1887
2325
7073
1865
1963
7050
169
6614
7560
8752
1546
4602
9303
12057
4110
5360
12745
4969
6828
2127
53
5720
5565
3282
1675
3491
1085
1136
3319
3307
1728
8960
3652
7695
3451
2751
8476
9758
3447
1665
9461
2081
3982
1118
4973
4219
3609
977
3881
3545
7048
5229
5232
8838
3069
3070
4637
1952
4872
4867
2432
410
2111
2856
2430
11620
2695
5809
1830
833
2173
2946
3672
4158
4600
1622
7591
1410
1095
11574
1869
9290
4204
2461
5484
1270
10025
2380
7367
4769
12364
5080
234
2286
9797
12021
5952
5275
10248
662
6144
1946
5200
11782
5751
6298
2712
2880
5538
2372
8696
3149
3148
6726
3504
5562
6720
4979
8419
7357
1505
3719
9137
6046
9717
9280
3795
313
1831
10788
7812
9126
160
2054
6914
1083
758
5689
5578
3189
4459
6237
404
2267
8523
11057
1021
15300
6748
10135
1116
6200
1704
6076
5857
1568
7652
3581
4195
7904
2407
6284
4449
4613
9314
8057
670
8569
2120
2575
4224
657
5825
5960
9432
12309
6354
6143
3613
4260
296
1687
4653
5140
4940
133
8446
10979
3022
10477
3406
4825
8267
4710
11436
6878
9322
686
8322
11604
3192
1880
9301
10962
2033
3924
10282
4683
9089
2016
1760
11004
14762
11599
8816
7208
4084
4096
1917
6573
4507
566
2017
1080
1079
5811
9702
9668
3083
6251
2794
8830
660
2501
7462
10989
11002
646
8720
7800
15699
7504
15129
10269
2640
4508
7810
13348
9705
4376
7986
4264
4750
4970
4560
5015
1152
6605
6314
4416
4191
3533
1944
6315
7636
4462
1718
5118
820
5292
548
2148
6387
5872
11590
11589
10206
4278
1711
11449
7380
6833
11628
8426
740
6384
3923
6367
4870
2037
5436
11915
3705
2743
7633
4652
2428
1587
788
4688
1463
6462
3137
8384
5087
537
4743
7868
12910
8048
1562
1167
10280
6823
690
4437
6982
6020
7103
3931
8295
6108
6280
2543
9910
4164
1400
10128
5693
2720
4988
1729
125
140
141
5642
9994
4405
3564
4754
4402
9967
13
374
370
8226
7199
1570
373
997
6411
11639
4
2473
2460
2810
1705
6753
3254
7408
6549
10932
14540
8290
3830
4774
3456
966
1150
284
7204
6770
319
9818
3544
4759
735
7963
1878
3368
9327
31
719
534
2816
8878
15280
382
5512
1933
2837
2827
2829
2824
2489
6265
3723
4440
2531
191
3127
2181
3363
11098
5197
2924
3032
9044
4274
2708
4937
2015
321
584
10386
11714
8923
10204
2982
6071
9106
3933
4798
2667
9163
6808
3268
4282
5079
1624
2498
1617
8367
2356
349
10086
4382
951
3320
4031
2199
2439
2504
798
5357
1649
834
3525
1929
3567
3815
417
5032
8434
1077
5739
1712
10032
3945
9408
3452
709
10145
787
7493
8843
3669
5485
1994
855
5532
7095
668
2650
440
1868
1666
20
499
642
7583
3539
7742
2429
497
6223
3461
2376
5372
3517
3036
1759
15211
1949
9074
3353
1149
4861
549
3970
9014
4800
932
7916
6824
3495
7176
4829
9117
1626
6261
2511
8376
92
2951
10777
433
427
10090
8508
5148
10276
6028
368
2122
9287
7045
7472
339
1022
274
116
4502
6008
10041
2008
10905
6596
7607
9720
10496
6669
6123
1317
805
1683
8563
10312
10074
4978
3941
1373
4026
1020
2932
1966
2445
10439
2939
5895
4157
7442
10235
4501
565
12254
10514
10974
412
2420
1468
4104
7234
161
2573
4806
5261
7129
1641
8485
6911
968
1051
649
1499
8454
3215
6650
5862
6006
1797
6034
9096
1485
3184
2648
1033
4156
8042
7573
8366
8770
1853
9300
11494
6381
1119
1651
3738
5286
11040
8812
5971
6590
1635
4933
12326
2083
1461
7452
4778
2949
2585
4505
3597
8151
837
10003
9643
213
483
1102
9034
2226
338
3622
688
6535
530
2538
2595
6262
9338
1690
2567
5254
9278
6389
7089
6860
3074
5311
8773
7568
1815
2500
6528
8731
3754
8429
3764
2050
5448
5613
899
900
355
993
7579
1732
6053
5585
558
364
11
4590
7151
4674
3572
1472
3441
5049
1597
5531
1655
16714
16715
1756
5584
2912
2357
4999
5000
10329
352
3296
6574
10023
4528
1777
4298
4296
4434
3590
6759
75
536
2541
6682
11563
4114
838
3418
1527
7831
2549
7990
8401
1157
1053
13855
2101
785
9676
122
943
5873
6524
7047
3574
5440
5805
3546
8432
5379
6693
4369
1072
9709
3908
132
3434
2497
7356
6455
7355
1894
1460
1768
2262
5192
8873
1921
4082
4823
500
3089
1780
7193
5199
1658
3287
9949
7527
7118
4705
3594
6444
2820
5402
881
2091
3630
4571
2448
10519
9786
51
136
1571
8888
1656
8667
11056
7849
4111
6495
6544
9069
9824
754
7278
2615
5527
1392
4304
4609
4718
879
6392
3625
4788
5198
11816
196
327
8715
3104
7390
8666
5181
4612
438
2237
5190
8634
459
9063
2140
8776
5684
8835
8539
1578
920
10913
944
835
7928
3807
6789
1904
2190
7012
3190
2965
8847
5690
2476
7741
6116
4353
13017
10504
7875
980
969
12738
1433
1482
337
4891
3463
1369
7100
7654
1606
12499
6110
7901
3361
9286
3146
8970
9779
11054
9460
7662
7915
5310
1864
5539
959
1446
3303
3289
4821
3606
1858
11095
1555
7970
15373
1402
1620
9431
413
3843
696
2335
1657
2151
3048
3882
203
1674
1406
1396
2137
5831
81
4668
4161
2330
827
405
11798
11975
5983
5248
9088
3976
10264
3033
3732
4997
7351
128
8124
7648
7312
7953
3518
9464
3708
3094
2593
2456
7137
5226
1008
6356
1439
11156
2961
229
3458
6556
2369
114
1614
7401
10076
7446
8559
1397
1138
6288
3207
423
8788
3513
3095
3748
576
8687
3972
1849
8832
8636
3029
10463
303
5974
1414
2629
5138
8783
1069
8826
6343
3275
5202
3739
707
604
8640
8662
8588
8846
14355
9308
5234
263
11041
2259
4636
168
3352
5459
9781
8484
7081
4764
3372
7824
8543
2828
691
736
3790
4935
2962
65
1913
8795
365
1155
3563
14892
5877
4659
7096
5566
8955
3314
622
4288
3712
8380
3107
4779
8297
38
7447
2989
2871
2679
7468
882
8086
3142
8790
371
4512
6192
7797
4009
1778
8746
991
3887
6734
6221
4846
2998
3718
817
1040
11301
6154
8966
2935
7345
3373
8975
1541
1736
3779
2846
329
543
710
9686
6854
9670
8459
1860
3114
379
4295
8522
10271
8872
2203
1774
5403
6369
9706
2699
12498
2715
9015
2645
5100
6289
2925
3765
4880
6066
1820
2375
5085
2936
2340
6269
1517
8442
6511
3817
970
692
1004
620
11094
8863
4135
7899
3105
2993
612
527
3791
3131
1915
1423
4249
6065
8455
8483
2516
8893
8784
8654
2636
6634
10015
3078
832
2450
7492
5669
424
2218
10978
4515
769
2755
6586
4187
5686
442
3825
9449
14820
5084
5083
680
1442
463
1120
4294
170
8870
8721
5381
9691
7037
5270
3165
3650
6948
1395
1428
1427
1484
1524
5801
1073
3481
5088
4222
2586
2343
9426
9417
2138
5293
2321
3485
14392
11105
4471
7572
4922
5838
3607
5490
8631
9100
7934
4844
1542
3731
6099
9377
5027
1954
7694
8933
2631
5981
5841
9019
10529
9881
4349
2909
8954
5992
359
2136
3558
10260
3306
7864
1998
8911
5103
2572
8644
3
974
11588
1844
1955
4575
4450
1115
3550
1610
5824
1466
176
4817
4691
2379
14433
2409
5667
3324
4024
7372
9683
8488
3155
8425
7900
3413
6762
157
3365
6902
456
4851
10
3985
6319
8697
9084
11587
12290
3642
9418
4670
3018
3042
1939
1563
1443
4118
8990
3364
5280
462
729
869
7746
4812
8672
8656
9990
4574
8865
10057
1377
3526
7622
4898
3682
5946
3883
1491
6032
1672
4596
4124
8244
4646
4520
5808
5303
1559
1618
426
8976
5921
5870
6681
4588
6446
6048
3490
517
8501
2186
4048
2552
7653
3742
5203
3159
465
464
3385
5071
3331
4384
640
94
7541
3536
10138
6138
4205
3058
2723
4216
3894
1087
4005
4677
5033
603
3540
12769
5257
1055
8797
3466
4107
8733
3279
3110
3163
8553
11792
6538
5814
4901
6357
24
2074
1650
6014
988
6025
9440
68
6344
4647
3367
2918
121
3486
4466
5489
7078
5925
1
6612
3857
10471
5864
2319
350
858
856
859
857
3197
3858
7508
9361
8486
3479
799
2457
8194
3025
245
3937
745
4063
5223
3422
3185
4499
6084
1644
6651
10358
324
2066
7333
5856
5560
1016
260
61
4171
2943
4445
69
2592
9822
9135
3183
5205
4482
3816
1884
8218
252
8394
3497
8989
9794
6287
10320
6480
2776
6091
146
1715
10092
5044
1895
7231
5099
3057
4119
5129
609
8701
10907
4931
597
437
924
2196
8433
2840
15440
10105
3160
2082
989
7013
4527
2408
4115
3336
3180
8084
292
6971
8642
2463
10146
886
4541
9874
590
8420
3925
4011
3162
210
3356
6241
7175
570
7542
8196
8468
1923
1390
3644
7334
6009
5683
7229
3432
8739
7293
9133
2243
907
1477
8487
875
730
6074
4464
830
789
828
134
4277
4934
3592
10486
8047
3981
953
6134
2660
8145
9273
5139
6850
3157
1874
4071
3140
7982
8951
2337
2322
10742
4579
5729
7135
3154
2116
2978
47
4845
2680
4406
8725
3288
1608
9406
867
5182
6822
8692
8881
8700
5510
56
3626
28
13226
7222
8637
9661
9978
872
3071
2075
9289
4245
8616
6990
4980
8521
385
8793
1717
10739
7525
4215
6837
6199
6021
1109
1024
990
10737
1558
7279
11315
4413
10741
6997
659
3091
8985
1011
10744
3928
3438
1459
861
3193
5813
3225
4016
6
388
3008
1734
10745
575
3516
13271
5988
298
4601
4536
7174
3325
1930
12866
2009
6760
9296
325
3167
2955
9975
4662
3311
574
1965
9808
10109
9365
8390
6747
1412
617
5764
3955
8842
2094
5608
8509
706
2152
4217
10021
1465
10879
6342
2027
5718
15
4132
1688
3932
281
4556
4987
654
5932
4150
3884
10362
3389
8526
3629
498
705
4028
276
2178
8412
7971
6211
606
1452
6516
3047
3328
2898
3971
340
10743
8554
19
1976
7956
8999
8984
10740
10341
3106
1788
217
2862
3660
5128
3903
2546
8979
9860
6939
5507
3292
467
2179
1476
6764
1132
2797
3201
8506
4781
1368
1000
4525
572
3503
967
5473
5495
3044
5598
4514
3205
8823
6950
6352
8661
987
704
197
2821
4112
2694
4159
8269
9272
5466
4500
3052
3128
665
4952
2465
7434
9659
6098
942
3987
6715
4737
6838
3465
63
7780
190
30
8658
8510
3281
172
3743
3152
2244
9425
8732
5849
8451
181
9805
4443
5365
4925
9328
3685
3579
3584
2914
3617
1537
1721
5201
5822
9060
4258
3030
9642
4070
883
7383
8271
2891
5919
1573
8993
1047
8474
1032
8864
3740
684
2718
512
5454
5599
4954
127
6052
164
2197
592
10087
542
3108
9277
962
2957
9488
1510
8866
5069
2254
3011
4064
2048
8511
3661
1796
2088
389
1374
2671
8684
8727
2893
1486
2490
1607
1494
3084
491
13069
3586
1903
8516
11144
8969
1407
2139
2731
4603
4108
7526
188
3450
3662
3554
6920
4013
2714
526
644
4661
304
3258
647
3460
5385
6203
4092
314
2163
5006
2250
5102
5097
5096
3208
7105
5284
6736
3147
1003
2662
3415
5404
7221
10101
3687
3643
562
7347
4736
2437
7951
15548
10533
2966
66
3571
747
230
8167
2005
6575
7692
5055
6690
1398
2084
8712
3031
5581
3849
6910
3763
1370
3514
6889
11710
701
4220
4816
3906
1977
624
3750
4334
2894
4051
4062
4065
2285
8558
3969
10470
7458
1957
4513
8353
2426
551
6582
2132
6436
6829
2509
4595
2492
2358
3006
5470
4983
1162
9043
1161
3344
118
14195
8996
4255
5216
8982
2990
5104
5242
2941
3646
876
2536
2915
91
2888
2253
9139
8708
547
3634
4300
3231
6291
3653
444
708
4676
1951
1600
3821
695
4034
425
3204
10738
10048
10127
545
4492
3711
2280
6364
645
477
475
3382
3946
2886
1659
3346
3570
7936
12319
8321
1046
10027
2472
1110
3065
8301
4153
618
4069
4981
4991
1643
1561
8424
6598
3575
546
8342
3073
6606
954
2157
6093
2336
6042
50
2155
775
294
10761
3623
2838
2427
8375
6159
3751
4461
9647
5572
3861
2064
843
5101
5001
10013
5654
5558
4043
2400
7952
391
1473
8683
4610
5095
2927
5943
5239
878
7783
3179
5493
2814
466
1988
446
3637
2211
2895
3041
5209
7379
4884
6932
4037
3161
6692
8670
2035
2701
3543
6152
2938
2630
653
1522
59
269
6153
910
593
9333
5435
2884
2885
7641
8956
8958
3737
8671
10322
222
435
5657
8091
8992
6435
48
1064
8574
2246
139
3678
6496
2733
228
6173
293
9812
3993
9667
7806
4468
743
2403
753
4498
2700
4044
1144
7076
10991
6445
4141
8164
2693
2900
3393
2926
3360
5172
3236
8452
4928
272
149
1938
3414
8519
5253
4936
45
5456
287
1457
4067
2792
1807
6497
432
947
898
10764
3050
940
3405
4079
3354
4511
2807
4059
3746
6724
3381
1408
3305
3012
3301
3519
7870
6037
2977
2705
5607
7273
2911
2988
976
3380
362
10473
713
8652
2026
4905
2639
4146
8953
3188
3412
288
8981
3224
6576
143
6972
7017
3123
3055
2735
2297
10126
6427
244
279
2544
6765
4768
1404
1431
10066
266
2164
3099
634
3035
814
1698
4645
1372
3975
9865
4140
4368
598
824
3834
9057
3227
742
6278
3688
5641
5438
519
4122
999
3842
9385
1890
10500
8632
508
4687
6551
8257
671
6341
2819
3870
3416
5407
3129
2275
6635
4306
249
5908
661
868
2908
8534
10123
4362
5508
9938
5361
5170
2029
10432
3021
3445
5279
3076
3181
3211
3355
3670
2960
3064
5789
2754
840
3538
6834
2928
7339
5206
4982
4160
381
8971
507
919
8854
2950
5077
7474
5091
3122
3596
3079
1041
10497
3758
1556
3611
7192
3736
926
7731
1877
4144
904
3889
4848
5191
616
6904
3431
7840
6533
636
1806
471
3388
3462
786
4149
1943
4147
4055
4145
10228
4142
4151
4138
1710
5355
4148
6395
4134
2571
4139
4673
4116
1586
4152
2624
1512
1479
8504
2991
844
10440
585
7724
892
8531
2974
4075
752
8586
2756
2012
10132
5086
16
3905
922
6313
5928
8028
800
3484
3067
3988
3811
4006
3801
8349
4057
258
257
982
3943
613
5289
2970
3827
4549
3398
4573
3143
3169
9008
3895
3826
6746
3896
4576
3893
5121
7749
960
115
1967
5828
7439
3087
2107
2913
2920
4857
2922
8343
1695
408
253
2948
2264
2889
845
380
2347
3489
1800
4143
126
219
6310
2916
4587
621
8352
2283
7370
7162
918
3217
3913
1875
1145
2563
2855
6429
5237
7038
1936
1134
675
8565
2077
3986
7855
399
1968
12328
1979
1817
629
4734
1755
807
4007
7016
2535
180
939
305
3235
1156
8568
343
893
582
782
3772
3060
578
2736
7203
2706
317
64
9367
702
810
2853
1823
1627
5374
1772
6687
5373
2945
4038
3812
5978
3860
3944
3000
297
453
594
98
5184
3198
5013
163
4261
5743
10501
4855
3695
1453
356
3038
2351
3992
7058
4302
187
7026
4517
10020
4446
4889
4639
192
120
3493
849
3066
3999
4154
4054
648
7142
3756
1953
4021
901
956
4136
3866
62
3686
3922
6390
3216
3343
4649
3130
10122
4137
2269
7365
3697
2059
10077
2931
763
2641
5294
3710
4045
888
1580
3297
2198
2986
2725
3396
2728
3134
3390
790
5827
4367
3528
4714
10502
10078
1726
866
8980
3121
3645
619
3085
5611
6620
6172
961
7798
4018
3335
4370
3709
9993
3912
693
398
309
308
3797
4400
2361
4017
103
3820
4172
9962
2018
1978
10125
4739
5476
5757
3979
6185
3809
3828
8544
1985
1836
2240
7722
3792
3286
4350
5119
4178
394
10505
5366
6062
2416
9334
905
482
4100
3561
3437
138
109
4015
1049
1048
2763
4155
4256
5137
2614
973
911
1981
0
770
3039
4802
718
2576
3840
10108
1847
241
2154
523
111
110
78
286
3706
3542
721
602
5196
2910
10384
5702
2854
3168
326
890
3093
10129
643
5305
1680
8030
5230
487
10499
6012
5777
3577
1708
3823
720
722
2722
1445
8987
2778
200
289
1722
7457
8355
1866
3277
2698
2610
1832
831
4706
5263
3631
3640
5353
6027
6992
731
6068
1786
1418
2724
1031
189
10546
777
422
7354
2404
3541
3468
1980
2897
2890
2374
737
2899
2696
2087
2887
8495
3173
3476
3573
679
1531
3832
3391
3689
5533
4432
1086
458
4165
5094
2601
2783
3222
9854
4715
515
194
3362
5491
10377
42
3239
90
3080
490
3068
4003
2983
3690
4809
2316
801
8417
147
7463
9678
2299
4199
560
3683
767
2484
1117
3810
1881
9082
3863
573
5938
3433
3610
393
1480
8374
11459
550
2759
1038
8467
4438
5998
8562
3520
10189
2651
10498
3261
1871
4247
5255
819
682
4014
896
273
8968
184
6705
4564
1409
86
392
8499
4120
8428
3293
414
588
5949
6371
6163
6405
4760
4693
60
407
1851
610
5768
11529
2189
6051
2865
1912
531
74
4123
452
3984
2953
667
3707
1995
3977
3899
206
3914
1475
3199
6973
2446
10173
7094
2730
1009
449
2741
3980
2904
1752
4050
6628
564
601
2806
8647
2436
3113
4783
3323
5300
3515
7939
1829
5537
1677
3178
655
390
3800
2833
2834
3847
223
641
5210
3831
3859
5156
70
8
3020
4125
1037
460
2184
3470
214
567
215
4813
6355
1693
681
2873
6626
14669
1673
501
3551
1043
99
3701
4869
4854
3869
4853
2653
6235
908
1535
57
792
5900
443
3681
1767
2305
4426
1787
806
1724
2562
8517
13377
732
699
1068
3934
600
5548
5136
22
2449
9404
1464
2930
3274
4561
3699
1808
1075
3557
672
1529
2234
2235
851
4868
5823
791
3037
891
764
3612
2060
5673
5750
97
561
486
7102
5120
4530
3524
4248
902
2545
4421
2994
921
2869
12767
3733
2874
5302
528
5349
10130
1042
124
3322
608
448
4303
83
6537
1356
4480
4076
3819
1681
1682
628
1779
2295
3015
7088
4418
8305
3760
811
4787
3824
2749
2868
220
3693
3959
3829
5769
3855
179
3890
6452
3639
733
4929
2176
41
803
255
1081
3762
112
3679
957
3125
207
1389
7179
863
488
4373
8502
5993
6308
4023
2999
559
2146
4254
3009
1803
376
3549
2401
6022
2804
82
311
204
4121
2832
2878
2875
3753
3967
2839
522
153
5368
4348
2468
8199
218
2952
1835
4109
1487
3926
2793
237
211
3991
72
6198
3677
6100
756
3898
264
1770
750
5306
3603
4638
1783
4407
3378
3927
3835
3096
10019
6271
26
1056
925
67
375
216
254
2906
4455
3684
1996
212
3492
6483
772
4941
225
5159
156
771
1458
5579
4354
5160
3702
3700
3703
489
227
8405
5400
93
850
5297
1417
934
4170
248
739
4862
3499
3878
1671
183
478
762
1421
36
3384
182
809
3868
3761
1325
3002
2762
1388
1703
357
3752
205
29
1141
4744
101
780
6349
2852
766
195
3864
897
242
3963
2271
2877
3839
3837
3805
3836
933
7172
10070
871
3704
1862
243
2774
3257
202
35
511
259
383
2768
351
3402
3793
277
123
1387
510
862
568
3278
79
5023
4849
5299
2975
4665
2216
1435
3244
299
3397
4721
1089
3478
3680
17
3442
71
3862
3818
746
9090
8445
5240
3804
1088
9283
674
307
3833
689
2769
794
108
2042
9963
3892
3806
261
1520
3588
673
880
406
4357
4047
434
1074
4409
300
2876
755
4060
430
4246
4521
278
2657
4526
637
4720
4448
3794
5211
2057
240
765
4777
591
1082
599
3871
3799
1054
748
4276
4127
431
751
201
208
605
4029
1612
3877
87
4020
461
3997
384
429
470
818
931
348
89
54
3876
3757
238
3872
761
77
439
4804
5879
2781
1044
291
852
283
4420
563
3875
5290
3716
2851
107
2872
3867
58
2850
3803
171
2811
231
1375
2879
749
428
1168
415
4347
694
158
148
353
3874
5853
137
55
870
131
986
9
7
2817
2805
2002
88
119
282
39
130
445
3854
2849
