2181
3248
2937
3576
1898
3437
2952
3577
3285
3128
1387
3471
2724
3175
2782
3564
2174
3402
2265
1231
2428
2951
1267
1442
2383
1256
3508
3368
2805
665
2355
3426
1708
2816
3431
1020
3287
3571
3197
2535
3427
2938
3419
3640
669
2941
544
2324
3286
1436
1824
1960
3242
3439
1566
224
3414
646
3483
2031
3398
1335
3335
2584
3568
690
2018
2894
3591
2961
3565
1107
157
2878
3424
2926
3255
1324
489
3573
1055
671
987
409
2461
3421
2361
3331
2433
1047
2305
3100
3083
2589
3291
3604
1684
3356
3264
2279
3320
3505
3196
3478
2374
3399
106
1400
3105
2761
3489
3231
3488
3451
179
3177
3046
3337
3284
2493
2124
906
3321
2299
3459
1300
3589
3649
3444
1440
2413
3373
3532
3386
3051
3165
3509
3322
3497
3460
3033
3107
901
2648
2634
3371
1647
1649
3307
397
347
2897
3349
3173
2267
3132
2783
3518
3050
928
3190
1161
3537
2835
3262
3627
116
3536
1822
3317
3290
3496
3416
3229
3234
3587
2370
2360
87
3578
2836
3479
2248
213
1805
3433
2890
3531
2977
3311
428
3305
686
700
3069
3378
3298
2994
3126
3256
3339
3612
3475
3106
3300
3546
1618
3569
2861
3544
3560
3346
316
2732
1849
3524
3404
3163
299
3015
2575
1114
3661
3405
2014
3458
2588
102
2202
2827
1643
3303
2850
2180
2722
3454
3586
943
3487
3116
711
3158
3369
1463
3517
3209
2025
2063
2069
2825
2829
2764
3543
2356
2927
2933
1981
1769
3244
285
105
2371
2741
2444
1336
3468
3241
3251
2766
2769
3159
3157
3084
3523
86
3582
3492
3348
3415
2183
2400
3477
1096
3354
2788
3131
3148
3472
2010
3070
3615
3562
42
3469
2407
3542
1167
3395
3081
3645
1227
3539
3464
1773
3538
3205
2984
759
3499
3434
2730
738
3133
3319
3391
2496
3551
215
3457
3308
3367
2866
3450
3519
1720
3554
3507
1186
3274
3581
3420
3534
3187
639
578
210
3326
3279
3118
3259
3466
3555
2942
3480
3183
1959
2409
3541
3299
3619
3260
2883
3249
1686
3110
3342
3324
2593
3655
3341
818
3548
3301
1976
3552
3650
3656
426
1916
2968
650
493
3363
3588
3526
3223
2899
3638
3447
3271
3561
3026
1587
756
534
3467
3344
3359
3092
2011
2007
348
11
3379
3432
473
1939
3194
1834
1395
3049
169
3144
1938
3275
494
3574
1370
2986
152
3062
2793
3098
1519
3520
23
315
3235
3167
2755
3193
2364
54
511
3486
3528
2868
2027
50
1189
3272
3143
3516
2304
3334
3559
3068
2028
406
214
3549
3227
432
311
3597
871
3089
2802
3635
3117
3169
938
3401
2970
187
2754
779
35
2889
1314
308
661
3429
3059
3514
486
598
1424
3493
1762
63
246
437
3535
2964
2456
3547
2423
1541
3282
3530
2351
2898
471
207
1049
82
3345
2439
2931
3186
3375
3512
2939
3558
480
445
3556
1023
3261
630
51
2050
3600
232
1933
1667
2040
3292
251
905
1814
3361
3054
1403
2500
3221
964
3232
3641
2436
1971
3210
1057
3445
202
3172
2345
835
2190
554
2922
3096
55
1203
3114
125
3545
502
2501
112
1575
1955
3184
3411
3412
3601
139
1084
814
158
365
2078
3185
60
142
768
114
2422
3403
2231
2246
1124
3202
153
509
1891
297
188
3340
3155
378
844
3047
1781
1559
324
634
28
252
479
3247
2510
506
143
64
3430
155
3631
2414
1292
461
2266
65
923
1925
2872
3456
3800
66
1053
2110
425
3077
465
196
198
138
1414
219
2460
1296
3329
1756
3192
3494
222
619
3485
3384
1309
3358
2189
3599
3643
30
1579
955
3366
441
2543
1250
1129
3463
881
3238
3352
1699
924
386
12
452
243
134
31
2586
504
3266
1399
96
1942
3168
2818
3085
3216
151
2577
3008
2053
1168
741
1277
1058
422
8
3236
570
1376
3121
3343
278
3595
1159
736
3521
1406
2196
2682
3510
2997
454
2372
3252
2534
3289
3328
3156
2103
1097
3254
2019
3060
1534
3140
1318
1880
94
49
3258
1410
1706
3336
2874
3387
2329
313
3097
3014
1222
2697
2252
177
2946
2867
3225
283
1949
2009
2240
1427
239
3481
2996
1839
3179
3023
3423
3219
817
2645
351
2349
2576
2615
421
767
2330
1270
3111
1795
3220
1843
2999
1024
81
3207
3400
2242
3501
1531
3452
466
89
2791
110
3455
3135
1868
3189
3218
3540
3283
3233
458
1254
3407
3053
1877
2826
2934
1924
3644
3281
2216
3372
2026
154
616
1333
2227
3011
1435
2081
638
3273
3333
234
1155
1930
3491
1761
3297
832
400
7
734
3124
3312
3347
3136
3040
2775
2123
2842
3067
3002
2332
408
1199
3087
3370
1025
3364
33
3149
1911
1326
1218
2191
183
2563
3122
1380
542
2530
1642
168
325
1831
6
140
56
2833
2286
2350
1191
2367
2425
2039
2186
3066
3044
868
2949
3154
2410
3007
3383
3621
1021
2282
2073
357
1817
2154
3473
1580
3191
2274
3082
3270
3293
1438
3323
834
2055
442
3315
3288
2879
2831
370
3435
3204
3045
3230
2416
2893
3502
67
3245
2036
1202
3253
2417
225
2846
2806
1780
1220
404
2858
1039
1193
2313
1209
2848
1613
193
3104
2343
1801
715
91
208
3200
1308
1633
854
363
2377
1734
3396
47
48
2633
1616
2953
2192
1778
41
1759
3150
173
32
2228
3115
3176
2892
1109
2796
1799
436
1072
2048
1796
2061
3162
853
2757
2659
2182
2487
2650
1045
3277
3440
292
3222
2813
1104
2443
3171
270
2315
3362
3048
732
3495
3195
766
3109
1923
1588
2774
3228
2955
3382
3151
2273
1854
229
1826
250
662
2291
2296
2780
2976
2677
3237
3074
2133
754
1808
3001
3065
1241
3314
2038
1257
2156
3392
1812
1141
2856
2579
57
2707
2058
2140
3152
127
3390
2217
1885
3310
2869
1529
3397
2348
3268
2923
29
3250
1936
582
2298
3265
3211
3436
2823
1764
1897
912
103
2701
1371
1878
1946
1815
1869
1884
2354
3072
2023
2895
3180
1754
1172
2928
3147
2745
1827
3063
3330
2152
1404
2104
3318
3529
194
274
46
150
206
3170
648
3422
3017
2263
247
2992
500
3213
995
1863
2910
2232
3022
2175
3142
2886
2214
3058
2219
341
2819
2566
1908
2172
2320
2809
1099
1919
3094
256
873
3091
2225
3129
851
2925
3410
2990
68
883
2491
1865
2065
2508
2218
3441
2091
298
3034
1236
2481
527
1914
1188
1757
2162
3182
1000
1992
1928
231
2281
1858
2257
2129
90
1874
2339
3024
2268
1144
2963
1782
379
2213
2327
1875
2817
1862
1927
3240
2093
2301
878
870
366
2851
2632
992
3030
1652
3377
24
2165
1417
3280
622
3127
860
3263
1733
2440
3137
1573
666
3614
2288
3031
1735
3032
926
1091
2752
2962
2935
2319
1892
1663
2120
1943
1786
2717
2127
1656
1837
739
777
546
3071
2753
2945
3141
2141
1753
990
257
3029
1176
1219
724
2290
130
2399
423
178
1628
2224
2226
1315
3078
2331
3000
2234
248
2292
212
2168
3199
1286
1651
2068
2261
1658
2184
2973
3005
2032
3099
1948
2900
1857
3267
3409
329
2085
3112
3355
2276
34
84
3027
2101
3090
121
1599
2293
3295
1307
567
1085
360
1194
2111
2610
201
1520
519
2285
1581
3103
2235
2814
558
1392
3302
2086
312
2936
2251
450
1488
1871
2885
2277
1739
2148
1851
1609
2340
581
2888
1081
866
2295
3365
1290
2679
197
2208
3039
2253
3108
3360
2280
1657
1192
2012
2884
2118
2362
988
2100
2236
1121
3036
1293
253
2453
2022
2930
2105
2115
1842
3160
45
1393
1646
2084
2311
1083
699
2071
350
1972
521
1697
2083
2188
537
26
1093
1349
2088
1659
3113
887
2969
2959
1381
516
2918
750
2020
1894
2838
3353
1845
1240
2328
1751
1346
1495
1131
3153
2212
1301
2434
3594
3006
109
540
3012
2173
945
1283
2337
1366
1722
2820
3119
2828
2284
2596
1890
939
1823
2106
2044
294
2318
3019
574
1418
612
2336
3056
3139
1920
2477
2771
1800
1521
3166
1777
2255
2909
1848
2729
651
2215
1501
3178
3174
2948
1089
1922
1902
2109
2205
1906
1766
2398
595
1157
3076
2131
1329
2347
3622
3201
2179
1259
2905
1158
1833
1794
3629
3325
1422
1627
1952
3257
2993
2087
1767
2132
531
334
2365
3203
61
1666
2177
1018
2272
2147
907
2363
3557
2344
1412
2486
1940
2178
2308
3146
1803
117
1237
2092
1829
994
3408
2614
2845
1901
2051
1819
2158
2784
233
572
2099
624
2908
2521
317
2102
2238
128
1127
1789
3003
1855
2047
2920
547
262
1453
1518
3037
1026
1142
2171
2333
2317
1917
950
43
2256
3080
303
533
1929
1337
1758
3145
1852
2112
2834
2375
1879
2772
2198
1373
2794
1536
3669
591
3028
1947
3020
1644
1772
1472
1793
2306
1006
3010
2229
1743
3061
585
2209
2987
2108
1882
2204
2981
2139
2207
1725
2243
1150
889
1589
1302
2704
3633
3043
936
1934
488
1503
1311
2373
186
44
2991
498
607
4
146
3164
3013
3215
514
1147
3102
1836
2157
916
2096
1271
2985
1291
780
1832
1264
1785
2089
1937
2979
1935
2107
2965
73
1787
1313
1798
942
1033
566
679
497
1844
2891
296
781
775
1050
1448
3055
2749
144
1343
391
174
2185
235
1648
2003
3042
691
323
1749
1251
896
1148
2206
2907
915
3620
147
1555
396
2153
1825
2921
2316
1162
1122
703
3208
2334
3004
1492
330
608
1730
1729
59
431
499
1092
3217
484
1319
2314
937
1931
2989
1322
1153
1790
1328
2325
1262
795
1090
2194
427
227
2853
2097
1668
1368
1821
149
1958
2369
2138
2060
2134
2763
2490
772
2919
2913
1887
1195
2684
496
3269
291
3095
1881
1913
1727
1873
3073
462
1783
133
115
2988
1238
2195
3138
1289
393
2982
583
970
2980
2233
3088
287
1166
279
18
228
1154
273
2077
1135
1080
2947
1888
2090
897
895
2116
301
3052
1450
1338
1838
492
3041
2146
1655
3079
2259
784
3130
1779
371
1818
3630
2161
675
358
1094
1797
2193
191
776
1508
1645
532
455
302
483
1149
3123
1451
1732
216
1802
1883
3351
166
999
1608
2995
1014
5
1583
2967
97
1775
2420
1294
2904
266
2929
2917
2975
3016
2057
529
1087
1907
58
1306
1809
1921
457
472
1038
1861
275
1034
2142
309
3214
1771
2881
416
1889
2067
1690
3515
2966
156
972
3626
971
888
599
978
2054
1278
478
2956
2773
584
1650
209
1945
1265
2916
2300
1962
0
959
1738
632
2366
300
132
185
2309
2247
2187
1051
2136
192
2998
1737
1899
2983
1860
933
2887
1113
3018
1397
2239
339
1037
2150
264
1770
1510
490
788
2254
2160
3035
1281
1405
1742
2600
1437
2312
1125
446
809
2785
2199
1828
2270
2017
1206
800
1334
688
934
2326
78
830
2258
1726
2341
249
1230
2064
2
1280
2203
507
1846
2415
2376
240
333
769
1339
2957
2201
2480
124
2271
752
2800
1606
1918
2223
993
93
362
2030
3
1015
678
220
2037
1312
217
1856
2974
1046
2034
641
586
1626
1893
1297
1171
74
1464
1712
1850
1101
1459
1164
2074
522
1169
2059
2167
1944
1111
1763
1910
1746
1736
773
3009
2075
1731
1905
2954
2335
1182
1662
1145
1745
2244
692
2914
211
485
162
2151
985
615
293
2703
3418
2176
535
1106
2114
1864
1954
2033
1615
1619
2896
338
1266
402
263
2906
2509
1140
2474
1598
2911
101
195
254
1961
2035
1069
1750
899
617
1807
705
925
2125
2024
237
1491
1134
2262
2045
718
3596
290
289
288
184
3025
2197
1325
1870
1593
1915
1365
2903
272
1533
2013
2368
721
223
1784
722
1886
2210
2221
2119
2289
1956
2029
438
1130
368
837
2958
1859
652
218
2943
1183
2765
122
108
164
359
111
364
2882
1904
1813
1755
1499
1900
221
1321
549
2950
1820
2960
885
226
2016
1866
1019
2170
1260
2662
2076
1185
1184
3038
1268
2006
95
1791
3057
2149
2278
2358
353
1
2789
374
1840
1261
340
258
3075
1872
1744
265
1056
2135
390
2971
1263
382
1788
1816
1876
1146
1612
1179
524
2901
655
238
520
321
601
3637
807
53
1665
1988
1841
1806
449
1792
513
1138
1748
25
697
764
900
1752
1853
2130
1760
797
792
796
1847
876
1654
2811
1522
349
1774
1288
1287
1137
171
1139
723
1895
1108
352
381
794
2915
3610
1181
88
1538
605
874
1912
660
590
1443
1152
491
701
626
1173
706
322
618
1386
1565
1740
1765
1747
161
1903
707
1279
1269
1198
1274
1151
1741
791
594
2902
1276
1926
1156
1867
815
1810
1100
728
401
13
14
286
230
1009
474
1664
951
1327
693
1804
1830
663
569
475
1285
670
1022
1133
326
1323
1413
355
342
1010
1136
1201
83
600
1197
1330
1624
865
