0.000000000000000000e+00
1.911519268639713968e-03
3.771511613322148238e-03
6.271208381282223146e-03
9.538156784813673142e-03
1.620709535368949905e-02
2.126209940316233990e-02
2.479260978944735488e-02
2.959491579749168669e-02
3.516932580235574562e-02
3.833403140699255529e-02
3.949485406687652106e-02
4.362100246735391151e-02
4.928838669638668096e-02
5.131881284234199314e-02
5.401424833381977125e-02
5.770434825390309552e-02
6.014408868870227409e-02
6.295658254805047704e-02
6.875831465682838428e-02
7.188488361796381565e-02
7.720748623273887556e-02
7.988100651190988000e-02
8.397170215469348942e-02
8.895951110475049106e-02
9.289566206714827690e-02
9.609372844453023532e-02
1.012692820229333657e-01
1.035951293874374651e-01
1.071001425929892781e-01
1.095478557163671596e-01
1.125735276538425700e-01
1.148017766776619902e-01
1.158733577460430569e-01
1.175607600295622834e-01
1.226046207072536837e-01
1.233931396087565441e-01
1.272642790392813361e-01
1.296743833266479629e-01
1.323533139577103002e-01
1.370855073163630977e-01
1.395052814824971898e-01
1.446728923750392193e-01
1.488305592431609647e-01
1.524203518589219430e-01
1.547199805293272001e-01
1.550334620858112022e-01
1.589628533219333006e-01
1.602128506761038851e-01
1.671368967618202528e-01
1.716841159024232177e-01
1.768019644730736695e-01
1.781218499796931309e-01
1.835502992475765149e-01
1.868498889361608906e-01
1.919702145507859725e-01
1.956199489983204975e-01
1.992283027377494686e-01
2.015850899891781234e-01
2.023605846522670837e-01
2.068772147850743703e-01
2.071558021433330399e-01
2.108951726513777492e-01
2.151652829857601257e-01
2.180104850880845158e-01
2.226828309598173905e-01
2.278957973708134188e-01
2.343613855131828350e-01
2.403882912060030796e-01
2.430828804215179884e-01
2.459633846359894072e-01
2.503805252004593362e-01
2.544526595965565519e-01
2.562782333556303249e-01
2.616247191534567529e-01
2.648551562899117418e-01
2.683796530355679888e-01
2.712216860869410273e-01
2.742009620969276806e-01
2.759005598756317235e-01
2.793148156634132073e-01
2.801009553325810031e-01
2.825557175783657837e-01
2.840402391269011284e-01
2.884309915543948888e-01
2.913499392719059999e-01
2.946974849669298790e-01
2.998645848777453105e-01
3.056363059814458660e-01
3.097383882932701060e-01
3.142696643840875992e-01
3.176865763322999636e-01
3.216282960186531703e-01
3.250242917478787796e-01
3.304239370082450167e-01
3.330165976013008122e-01
3.370970823335648903e-01
3.407773236906679881e-01
3.457909275177716291e-01
3.506003712765278224e-01
3.530221912989662258e-01
3.544385453030243216e-01
3.605164365486263067e-01
3.638413565537892969e-01
3.658175534178947919e-01
3.722796745996943546e-01
3.779342488222970919e-01
3.798478964005467806e-01
3.816540077128364739e-01
3.841668316688620632e-01
3.876353663495389901e-01
3.921470829924033619e-01
3.959375091070729269e-01
3.982242962469618175e-01
4.035111232961323124e-01
4.075212647667433852e-01
4.111169667962570884e-01
4.162763040262590919e-01
4.194928510733085814e-01
4.237425694558131783e-01
4.279933252766198182e-01
4.287480486555257375e-01
4.342239175300927068e-01
4.379644429887471491e-01
4.432742287627726152e-01
4.444736116430674788e-01
1.632699418826291382e-01
