1.000000000000000000e+00
9.844357976653697051e-01
9.727626459143968729e-01
9.688715953307392992e-01
9.649805447470817255e-01
9.571984435797665780e-01
9.494163424124513195e-01
9.455252918287937458e-01
9.416342412451361721e-01
9.299610894941634509e-01
9.260700389105058772e-01
9.143968871595330450e-01
9.066147859922178975e-01
9.027237354085603238e-01
8.910505836575876026e-01
8.871595330739299179e-01
8.832684824902723442e-01
8.793774319066147704e-01
8.754863813229571967e-01
8.715953307392996230e-01
8.599221789883269018e-01
8.482490272373540696e-01
8.443579766536964959e-01
8.365758754863813484e-01
8.326848249027237747e-01
8.287937743190662010e-01
8.132295719844357951e-01
8.093385214007782213e-01
8.015564202334630739e-01
7.898832684824902417e-01
7.743190661478599468e-01
7.704280155642023731e-01
7.003891050583657130e-01
6.964980544747081392e-01
6.731517509727626969e-01
6.692607003891050121e-01
6.653696498054474384e-01
6.614785992217898647e-01
6.498054474708171435e-01
6.420233463035019961e-01
6.381322957198443113e-01
6.342412451361867376e-01
6.264591439688715901e-01
5.214007782101167665e-01
5.175097276264591928e-01
5.058365758754863606e-01
5.058365758754863606e-01
5.019455252918287869e-01
4.319066147859922378e-01
4.241245136186770348e-01
4.163424124513618874e-01
4.124513618677042581e-01
4.046692607003891107e-01
4.007782101167315369e-01
3.968871595330739077e-01
3.891050583657587603e-01
3.852140077821011865e-01
3.774319066147859836e-01
3.735408560311284099e-01
3.696498054474708361e-01
3.501945525291828565e-01
3.346303501945525061e-01
3.307392996108949323e-01
3.151750972762645819e-01
3.151750972762645819e-01
2.801556420233463074e-01
2.801556420233463074e-01
2.723735408560311044e-01
2.723735408560311044e-01
1.634241245136186793e-01
1.478599221789883289e-01
1.400778210116731537e-01
1.400778210116731537e-01
1.400778210116731537e-01
1.400778210116731537e-01
1.400778210116731537e-01
1.011673151750972777e-01
7.782101167315175205e-02
6.614785992217898924e-02
3.891050583657587603e-02
3.891050583657587603e-02
3.891050583657587603e-02
1.945525291828793801e-02
1.945525291828793801e-02
1.945525291828793801e-02
1.945525291828793801e-02
1.945525291828793801e-02
1.945525291828793801e-02
1.945525291828793801e-02
1.945525291828793801e-02
1.945525291828793801e-02
1.945525291828793801e-02
1.945525291828793801e-02
1.945525291828793801e-02
1.945525291828793801e-02
1.945525291828793801e-02
1.945525291828793801e-02
1.945525291828793801e-02
1.945525291828793801e-02
1.945525291828793801e-02
1.945525291828793801e-02
1.945525291828793801e-02
1.945525291828793801e-02
1.945525291828793801e-02
1.167315175097276281e-02
1.167315175097276281e-02
7.782101167315175205e-03
7.782101167315175205e-03
7.782101167315175205e-03
7.782101167315175205e-03
7.782101167315175205e-03
7.782101167315175205e-03
7.782101167315175205e-03
7.782101167315175205e-03
7.782101167315175205e-03
7.782101167315175205e-03
7.782101167315175205e-03
7.782101167315175205e-03
7.782101167315175205e-03
7.782101167315175205e-03
7.782101167315175205e-03
7.782101167315175205e-03
7.782101167315175205e-03
7.782101167315175205e-03
7.782101167315175205e-03
3.891050583657587603e-03
