1.000000000000000000e+00
1.000000000000000000e+00
9.619047619047619291e-01
9.619047619047619291e-01
9.619047619047619291e-01
9.619047619047619291e-01
9.619047619047619291e-01
9.238095238095238582e-01
9.190476190476190022e-01
9.190476190476190022e-01
9.190476190476190022e-01
9.190476190476190022e-01
9.142857142857142572e-01
9.142857142857142572e-01
9.142857142857142572e-01
9.142857142857142572e-01
9.095238095238095122e-01
9.095238095238095122e-01
9.095238095238095122e-01
8.904761904761904212e-01
8.904761904761904212e-01
8.857142857142856762e-01
8.857142857142856762e-01
8.857142857142856762e-01
8.857142857142856762e-01
8.809523809523809312e-01
8.761904761904761862e-01
8.523809523809523503e-01
8.523809523809523503e-01
8.476190476190476053e-01
8.476190476190476053e-01
8.476190476190476053e-01
8.428571428571428603e-01
8.380952380952381153e-01
7.523809523809523725e-01
7.523809523809523725e-01
7.523809523809523725e-01
7.523809523809523725e-01
7.476190476190476275e-01
7.428571428571428825e-01
7.380952380952381375e-01
7.380952380952381375e-01
7.095238095238095566e-01
6.999999999999999556e-01
6.952380952380952106e-01
6.904761904761904656e-01
6.904761904761904656e-01
6.857142857142857206e-01
6.809523809523809756e-01
6.809523809523809756e-01
6.809523809523809756e-01
6.809523809523809756e-01
6.761904761904762307e-01
6.761904761904762307e-01
6.761904761904762307e-01
6.714285714285713746e-01
6.714285714285713746e-01
6.714285714285713746e-01
6.095238095238095788e-01
6.095238095238095788e-01
6.047619047619047228e-01
6.047619047619047228e-01
6.047619047619047228e-01
6.047619047619047228e-01
6.047619047619047228e-01
5.999999999999999778e-01
5.999999999999999778e-01
5.809523809523809978e-01
5.809523809523809978e-01
5.809523809523809978e-01
5.761904761904761418e-01
5.714285714285713969e-01
5.714285714285713969e-01
5.714285714285713969e-01
5.666666666666666519e-01
4.952380952380952550e-01
2.809523809523809534e-01
2.809523809523809534e-01
2.809523809523809534e-01
2.809523809523809534e-01
2.809523809523809534e-01
2.809523809523809534e-01
2.809523809523809534e-01
2.809523809523809534e-01
2.809523809523809534e-01
2.809523809523809534e-01
2.809523809523809534e-01
2.809523809523809534e-01
2.809523809523809534e-01
2.714285714285714080e-01
2.714285714285714080e-01
2.714285714285714080e-01
2.714285714285714080e-01
2.714285714285714080e-01
2.714285714285714080e-01
2.619047619047619180e-01
2.619047619047619180e-01
2.619047619047619180e-01
2.619047619047619180e-01
2.428571428571428548e-01
2.428571428571428548e-01
2.428571428571428548e-01
2.142857142857142738e-01
2.142857142857142738e-01
2.142857142857142738e-01
2.047619047619047561e-01
2.047619047619047561e-01
2.047619047619047561e-01
2.047619047619047561e-01
2.047619047619047561e-01
2.047619047619047561e-01
1.619047619047619124e-01
1.619047619047619124e-01
1.619047619047619124e-01
1.619047619047619124e-01
1.619047619047619124e-01
1.619047619047619124e-01
1.619047619047619124e-01
1.619047619047619124e-01
1.619047619047619124e-01
1.619047619047619124e-01
1.619047619047619124e-01
1.619047619047619124e-01
1.619047619047619124e-01
1.571428571428571397e-01
1.571428571428571397e-01
1.571428571428571397e-01
1.571428571428571397e-01
1.571428571428571397e-01
1.571428571428571397e-01
1.571428571428571397e-01
1.571428571428571397e-01
1.380952380952381042e-01
1.380952380952381042e-01
1.047619047619047644e-01
5.238095238095238221e-02
3.333333333333333287e-02
3.333333333333333287e-02
3.333333333333333287e-02
3.333333333333333287e-02
3.333333333333333287e-02
3.333333333333333287e-02
3.333333333333333287e-02
3.333333333333333287e-02
3.333333333333333287e-02
3.333333333333333287e-02
3.333333333333333287e-02
3.333333333333333287e-02
3.333333333333333287e-02
3.333333333333333287e-02
3.333333333333333287e-02
3.333333333333333287e-02
3.333333333333333287e-02
3.333333333333333287e-02
3.333333333333333287e-02
3.333333333333333287e-02
3.333333333333333287e-02
3.333333333333333287e-02
3.333333333333333287e-02
3.333333333333333287e-02
2.380952380952380820e-02
2.380952380952380820e-02
2.380952380952380820e-02
2.380952380952380820e-02
2.380952380952380820e-02
2.380952380952380820e-02
2.380952380952380820e-02
2.380952380952380820e-02
2.380952380952380820e-02
2.380952380952380820e-02
2.380952380952380820e-02
2.380952380952380820e-02
2.380952380952380820e-02
2.380952380952380820e-02
2.380952380952380820e-02
2.380952380952380820e-02
2.380952380952380820e-02
2.380952380952380820e-02
2.380952380952380820e-02
2.380952380952380820e-02
1.904761904761904934e-02
1.904761904761904934e-02
1.904761904761904934e-02
1.904761904761904934e-02
1.904761904761904934e-02
1.904761904761904934e-02
1.904761904761904934e-02
1.904761904761904934e-02
1.904761904761904934e-02
1.904761904761904934e-02
1.904761904761904934e-02
1.904761904761904934e-02
1.904761904761904934e-02
1.904761904761904934e-02
1.904761904761904934e-02
1.904761904761904934e-02
1.904761904761904934e-02
1.904761904761904934e-02
1.904761904761904934e-02
1.904761904761904934e-02
1.904761904761904934e-02
1.904761904761904934e-02
1.904761904761904934e-02
1.904761904761904934e-02
1.904761904761904934e-02
1.904761904761904934e-02
1.904761904761904934e-02
1.904761904761904934e-02
1.904761904761904934e-02
1.904761904761904934e-02
1.904761904761904934e-02
1.904761904761904934e-02
1.904761904761904934e-02
1.904761904761904934e-02
1.904761904761904934e-02
1.904761904761904934e-02
1.904761904761904934e-02
1.904761904761904934e-02
1.904761904761904934e-02
1.904761904761904934e-02
1.904761904761904934e-02
1.904761904761904934e-02
1.904761904761904934e-02
1.904761904761904934e-02
1.904761904761904934e-02
1.904761904761904934e-02
1.904761904761904934e-02
1.904761904761904934e-02
1.904761904761904934e-02
1.904761904761904934e-02
1.904761904761904934e-02
1.904761904761904934e-02
1.904761904761904934e-02
1.904761904761904934e-02
1.904761904761904934e-02
1.904761904761904934e-02
1.904761904761904934e-02
1.904761904761904934e-02
1.904761904761904934e-02
1.904761904761904934e-02
1.904761904761904934e-02
1.904761904761904934e-02
1.904761904761904934e-02
1.904761904761904934e-02
1.904761904761904934e-02
1.904761904761904934e-02
1.904761904761904934e-02
1.904761904761904934e-02
1.904761904761904934e-02
1.904761904761904934e-02
1.904761904761904934e-02
1.904761904761904934e-02
1.904761904761904934e-02
1.904761904761904934e-02
1.904761904761904934e-02
1.904761904761904934e-02
1.904761904761904934e-02
1.904761904761904934e-02
1.904761904761904934e-02
1.904761904761904934e-02
1.904761904761904934e-02
1.904761904761904934e-02
1.904761904761904934e-02
1.904761904761904934e-02
1.904761904761904934e-02
1.904761904761904934e-02
1.904761904761904934e-02
1.904761904761904934e-02
1.904761904761904934e-02
1.904761904761904934e-02
1.904761904761904934e-02
1.904761904761904934e-02
1.904761904761904934e-02
1.904761904761904934e-02
1.904761904761904934e-02
1.904761904761904934e-02
1.904761904761904934e-02
1.904761904761904934e-02
1.904761904761904934e-02
1.904761904761904934e-02
1.904761904761904934e-02
1.904761904761904934e-02
1.904761904761904934e-02
1.904761904761904934e-02
1.904761904761904934e-02
1.904761904761904934e-02
1.904761904761904934e-02
1.904761904761904934e-02
1.904761904761904934e-02
1.904761904761904934e-02
1.904761904761904934e-02
1.904761904761904934e-02
1.904761904761904934e-02
1.904761904761904934e-02
1.904761904761904934e-02
1.904761904761904934e-02
1.904761904761904934e-02
1.904761904761904934e-02
1.904761904761904934e-02
1.904761904761904934e-02
1.904761904761904934e-02
1.904761904761904934e-02
1.904761904761904934e-02
1.904761904761904934e-02
1.904761904761904934e-02
1.904761904761904934e-02
1.904761904761904934e-02
1.904761904761904934e-02
1.904761904761904934e-02
1.428571428571428527e-02
1.428571428571428527e-02
1.428571428571428527e-02
1.428571428571428527e-02
1.428571428571428527e-02
1.428571428571428527e-02
1.428571428571428527e-02
1.428571428571428527e-02
1.428571428571428527e-02
1.428571428571428527e-02
1.428571428571428527e-02
1.428571428571428527e-02
1.428571428571428527e-02
1.428571428571428527e-02
1.428571428571428527e-02
1.428571428571428527e-02
1.428571428571428527e-02
1.428571428571428527e-02
1.428571428571428527e-02
9.523809523809524669e-03
9.523809523809524669e-03
9.523809523809524669e-03
9.523809523809524669e-03
9.523809523809524669e-03
9.523809523809524669e-03
9.523809523809524669e-03
9.523809523809524669e-03
9.523809523809524669e-03
9.523809523809524669e-03
9.523809523809524669e-03
9.523809523809524669e-03
9.523809523809524669e-03
9.523809523809524669e-03
9.523809523809524669e-03
9.523809523809524669e-03
