2
515
4
523
14
16
529
530
531
536
24
538
26
27
31
33
545
39
556
50
51
563
565
572
63
68
584
589
80
592
82
84
85
596
601
91
94
607
612
102
614
105
107
620
621
623
625
626
627
631
124
125
126
640
642
131
643
134
135
648
651
652
653
655
657
661
662
153
154
668
158
670
672
161
677
167
168
685
174
686
689
193
198
201
211
234
241
247
250
252
255
256
257
260
261
264
277
280
281
288
293
294
300
308
316
318
320
334
335
336
339
340
344
347
356
357
358
364
372
374
377
382
387
389
393
396
403
416
431
436
439
440
452
453
454
455
461
466
470
472
481
489
491
495
496
498
501
502
506
510
0
384
262
265
395
12
142
660
405
534
23
152
665
408
409
540
28
542
157
162
675
36
549
164
295
41
172
175
432
562
692
309
310
437
56
314
189
574
702
447
450
707
75
77
206
79
207
208
594
338
464
598
86
216
92
93
220
224
611
355
483
619
492
622
494
371
628
121
253
508
1
129
130
517
133
7
646
521
10
524
525
398
25
30
159
287
674
290
676
291
550
166
297
298
427
44
303
48
177
307
566
184
696
698
571
700
573
701
313
576
315
195
196
460
465
341
599
600
88
217
349
96
98
482
230
103
487
488
235
109
110
111
237
370
500
246
503
380
11
221
119
249
479
69
35
99
345
144
509
278
232
557
615
18
228
407
46
61
65
83
136
188
350
444
516
165
139
15
120
21
251
52
604
426
185
564
448
242
507
245
285
505
419
650
352
239
178
181
192
485
634
553
541
