1
9
10
14
15
16
19
21
23
26
29
32
33
35
36
40
42
43
44
45
47
48
50
56
57
59
60
62
64
67
69
70
76
79
81
83
91
96
97
103
108
111
113
114
118
122
127
128
133
134
140
150
153
154
155
157
158
159
164
166
167
170
173
174
176
177
178
181
183
186
188
189
190
193
194
197
198
200
201
204
207
209
214
216
219
220
229
230
231
235
236
237
238
239
242
248
250
258
259
267
269
275
277
278
279
280
281
284
285
286
288
290
291
293
302
303
308
310
316
318
320
323
324
328
332
335
336
340
342
345
347
349
351
353
359
361
362
363
365
367
368
370
372
374
378
380
387
389
393
394
399
408
409
411
413
414
419
426
427
428
433
434
438
442
444
445
449
452
461
462
465
469
470
471
472
475
476
478
482
485
491
497
500
501
507
510
512
519
522
523
525
528
530
532
535
541
542
544
549
550
556
557
561
562
563
565
568
572
573
576
577
578
580
581
583
586
589
592
595
601
611
613
616
617
620
622
627
629
630
632
633
635
637
640
641
643
651
652
653
656
664
666
668
669
676
678
679
681
682
684
690
691
694
696
697
699
705
709
711
716
717
718
720
724
732
734
737
739
740
741
749
755
756
761
762
764
766
767
770
773
778
782
784
792
793
797
799
800
803
805
806
809
810
813
814
816
819
828
830
837
844
847
850
851
853
854
856
857
861
864
866
869
870
873
875
881
882
883
885
886
889
891
892
895
896
897
898
902
904
911
918
920
922
923
924
927
930
934
937
943
946
947
955
957
973
974
976
981
984
985
986
988
991
993
995
1001
1004
1005
1008
1009
1011
1012
1016
1018
1020
1021
1023
1026
1032
1033
1034
1039
1025
515
4
13
529
531
534
538
28
31
546
548
559
52
564
571
63
68
78
596
597
89
603
604
125
131
142
655
657
660
156
671
672
163
179
185
702
712
715
721
722
221
735
736
742
744
244
771
777
268
780
271
783
785
789
796
294
808
299
821
822
827
832
322
839
843
848
338
852
352
354
867
868
357
358
876
877
376
377
383
909
926
422
424
956
453
458
474
479
488
1003
502
1024
2
517
1031
11
1040
539
30
582
594
85
606
607
618
624
645
135
650
139
144
146
148
661
662
152
162
169
688
692
695
202
210
726
218
731
224
738
228
753
243
763
252
254
768
261
807
811
300
301
812
815
305
309
823
325
344
346
860
874
878
382
906
395
908
403
915
415
928
425
939
940
942
432
437
440
448
450
963
966
455
467
979
983
987
992
1002
493
499
503
1019
508
247
971
743
513
451
769
862
489
1022
241
34
253
677
511
693
842
38
3
834
560
182
996
765
184
274
887
249
307
233
245
626
779
429
423
391
112
126
689
965
884
950
400
350
980
858
490
945
585
713
24
1042
130
610
132
192
567
710
402
171
707
315
659
619
725
835
116
329
494
654
574
460
264
1010
665
117
801
51
473
759
774
552
533
795
621
537
989
872
975
292
39
151
145
93
972
905
703
969
776
223
751
73
385
321
701
706
104
964
790
554
6
642
94
287
547
486
466
516
327
311
446
384
788
468
880
496
978
1035
8
106
708
246
71
296
101
524
272
758
0
747
226
77
107
397
1017
1015
375
306
846
463
203
55
599
746
18
781
658
588
257
925
1027
719
555
639
480
366
579
670
37
41
53
54
86
102
105
110
137
138
141
161
175
187
196
206
212
262
265
273
283
289
319
343
355
356
373
420
457
481
498
504
514
518
536
558
636
638
649
680
686
727
733
750
794
802
841
879
888
910
919
921
953
959
1014
1036
120
255
298
339
360
379
412
443
608
614
625
634
646
775
845
871
893
913
994
998
999
