1.000000000000000000e+00
9.996778350515463929e-01
9.995704467353951905e-01
9.993556701030927858e-01
9.992482817869415834e-01
9.990335051546391787e-01
9.989261168384879763e-01
9.984965635738831669e-01
9.983891752577319645e-01
9.981743986254295598e-01
9.960266323024055124e-01
9.957044673539519053e-01
9.946305841924398816e-01
9.945231958762886793e-01
9.944158075601374769e-01
9.615549828178694414e-01
9.614475945017182390e-01
9.605884879725086201e-01
9.604810996563574177e-01
9.601589347079038106e-01
9.599441580756014059e-01
9.597293814432990011e-01
9.596219931271477988e-01
9.582259450171821680e-01
9.581185567010309656e-01
9.580111683848797632e-01
9.577963917525773585e-01
9.568298969072165372e-01
9.562929553264605254e-01
9.545747422680412875e-01
9.544673539518900851e-01
9.543599656357388827e-01
9.542525773195876804e-01
9.540378006872852756e-01
9.539304123711340733e-01
9.538230240549828709e-01
9.535008591065292638e-01
9.532860824742268591e-01
9.527491408934707362e-01
9.522121993127147244e-01
9.521048109965635220e-01
9.517826460481099149e-01
9.515678694158075102e-01
9.514604810996563078e-01
9.513530927835051054e-01
9.509235395189002960e-01
9.508161512027490936e-01
9.507087628865978912e-01
9.506013745704466888e-01
9.504939862542954865e-01
9.503865979381442841e-01
9.500644329896906770e-01
9.499570446735394746e-01
9.492053264604810581e-01
9.490979381443298557e-01
9.487757731958762486e-01
9.486683848797250462e-01
9.485609965635738439e-01
9.484536082474226415e-01
9.474871134020618202e-01
9.470575601374570107e-01
9.469501718213058084e-01
9.468427835051546060e-01
9.467353951890034036e-01
9.460910652920961894e-01
9.455541237113401776e-01
9.453393470790377728e-01
9.452319587628865705e-01
9.451245704467353681e-01
9.448024054982817610e-01
9.446950171821305586e-01
9.445876288659793563e-01
9.432989690721649279e-01
9.429768041237113207e-01
9.422250859106529042e-01
9.415807560137456900e-01
9.414733676975944876e-01
9.412585910652920829e-01
9.409364261168384758e-01
9.408290378006872734e-01
9.399699312714776545e-01
9.398625429553264521e-01
9.395403780068728450e-01
9.394329896907216426e-01
9.391108247422680355e-01
9.390034364261168331e-01
9.388960481099656308e-01
9.387886597938144284e-01
9.384664948453608213e-01
9.382517182130584166e-01
9.381443298969072142e-01
9.379295532646048095e-01
9.377147766323024047e-01
9.376073883161512024e-01
9.373926116838487976e-01
9.353522336769759526e-01
9.352448453608247503e-01
9.347079037800687384e-01
9.343857388316151313e-01
9.342783505154639290e-01
9.338487972508591195e-01
9.330970790378007029e-01
9.328823024054982982e-01
9.327749140893470958e-01
9.325601374570446911e-01
9.324527491408934887e-01
9.319158075601374769e-01
9.318084192439862745e-01
9.317010309278350721e-01
9.315936426116838698e-01
9.313788659793814650e-01
9.311640893470790603e-01
9.310567010309278579e-01
9.308419243986254532e-01
9.306271477663230485e-01
9.305197594501718461e-01
9.304123711340206437e-01
9.297680412371134295e-01
9.295532646048110248e-01
9.294458762886598224e-01
9.293384879725086201e-01
9.291237113402062153e-01
9.289089347079038106e-01
9.288015463917526082e-01
9.286941580756014059e-01
9.285867697594502035e-01
9.275128865979381798e-01
9.274054982817869774e-01
9.271907216494845727e-01
9.266537800687285609e-01
9.264390034364261561e-01
9.261168384879725490e-01
9.241838487972509064e-01
9.235395189003436922e-01
9.234321305841924898e-01
9.233247422680412875e-01
9.226804123711340733e-01
9.224656357388316685e-01
9.222508591065292638e-01
9.219286941580756567e-01
9.218213058419243433e-01
9.209621993127147244e-01
9.208548109965635220e-01
9.203178694158075102e-01
9.202104810996563078e-01
9.201030927835051054e-01
9.199957044673539031e-01
9.194587628865978912e-01
9.192439862542954865e-01
9.188144329896906770e-01
9.184922680412370699e-01
9.182774914089346652e-01
9.181701030927834628e-01
9.170962199312714391e-01
9.168814432989690344e-01
9.166666666666666297e-01
9.165592783505154273e-01
9.164518900343642249e-01
9.162371134020618202e-01
9.159149484536082131e-01
9.157001718213058084e-01
9.153780068728522012e-01
9.151632302405497965e-01
9.149484536082473918e-01
9.147336769759449870e-01
9.146262886597937847e-01
9.145189003436425823e-01
9.143041237113401776e-01
9.141967353951889752e-01
9.138745704467353681e-01
9.137671821305841657e-01
9.134450171821305586e-01
9.131228522336769515e-01
9.129080756013745468e-01
9.128006872852233444e-01
9.126932989690721421e-01
9.125859106529209397e-01
9.122637457044673326e-01
9.120489690721649279e-01
9.119415807560137255e-01
9.108676975945017018e-01
9.106529209621992971e-01
9.104381443298968923e-01
9.103307560137456900e-01
9.102233676975944876e-01
9.097938144329896781e-01
9.096864261168384758e-01
9.095790378006872734e-01
9.093642611683848687e-01
9.091494845360824639e-01
9.090420962199312616e-01
9.089347079037800592e-01
9.072164948453608213e-01
9.071091065292096189e-01
9.070017182130584166e-01
9.067869415807560118e-01
9.066795532646048095e-01
9.061426116838487976e-01
9.059278350515463929e-01
9.057130584192439882e-01
9.054982817869415834e-01
9.052835051546391787e-01
9.050687285223367740e-01
9.047465635738831669e-01
9.046391752577319645e-01
9.045317869415807621e-01
9.043170103092783574e-01
9.042096219931271550e-01
9.039948453608247503e-01
9.038874570446735479e-01
9.037800687285223455e-01
9.035652920962199408e-01
9.034579037800687384e-01
9.031357388316151313e-01
9.029209621993127266e-01
9.024914089347079171e-01
9.022766323024055124e-01
9.019544673539519053e-01
9.015249140893470958e-01
9.012027491408934887e-01
9.007731958762886793e-01
9.006658075601374769e-01
9.004510309278350721e-01
9.003436426116838698e-01
9.002362542955326674e-01
8.999140893470790603e-01
8.991623711340206437e-01
8.990549828178694414e-01
8.988402061855670366e-01
8.987328178694158343e-01
8.986254295532646319e-01
8.983032646048110248e-01
8.978737113402062153e-01
8.976589347079038106e-01
8.974441580756014059e-01
8.973367697594502035e-01
8.965850515463917869e-01
8.960481099656357751e-01
8.956185567010309656e-01
8.954037800687285609e-01
8.949742268041237514e-01
8.948668384879725490e-01
8.946520618556701443e-01
8.944372852233677396e-01
8.943298969072165372e-01
8.937929553264605254e-01
8.934707903780069183e-01
8.933634020618557159e-01
8.932560137457045135e-01
8.929338487972509064e-01
8.928264604810997040e-01
8.927190721649485017e-01
8.925042955326460969e-01
8.920747422680412875e-01
8.919673539518900851e-01
8.917525773195876804e-01
8.914304123711340733e-01
8.911082474226804662e-01
8.908934707903780614e-01
8.903565292096219386e-01
8.902491408934707362e-01
8.901417525773195338e-01
8.900343642611683315e-01
8.899269759450171291e-01
8.894974226804123196e-01
8.893900343642611173e-01
8.892826460481099149e-01
8.887457044673539031e-01
8.885309278350514983e-01
8.884235395189002960e-01
8.879939862542954865e-01
8.877792096219930817e-01
8.875644329896906770e-01
8.871348797250858675e-01
8.867053264604810581e-01
8.864905498281786533e-01
8.861683848797250462e-01
8.856314432989690344e-01
8.855240549828178320e-01
8.853092783505154273e-01
8.852018900343642249e-01
8.850945017182130226e-01
8.849871134020618202e-01
8.843427835051546060e-01
8.832689003436425823e-01
8.817654639175257492e-01
8.816580756013745468e-01
8.815506872852233444e-01
8.814432989690721421e-01
8.812285223367697373e-01
8.809063573883161302e-01
8.806915807560137255e-01
8.805841924398625231e-01
8.801546391752577136e-01
8.799398625429553089e-01
8.794029209621992971e-01
8.792955326460480947e-01
8.782216494845360710e-01
8.781142611683848687e-01
8.780068728522336663e-01
8.777920962199312616e-01
8.776847079037800592e-01
8.775773195876288568e-01
8.762886597938144284e-01
8.761812714776632260e-01
8.759664948453608213e-01
8.758591065292096189e-01
8.753221649484536071e-01
8.752147766323024047e-01
8.748926116838487976e-01
8.747852233676975953e-01
8.744630584192439882e-01
8.743556701030927858e-01
8.740335051546391787e-01
8.739261168384879763e-01
8.737113402061855716e-01
8.734965635738831669e-01
8.730670103092783574e-01
8.728522336769759526e-01
8.725300687285223455e-01
8.722079037800687384e-01
8.717783505154639290e-01
8.715635738831615242e-01
8.714561855670103219e-01
8.712414089347079171e-01
8.708118556701031077e-01
8.704896907216495006e-01
8.703823024054982982e-01
8.702749140893470958e-01
8.700601374570446911e-01
8.699527491408934887e-01
8.697379725085910840e-01
8.694158075601374769e-01
8.684493127147766556e-01
8.683419243986254532e-01
8.681271477663230485e-01
8.680197594501718461e-01
8.679123711340206437e-01
8.676975945017182390e-01
8.674828178694158343e-01
8.672680412371134295e-01
8.671606529209622272e-01
8.670532646048110248e-01
8.668384879725086201e-01
8.667310996563574177e-01
8.666237113402062153e-01
8.661941580756014059e-01
8.659793814432990011e-01
8.657646048109965964e-01
8.653350515463917869e-01
8.651202749140893822e-01
8.649054982817869774e-01
8.645833333333333703e-01
8.642611683848797632e-01
8.639390034364261561e-01
8.638316151202749538e-01
8.634020618556701443e-01
8.631872852233677396e-01
8.629725085910653348e-01
8.622207903780069183e-01
8.618986254295533112e-01
8.617912371134021088e-01
8.616838487972509064e-01
8.613616838487972993e-01
8.609321305841924898e-01
8.607173539518900851e-01
8.601804123711340733e-01
8.600730240549828709e-01
8.588917525773195338e-01
8.587843642611683315e-01
8.586769759450171291e-01
8.585695876288659267e-01
8.584621993127147244e-01
8.580326460481099149e-01
8.579252577319587125e-01
8.578178694158075102e-01
8.577104810996563078e-01
8.572809278350514983e-01
8.569587628865978912e-01
8.568513745704466888e-01
8.562070446735394746e-01
8.560996563573882723e-01
8.558848797250858675e-01
8.555627147766322604e-01
8.553479381443298557e-01
8.552405498281786533e-01
8.527706185567009989e-01
8.520189003436425823e-01
8.512671821305841657e-01
8.511597938144329634e-01
8.510524054982817610e-01
8.509450171821305586e-01
8.507302405498281539e-01
8.481529209621992971e-01
8.480455326460480947e-01
8.479381443298968923e-01
8.478307560137456900e-01
8.476159793814432852e-01
8.475085910652920829e-01
8.454682130584192379e-01
8.453608247422680355e-01
8.452534364261168331e-01
8.450386597938144284e-01
8.438573883161512024e-01
8.437500000000000000e-01
8.435352233676975953e-01
8.433204467353951905e-01
8.431056701030927858e-01
8.428908934707903811e-01
8.425687285223367740e-01
8.419243986254295598e-01
8.416022336769759526e-01
8.411726804123711432e-01
8.406357388316151313e-01
8.400987972508591195e-01
8.396692439862543100e-01
8.393470790378007029e-01
8.392396907216495006e-01
8.376288659793814650e-01
8.373067010309278579e-01
8.366623711340206437e-01
8.363402061855670366e-01
8.360180412371134295e-01
8.359106529209622272e-01
8.358032646048110248e-01
8.353737113402062153e-01
8.351589347079038106e-01
8.350515463917526082e-01
8.347293814432990011e-01
8.345146048109965964e-01
8.329037800687285609e-01
8.301116838487972993e-01
8.300042955326460969e-01
8.298969072164948946e-01
8.297895189003436922e-01
8.295747422680412875e-01
8.293599656357388827e-01
8.292525773195876804e-01
8.291451890034364780e-01
8.288230240549828709e-01
8.282860824742268591e-01
8.281786941580756567e-01
8.273195876288659267e-01
8.272121993127147244e-01
8.271048109965635220e-01
8.269974226804123196e-01
8.265678694158075102e-01
8.264604810996563078e-01
8.263530927835051054e-01
8.261383161512027007e-01
8.260309278350514983e-01
8.258161512027490936e-01
8.256013745704466888e-01
8.251718213058418794e-01
8.240979381443298557e-01
8.236683848797250462e-01
8.229166666666666297e-01
8.206615120274913799e-01
8.205541237113401776e-01
8.204467353951889752e-01
8.202319587628865705e-01
8.195876288659793563e-01
8.194802405498281539e-01
8.192654639175257492e-01
8.190506872852233444e-01
8.185137457044673326e-01
8.184063573883161302e-01
8.182989690721649279e-01
8.181915807560137255e-01
8.177620274914089160e-01
8.169029209621992971e-01
8.164733676975944876e-01
8.151847079037800592e-01
8.148625429553264521e-01
8.146477663230240474e-01
8.144329896907216426e-01
8.143256013745704402e-01
8.141108247422680355e-01
8.140034364261168331e-01
8.138960481099656308e-01
8.137886597938144284e-01
8.136812714776632260e-01
8.123926116838487976e-01
8.122852233676975953e-01
8.120704467353951905e-01
8.116408934707903811e-01
8.113187285223367740e-01
8.111039518900343692e-01
8.109965635738831669e-01
8.107817869415807621e-01
8.106743986254295598e-01
8.105670103092783574e-01
8.093857388316151313e-01
8.088487972508591195e-01
8.082044673539519053e-01
8.079896907216495006e-01
8.078823024054982982e-01
8.076675257731958935e-01
8.067010309278350721e-01
8.063788659793814650e-01
8.058419243986254532e-01
8.056271477663230485e-01
8.055197594501718461e-01
8.053049828178694414e-01
8.051975945017182390e-01
8.049828178694158343e-01
8.039089347079038106e-01
8.034793814432990011e-01
8.027276632302405845e-01
8.026202749140893822e-01
8.022981099656357751e-01
8.018685567010309656e-01
8.012242268041237514e-01
7.988616838487972993e-01
7.985395189003436922e-01
7.982173539518900851e-01
7.978951890034364780e-01
7.977878006872852756e-01
7.958548109965635220e-01
7.953178694158075102e-01
7.951030927835051054e-01
7.946735395189002960e-01
7.942439862542954865e-01
7.940292096219930817e-01
7.939218213058418794e-01
7.937070446735394746e-01
7.932774914089346652e-01
7.930627147766322604e-01
7.926331615120274510e-01
7.923109965635738439e-01
7.920962199312714391e-01
7.919888316151202368e-01
7.917740549828178320e-01
7.915592783505154273e-01
7.913445017182130226e-01
7.912371134020618202e-01
7.908075601374570107e-01
7.907001718213058084e-01
7.905927835051546060e-01
7.903780068728522012e-01
7.901632302405497965e-01
7.899484536082473918e-01
7.896262886597937847e-01
7.895189003436425823e-01
7.885524054982817610e-01
7.884450171821305586e-01
7.883376288659793563e-01
7.879080756013745468e-01
7.876932989690721421e-01
7.871563573883161302e-01
7.870489690721649279e-01
7.867268041237113207e-01
7.865120274914089160e-01
7.864046391752577136e-01
7.859750859106529042e-01
7.857603092783504994e-01
7.855455326460480947e-01
7.852233676975944876e-01
7.850085910652920829e-01
7.847938144329896781e-01
7.846864261168384758e-01
7.842568728522336663e-01
7.841494845360824639e-01
7.838273195876288568e-01
7.837199312714776545e-01
7.833977663230240474e-01
7.831829896907216426e-01
7.829682130584192379e-01
7.828608247422680355e-01
7.827534364261168331e-01
7.824312714776632260e-01
7.823238831615120237e-01
7.821091065292096189e-01
7.817869415807560118e-01
7.815721649484536071e-01
7.812500000000000000e-01
7.811426116838487976e-01
7.809278350515463929e-01
7.807130584192439882e-01
7.802835051546391787e-01
7.801761168384879763e-01
7.797465635738831669e-01
7.783505154639175361e-01
7.779209621993127266e-01
7.769544673539519053e-01
7.765249140893470958e-01
7.757731958762886793e-01
7.756658075601374769e-01
7.753436426116838698e-01
7.752362542955326674e-01
7.751288659793814650e-01
7.748067010309278579e-01
7.746993127147766556e-01
7.744845360824742508e-01
7.743771477663230485e-01
7.741623711340206437e-01
7.731958762886598224e-01
7.730884879725086201e-01
7.727663230240550130e-01
7.725515463917526082e-01
7.716924398625429893e-01
7.713702749140893822e-01
7.711554982817869774e-01
7.706185567010309656e-01
7.695446735395189419e-01
7.692225085910653348e-01
7.689003436426117277e-01
7.686855670103093230e-01
7.684707903780069183e-01
7.682560137457045135e-01
7.675042955326460969e-01
7.672895189003436922e-01
7.671821305841924898e-01
7.669673539518900851e-01
7.568728522336769515e-01
7.563359106529209397e-01
7.562285223367697373e-01
7.561211340206185350e-01
7.560137457044673326e-01
7.556915807560137255e-01
7.554768041237113207e-01
7.551546391752577136e-01
7.549398625429553089e-01
7.548324742268041065e-01
7.547250859106529042e-01
7.545103092783504994e-01
7.541881443298968923e-01
7.539733676975944876e-01
7.536512027491408805e-01
7.530068728522336663e-01
7.525773195876288568e-01
7.520403780068728450e-01
7.507517182130584166e-01
7.506443298969072142e-01
7.502147766323024047e-01
7.500000000000000000e-01
7.495704467353951905e-01
7.487113402061855716e-01
7.486039518900343692e-01
7.483891752577319645e-01
7.480670103092783574e-01
7.461340206185567148e-01
7.460266323024055124e-01
7.459192439862543100e-01
7.454896907216495006e-01
7.453823024054982982e-01
7.452749140893470958e-01
7.450601374570446911e-01
7.437714776632302627e-01
7.429123711340206437e-01
7.426975945017182390e-01
7.424828178694158343e-01
7.422680412371134295e-01
7.421606529209622272e-01
7.420532646048110248e-01
7.415163230240550130e-01
7.414089347079038106e-01
7.413015463917526082e-01
7.411941580756014059e-01
7.410867697594502035e-01
7.409793814432990011e-01
7.407646048109965964e-01
7.382946735395189419e-01
7.380798969072165372e-01
7.377577319587629301e-01
7.375429553264605254e-01
7.371134020618557159e-01
7.368986254295533112e-01
7.366838487972509064e-01
7.364690721649485017e-01
7.363616838487972993e-01
7.362542955326460969e-01
7.359321305841924898e-01
7.351804123711340733e-01
7.350730240549828709e-01
7.337843642611683315e-01
7.332474226804123196e-01
7.328178694158075102e-01
7.323883161512027007e-01
7.320661512027490936e-01
7.319587628865978912e-01
7.313144329896906770e-01
7.312070446735394746e-01
7.306701030927834628e-01
7.304553264604810581e-01
7.299183848797250462e-01
7.298109965635738439e-01
7.294888316151202368e-01
7.293814432989690344e-01
7.291666666666666297e-01
7.289518900343642249e-01
7.286297250859106178e-01
7.285223367697594155e-01
7.279853951890034036e-01
7.277706185567009989e-01
7.274484536082473918e-01
7.271262886597937847e-01
7.269115120274913799e-01
7.266967353951889752e-01
7.262671821305841657e-01
7.260524054982817610e-01
7.256228522336769515e-01
7.225085910652920829e-01
7.222938144329896781e-01
7.221864261168384758e-01
7.219716494845360710e-01
7.214347079037800592e-01
7.212199312714776545e-01
7.208977663230240474e-01
7.206829896907216426e-01
7.205756013745704402e-01
7.203608247422680355e-01
7.196091065292096189e-01
7.192869415807560118e-01
7.190721649484536071e-01
7.189647766323024047e-01
7.174613402061855716e-01
7.172465635738831669e-01
7.160652920962199408e-01
7.159579037800687384e-01
7.155283505154639290e-01
7.140249140893470958e-01
7.116623711340206437e-01
7.114475945017182390e-01
7.113402061855670366e-01
7.096219931271477988e-01
7.091924398625429893e-01
7.088702749140893822e-01
7.087628865979381798e-01
7.086554982817869774e-01
7.085481099656357751e-01
7.084407216494845727e-01
7.080111683848797632e-01
7.076890034364261561e-01
7.075816151202749538e-01
7.074742268041237514e-01
7.072594501718213467e-01
7.071520618556701443e-01
7.070446735395189419e-01
7.067225085910653348e-01
7.064003436426117277e-01
7.059707903780069183e-01
7.058634020618557159e-01
7.051116838487972993e-01
7.050042955326460969e-01
7.043599656357388827e-01
7.039304123711340733e-01
7.038230240549828709e-01
7.037156357388316685e-01
7.035008591065292638e-01
7.031786941580756567e-01
7.016752577319587125e-01
7.015678694158075102e-01
7.014604810996563078e-01
7.013530927835051054e-01
7.012457044673539031e-01
7.011383161512027007e-01
7.010309278350514983e-01
7.008161512027490936e-01
7.004939862542954865e-01
7.002792096219930817e-01
6.998496563573882723e-01
6.995274914089346652e-01
6.988831615120274510e-01
6.987757731958762486e-01
6.986683848797250462e-01
6.984536082474226415e-01
6.982388316151202368e-01
6.970575601374570107e-01
6.965206185567009989e-01
6.963058419243985941e-01
6.960910652920961894e-01
6.953393470790377728e-01
6.951245704467353681e-01
6.942654639175257492e-01
6.941580756013745468e-01
6.937285223367697373e-01
6.935137457044673326e-01
6.932989690721649279e-01
6.930841924398625231e-01
6.927620274914089160e-01
6.925472508591065113e-01
6.923324742268041065e-01
6.920103092783504994e-01
6.917955326460480947e-01
6.884664948453608213e-01
6.883591065292096189e-01
6.882517182130584166e-01
6.850300687285223455e-01
6.848152920962199408e-01
6.847079037800687384e-01
6.842783505154639290e-01
6.840635738831615242e-01
6.837414089347079171e-01
6.830970790378007029e-01
6.827749140893470958e-01
6.822379725085910840e-01
6.811640893470790603e-01
6.808419243986254532e-01
6.807345360824742508e-01
6.805197594501718461e-01
6.803049828178694414e-01
6.791237113402062153e-01
6.789089347079038106e-01
6.780498281786941916e-01
6.777276632302405845e-01
6.771907216494845727e-01
6.724656357388316685e-01
6.713917525773195338e-01
6.709621993127147244e-01
6.706400343642611173e-01
6.703178694158075102e-01
6.699957044673539031e-01
6.696735395189002960e-01
6.690292096219930817e-01
6.683848797250858675e-01
6.682774914089346652e-01
6.680627147766322604e-01
6.657001718213058084e-01
6.644115120274913799e-01
6.640893470790377728e-01
6.631228522336769515e-01
6.630154639175257492e-01
6.625859106529209397e-01
6.616194158075601184e-01
6.614046391752577136e-01
6.612972508591065113e-01
6.559278350515463929e-01
6.541022336769759526e-01
6.539948453608247503e-01
6.537800687285223455e-01
6.536726804123711432e-01
6.535652920962199408e-01
6.532431271477663337e-01
6.527061855670103219e-01
6.523840206185567148e-01
6.521692439862543100e-01
6.512027491408934887e-01
6.510953608247422864e-01
6.508805841924398816e-01
6.507731958762886793e-01
6.505584192439862745e-01
6.503436426116838698e-01
6.495919243986254532e-01
6.467998281786941916e-01
6.466924398625429893e-01
6.461554982817869774e-01
6.458333333333333703e-01
6.456185567010309656e-01
6.451890034364261561e-01
6.444372852233677396e-01
6.440077319587629301e-01
6.434707903780069183e-01
6.433634020618557159e-01
6.432560137457045135e-01
6.431486254295533112e-01
6.429338487972509064e-01
6.425042955326460969e-01
6.423969072164948946e-01
6.414304123711340733e-01
6.365979381443298557e-01
6.359536082474226415e-01
6.353092783505154273e-01
6.347723367697594155e-01
6.342353951890034036e-01
6.329467353951889752e-01
6.314432989690721421e-01
6.306915807560137255e-01
6.300472508591065113e-01
6.295103092783504994e-01
6.294029209621992971e-01
6.291881443298968923e-01
6.287585910652920829e-01
6.284364261168384758e-01
6.274699312714776545e-01
6.267182130584192379e-01
6.266108247422680355e-01
6.265034364261168331e-01
6.259664948453608213e-01
6.255369415807560118e-01
6.252147766323024047e-01
6.248926116838487976e-01
6.244630584192439882e-01
6.240335051546391787e-01
6.238187285223367740e-01
6.221005154639175361e-01
6.211340206185567148e-01
6.208118556701031077e-01
6.205970790378007029e-01
6.202749140893470958e-01
6.200601374570446911e-01
6.176975945017182390e-01
6.175902061855670366e-01
6.173754295532646319e-01
6.167310996563574177e-01
6.164089347079038106e-01
6.161941580756014059e-01
6.149054982817869774e-01
6.147981099656357751e-01
6.145833333333333703e-01
6.140463917525773585e-01
6.137242268041237514e-01
6.136168384879725490e-01
6.135094501718213467e-01
6.132946735395189419e-01
6.128651202749141325e-01
6.120060137457045135e-01
6.116838487972509064e-01
6.114690721649485017e-01
6.105025773195876804e-01
6.102878006872852756e-01
6.101804123711340733e-01
6.097508591065292638e-01
6.093213058419243433e-01
6.089991408934707362e-01
6.086769759450171291e-01
6.084621993127147244e-01
6.082474226804123196e-01
6.081400343642611173e-01
6.070661512027490936e-01
6.067439862542954865e-01
6.065292096219930817e-01
6.064218213058418794e-01
6.062070446735394746e-01
6.060996563573882723e-01
6.057774914089346652e-01
6.052405498281786533e-01
6.051331615120274510e-01
6.050257731958762486e-01
6.047036082474226415e-01
6.040592783505154273e-01
6.039518900343642249e-01
6.036297250859106178e-01
6.034149484536082131e-01
6.033075601374570107e-01
4.147336769759450426e-01
4.136597938144329634e-01
4.125859106529209397e-01
4.119415807560137255e-01
4.090420962199312616e-01
4.085051546391752497e-01
4.081829896907216426e-01
4.079682130584192379e-01
4.076460481099656308e-01
4.071091065292096189e-01
4.070017182130584166e-01
4.070017182130584166e-01
4.068943298969072142e-01
4.066795532646048095e-01
4.066795532646048095e-01
4.062500000000000000e-01
4.060352233676975953e-01
4.059278350515463929e-01
4.058204467353951905e-01
4.047465635738831669e-01
4.027061855670103219e-01
4.025987972508591195e-01
4.024914089347079171e-01
4.020618556701031077e-01
4.017396907216495006e-01
4.016323024054982982e-01
4.016323024054982982e-01
4.016323024054982982e-01
4.016323024054982982e-01
4.015249140893470958e-01
4.010953608247422864e-01
4.006658075601374769e-01
4.002362542955326674e-01
3.991623711340206437e-01
3.990549828178694414e-01
3.990549828178694414e-01
3.987328178694158343e-01
3.985180412371134295e-01
3.985180412371134295e-01
3.985180412371134295e-01
3.980884879725085645e-01
3.979810996563573622e-01
3.977663230240549574e-01
3.973367697594501480e-01
3.971219931271477432e-01
3.966924398625429338e-01
3.966924398625429338e-01
3.966924398625429338e-01
3.965850515463917314e-01
3.964776632302405290e-01
3.962628865979381243e-01
3.961554982817869219e-01
3.960481099656357196e-01
3.960481099656357196e-01
3.952963917525773030e-01
3.951890034364261006e-01
3.951890034364261006e-01
3.949742268041236959e-01
3.948668384879724935e-01
3.948668384879724935e-01
3.948668384879724935e-01
3.947594501718212912e-01
3.946520618556700888e-01
3.946520618556700888e-01
3.939003436426116722e-01
3.939003436426116722e-01
3.939003436426116722e-01
3.934707903780068627e-01
3.928264604810996485e-01
3.927190721649484462e-01
3.926116838487972438e-01
3.923969072164948391e-01
3.921821305841924343e-01
3.919673539518900296e-01
3.918599656357388272e-01
3.913230240549828154e-01
3.911082474226804107e-01
3.908934707903780059e-01
3.908934707903780059e-01
3.903565292096219941e-01
3.902491408934707917e-01
3.901417525773195893e-01
3.899269759450171846e-01
3.894974226804123751e-01
3.890678694158075657e-01
3.889604810996563633e-01
3.889604810996563633e-01
3.888530927835051609e-01
3.888530927835051609e-01
3.884235395189003515e-01
3.884235395189003515e-01
3.882087628865979467e-01
3.882087628865979467e-01
3.882087628865979467e-01
3.882087628865979467e-01
3.873496563573883278e-01
3.872422680412371254e-01
3.872422680412371254e-01
3.864905498281787088e-01
3.863831615120275065e-01
3.860609965635738994e-01
3.858462199312714946e-01
3.855240549828178875e-01
3.852018900343642804e-01
3.849871134020618757e-01
3.836984536082474473e-01
3.835910652920962449e-01
3.835910652920962449e-01
3.830541237113402331e-01
3.829467353951890307e-01
3.827319587628865705e-01
3.827319587628865705e-01
3.826245704467353681e-01
3.823024054982817610e-01
3.823024054982817610e-01
3.815506872852233444e-01
3.814432989690721421e-01
3.813359106529209397e-01
3.810137457044673326e-01
3.807989690721649279e-01
3.807989690721649279e-01
3.806915807560137255e-01
3.802620274914089160e-01
3.800472508591065113e-01
3.798324742268041065e-01
3.796176975945017018e-01
3.794029209621992971e-01
3.792955326460480947e-01
3.785438144329896781e-01
3.785438144329896781e-01
3.785438144329896781e-01
3.785438144329896781e-01
3.782216494845360710e-01
3.780068728522336663e-01
3.780068728522336663e-01
3.769329896907216426e-01
3.768256013745704402e-01
3.768256013745704402e-01
3.767182130584192379e-01
3.762886597938144284e-01
3.759664948453608213e-01
3.759664948453608213e-01
3.756443298969072142e-01
3.754295532646048095e-01
3.689862542955326674e-01
3.689862542955326674e-01
3.688788659793814650e-01
3.688788659793814650e-01
3.687714776632302627e-01
3.683419243986254532e-01
3.682345360824742508e-01
3.668384879725085645e-01
3.663015463917525527e-01
3.659793814432989456e-01
3.655498281786941361e-01
3.635094501718212912e-01
3.630798969072164817e-01
3.629725085910652793e-01
3.627577319587628746e-01
3.626503436426116722e-01
3.626503436426116722e-01
3.625429553264604698e-01
3.616838487972508509e-01
3.615764604810996485e-01
3.615764604810996485e-01
3.612542955326460414e-01
3.610395189003436367e-01
3.570661512027491491e-01
3.570661512027491491e-01
3.569587628865979467e-01
3.568513745704467444e-01
3.559922680412371254e-01
3.559922680412371254e-01
3.558848797250859231e-01
3.556701030927835183e-01
3.554553264604811136e-01
3.554553264604811136e-01
3.553479381443299112e-01
3.545962199312714946e-01
3.542740549828178875e-01
3.540592783505154828e-01
3.540592783505154828e-01
3.540592783505154828e-01
3.534149484536082686e-01
3.534149484536082686e-01
3.529853951890034591e-01
3.527706185567010544e-01
3.527706185567010544e-01
3.526632302405498520e-01
3.512671821305841657e-01
3.506228522336769515e-01
3.505154639175257492e-01
3.493341924398625231e-01
3.493341924398625231e-01
3.491194158075601184e-01
3.491194158075601184e-01
3.490120274914089160e-01
3.490120274914089160e-01
3.490120274914089160e-01
3.489046391752577136e-01
3.485824742268041065e-01
3.485824742268041065e-01
3.485824742268041065e-01
3.479381443298968923e-01
3.472938144329896781e-01
3.466494845360824639e-01
3.462199312714776545e-01
3.460051546391752497e-01
3.460051546391752497e-01
3.460051546391752497e-01
3.450386597938144284e-01
3.443943298969072142e-01
3.443943298969072142e-01
3.443943298969072142e-01
3.443943298969072142e-01
3.438573883161512024e-01
3.436426116838487976e-01
3.435352233676975953e-01
3.434278350515463929e-01
3.433204467353951905e-01
3.433204467353951905e-01
3.431056701030927858e-01
3.428908934707903811e-01
3.423539518900343692e-01
3.421391752577319645e-01
3.418170103092783574e-01
3.414948453608247503e-01
3.410652920962199408e-01
3.409579037800687384e-01
3.408505154639175361e-01
3.405283505154639290e-01
3.404209621993127266e-01
3.399914089347079171e-01
3.394544673539519053e-01
3.394544673539519053e-01
3.384879725085910840e-01
3.381658075601374769e-01
3.373067010309278579e-01
3.371993127147766556e-01
3.371993127147766556e-01
3.370919243986254532e-01
3.370919243986254532e-01
3.369845360824742508e-01
3.369845360824742508e-01
3.369845360824742508e-01
3.366623711340206437e-01
3.364475945017182390e-01
3.363402061855670366e-01
3.363402061855670366e-01
3.309707903780068627e-01
3.309707903780068627e-01
3.306486254295532556e-01
3.297895189003436367e-01
3.297895189003436367e-01
3.297895189003436367e-01
3.295747422680412320e-01
3.288230240549828154e-01
3.288230240549828154e-01
3.288230240549828154e-01
3.280713058419243988e-01
3.280713058419243988e-01
3.274269759450171846e-01
3.273195876288659822e-01
3.271048109965635775e-01
3.269974226804123751e-01
3.268900343642611728e-01
3.265678694158075657e-01
3.258161512027491491e-01
3.258161512027491491e-01
3.258161512027491491e-01
3.258161512027491491e-01
3.245274914089347207e-01
3.244201030927835183e-01
3.243127147766323159e-01
3.242053264604811136e-01
3.237757731958763041e-01
3.237757731958763041e-01
3.237757731958763041e-01
3.233462199312714946e-01
3.231314432989690899e-01
3.231314432989690899e-01
3.231314432989690899e-01
3.231314432989690899e-01
3.211984536082474473e-01
3.207689003436426378e-01
3.202319587628865705e-01
3.202319587628865705e-01
3.199097938144329634e-01
3.198024054982817610e-01
3.196950171821305586e-01
3.195876288659793563e-01
3.195876288659793563e-01
3.194802405498281539e-01
3.193728522336769515e-01
3.190506872852233444e-01
3.189432989690721421e-01
3.187285223367697373e-01
3.187285223367697373e-01
3.185137457044673326e-01
3.184063573883161302e-01
3.179768041237113207e-01
3.179768041237113207e-01
3.178694158075601184e-01
3.174398625429553089e-01
3.174398625429553089e-01
3.172250859106529042e-01
3.171176975945017018e-01
3.170103092783504994e-01
3.166881443298968923e-01
3.166881443298968923e-01
3.158290378006872734e-01
3.158290378006872734e-01
3.152920962199312616e-01
3.150773195876288568e-01
3.146477663230240474e-01
3.143256013745704402e-01
3.143256013745704402e-01
3.128221649484536071e-01
3.127147766323024047e-01
3.127147766323024047e-01
3.121778350515463929e-01
3.115335051546391787e-01
3.115335051546391787e-01
3.115335051546391787e-01
3.115335051546391787e-01
3.114261168384879763e-01
3.112113402061855716e-01
3.112113402061855716e-01
3.111039518900343692e-01
3.111039518900343692e-01
3.109965635738831669e-01
3.107817869415807621e-01
3.106743986254295598e-01
3.106743986254295598e-01
3.106743986254295598e-01
3.106743986254295598e-01
3.105670103092783574e-01
3.101374570446735479e-01
3.089561855670103219e-01
3.089561855670103219e-01
3.088487972508591195e-01
3.088487972508591195e-01
3.085266323024055124e-01
3.083118556701031077e-01
3.082044673539519053e-01
3.080970790378007029e-01
3.075601374570446911e-01
3.075601374570446911e-01
3.065936426116838698e-01
3.065936426116838698e-01
3.057345360824742508e-01
3.056271477663230485e-01
3.056271477663230485e-01
3.054123711340206437e-01
3.054123711340206437e-01
3.054123711340206437e-01
3.054123711340206437e-01
3.054123711340206437e-01
3.054123711340206437e-01
3.051975945017182390e-01
3.050902061855670366e-01
3.049828178694158343e-01
3.049828178694158343e-01
3.047680412371134295e-01
3.047680412371134295e-01
3.045532646048109693e-01
3.040163230240549574e-01
3.040163230240549574e-01
3.040163230240549574e-01
3.039089347079037551e-01
3.039089347079037551e-01
3.038015463917525527e-01
3.038015463917525527e-01
3.035867697594501480e-01
3.034793814432989456e-01
3.029424398625429338e-01
3.026202749140893267e-01
3.026202749140893267e-01
3.026202749140893267e-01
3.026202749140893267e-01
3.024054982817869219e-01
3.020833333333333148e-01
3.018685567010309101e-01
3.018685567010309101e-01
3.016537800687285054e-01
3.001503436426116722e-01
3.000429553264604698e-01
2.999355670103092675e-01
2.998281786941580651e-01
2.997207903780068627e-01
2.992912371134020533e-01
2.992912371134020533e-01
2.990764604810996485e-01
2.982173539518900296e-01
2.982173539518900296e-01
2.982173539518900296e-01
2.982173539518900296e-01
2.981099656357388272e-01
2.981099656357388272e-01
2.981099656357388272e-01
2.980025773195876249e-01
2.968213058419243988e-01
2.963917525773195893e-01
2.962843642611683870e-01
2.961769759450171846e-01
2.949957044673539586e-01
2.947809278350515538e-01
2.947809278350515538e-01
2.945661512027491491e-01
2.927405498281787088e-01
2.924183848797251017e-01
2.916666666666666852e-01
2.912371134020618757e-01
2.912371134020618757e-01
2.912371134020618757e-01
2.910223367697594710e-01
2.910223367697594710e-01
2.905927835051546615e-01
2.903780068728522568e-01
2.901632302405498520e-01
2.901632302405498520e-01
2.898410652920962449e-01
2.898410652920962449e-01
2.897336769759450426e-01
2.874785223367697373e-01
2.873711340206185350e-01
2.872637457044673326e-01
2.872637457044673326e-01
2.872637457044673326e-01
2.872637457044673326e-01
2.868341924398625231e-01
2.867268041237113207e-01
2.866194158075601184e-01
2.865120274914089160e-01
2.865120274914089160e-01
2.865120274914089160e-01
2.861898625429553089e-01
2.861898625429553089e-01
2.860824742268041065e-01
2.853307560137456900e-01
2.853307560137456900e-01
2.853307560137456900e-01
2.838273195876288568e-01
2.837199312714776545e-01
2.837199312714776545e-01
2.835051546391752497e-01
2.832903780068728450e-01
2.830756013745704402e-01
2.828608247422680355e-01
2.826460481099656308e-01
2.824312714776632260e-01
2.823238831615120237e-01
2.814647766323024047e-01
2.809278350515463929e-01
2.803908934707903811e-01
2.803908934707903811e-01
2.798539518900343692e-01
2.797465635738831669e-01
2.794243986254295598e-01
2.766323024054982982e-01
2.765249140893470958e-01
2.762027491408934887e-01
2.762027491408934887e-01
2.760953608247422864e-01
2.758805841924398816e-01
2.758805841924398816e-01
2.757731958762886793e-01
2.757731958762886793e-01
2.753436426116838698e-01
2.750214776632302627e-01
2.694372852233676841e-01
2.692225085910652793e-01
2.692225085910652793e-01
2.687929553264604698e-01
2.687929553264604698e-01
2.687929553264604698e-01
2.686855670103092675e-01
2.685781786941580651e-01
2.683634020618556604e-01
2.675042955326460414e-01
2.667525773195876249e-01
2.666451890034364225e-01
2.664304123711340178e-01
2.664304123711340178e-01
2.663230240549828154e-01
2.662156357388316130e-01
2.662156357388316130e-01
2.632087628865979467e-01
2.626718213058419349e-01
2.625644329896907325e-01
2.619201030927835183e-01
2.607388316151202923e-01
2.607388316151202923e-01
2.598797250859106733e-01
2.598797250859106733e-01
2.598797250859106733e-01
2.579467353951890307e-01
2.579467353951890307e-01
2.579467353951890307e-01
2.569802405498281539e-01
2.566580756013745468e-01
2.566580756013745468e-01
2.564432989690721421e-01
2.560137457044673326e-01
2.559063573883161302e-01
2.553694158075601184e-01
2.553694158075601184e-01
2.552620274914089160e-01
2.550472508591065113e-01
2.544029209621992971e-01
2.541881443298968923e-01
2.502147766323024047e-01
2.502147766323024047e-01
2.492482817869415834e-01
2.491408934707903811e-01
2.491408934707903811e-01
2.482817869415807621e-01
2.482817869415807621e-01
2.482817869415807621e-01
2.475300687285223455e-01
2.473152920962199408e-01
2.473152920962199408e-01
2.471005154639175361e-01
2.467783505154639290e-01
2.463487972508591195e-01
2.461340206185567148e-01
2.461340206185567148e-01
2.460266323024054846e-01
2.449527491408934610e-01
2.447379725085910562e-01
2.436640893470790326e-01
2.433419243986254255e-01
2.433419243986254255e-01
2.433419243986254255e-01
2.432345360824742231e-01
2.426975945017182112e-01
2.425902061855670089e-01
2.425902061855670089e-01
2.424828178694158065e-01
2.420532646048109970e-01
2.416237113402061876e-01
2.416237113402061876e-01
2.414089347079037828e-01
2.404424398625429615e-01
2.402276632302405568e-01
2.393685567010309378e-01
2.388316151202749260e-01
2.386168384879725213e-01
2.385094501718213189e-01
2.385094501718213189e-01
2.384020618556701165e-01
2.367912371134020533e-01
2.364690721649484462e-01
2.364690721649484462e-01
2.346434707903780059e-01
2.335695876288659822e-01
2.334621993127147799e-01
2.329252577319587680e-01
2.328178694158075657e-01
2.328178694158075657e-01
2.319587628865979467e-01
2.318513745704467444e-01
2.318513745704467444e-01
2.312070446735395302e-01
2.294888316151202645e-01
2.294888316151202645e-01
2.294888316151202645e-01
2.294888316151202645e-01
2.294888316151202645e-01
2.236898625429553367e-01
2.230455326460481225e-01
2.217568728522336663e-01
2.217568728522336663e-01
2.217568728522336663e-01
2.214347079037800592e-01
2.214347079037800592e-01
2.214347079037800592e-01
2.214347079037800592e-01
2.214347079037800592e-01
2.213273195876288568e-01
2.213273195876288568e-01
2.211125429553264521e-01
2.211125429553264521e-01
2.196091065292096189e-01
2.196091065292096189e-01
2.196091065292096189e-01
2.196091065292096189e-01
2.191795532646048095e-01
2.191795532646048095e-01
2.191795532646048095e-01
2.191795532646048095e-01
2.191795532646048095e-01
2.191795532646048095e-01
2.187500000000000000e-01
2.187500000000000000e-01
2.187500000000000000e-01
2.185352233676975953e-01
2.185352233676975953e-01
2.173539518900343692e-01
2.173539518900343692e-01
2.166022336769759526e-01
2.166022336769759526e-01
2.163874570446735479e-01
2.157431271477663337e-01
2.157431271477663337e-01
2.157431271477663337e-01
2.156357388316151313e-01
2.153135738831615242e-01
2.153135738831615242e-01
2.153135738831615242e-01
2.145618556701030799e-01
2.141323024054982704e-01
2.141323024054982704e-01
2.141323024054982704e-01
2.141323024054982704e-01
2.141323024054982704e-01
2.135953608247422586e-01
2.134879725085910562e-01
2.134879725085910562e-01
2.132731958762886515e-01
2.108032646048109970e-01
2.108032646048109970e-01
2.106958762886597947e-01
2.106958762886597947e-01
2.106958762886597947e-01
2.106958762886597947e-01
2.106958762886597947e-01
2.106958762886597947e-01
2.106958762886597947e-01
2.106958762886597947e-01
2.104810996563573899e-01
2.103737113402061876e-01
2.103737113402061876e-01
2.103737113402061876e-01
2.102663230240549852e-01
2.102663230240549852e-01
2.102663230240549852e-01
2.102663230240549852e-01
2.073668384879725213e-01
2.071520618556701165e-01
2.071520618556701165e-01
2.069372852233676841e-01
2.064003436426116722e-01
2.056486254295532556e-01
2.056486254295532556e-01
2.056486254295532556e-01
2.053264604810996485e-01
2.053264604810996485e-01
2.050042955326460414e-01
2.050042955326460414e-01
2.048969072164948391e-01
2.048969072164948391e-01
2.048969072164948391e-01
2.046821305841924343e-01
2.045747422680412320e-01
2.006013745704467444e-01
2.006013745704467444e-01
2.006013745704467444e-01
2.003865979381443396e-01
1.998496563573883278e-01
1.998496563573883278e-01
1.988831615120274787e-01
1.985609965635738716e-01
1.985609965635738716e-01
1.984536082474226693e-01
1.984536082474226693e-01
1.983462199312714669e-01
1.979166666666666574e-01
1.979166666666666574e-01
1.952319587628865982e-01
1.951245704467353959e-01
1.887886597938144284e-01
1.887886597938144284e-01
1.887886597938144284e-01
1.862113402061855716e-01
1.862113402061855716e-01
1.859965635738831669e-01
1.851374570446735479e-01
1.841709621993127266e-01
1.841709621993127266e-01
1.805197594501718183e-01
1.804123711340206160e-01
1.804123711340206160e-01
1.804123711340206160e-01
1.804123711340206160e-01
1.804123711340206160e-01
1.804123711340206160e-01
1.803049828178694136e-01
1.799828178694158065e-01
1.799828178694158065e-01
1.799828178694158065e-01
1.798754295532646041e-01
1.786941580756013781e-01
1.786941580756013781e-01
1.786941580756013781e-01
1.776202749140893544e-01
1.776202749140893544e-01
1.776202749140893544e-01
1.776202749140893544e-01
1.775128865979381521e-01
1.775128865979381521e-01
1.775128865979381521e-01
1.774054982817869497e-01
1.774054982817869497e-01
1.733247422680412320e-01
1.732173539518900296e-01
1.732173539518900296e-01
1.732173539518900296e-01
1.602233676975945154e-01
1.602233676975945154e-01
1.599012027491408805e-01
1.583977663230240474e-01
1.583977663230240474e-01
1.574312714776632260e-01
1.571091065292096189e-01
1.571091065292096189e-01
1.546391752577319645e-01
1.507731958762886515e-01
1.507731958762886515e-01
1.507731958762886515e-01
1.507731958762886515e-01
1.507731958762886515e-01
1.493771477663230207e-01
1.492697594501718183e-01
1.492697594501718183e-01
1.492697594501718183e-01
1.491623711340206160e-01
1.481958762886597947e-01
1.479810996563573899e-01
1.445446735395189142e-01
1.444372852233676841e-01
1.444372852233676841e-01
1.441151202749140769e-01
1.440077319587628746e-01
1.440077319587628746e-01
1.440077319587628746e-01
1.440077319587628746e-01
1.440077319587628746e-01
1.435781786941580651e-01
1.417525773195876249e-01
1.417525773195876249e-01
1.417525773195876249e-01
1.417525773195876249e-01
1.398195876288659822e-01
1.398195876288659822e-01
1.393900343642611728e-01
1.393900343642611728e-01
1.391752577319587680e-01
1.383161512027491491e-01
1.376718213058419349e-01
1.372422680412371254e-01
1.372422680412371254e-01
1.372422680412371254e-01
1.330541237113402053e-01
1.330541237113402053e-01
1.329467353951890030e-01
1.328393470790378006e-01
1.326245704467353959e-01
1.326245704467353959e-01
1.315506872852233722e-01
1.182345360824742231e-01
1.182345360824742231e-01
1.171606529209621994e-01
1.171606529209621994e-01
1.161941580756013781e-01
1.161941580756013781e-01
1.161941580756013781e-01
1.161941580756013781e-01
1.161941580756013781e-01
1.113616838487972577e-01
1.113616838487972577e-01
1.110395189003436367e-01
1.110395189003436367e-01
1.110395189003436367e-01
1.110395189003436367e-01
1.110395189003436367e-01
1.040592783505154689e-01
1.040592783505154689e-01
1.029853951890034314e-01
1.029853951890034314e-01
1.029853951890034314e-01
1.029853951890034314e-01
1.026632302405498243e-01
9.740120274914089438e-02
9.740120274914089438e-02
9.740120274914089438e-02
9.482388316151202368e-02
9.482388316151202368e-02
9.471649484536082131e-02
9.407216494845360710e-02
9.407216494845360710e-02
9.192439862542955975e-02
9.192439862542955975e-02
9.192439862542955975e-02
9.192439862542955975e-02
9.170962199312714114e-02
9.170962199312714114e-02
9.170962199312714114e-02
9.170962199312714114e-02
9.170962199312714114e-02
9.063573883161511746e-02
8.934707903780068905e-02
8.934707903780068905e-02
8.934707903780068905e-02
8.934707903780068905e-02
8.934707903780068905e-02
8.848797250859107011e-02
8.848797250859107011e-02
8.784364261168384203e-02
8.784364261168384203e-02
8.784364261168384203e-02
8.655498281786941361e-02
8.655498281786941361e-02
8.655498281786941361e-02
8.655498281786941361e-02
8.655498281786941361e-02
8.655498281786941361e-02
8.580326460481099704e-02
8.580326460481099704e-02
8.580326460481099704e-02
8.580326460481099704e-02
8.580326460481099704e-02
8.580326460481099704e-02
8.558848797250859231e-02
8.558848797250859231e-02
8.548109965635738994e-02
8.548109965635738994e-02
8.494415807560137810e-02
8.494415807560137810e-02
8.204467353951890030e-02
8.204467353951890030e-02
7.796391752577319645e-02
7.796391752577319645e-02
7.678264604810997040e-02
7.678264604810997040e-02
7.678264604810997040e-02
7.678264604810997040e-02
7.678264604810997040e-02
7.613831615120274232e-02
7.613831615120274232e-02
7.366838487972508787e-02
7.270189003436426656e-02
7.270189003436426656e-02
7.270189003436426656e-02
7.270189003436426656e-02
7.270189003436426656e-02
7.227233676975945709e-02
7.227233676975945709e-02
7.012457044673539586e-02
3.608247422680412042e-02
3.608247422680412042e-02
3.232388316151203062e-02
3.232388316151203062e-02
3.232388316151203062e-02
3.232388316151203062e-02
3.232388316151203062e-02
3.232388316151203062e-02
3.232388316151203062e-02
3.232388316151203062e-02
3.232388316151203062e-02
3.232388316151203062e-02
3.232388316151203062e-02
3.232388316151203062e-02
3.232388316151203062e-02
3.232388316151203062e-02
2.963917525773195755e-02
2.963917525773195755e-02
1.417525773195876283e-02
1.417525773195876283e-02
1.417525773195876283e-02
1.417525773195876283e-02
1.417525773195876283e-02
1.417525773195876283e-02
1.417525773195876283e-02
1.342353951890034279e-02
1.342353951890034279e-02
1.342353951890034279e-02
1.342353951890034279e-02
1.342353951890034279e-02
1.342353951890034279e-02
1.342353951890034279e-02
1.342353951890034279e-02
1.342353951890034279e-02
1.342353951890034279e-02
1.342353951890034279e-02
7.087628865979381416e-03
7.087628865979381416e-03
7.087628865979381416e-03
7.087628865979381416e-03
7.087628865979381416e-03
7.087628865979381416e-03
7.087628865979381416e-03
7.087628865979381416e-03
7.087628865979381416e-03
7.087628865979381416e-03
7.087628865979381416e-03
7.087628865979381416e-03
7.087628865979381416e-03
7.087628865979381416e-03
7.087628865979381416e-03
7.087628865979381416e-03
7.087628865979381416e-03
7.087628865979381416e-03
7.087628865979381416e-03
7.087628865979381416e-03
7.087628865979381416e-03
7.087628865979381416e-03
7.087628865979381416e-03
7.087628865979381416e-03
7.087628865979381416e-03
7.087628865979381416e-03
7.087628865979381416e-03
7.087628865979381416e-03
2.040378006872852357e-03
2.040378006872852357e-03
2.040378006872852357e-03
2.040378006872852357e-03
2.040378006872852357e-03
2.040378006872852357e-03
2.040378006872852357e-03
2.040378006872852357e-03
2.040378006872852357e-03
2.040378006872852357e-03
2.040378006872852357e-03
2.040378006872852357e-03
2.040378006872852357e-03
2.040378006872852357e-03
2.040378006872852357e-03
2.040378006872852357e-03
2.040378006872852357e-03
2.040378006872852357e-03
2.040378006872852357e-03
2.040378006872852357e-03
2.040378006872852357e-03
2.040378006872852357e-03
2.040378006872852357e-03
2.040378006872852357e-03
2.040378006872852357e-03
2.040378006872852357e-03
2.040378006872852357e-03
2.040378006872852357e-03
2.040378006872852357e-03
2.040378006872852357e-03
2.040378006872852357e-03
2.040378006872852357e-03
2.040378006872852357e-03
2.040378006872852357e-03
2.040378006872852357e-03
2.040378006872852357e-03
2.040378006872852357e-03
2.040378006872852357e-03
2.040378006872852357e-03
2.040378006872852357e-03
2.040378006872852357e-03
2.040378006872852357e-03
2.040378006872852357e-03
2.040378006872852357e-03
2.040378006872852357e-03
2.040378006872852357e-03
2.040378006872852357e-03
2.040378006872852357e-03
2.040378006872852357e-03
2.040378006872852357e-03
2.040378006872852357e-03
2.040378006872852357e-03
2.040378006872852357e-03
2.040378006872852357e-03
2.040378006872852357e-03
2.040378006872852357e-03
2.040378006872852357e-03
2.040378006872852357e-03
2.040378006872852357e-03
2.040378006872852357e-03
2.040378006872852357e-03
2.040378006872852357e-03
2.040378006872852357e-03
2.040378006872852357e-03
2.040378006872852357e-03
2.040378006872852357e-03
2.040378006872852357e-03
2.040378006872852357e-03
2.040378006872852357e-03
2.040378006872852357e-03
2.040378006872852357e-03
2.040378006872852357e-03
2.040378006872852357e-03
2.040378006872852357e-03
2.040378006872852357e-03
2.040378006872852357e-03
2.040378006872852357e-03
2.040378006872852357e-03
2.040378006872852357e-03
2.040378006872852357e-03
2.040378006872852357e-03
2.040378006872852357e-03
2.040378006872852357e-03
2.040378006872852357e-03
2.040378006872852357e-03
2.040378006872852357e-03
2.040378006872852357e-03
2.040378006872852357e-03
2.040378006872852357e-03
2.040378006872852357e-03
2.040378006872852357e-03
2.040378006872852357e-03
2.040378006872852357e-03
2.040378006872852357e-03
2.040378006872852357e-03
2.040378006872852357e-03
2.040378006872852357e-03
2.040378006872852357e-03
2.040378006872852357e-03
2.040378006872852357e-03
2.040378006872852357e-03
2.040378006872852357e-03
2.040378006872852357e-03
2.040378006872852357e-03
2.040378006872852357e-03
2.040378006872852357e-03
2.040378006872852357e-03
2.040378006872852357e-03
2.040378006872852357e-03
2.040378006872852357e-03
2.040378006872852357e-03
2.040378006872852357e-03
2.040378006872852357e-03
2.040378006872852357e-03
2.040378006872852357e-03
2.040378006872852357e-03
2.040378006872852357e-03
2.040378006872852357e-03
2.040378006872852357e-03
2.040378006872852357e-03
2.040378006872852357e-03
2.040378006872852357e-03
2.040378006872852357e-03
2.040378006872852357e-03
2.040378006872852357e-03
2.040378006872852357e-03
2.040378006872852357e-03
2.040378006872852357e-03
2.040378006872852357e-03
2.040378006872852357e-03
2.040378006872852357e-03
2.040378006872852357e-03
2.040378006872852357e-03
2.040378006872852357e-03
2.040378006872852357e-03
2.040378006872852357e-03
2.040378006872852357e-03
2.040378006872852357e-03
2.040378006872852357e-03
2.040378006872852357e-03
2.040378006872852357e-03
2.040378006872852357e-03
2.040378006872852357e-03
2.040378006872852357e-03
2.040378006872852357e-03
2.040378006872852357e-03
2.040378006872852357e-03
2.040378006872852357e-03
2.040378006872852357e-03
2.040378006872852357e-03
2.040378006872852357e-03
2.040378006872852357e-03
2.040378006872852357e-03
2.040378006872852357e-03
2.040378006872852357e-03
2.040378006872852357e-03
2.040378006872852357e-03
2.040378006872852357e-03
2.040378006872852357e-03
2.040378006872852357e-03
2.040378006872852357e-03
2.040378006872852357e-03
2.040378006872852357e-03
2.040378006872852357e-03
2.040378006872852357e-03
2.040378006872852357e-03
2.040378006872852357e-03
2.040378006872852357e-03
2.040378006872852357e-03
2.040378006872852357e-03
2.040378006872852357e-03
2.040378006872852357e-03
2.040378006872852357e-03
2.040378006872852357e-03
2.040378006872852357e-03
2.040378006872852357e-03
2.040378006872852357e-03
2.040378006872852357e-03
2.040378006872852357e-03
2.040378006872852357e-03
2.040378006872852357e-03
2.040378006872852357e-03
2.040378006872852357e-03
2.040378006872852357e-03
2.040378006872852357e-03
2.040378006872852357e-03
2.040378006872852357e-03
2.040378006872852357e-03
2.040378006872852357e-03
2.040378006872852357e-03
2.040378006872852357e-03
2.040378006872852357e-03
2.040378006872852357e-03
2.040378006872852357e-03
2.040378006872852357e-03
2.040378006872852357e-03
2.040378006872852357e-03
1.932989690721649556e-03
1.932989690721649556e-03
1.932989690721649556e-03
1.932989690721649556e-03
1.932989690721649556e-03
1.932989690721649556e-03
1.932989690721649556e-03
1.932989690721649556e-03
1.932989690721649556e-03
1.932989690721649556e-03
1.932989690721649556e-03
1.932989690721649556e-03
1.932989690721649556e-03
1.932989690721649556e-03
1.932989690721649556e-03
1.932989690721649556e-03
1.932989690721649556e-03
1.932989690721649556e-03
1.932989690721649556e-03
1.932989690721649556e-03
1.932989690721649556e-03
1.932989690721649556e-03
1.932989690721649556e-03
1.932989690721649556e-03
1.932989690721649556e-03
1.932989690721649556e-03
1.932989690721649556e-03
1.932989690721649556e-03
1.932989690721649556e-03
1.932989690721649556e-03
1.932989690721649556e-03
1.932989690721649556e-03
1.932989690721649556e-03
1.932989690721649556e-03
1.932989690721649556e-03
1.932989690721649556e-03
1.932989690721649556e-03
1.932989690721649556e-03
1.932989690721649556e-03
1.932989690721649556e-03
1.932989690721649556e-03
1.932989690721649556e-03
1.932989690721649556e-03
1.932989690721649556e-03
1.932989690721649556e-03
1.932989690721649556e-03
1.932989690721649556e-03
1.932989690721649556e-03
1.932989690721649556e-03
1.932989690721649556e-03
1.932989690721649556e-03
1.932989690721649556e-03
1.932989690721649556e-03
1.932989690721649556e-03
1.932989690721649556e-03
1.932989690721649556e-03
1.932989690721649556e-03
1.932989690721649556e-03
1.932989690721649556e-03
1.932989690721649556e-03
1.932989690721649556e-03
1.932989690721649556e-03
1.932989690721649556e-03
1.932989690721649556e-03
1.932989690721649556e-03
1.932989690721649556e-03
1.932989690721649556e-03
1.932989690721649556e-03
1.932989690721649556e-03
1.932989690721649556e-03
1.932989690721649556e-03
1.932989690721649556e-03
1.932989690721649556e-03
1.932989690721649556e-03
1.932989690721649556e-03
1.932989690721649556e-03
1.932989690721649556e-03
1.932989690721649556e-03
1.932989690721649556e-03
1.932989690721649556e-03
1.932989690721649556e-03
1.932989690721649556e-03
1.932989690721649556e-03
1.932989690721649556e-03
1.932989690721649556e-03
1.932989690721649556e-03
1.932989690721649556e-03
1.932989690721649556e-03
1.932989690721649556e-03
1.932989690721649556e-03
1.932989690721649556e-03
1.932989690721649556e-03
1.932989690721649556e-03
1.932989690721649556e-03
1.932989690721649556e-03
1.932989690721649556e-03
1.932989690721649556e-03
1.932989690721649556e-03
1.932989690721649556e-03
1.932989690721649556e-03
1.932989690721649556e-03
1.932989690721649556e-03
1.932989690721649556e-03
1.932989690721649556e-03
1.932989690721649556e-03
1.932989690721649556e-03
1.932989690721649556e-03
1.932989690721649556e-03
1.932989690721649556e-03
1.932989690721649556e-03
1.932989690721649556e-03
1.932989690721649556e-03
1.932989690721649556e-03
1.932989690721649556e-03
1.932989690721649556e-03
1.932989690721649556e-03
1.932989690721649556e-03
1.932989690721649556e-03
1.932989690721649556e-03
1.932989690721649556e-03
1.932989690721649556e-03
1.932989690721649556e-03
1.932989690721649556e-03
1.932989690721649556e-03
1.932989690721649556e-03
1.932989690721649556e-03
1.932989690721649556e-03
1.932989690721649556e-03
1.932989690721649556e-03
1.932989690721649556e-03
1.932989690721649556e-03
1.932989690721649556e-03
1.932989690721649556e-03
1.932989690721649556e-03
1.932989690721649556e-03
1.932989690721649556e-03
1.932989690721649556e-03
1.932989690721649556e-03
1.932989690721649556e-03
1.932989690721649556e-03
1.932989690721649556e-03
1.932989690721649556e-03
1.932989690721649556e-03
1.932989690721649556e-03
1.932989690721649556e-03
1.932989690721649556e-03
1.932989690721649556e-03
1.932989690721649556e-03
1.932989690721649556e-03
1.932989690721649556e-03
1.932989690721649556e-03
1.932989690721649556e-03
1.932989690721649556e-03
1.932989690721649556e-03
1.932989690721649556e-03
1.932989690721649556e-03
1.932989690721649556e-03
1.932989690721649556e-03
1.825601374570446755e-03
1.825601374570446755e-03
1.825601374570446755e-03
1.825601374570446755e-03
1.825601374570446755e-03
1.825601374570446755e-03
1.825601374570446755e-03
1.825601374570446755e-03
1.825601374570446755e-03
1.825601374570446755e-03
1.825601374570446755e-03
1.825601374570446755e-03
1.825601374570446755e-03
1.825601374570446755e-03
1.825601374570446755e-03
1.825601374570446755e-03
1.825601374570446755e-03
1.825601374570446755e-03
1.825601374570446755e-03
1.825601374570446755e-03
1.825601374570446755e-03
1.825601374570446755e-03
1.825601374570446755e-03
1.825601374570446755e-03
1.825601374570446755e-03
1.825601374570446755e-03
1.825601374570446755e-03
1.825601374570446755e-03
1.825601374570446755e-03
1.825601374570446755e-03
1.825601374570446755e-03
1.825601374570446755e-03
1.825601374570446755e-03
1.825601374570446755e-03
1.825601374570446755e-03
1.825601374570446755e-03
1.825601374570446755e-03
1.825601374570446755e-03
1.825601374570446755e-03
1.825601374570446755e-03
1.825601374570446755e-03
1.825601374570446755e-03
1.825601374570446755e-03
1.825601374570446755e-03
1.825601374570446755e-03
1.825601374570446755e-03
1.825601374570446755e-03
1.825601374570446755e-03
1.825601374570446755e-03
1.825601374570446755e-03
1.825601374570446755e-03
1.825601374570446755e-03
1.825601374570446755e-03
1.825601374570446755e-03
1.825601374570446755e-03
1.825601374570446755e-03
1.825601374570446755e-03
1.825601374570446755e-03
1.825601374570446755e-03
1.825601374570446755e-03
1.825601374570446755e-03
1.825601374570446755e-03
1.825601374570446755e-03
1.825601374570446755e-03
1.825601374570446755e-03
1.825601374570446755e-03
1.825601374570446755e-03
1.825601374570446755e-03
1.825601374570446755e-03
1.825601374570446755e-03
1.825601374570446755e-03
1.825601374570446755e-03
1.825601374570446755e-03
1.825601374570446755e-03
1.825601374570446755e-03
1.825601374570446755e-03
1.825601374570446755e-03
1.825601374570446755e-03
1.825601374570446755e-03
1.825601374570446755e-03
1.825601374570446755e-03
1.825601374570446755e-03
1.825601374570446755e-03
1.825601374570446755e-03
1.825601374570446755e-03
1.825601374570446755e-03
1.825601374570446755e-03
1.825601374570446755e-03
1.825601374570446755e-03
1.825601374570446755e-03
1.825601374570446755e-03
1.825601374570446755e-03
1.825601374570446755e-03
1.825601374570446755e-03
1.825601374570446755e-03
1.825601374570446755e-03
1.825601374570446755e-03
1.825601374570446755e-03
1.825601374570446755e-03
1.825601374570446755e-03
1.825601374570446755e-03
1.825601374570446755e-03
1.825601374570446755e-03
1.825601374570446755e-03
1.825601374570446755e-03
1.825601374570446755e-03
1.825601374570446755e-03
1.825601374570446755e-03
1.825601374570446755e-03
1.825601374570446755e-03
1.825601374570446755e-03
1.825601374570446755e-03
1.825601374570446755e-03
1.825601374570446755e-03
1.825601374570446755e-03
1.825601374570446755e-03
1.825601374570446755e-03
1.825601374570446755e-03
1.825601374570446755e-03
1.825601374570446755e-03
1.825601374570446755e-03
1.825601374570446755e-03
1.825601374570446755e-03
1.825601374570446755e-03
1.825601374570446755e-03
1.825601374570446755e-03
1.825601374570446755e-03
1.825601374570446755e-03
1.825601374570446755e-03
1.825601374570446755e-03
1.825601374570446755e-03
1.825601374570446755e-03
1.825601374570446755e-03
1.825601374570446755e-03
1.825601374570446755e-03
1.825601374570446755e-03
1.825601374570446755e-03
1.825601374570446755e-03
1.825601374570446755e-03
1.825601374570446755e-03
1.825601374570446755e-03
1.825601374570446755e-03
1.825601374570446755e-03
1.825601374570446755e-03
1.825601374570446755e-03
1.825601374570446755e-03
1.825601374570446755e-03
1.825601374570446755e-03
1.825601374570446755e-03
1.825601374570446755e-03
1.825601374570446755e-03
1.825601374570446755e-03
1.825601374570446755e-03
1.825601374570446755e-03
1.825601374570446755e-03
1.825601374570446755e-03
1.825601374570446755e-03
1.825601374570446755e-03
1.825601374570446755e-03
1.825601374570446755e-03
1.825601374570446755e-03
1.825601374570446755e-03
1.825601374570446755e-03
1.825601374570446755e-03
1.825601374570446755e-03
1.825601374570446755e-03
1.825601374570446755e-03
1.825601374570446755e-03
1.825601374570446755e-03
1.825601374570446755e-03
1.825601374570446755e-03
1.825601374570446755e-03
1.825601374570446755e-03
1.825601374570446755e-03
1.825601374570446755e-03
1.825601374570446755e-03
1.825601374570446755e-03
1.825601374570446755e-03
1.825601374570446755e-03
1.825601374570446755e-03
1.825601374570446755e-03
1.825601374570446755e-03
1.825601374570446755e-03
1.825601374570446755e-03
1.825601374570446755e-03
1.825601374570446755e-03
1.825601374570446755e-03
1.825601374570446755e-03
1.825601374570446755e-03
1.825601374570446755e-03
1.825601374570446755e-03
1.825601374570446755e-03
1.825601374570446755e-03
1.825601374570446755e-03
1.825601374570446755e-03
1.825601374570446755e-03
1.825601374570446755e-03
1.825601374570446755e-03
1.825601374570446755e-03
1.825601374570446755e-03
1.825601374570446755e-03
1.825601374570446755e-03
1.825601374570446755e-03
1.825601374570446755e-03
1.825601374570446755e-03
1.825601374570446755e-03
1.825601374570446755e-03
1.825601374570446755e-03
1.825601374570446755e-03
1.825601374570446755e-03
1.825601374570446755e-03
1.825601374570446755e-03
1.825601374570446755e-03
1.825601374570446755e-03
1.825601374570446755e-03
1.825601374570446755e-03
1.825601374570446755e-03
1.825601374570446755e-03
1.825601374570446755e-03
1.825601374570446755e-03
1.825601374570446755e-03
1.825601374570446755e-03
1.825601374570446755e-03
1.825601374570446755e-03
1.825601374570446755e-03
1.825601374570446755e-03
1.825601374570446755e-03
1.825601374570446755e-03
1.825601374570446755e-03
1.825601374570446755e-03
1.825601374570446755e-03
1.825601374570446755e-03
1.825601374570446755e-03
1.825601374570446755e-03
1.825601374570446755e-03
1.825601374570446755e-03
1.825601374570446755e-03
1.825601374570446755e-03
1.825601374570446755e-03
1.825601374570446755e-03
1.825601374570446755e-03
1.825601374570446755e-03
1.825601374570446755e-03
1.825601374570446755e-03
1.825601374570446755e-03
1.825601374570446755e-03
1.825601374570446755e-03
1.825601374570446755e-03
1.825601374570446755e-03
1.825601374570446755e-03
1.825601374570446755e-03
1.825601374570446755e-03
1.825601374570446755e-03
1.825601374570446755e-03
1.825601374570446755e-03
1.825601374570446755e-03
1.825601374570446755e-03
1.825601374570446755e-03
1.825601374570446755e-03
1.825601374570446755e-03
1.825601374570446755e-03
1.825601374570446755e-03
1.825601374570446755e-03
1.825601374570446755e-03
1.825601374570446755e-03
1.825601374570446755e-03
1.825601374570446755e-03
1.825601374570446755e-03
1.825601374570446755e-03
1.825601374570446755e-03
1.825601374570446755e-03
1.825601374570446755e-03
1.825601374570446755e-03
1.825601374570446755e-03
1.825601374570446755e-03
1.825601374570446755e-03
1.825601374570446755e-03
1.825601374570446755e-03
1.825601374570446755e-03
1.825601374570446755e-03
1.825601374570446755e-03
1.825601374570446755e-03
1.825601374570446755e-03
1.825601374570446755e-03
1.825601374570446755e-03
1.825601374570446755e-03
1.825601374570446755e-03
1.825601374570446755e-03
1.825601374570446755e-03
1.825601374570446755e-03
1.825601374570446755e-03
1.825601374570446755e-03
1.825601374570446755e-03
1.825601374570446755e-03
1.825601374570446755e-03
1.825601374570446755e-03
1.825601374570446755e-03
1.825601374570446755e-03
1.825601374570446755e-03
1.825601374570446755e-03
1.825601374570446755e-03
1.825601374570446755e-03
1.610824742268041152e-03
1.610824742268041152e-03
1.610824742268041152e-03
1.610824742268041152e-03
1.610824742268041152e-03
1.610824742268041152e-03
1.610824742268041152e-03
1.610824742268041152e-03
1.610824742268041152e-03
1.610824742268041152e-03
1.610824742268041152e-03
1.610824742268041152e-03
1.610824742268041152e-03
1.610824742268041152e-03
1.610824742268041152e-03
1.610824742268041152e-03
1.610824742268041152e-03
1.610824742268041152e-03
1.610824742268041152e-03
1.288659793814432965e-03
1.288659793814432965e-03
1.288659793814432965e-03
1.288659793814432965e-03
1.288659793814432965e-03
1.288659793814432965e-03
1.288659793814432965e-03
1.288659793814432965e-03
1.288659793814432965e-03
1.288659793814432965e-03
1.288659793814432965e-03
1.288659793814432965e-03
1.288659793814432965e-03
1.288659793814432965e-03
1.288659793814432965e-03
1.288659793814432965e-03
1.288659793814432965e-03
1.288659793814432965e-03
1.288659793814432965e-03
1.288659793814432965e-03
1.288659793814432965e-03
1.288659793814432965e-03
1.288659793814432965e-03
1.288659793814432965e-03
1.288659793814432965e-03
1.288659793814432965e-03
1.288659793814432965e-03
1.288659793814432965e-03
1.288659793814432965e-03
1.288659793814432965e-03
1.288659793814432965e-03
1.288659793814432965e-03
1.288659793814432965e-03
1.288659793814432965e-03
1.288659793814432965e-03
1.288659793814432965e-03
1.288659793814432965e-03
1.288659793814432965e-03
1.288659793814432965e-03
1.288659793814432965e-03
1.288659793814432965e-03
1.288659793814432965e-03
1.288659793814432965e-03
1.288659793814432965e-03
1.288659793814432965e-03
1.288659793814432965e-03
1.288659793814432965e-03
1.288659793814432965e-03
1.288659793814432965e-03
1.288659793814432965e-03
1.288659793814432965e-03
1.288659793814432965e-03
1.288659793814432965e-03
1.288659793814432965e-03
1.288659793814432965e-03
1.288659793814432965e-03
1.288659793814432965e-03
1.288659793814432965e-03
1.288659793814432965e-03
1.288659793814432965e-03
1.288659793814432965e-03
1.288659793814432965e-03
1.288659793814432965e-03
1.288659793814432965e-03
1.288659793814432965e-03
1.288659793814432965e-03
1.288659793814432965e-03
1.288659793814432965e-03
1.288659793814432965e-03
1.288659793814432965e-03
1.288659793814432965e-03
1.288659793814432965e-03
1.288659793814432965e-03
1.288659793814432965e-03
1.288659793814432965e-03
1.288659793814432965e-03
1.288659793814432965e-03
1.288659793814432965e-03
1.288659793814432965e-03
1.288659793814432965e-03
1.288659793814432965e-03
1.288659793814432965e-03
1.288659793814432965e-03
1.288659793814432965e-03
1.288659793814432965e-03
1.288659793814432965e-03
1.288659793814432965e-03
1.288659793814432965e-03
1.288659793814432965e-03
1.288659793814432965e-03
1.288659793814432965e-03
1.288659793814432965e-03
1.288659793814432965e-03
1.288659793814432965e-03
1.288659793814432965e-03
1.288659793814432965e-03
1.288659793814432965e-03
1.288659793814432965e-03
1.288659793814432965e-03
1.288659793814432965e-03
1.288659793814432965e-03
1.288659793814432965e-03
1.288659793814432965e-03
1.288659793814432965e-03
1.288659793814432965e-03
1.288659793814432965e-03
1.288659793814432965e-03
1.288659793814432965e-03
1.288659793814432965e-03
1.288659793814432965e-03
1.288659793814432965e-03
1.288659793814432965e-03
1.288659793814432965e-03
1.288659793814432965e-03
1.288659793814432965e-03
1.288659793814432965e-03
1.288659793814432965e-03
1.288659793814432965e-03
1.288659793814432965e-03
1.288659793814432965e-03
1.288659793814432965e-03
1.288659793814432965e-03
1.288659793814432965e-03
1.288659793814432965e-03
1.288659793814432965e-03
1.288659793814432965e-03
1.288659793814432965e-03
1.288659793814432965e-03
1.288659793814432965e-03
1.288659793814432965e-03
1.288659793814432965e-03
1.288659793814432965e-03
1.288659793814432965e-03
1.288659793814432965e-03
1.288659793814432965e-03
1.288659793814432965e-03
1.288659793814432965e-03
1.288659793814432965e-03
1.288659793814432965e-03
1.288659793814432965e-03
1.288659793814432965e-03
1.288659793814432965e-03
1.288659793814432965e-03
1.288659793814432965e-03
1.288659793814432965e-03
1.288659793814432965e-03
1.288659793814432965e-03
1.288659793814432965e-03
1.288659793814432965e-03
1.288659793814432965e-03
1.288659793814432965e-03
1.288659793814432965e-03
1.288659793814432965e-03
1.288659793814432965e-03
1.288659793814432965e-03
1.288659793814432965e-03
1.288659793814432965e-03
1.288659793814432965e-03
1.288659793814432965e-03
1.288659793814432965e-03
1.288659793814432965e-03
1.288659793814432965e-03
1.288659793814432965e-03
1.288659793814432965e-03
1.288659793814432965e-03
1.288659793814432965e-03
1.288659793814432965e-03
1.288659793814432965e-03
1.288659793814432965e-03
1.288659793814432965e-03
1.288659793814432965e-03
1.288659793814432965e-03
1.288659793814432965e-03
1.288659793814432965e-03
1.288659793814432965e-03
1.288659793814432965e-03
1.288659793814432965e-03
1.288659793814432965e-03
1.288659793814432965e-03
1.288659793814432965e-03
1.288659793814432965e-03
1.288659793814432965e-03
1.288659793814432965e-03
1.288659793814432965e-03
1.288659793814432965e-03
1.288659793814432965e-03
1.288659793814432965e-03
1.288659793814432965e-03
1.288659793814432965e-03
1.288659793814432965e-03
1.288659793814432965e-03
1.288659793814432965e-03
1.288659793814432965e-03
1.288659793814432965e-03
1.288659793814432965e-03
1.288659793814432965e-03
1.288659793814432965e-03
1.288659793814432965e-03
1.288659793814432965e-03
1.288659793814432965e-03
1.288659793814432965e-03
1.288659793814432965e-03
1.288659793814432965e-03
1.288659793814432965e-03
1.288659793814432965e-03
1.288659793814432965e-03
1.288659793814432965e-03
1.288659793814432965e-03
1.288659793814432965e-03
1.288659793814432965e-03
1.288659793814432965e-03
1.288659793814432965e-03
1.288659793814432965e-03
1.288659793814432965e-03
1.288659793814432965e-03
1.288659793814432965e-03
1.288659793814432965e-03
1.288659793814432965e-03
1.288659793814432965e-03
1.288659793814432965e-03
1.288659793814432965e-03
1.288659793814432965e-03
1.288659793814432965e-03
1.288659793814432965e-03
1.288659793814432965e-03
1.288659793814432965e-03
1.288659793814432965e-03
1.288659793814432965e-03
1.288659793814432965e-03
1.288659793814432965e-03
1.288659793814432965e-03
1.288659793814432965e-03
1.288659793814432965e-03
1.288659793814432965e-03
1.288659793814432965e-03
1.288659793814432965e-03
1.288659793814432965e-03
1.288659793814432965e-03
1.288659793814432965e-03
1.288659793814432965e-03
1.288659793814432965e-03
1.288659793814432965e-03
1.288659793814432965e-03
1.288659793814432965e-03
1.288659793814432965e-03
1.288659793814432965e-03
1.181271477663230164e-03
1.181271477663230164e-03
1.181271477663230164e-03
1.181271477663230164e-03
1.181271477663230164e-03
1.181271477663230164e-03
1.181271477663230164e-03
1.181271477663230164e-03
1.181271477663230164e-03
1.181271477663230164e-03
1.181271477663230164e-03
1.181271477663230164e-03
1.073883161512027579e-03
1.073883161512027579e-03
1.073883161512027579e-03
1.073883161512027579e-03
1.073883161512027579e-03
1.073883161512027579e-03
1.073883161512027579e-03
1.073883161512027579e-03
1.073883161512027579e-03
1.073883161512027579e-03
1.073883161512027579e-03
1.073883161512027579e-03
1.073883161512027579e-03
1.073883161512027579e-03
1.073883161512027579e-03
1.073883161512027579e-03
1.073883161512027579e-03
1.073883161512027579e-03
1.073883161512027579e-03
1.073883161512027579e-03
1.073883161512027579e-03
1.073883161512027579e-03
1.073883161512027579e-03
1.073883161512027579e-03
1.073883161512027579e-03
1.073883161512027579e-03
1.073883161512027579e-03
1.073883161512027579e-03
1.073883161512027579e-03
1.073883161512027579e-03
1.073883161512027579e-03
1.073883161512027579e-03
1.073883161512027579e-03
1.073883161512027579e-03
1.073883161512027579e-03
1.073883161512027579e-03
1.073883161512027579e-03
1.073883161512027579e-03
1.073883161512027579e-03
1.073883161512027579e-03
1.073883161512027579e-03
1.073883161512027579e-03
1.073883161512027579e-03
1.073883161512027579e-03
1.073883161512027579e-03
1.073883161512027579e-03
1.073883161512027579e-03
1.073883161512027579e-03
1.073883161512027579e-03
1.073883161512027579e-03
1.073883161512027579e-03
1.073883161512027579e-03
1.073883161512027579e-03
1.073883161512027579e-03
1.073883161512027579e-03
1.073883161512027579e-03
1.073883161512027579e-03
1.073883161512027579e-03
1.073883161512027579e-03
1.073883161512027579e-03
1.073883161512027579e-03
1.073883161512027579e-03
1.073883161512027579e-03
1.073883161512027579e-03
1.073883161512027579e-03
1.073883161512027579e-03
1.073883161512027579e-03
1.073883161512027579e-03
1.073883161512027579e-03
1.073883161512027579e-03
1.073883161512027579e-03
1.073883161512027579e-03
1.073883161512027579e-03
1.073883161512027579e-03
1.073883161512027579e-03
1.073883161512027579e-03
1.073883161512027579e-03
1.073883161512027579e-03
1.073883161512027579e-03
1.073883161512027579e-03
1.073883161512027579e-03
1.073883161512027579e-03
1.073883161512027579e-03
1.073883161512027579e-03
1.073883161512027579e-03
1.073883161512027579e-03
1.073883161512027579e-03
1.073883161512027579e-03
1.073883161512027579e-03
1.073883161512027579e-03
1.073883161512027579e-03
1.073883161512027579e-03
1.073883161512027579e-03
1.073883161512027579e-03
1.073883161512027579e-03
1.073883161512027579e-03
1.073883161512027579e-03
1.073883161512027579e-03
1.073883161512027579e-03
1.073883161512027579e-03
1.073883161512027579e-03
1.073883161512027579e-03
1.073883161512027579e-03
1.073883161512027579e-03
1.073883161512027579e-03
1.073883161512027579e-03
1.073883161512027579e-03
1.073883161512027579e-03
1.073883161512027579e-03
1.073883161512027579e-03
1.073883161512027579e-03
1.073883161512027579e-03
1.073883161512027579e-03
1.073883161512027579e-03
1.073883161512027579e-03
1.073883161512027579e-03
1.073883161512027579e-03
1.073883161512027579e-03
1.073883161512027579e-03
1.073883161512027579e-03
1.073883161512027579e-03
1.073883161512027579e-03
1.073883161512027579e-03
1.073883161512027579e-03
1.073883161512027579e-03
1.073883161512027579e-03
1.073883161512027579e-03
1.073883161512027579e-03
1.073883161512027579e-03
1.073883161512027579e-03
1.073883161512027579e-03
1.073883161512027579e-03
1.073883161512027579e-03
1.073883161512027579e-03
1.073883161512027579e-03
1.073883161512027579e-03
1.073883161512027579e-03
1.073883161512027579e-03
1.073883161512027579e-03
1.073883161512027579e-03
1.073883161512027579e-03
1.073883161512027579e-03
1.073883161512027579e-03
1.073883161512027579e-03
1.073883161512027579e-03
1.073883161512027579e-03
1.073883161512027579e-03
1.073883161512027579e-03
1.073883161512027579e-03
1.073883161512027579e-03
1.073883161512027579e-03
1.073883161512027579e-03
1.073883161512027579e-03
1.073883161512027579e-03
1.073883161512027579e-03
1.073883161512027579e-03
1.073883161512027579e-03
1.073883161512027579e-03
1.073883161512027579e-03
1.073883161512027579e-03
1.073883161512027579e-03
1.073883161512027579e-03
1.073883161512027579e-03
1.073883161512027579e-03
1.073883161512027579e-03
1.073883161512027579e-03
1.073883161512027579e-03
1.073883161512027579e-03
1.073883161512027579e-03
1.073883161512027579e-03
1.073883161512027579e-03
1.073883161512027579e-03
1.073883161512027579e-03
1.073883161512027579e-03
1.073883161512027579e-03
1.073883161512027579e-03
1.073883161512027579e-03
1.073883161512027579e-03
1.073883161512027579e-03
1.073883161512027579e-03
1.073883161512027579e-03
1.073883161512027579e-03
1.073883161512027579e-03
1.073883161512027579e-03
1.073883161512027579e-03
1.073883161512027579e-03
1.073883161512027579e-03
1.073883161512027579e-03
1.073883161512027579e-03
1.073883161512027579e-03
1.073883161512027579e-03
1.073883161512027579e-03
1.073883161512027579e-03
1.073883161512027579e-03
1.073883161512027579e-03
1.073883161512027579e-03
1.073883161512027579e-03
1.073883161512027579e-03
1.073883161512027579e-03
1.073883161512027579e-03
1.073883161512027579e-03
1.073883161512027579e-03
1.073883161512027579e-03
1.073883161512027579e-03
1.073883161512027579e-03
1.073883161512027579e-03
1.073883161512027579e-03
1.073883161512027579e-03
1.073883161512027579e-03
1.073883161512027579e-03
1.073883161512027579e-03
1.073883161512027579e-03
1.073883161512027579e-03
1.073883161512027579e-03
1.073883161512027579e-03
1.073883161512027579e-03
1.073883161512027579e-03
1.073883161512027579e-03
1.073883161512027579e-03
1.073883161512027579e-03
1.073883161512027579e-03
1.073883161512027579e-03
1.073883161512027579e-03
1.073883161512027579e-03
1.073883161512027579e-03
1.073883161512027579e-03
1.073883161512027579e-03
