0
1
6
8
11
12
13
16
18
19
21
41
43
44
45
47
49
51
53
54
55
56
57
59
60
62
63
64
65
66
68
69
71
72
75
78
86
87
88
90
94
95
97
103
105
109
110
112
114
115
118
119
124
127
128
130
131
132
133
134
136
138
140
143
150
151
154
157
158
160
161
167
168
171
174
175
176
181
182
183
185
186
189
190
194
197
198
201
203
204
205
209
219
225
231
240
241
242
244
245
246
249
250
251
253
255
258
261
263
265
266
267
269
271
275
191
141
215
216
217
2
3
4
5
7
9
10
14
15
17
20
22
23
24
26
27
28
29
30
31
32
33
34
35
36
37
38
39
40
42
46
48
50
52
58
61
67
70
73
74
76
77
79
80
81
82
83
84
85
89
91
93
96
98
99
100
101
102
104
106
107
108
111
113
116
117
120
121
123
126
129
135
137
139
144
145
146
147
148
149
152
153
155
156
159
162
164
165
166
169
170
173
177
178
179
180
184
187
188
192
195
196
200
202
206
208
210
211
212
218
220
221
222
223
224
226
230
232
233
234
235
236
237
238
239
243
247
248
252
254
256
257
259
260
262
264
268
270
272
273
274
276
277
278
