1.000000000000000000e+00
9.911504424778760924e-01
9.867256637168141387e-01
9.778761061946902311e-01
9.690265486725663235e-01
9.557522123893805732e-01
9.513274336283186194e-01
9.424778761061947119e-01
9.380530973451327581e-01
9.336283185840708043e-01
9.292035398230088505e-01
8.849557522123894238e-01
8.849557522123894238e-01
8.495575221238937935e-01
8.451327433628318397e-01
8.451327433628318397e-01
8.451327433628318397e-01
8.451327433628318397e-01
8.451327433628318397e-01
8.407079646017698860e-01
7.964601769911504592e-01
7.787610619469026441e-01
7.566371681415928752e-01
7.477876106194690786e-01
7.433628318584071248e-01
7.345132743362832173e-01
7.035398230088495408e-01
7.035398230088495408e-01
7.035398230088495408e-01
7.035398230088495408e-01
6.991150442477875870e-01
6.858407079646017257e-01
6.548672566371681603e-01
6.460176991150442527e-01
6.460176991150442527e-01
6.460176991150442527e-01
6.415929203539822989e-01
6.371681415929203451e-01
6.283185840707964376e-01
6.283185840707964376e-01
6.150442477876105762e-01
6.017699115044248259e-01
5.840707964601770108e-01
5.796460176991150570e-01
5.752212389380531032e-01
5.663716814159291957e-01
5.619469026548672419e-01
5.575221238938052881e-01
5.575221238938052881e-01
5.575221238938052881e-01
5.486725663716813806e-01
5.044247787610619538e-01
5.044247787610619538e-01
5.044247787610619538e-01
5.000000000000000000e-01
4.955752212389380462e-01
4.911504424778760924e-01
4.867256637168141387e-01
4.734513274336283328e-01
4.292035398230088505e-01
4.292035398230088505e-01
4.292035398230088505e-01
4.115044247787610354e-01
4.026548672566371834e-01
3.982300884955752296e-01
3.495575221238937935e-01
3.230088495575221264e-01
3.230088495575221264e-01
3.185840707964601726e-01
3.141592920353982188e-01
3.141592920353982188e-01
3.141592920353982188e-01
2.300884955752212357e-01
2.300884955752212357e-01
2.300884955752212357e-01
2.300884955752212357e-01
2.300884955752212357e-01
2.300884955752212357e-01
2.300884955752212357e-01
1.106194690265486780e-01
1.106194690265486780e-01
1.106194690265486780e-01
1.106194690265486780e-01
1.106194690265486780e-01
1.106194690265486780e-01
1.106194690265486780e-01
1.106194690265486780e-01
1.106194690265486780e-01
1.106194690265486780e-01
1.106194690265486780e-01
1.106194690265486780e-01
9.734513274336283051e-02
9.734513274336283051e-02
9.734513274336283051e-02
9.734513274336283051e-02
9.734513274336283051e-02
9.292035398230089061e-02
9.292035398230089061e-02
9.292035398230089061e-02
9.292035398230089061e-02
6.637168141592920956e-02
6.637168141592920956e-02
6.637168141592920956e-02
6.637168141592920956e-02
6.637168141592920956e-02
6.637168141592920956e-02
6.637168141592920956e-02
6.637168141592920956e-02
2.212389380530973421e-02
2.212389380530973421e-02
2.212389380530973421e-02
1.327433628318584052e-02
1.327433628318584052e-02
1.327433628318584052e-02
1.327433628318584052e-02
4.424778761061946841e-03
