2
3
7
8
12
32
35
36
53
55
64
72
75
83
88
89
95
99
106
110
113
115
117
126
128
130
134
135
147
156
161
175
178
181
185
186
199
200
213
222
229
231
240
242
245
254
272
280
282
287
298
309
319
322
326
334
341
363
380
388
390
393
396
398
404
408
410
415
417
423
427
430
431
435
436
437
439
442
454
455
458
466
467
471
472
477
493
497
0
11
139
269
27
285
29
30
34
169
44
433
314
60
445
318
323
68
327
201
202
332
333
460
80
340
86
474
482
356
358
488
365
367
243
116
372
129
381
146
403
21
278
24
409
157
31
420
37
166
293
421
301
59
195
452
69
336
338
339
219
349
94
100
360
239
112
369
249
378
124
253
362
182
261
299
20
247
250
220
289
357
203
61
189
453
385
416
171
138
46
111
411
176
98
465
136
264
162
168
183
426
402
407
296
17
23
374
268
70
265
315
6
