1.000000000000000000e+00
1.000000000000000000e+00
1.000000000000000000e+00
9.879518072289156239e-01
9.879518072289156239e-01
9.879518072289156239e-01
9.879518072289156239e-01
9.879518072289156239e-01
9.879518072289156239e-01
9.879518072289156239e-01
9.879518072289156239e-01
9.879518072289156239e-01
9.879518072289156239e-01
9.879518072289156239e-01
9.879518072289156239e-01
9.879518072289156239e-01
9.879518072289156239e-01
9.879518072289156239e-01
9.879518072289156239e-01
9.879518072289156239e-01
9.879518072289156239e-01
9.879518072289156239e-01
7.710843373493976305e-01
7.469879518072288782e-01
7.469879518072288782e-01
7.469879518072288782e-01
7.469879518072288782e-01
7.469879518072288782e-01
7.469879518072288782e-01
7.469879518072288782e-01
7.469879518072288782e-01
7.469879518072288782e-01
7.469879518072288782e-01
6.746987951807228434e-01
6.626506024096385783e-01
6.506024096385542022e-01
6.506024096385542022e-01
6.506024096385542022e-01
6.506024096385542022e-01
6.506024096385542022e-01
6.506024096385542022e-01
6.506024096385542022e-01
1.807228915662650592e-01
1.807228915662650592e-01
1.807228915662650592e-01
1.807228915662650592e-01
1.807228915662650592e-01
1.807228915662650592e-01
1.807228915662650592e-01
1.807228915662650592e-01
1.807228915662650592e-01
1.807228915662650592e-01
1.807228915662650592e-01
1.807228915662650592e-01
1.807228915662650592e-01
1.807228915662650592e-01
1.807228915662650592e-01
1.807228915662650592e-01
1.807228915662650592e-01
1.807228915662650592e-01
1.807228915662650592e-01
1.807228915662650592e-01
1.807228915662650592e-01
1.807228915662650592e-01
1.807228915662650592e-01
1.807228915662650592e-01
1.807228915662650592e-01
1.807228915662650592e-01
1.807228915662650592e-01
1.686746987951807109e-01
1.686746987951807109e-01
1.686746987951807109e-01
1.686746987951807109e-01
1.686746987951807109e-01
1.686746987951807109e-01
1.686746987951807109e-01
1.686746987951807109e-01
1.686746987951807109e-01
1.686746987951807109e-01
1.686746987951807109e-01
1.686746987951807109e-01
1.686746987951807109e-01
1.686746987951807109e-01
1.686746987951807109e-01
1.686746987951807109e-01
1.686746987951807109e-01
1.686746987951807109e-01
8.433734939759035543e-02
8.433734939759035543e-02
8.433734939759035543e-02
8.433734939759035543e-02
8.433734939759035543e-02
8.433734939759035543e-02
8.433734939759035543e-02
8.433734939759035543e-02
8.433734939759035543e-02
8.433734939759035543e-02
8.433734939759035543e-02
8.433734939759035543e-02
8.433734939759035543e-02
8.433734939759035543e-02
8.433734939759035543e-02
8.433734939759035543e-02
8.433734939759035543e-02
8.433734939759035543e-02
8.433734939759035543e-02
8.433734939759035543e-02
7.228915662650602092e-02
7.228915662650602092e-02
7.228915662650602092e-02
7.228915662650602092e-02
7.228915662650602092e-02
7.228915662650602092e-02
4.819277108433735191e-02
4.819277108433735191e-02
4.819277108433735191e-02
4.819277108433735191e-02
4.819277108433735191e-02
4.819277108433735191e-02
4.819277108433735191e-02
4.819277108433735191e-02
4.819277108433735191e-02
4.819277108433735191e-02
4.819277108433735191e-02
4.819277108433735191e-02
4.819277108433735191e-02
4.819277108433735191e-02
4.819277108433735191e-02
4.819277108433735191e-02
4.819277108433735191e-02
4.819277108433735191e-02
4.819277108433735191e-02
4.819277108433735191e-02
4.819277108433735191e-02
4.819277108433735191e-02
4.819277108433735191e-02
4.819277108433735191e-02
4.819277108433735191e-02
4.819277108433735191e-02
4.819277108433735191e-02
4.819277108433735191e-02
4.819277108433735191e-02
4.819277108433735191e-02
4.819277108433735191e-02
4.819277108433735191e-02
4.819277108433735191e-02
4.819277108433735191e-02
4.819277108433735191e-02
4.819277108433735191e-02
4.819277108433735191e-02
4.819277108433735191e-02
4.819277108433735191e-02
4.819277108433735191e-02
4.819277108433735191e-02
4.819277108433735191e-02
4.819277108433735191e-02
4.819277108433735191e-02
4.819277108433735191e-02
4.819277108433735191e-02
4.819277108433735191e-02
4.819277108433735191e-02
4.819277108433735191e-02
3.614457831325301046e-02
3.614457831325301046e-02
3.614457831325301046e-02
3.614457831325301046e-02
3.614457831325301046e-02
3.614457831325301046e-02
3.614457831325301046e-02
3.614457831325301046e-02
3.614457831325301046e-02
3.614457831325301046e-02
3.614457831325301046e-02
3.614457831325301046e-02
3.614457831325301046e-02
3.614457831325301046e-02
3.614457831325301046e-02
3.614457831325301046e-02
3.614457831325301046e-02
3.614457831325301046e-02
3.614457831325301046e-02
3.614457831325301046e-02
3.614457831325301046e-02
3.614457831325301046e-02
3.614457831325301046e-02
3.614457831325301046e-02
3.614457831325301046e-02
3.614457831325301046e-02
3.614457831325301046e-02
3.614457831325301046e-02
3.614457831325301046e-02
2.409638554216867595e-02
2.409638554216867595e-02
2.409638554216867595e-02
2.409638554216867595e-02
2.409638554216867595e-02
2.409638554216867595e-02
2.409638554216867595e-02
2.409638554216867595e-02
2.409638554216867595e-02
2.409638554216867595e-02
2.409638554216867595e-02
