0.00000000
0.00467830
0.00838378
0.01300065
0.01742954
0.02165758
0.02652336
0.03093761
0.03587219
0.04057687
0.04638949
0.05176331
0.05644975
0.06103782
0.06615612
0.07030474
0.07581963
0.08044150
0.08635399
0.09081704
0.09522331
0.09925013
0.10355324
0.10762315
0.11333904
0.11789944
0.12313223
0.12755420
0.13192189
0.13738026
0.14150880
0.14586153
0.15007816
0.15671927
0.16078737
0.16592863
0.17093524
0.17460459
0.17855362
0.18152216
0.18692254
0.19287089
0.19758914
0.20276069
0.20713780
0.21247880
0.21813689
0.22267349
0.22764067
0.23303946
0.23660433
0.24032960
0.24528342
0.24948484
0.25443242
0.25858776
0.26255249
0.26804530
0.27262800
0.27613777
0.28040777
0.28615696
0.29165928
0.29521116
0.30062103
0.30574511
0.30964808
0.31461440
0.31926311
0.32405134
0.32817414
0.33227075
0.33761392
0.34296572
0.34656389
0.35117961
0.35507415
0.35930037
0.36329685
0.36801959
0.37286107
0.37700969
0.38122284
0.38458132
0.38931958
0.39467146
0.40010224
0.40390977
0.40776229
0.41193464
0.41679312
0.42143242
0.42644228
0.43182398
0.43612865
0.44006091
0.44342597
0.44778070
0.45183158
0.45586643
0.46034888
0.46500016
0.46953386
0.47410688
0.47944016
0.48449896
0.48900328
0.49397991
0.49852660
0.50331567
0.50812959
0.51270491
0.51741904
0.52161599
0.52655848
0.53147878
0.53555498
0.53990057
0.54374818
0.54879775
0.55350753
0.55872182
0.56438039
0.56934023
0.57453303
0.57936500
0.58440599
0.58890934
0.59410435
0.60014184
0.60435906
0.60845206
0.61345974
0.61900226
0.62316552
0.62817002
0.63482947
0.63906696
0.64458698
0.64864456
0.65320083
0.65719565
0.66272122
0.66814573
0.67282448
0.67695709
0.68176973
0.68645242
0.69163004
0.69622815
0.70014199
0.70567655
0.70954124
0.71324028
0.71713273
0.72189484
0.72746149
0.73207403
0.73728895
0.74182758
0.74648714
0.75205206
0.75631614
0.76044477
0.76496968
0.76934699
0.77383977
0.77966375
0.78510780
0.78909430
0.79460342
0.79802772
0.80219312
0.80733436
0.81138613
0.81600731
0.81970087
0.82471238
0.82980356
0.83440367
0.83867785
0.84299720
0.84739283
0.85109314
0.85590609
0.86012688
0.86581593
0.87018476
0.87437278
0.87909781
0.88467784
0.88793359
0.89292541
0.89799598
0.90218458
0.90703551
0.91126812
0.91562928
0.92109052
0.92663755
0.93183996
0.93719837
0.94211448
0.94749722
0.95256565
0.95828715
0.96306443
0.96819697
0.97283436
0.97665850
0.98137105
0.98642655
0.99131620
0.99682869
0.25293764
