0.00000000
0.00339150
0.00723835
0.01067487
0.01463102
0.01754332
0.02139816
0.02513170
0.02928811
0.03273285
0.03587816
0.03949854
0.04328964
0.04530887
0.04962253
0.05238930
0.05593474
0.05922165
0.06297971
0.06677682
0.06981413
0.07328499
0.07722947
0.08081641
0.08420969
0.08852141
0.09249788
0.09569042
0.09875584
0.10202723
0.10472975
0.10777696
0.11109971
0.11463421
0.11819804
0.12222339
0.12508015
0.12886849
0.13188657
0.13574069
0.13900997
0.14215222
0.14508957
0.14910996
0.15269755
0.15643680
0.15977927
0.16275973
0.16615276
0.17090598
0.17483846
0.17887584
0.18261914
0.18648393
0.18995616
0.19299873
0.19574475
0.19962579
0.20292297
0.20644190
0.20931613
0.21360912
0.21702938
0.22065051
0.22413466
0.22731672
0.23049165
0.23398294
0.23726587
0.24061424
0.24463110
0.24818137
0.25195923
0.25530757
0.25826979
0.26119383
0.26483476
0.26815886
0.27153225
0.27487654
0.27795360
0.28264398
0.28701837
0.28942894
0.29274537
0.29606928
0.29951363
0.30331079
0.30688018
0.31114337
0.31503931
0.31762428
0.32152726
0.32412516
0.32712383
0.33005710
0.33421576
0.33727351
0.34041368
0.34371291
0.34741268
0.35082076
0.35347374
0.35665133
0.35960565
0.36282480
0.36640780
0.36953046
0.37287907
0.37664669
0.38008686
0.38421259
0.38777320
0.39079483
0.39437773
0.39830968
0.40182868
0.40558151
0.40885468
0.41233708
0.41641480
0.42024163
0.42333849
0.42688137
0.43107480
0.43520454
0.43961413
0.44302257
0.44720557
0.45037480
0.45459679
0.45801254
0.46182652
0.46484023
0.46832057
0.47126188
0.47471505
0.47846564
0.48197367
0.48552458
0.48890231
0.49417067
0.49719399
0.50043700
0.50401126
0.50709711
0.50994543
0.51300551
0.51733160
0.52072938
0.52497185
0.52844833
0.53151704
0.53451501
0.53822401
0.54175409
0.54663157
0.55062201
0.55416834
0.55795979
0.56131183
0.56535416
0.56837059
0.57211747
0.57626909
0.58048921
0.58425277
0.58733617
0.59057987
0.59444381
0.59830199
0.60168895
0.60573114
0.60984969
0.61310060
0.61690117
0.62019521
0.62377422
0.62789406
0.63222198
0.63497191
0.63831454
0.64159877
0.64531573
0.64920374
0.65248069
0.65570844
0.65985223
0.66266017
0.66752266
0.67141217
0.67491992
0.67870205
0.68303620
0.68639229
0.69051808
0.69359030
0.69692392
0.70140509
0.70553239
0.70938060
0.71307201
0.71719995
0.72075516
0.72456398
0.72659579
0.72982597
0.73361374
0.73697563
0.74010196
0.74273218
0.74565417
0.74945567
0.75338200
0.75684418
0.76038299
0.76356902
0.76716575
0.77130605
0.77548537
0.77880859
0.78122576
0.78548496
0.78884053
0.79242865
0.79534790
0.79936988
0.80379869
0.80780516
0.81153922
0.81450505
0.81780788
0.82145882
0.82580992
0.82986736
0.83305229
0.83702646
0.84032048
0.84418407
0.84691358
0.85025233
0.85389201
0.85759524
0.86143240
0.86568901
0.86923129
0.87289864
0.87736659
0.88110571
0.88436193
0.88789629
0.89274351
0.89624811
0.90057957
0.90423372
0.90791744
0.91122174
0.91400647
0.91810333
0.92236519
0.92620392
0.93065869
0.93402352
0.93773793
0.94168857
0.94507659
0.94807934
0.95204371
0.95666084
0.96057334
0.96481756
0.96887303
0.97255956
0.97694105
0.98112075
0.98587359
0.98929899
0.99261320
0.99590177
0.16575376
