0.00000000
0.00092096
0.00179314
0.00257551
0.00384322
0.00478883
0.00552083
0.00650964
0.00754641
0.00848484
0.00961214
0.01044849
0.01135473
0.01213918
0.01322554
0.01420103
0.01512269
0.01614948
0.01699171
0.01772110
0.01844860
0.01930813
0.02041241
0.02135797
0.02235468
0.02349243
0.02462513
0.02564935
0.02648627
0.02756510
0.02853661
0.02964258
0.03051715
0.03164514
0.03277505
0.03360789
0.03476015
0.03573548
0.03671670
0.03759041
0.03865077
0.03930202
0.04045152
0.04157782
0.04253620
0.04335697
0.04423023
0.04522338
0.04616035
0.04704809
0.04775808
0.04850642
0.04954440
0.05048946
0.05134607
0.05244997
0.05344648
0.05424844
0.05481929
0.05573367
0.05675733
0.05771212
0.05865551
0.05960783
0.06054147
0.06152905
0.06254261
0.06347808
0.06447350
0.06547377
0.06632599
0.06733125
0.06817896
0.06909769
0.07020782
0.07111775
0.07203458
0.07288733
0.07383250
0.07503165
0.07593863
0.07685611
0.07782025
0.07865897
0.07980404
0.08055445
0.08146097
0.08246318
0.08341565
0.08437995
0.08556181
0.08647548
0.08745345
0.08827446
0.08919406
0.09035416
0.09115293
0.09214711
0.09324160
0.09409055
0.09525276
0.09599510
0.09689287
0.09772196
0.09868931
0.09970350
0.10043561
0.10140139
0.10245405
0.10332868
0.10410081
0.10483247
0.10592336
0.10667709
0.10776476
0.10880287
0.10946609
0.11021760
0.11096923
0.11200374
0.11302540
0.11389331
0.11471435
0.11570137
0.11631034
0.11743642
0.11831877
0.11912154
0.12017592
0.12098368
0.12183104
0.12273093
0.12352738
0.12448209
0.12528762
0.12583934
0.12695863
0.12784715
0.12868065
0.12945864
0.13034560
0.13124239
0.13211846
0.13314118
0.13386400
0.13488578
0.13603008
0.13716480
0.13812755
0.13909089
0.14000319
0.14107720
0.14210716
0.14320804
0.14425319
0.14536072
0.14607120
0.14692091
0.14782918
0.14855537
0.14950989
0.15056257
0.15147472
0.15229619
0.15298655
0.15389959
0.15453633
0.15538933
0.15628289
0.15716187
0.15788603
0.15855836
0.15938997
0.16004812
0.16080816
0.16167443
0.16262338
0.16350744
0.16447048
0.16554678
0.16642483
0.16733296
0.16809309
0.16902510
0.16993732
0.17075503
0.17152761
0.17232458
0.17336538
0.17433166
0.17513888
0.17613861
0.17685213
0.17815615
0.17883706
0.17989867
0.18098764
0.18174221
0.18256606
0.18356667
0.18442446
0.18553841
0.18673446
0.18779858
0.18868461
0.18953436
0.19065076
0.19183009
0.19272624
0.19355687
0.19430389
0.19518296
0.19609003
0.19716163
0.19798069
0.19871209
0.19945659
0.20060804
0.20161892
0.20262764
0.20342170
0.20448610
0.20544184
0.20628655
0.20703237
0.20825588
0.20940196
0.21032211
0.21116540
0.21216392
0.21326229
0.21413442
0.21514006
0.21617248
0.21709810
0.21786918
0.21888916
0.22000506
0.22089355
0.22211426
0.22320760
0.22414001
0.22499338
0.22581890
0.22672076
0.22780027
0.22895230
0.22996870
0.23075233
0.23159978
0.23245601
0.23340111
0.23456435
0.23530795
0.23624232
0.23711986
0.23784363
0.23903693
0.24010370
0.24098609
0.24213853
0.24315742
0.24430114
0.24548952
0.24662412
0.24761356
0.24856943
0.24929659
0.25018193
0.25120122
0.25232816
0.25318879
0.25427473
0.25525802
0.25608164
0.25702547
0.25802785
0.25889674
0.25993386
0.26068282
0.26175581
0.26255459
0.26354425
0.26460514
0.26562854
0.26645500
0.26749591
0.26847987
0.26944236
0.27028968
0.27119553
0.27221712
0.27313348
0.27414358
0.27500833
0.27596192
0.27709174
0.27808740
0.27891664
0.28006857
0.28099361
0.28210823
0.28315842
0.28414756
0.28519655
0.28619352
0.28745155
0.28838374
0.28951683
0.29063436
0.29160645
0.29262143
0.29353571
0.29462650
0.29567093
0.29665740
0.29758742
0.29831822
0.29911431
0.30005930
0.30083680
0.30186592
0.30273190
0.30373263
0.30463384
0.30571857
0.30668773
0.30774172
0.30884476
0.30974700
0.31060642
0.31165007
0.31292087
0.31398640
0.31491625
0.31580668
0.31676832
0.31735082
0.31829838
0.31929165
0.32024623
0.32120282
0.32208012
0.32314916
0.32420355
0.32522458
0.32588954
0.32690272
0.32800388
0.32880518
0.32986336
0.33070661
0.33148252
0.33239298
0.33321524
0.33414380
0.33487501
0.33569405
0.33671014
0.33771134
0.33887575
0.33990400
0.34085920
0.34179871
0.34284175
0.34407119
0.34495180
0.34585992
0.34671406
0.34773872
0.34881177
0.34987127
0.35063940
0.35162885
0.35252236
0.35345423
0.35441523
0.35532731
0.35650723
0.35760481
0.35854706
0.35963654
0.36045185
0.36144196
0.36227067
0.36334394
0.36425328
0.36516084
0.36619022
0.36709819
0.36791611
0.36864623
0.36963967
0.37068559
0.37180931
0.37282336
0.37403338
0.37490425
0.37566506
0.37676929
0.37768105
0.37865118
0.37946309
0.38046172
0.38134163
0.38244550
0.38361627
0.38458812
0.38551837
0.38631858
0.38744028
0.38819116
0.38913147
0.39013451
0.39106574
0.39180280
0.39266954
0.39351277
0.39432233
0.39536857
0.39614617
0.39707963
0.39785206
0.39898225
0.39992806
0.40087353
0.40182837
0.40290786
0.40395802
0.40482071
0.40567314
0.40660648
0.40738379
0.40830850
0.40932538
0.41032551
0.41113028
0.41221992
0.41315896
0.41411323
0.41520310
0.41589794
0.41679309
0.41777073
0.41867359
0.41965768
0.42057328
0.42149900
0.42237208
0.42349427
0.42437638
0.42514111
0.42587342
0.42684095
0.42759786
0.42859024
0.42974333
0.43079034
0.43197400
0.43285902
0.43386473
0.43487443
0.43566914
0.43677331
0.43771950
0.43849762
0.43922876
0.44026511
0.44133100
0.44227380
0.44330374
0.44429362
0.44537585
0.44626835
0.44707606
0.44788670
0.44871479
0.44983914
0.45086092
0.45180169
0.45268140
0.45350256
0.45449291
0.45536449
0.45639626
0.45735073
0.45853722
0.45951495
0.46064660
0.46159481
0.46268276
0.46350452
0.46431561
0.46526622
0.46619622
0.46715960
0.46799296
0.46880291
0.46978767
0.47091673
0.47185609
0.47272873
0.47358264
0.47452240
0.47559928
0.47659538
0.47747126
0.47839948
0.47927531
0.48041513
0.48132661
0.48235779
0.48346344
0.48459187
0.48565644
0.48661071
0.48763139
0.48858363
0.48949066
0.49049009
0.49142590
0.49243499
0.49337153
0.49417640
0.49507883
0.49578840
0.49671762
0.49760701
0.49850061
0.49934234
0.50023157
0.50129776
0.50235111
0.50322258
0.50407428
0.50505915
0.50622991
0.50707938
0.50765881
0.50877030
0.50986145
0.51061613
0.51171213
0.51277554
0.51382145
0.51495271
0.51606986
0.51679746
0.51787093
0.51899152
0.52008896
0.52084037
0.52198913
0.52275870
0.52350675
0.52438910
0.52513304
0.52601047
0.52675233
0.52742968
0.52812079
0.52897955
0.53003240
0.53090792
0.53177124
0.53255957
0.53343872
0.53420624
0.53511923
0.53608464
0.53694306
0.53774077
0.53864086
0.53979241
0.54069171
0.54155303
0.54240614
0.54321415
0.54411838
0.54493075
0.54574550
0.54664921
0.54747864
0.54844782
0.54924008
0.55004867
0.55099511
0.55187553
0.55283119
0.55376195
0.55475829
0.55551416
0.55635449
0.55729911
0.55818099
0.55907395
0.56003105
0.56093113
0.56186505
0.56271077
0.56360473
0.56459125
0.56553533
0.56637998
0.56737467
0.56823993
0.56918037
0.57003245
0.57107745
0.57176384
0.57273156
0.57358840
0.57433746
0.57534362
0.57634671
0.57709125
0.57817328
0.57905429
0.57992028
0.58084509
0.58178192
0.58277171
0.58379415
0.58474884
0.58571273
0.58676029
0.58765090
0.58864517
0.58969015
0.59059822
0.59161463
0.59254397
0.59358777
0.59472011
0.59576954
0.59669694
0.59766859
0.59857550
0.59953109
0.60052226
0.60154252
0.60257890
0.60353122
0.60446501
0.60545082
0.60619270
0.60720240
0.60818385
0.60918786
0.61027187
0.61115016
0.61204060
0.61297976
0.61388012
0.61501166
0.61597371
0.61682126
0.61781193
0.61880656
0.61984132
0.62080111
0.62177211
0.62313083
0.62414981
0.62513889
0.62609345
0.62722122
0.62823603
0.62911828
0.62990176
0.63122604
0.63185574
0.63301238
0.63405802
0.63509238
0.63607611
0.63713299
0.63824370
0.63915587
0.64020173
0.64124404
0.64213528
0.64300346
0.64387943
0.64479296
0.64578289
0.64664958
0.64758515
0.64838289
0.64936461
0.65034975
0.65139747
0.65230371
0.65318673
0.65402665
0.65492166
0.65591296
0.65692318
0.65772568
0.65876066
0.65951744
0.66065490
0.66156046
0.66242704
0.66351154
0.66443156
0.66528866
0.66643387
0.66730673
0.66831866
0.66921662
0.67002211
0.67090392
0.67180530
0.67267622
0.67363045
0.67461329
0.67560840
0.67663021
0.67756534
0.67849497
0.67954085
0.68075464
0.68174037
0.68274741
0.68365089
0.68460748
0.68556681
0.68657189
0.68764502
0.68874183
0.68987249
0.69083076
0.69196635
0.69308339
0.69401031
0.69511836
0.69620377
0.69719903
0.69821297
0.69917483
0.70040668
0.70147457
0.70248811
0.70351132
0.70453446
0.70575872
0.70682184
0.70780388
0.70897882
0.71006279
0.71103316
0.71202374
0.71300317
0.71391187
0.71503901
0.71575016
0.71656328
0.71767025
0.71874019
0.71963321
0.72061376
0.72142989
0.72236627
0.72324803
0.72424329
0.72514932
0.72587950
0.72685972
0.72773726
0.72858790
0.72964813
0.73070558
0.73184766
0.73292647
0.73389240
0.73502855
0.73600321
0.73714967
0.73826942
0.73919202
0.73993506
0.74089545
0.74184445
0.74283735
0.74359281
0.74474663
0.74581800
0.74699622
0.74796899
0.74912919
0.75027290
0.75139739
0.75252144
0.75339287
0.75439197
0.75532979
0.75645389
0.75728119
0.75845137
0.75945812
0.76035918
0.76155893
0.76264382
0.76339567
0.76439905
0.76518732
0.76622838
0.76722267
0.76834756
0.76922614
0.77022343
0.77117860
0.77208155
0.77309465
0.77411243
0.77534000
0.77642173
0.77704210
0.77808931
0.77901424
0.78017758
0.78142955
0.78215690
0.78325931
0.78452077
0.78559906
0.78678501
0.78755986
0.78853811
0.78916416
0.79020746
0.79123127
0.79225012
0.79331240
0.79396196
0.79477543
0.79574907
0.79664430
0.79774982
0.79874117
0.79972930
0.80082129
0.80189157
0.80277859
0.80371413
0.80464228
0.80563227
0.80681910
0.80785321
0.80890515
0.80995580
0.81092877
0.81196141
0.81274436
0.81376896
0.81479504
0.81603081
0.81690188
0.81806271
0.81927841
0.82001515
0.82098648
0.82185243
0.82275820
0.82368922
0.82448159
0.82545225
0.82636193
0.82752159
0.82861301
0.82959136
0.83068336
0.83186777
0.83298627
0.83406832
0.83512471
0.83616434
0.83713026
0.83823005
0.83911398
0.83995747
0.84102353
0.84185191
0.84287691
0.84412065
0.84493174
0.84596529
0.84703634
0.84805845
0.84903254
0.85002626
0.85098977
0.85182998
0.85278785
0.85370902
0.85471168
0.85574928
0.85652866
0.85749214
0.85847339
0.85952292
0.86066002
0.86151615
0.86251634
0.86352645
0.86437215
0.86525633
0.86624194
0.86704969
0.86820217
0.86904796
0.87022616
0.87142596
0.87240109
0.87360134
0.87458458
0.87567202
0.87656048
0.87756427
0.87833791
0.87929863
0.88020646
0.88123573
0.88194731
0.88298992
0.88397304
0.88495113
0.88595745
0.88706163
0.88791559
0.88887341
0.88988185
0.89099088
0.89181379
0.89288099
0.89398595
0.89506895
0.89604604
0.89711710
0.89811133
0.89906050
0.90019876
0.90141913
0.90245374
0.90369224
0.90489766
0.90572836
0.90673790
0.90784734
0.90891776
0.90984656
0.91087987
0.91167570
0.91262956
0.91377253
0.91471602
0.91582522
0.91693384
0.91800821
0.91906106
0.92009138
0.92099061
0.92162881
0.92254045
0.92361765
0.92453534
0.92557844
0.92659632
0.92746648
0.92867238
0.92964987
0.93071871
0.93172212
0.93281240
0.93377690
0.93484403
0.93583339
0.93673880
0.93765601
0.93863052
0.93961159
0.94033556
0.94123617
0.94230102
0.94314894
0.94387119
0.94490074
0.94573961
0.94687756
0.94771870
0.94878157
0.95000338
0.95088187
0.95175907
0.95291291
0.95369152
0.95456650
0.95566199
0.95662882
0.95750111
0.95856606
0.95968352
0.96069785
0.96177032
0.96262565
0.96378998
0.96483108
0.96579612
0.96662195
0.96746794
0.96809965
0.96915490
0.97017429
0.97101038
0.97201816
0.97308378
0.97406348
0.97519512
0.97623438
0.97707833
0.97821869
0.97915617
0.98003792
0.98089091
0.98188944
0.98305099
0.98413049
0.98512693
0.98605625
0.98692090
0.98797866
0.98902733
0.99017350
0.99102928
0.99187750
0.99276332
0.99389940
0.99496257
0.99601200
0.99706577
0.99803466
0.99902683
0.32377254
