0.00000000
0.00021390
0.00044209
0.00069600
0.00094195
0.00112692
0.00132016
0.00156697
0.00185727
0.00209183
0.00231847
0.00253250
0.00279506
0.00306019
0.00329278
0.00351975
0.00377660
0.00407144
0.00430745
0.00462191
0.00482665
0.00511765
0.00539938
0.00561138
0.00590245
0.00611779
0.00638573
0.00665191
0.00693118
0.00717327
0.00737607
0.00758946
0.00785555
0.00803933
0.00827280
0.00852414
0.00881067
0.00906319
0.00934786
0.00964852
0.00986579
0.01009779
0.01029559
0.01060554
0.01078863
0.01104839
0.01127525
0.01151029
0.01175271
0.01201681
0.01225102
0.01250440
0.01274388
0.01307427
0.01331588
0.01356854
0.01385754
0.01417948
0.01440380
0.01466616
0.01493273
0.01515556
0.01533850
0.01562719
0.01588555
0.01610195
0.01632050
0.01661340
0.01685799
0.01709972
0.01733340
0.01753505
0.01776866
0.01798397
0.01816926
0.01839509
0.01865005
0.01890312
0.01916740
0.01940331
0.01968417
0.01997890
0.02017717
0.02038248
0.02061455
0.02084237
0.02100407
0.02125326
0.02145531
0.02167802
0.02192570
0.02214181
0.02235308
0.02254936
0.02277398
0.02299195
0.02323803
0.02350908
0.02372469
0.02387248
0.02410023
0.02440289
0.02465442
0.02488721
0.02514535
0.02538613
0.02566261
0.02589604
0.02614043
0.02637371
0.02654245
0.02683215
0.02709440
0.02733187
0.02760419
0.02779662
0.02798155
0.02821640
0.02848828
0.02868780
0.02889980
0.02914568
0.02943760
0.02968480
0.02994887
0.03019457
0.03038797
0.03064156
0.03092244
0.03114897
0.03139507
0.03160015
0.03181838
0.03203259
0.03220675
0.03244077
0.03268175
0.03294199
0.03318820
0.03339415
0.03355741
0.03377140
0.03404841
0.03431894
0.03457921
0.03484715
0.03514552
0.03539264
0.03558837
0.03581406
0.03604221
0.03627190
0.03647338
0.03673862
0.03700690
0.03716375
0.03739923
0.03766005
0.03790989
0.03818346
0.03843185
0.03869511
0.03891715
0.03914855
0.03936810
0.03960746
0.03990991
0.04016860
0.04046695
0.04074821
0.04098589
0.04122167
0.04148251
0.04173278
0.04193918
0.04220835
0.04245223
0.04265943
0.04288999
0.04312665
0.04342294
0.04365306
0.04390463
0.04410982
0.04439625
0.04463248
0.04483595
0.04507282
0.04533036
0.04559398
0.04583149
0.04616960
0.04638340
0.04660143
0.04676510
0.04699520
0.04717019
0.04741477
0.04772619
0.04797225
0.04827246
0.04853049
0.04882906
0.04906466
0.04926850
0.04950388
0.04972681
0.04994584
0.05026327
0.05053500
0.05074134
0.05098234
0.05122292
0.05142623
0.05172390
0.05199497
0.05223754
0.05243744
0.05264429
0.05296244
0.05315986
0.05337353
0.05363846
0.05384634
0.05414707
0.05435298
0.05464988
0.05480338
0.05501434
0.05527256
0.05547570
0.05572036
0.05593398
0.05621463
0.05644800
0.05665527
0.05683042
0.05712314
0.05743116
0.05763686
0.05783749
0.05804131
0.05833432
0.05857812
0.05880910
0.05907118
0.05937647
0.05961397
0.05981958
0.06012291
0.06036208
0.06066797
0.06090510
0.06110046
0.06130331
0.06151586
0.06170514
0.06197317
0.06222747
0.06247228
0.06269466
0.06292847
0.06316076
0.06334569
0.06354268
0.06381001
0.06408193
0.06429551
0.06454218
0.06476668
0.06497698
0.06525107
0.06546895
0.06568349
0.06590363
0.06616339
0.06636445
0.06664242
0.06685599
0.06715382
0.06737300
0.06762237
0.06784652
0.06808970
0.06831332
0.06851235
0.06872712
0.06898500
0.06926362
0.06943986
0.06964653
0.06990861
0.07013191
0.07032165
0.07058752
0.07078330
0.07101135
0.07126681
0.07149391
0.07179256
0.07199878
0.07224966
0.07243286
0.07268873
0.07299210
0.07325622
0.07351347
0.07373910
0.07392865
0.07413532
0.07434597
0.07459226
0.07483973
0.07507646
0.07528319
0.07563922
0.07596719
0.07617297
0.07634447
0.07666876
0.07690572
0.07717091
0.07738236
0.07762650
0.07787312
0.07810852
0.07835584
0.07863859
0.07894478
0.07916970
0.07943781
0.07966399
0.07989031
0.08011124
0.08039950
0.08061257
0.08085744
0.08106893
0.08137444
0.08164127
0.08180834
0.08209690
0.08236131
0.08263063
0.08280277
0.08304438
0.08329962
0.08353997
0.08379335
0.08396364
0.08415861
0.08439102
0.08461027
0.08481891
0.08506979
0.08531382
0.08557558
0.08582524
0.08611018
0.08635491
0.08662941
0.08691345
0.08716982
0.08740596
0.08761868
0.08782925
0.08806252
0.08824301
0.08850973
0.08870331
0.08898819
0.08915579
0.08939630
0.08965781
0.08983335
0.09004713
0.09029912
0.09052069
0.09070466
0.09095173
0.09120160
0.09148170
0.09172895
0.09192769
0.09211395
0.09229948
0.09249334
0.09276228
0.09295529
0.09316744
0.09337226
0.09366325
0.09384348
0.09408446
0.09431703
0.09451964
0.09474166
0.09498967
0.09517929
0.09539084
0.09560456
0.09583309
0.09607958
0.09629845
0.09657273
0.09681897
0.09706099
0.09731995
0.09756568
0.09783331
0.09810153
0.09833726
0.09862139
0.09887294
0.09919159
0.09942083
0.09965788
0.09994588
0.10014246
0.10042460
0.10069122
0.10091102
0.10113792
0.10133931
0.10156479
0.10184487
0.10208634
0.10228834
0.10256851
0.10281557
0.10301743
0.10328363
0.10348503
0.10369975
0.10398470
0.10424504
0.10449375
0.10475444
0.10500366
0.10525435
0.10549731
0.10576598
0.10605039
0.10628344
0.10654923
0.10682674
0.10703429
0.10719974
0.10738081
0.10757772
0.10778414
0.10801028
0.10823257
0.10847632
0.10869760
0.10890253
0.10913459
0.10936372
0.10964752
0.10991513
0.11022499
0.11047698
0.11068955
0.11093400
0.11118202
0.11146629
0.11169163
0.11199612
0.11222813
0.11249405
0.11274849
0.11300005
0.11323695
0.11348977
0.11372781
0.11397705
0.11415053
0.11440892
0.11466357
0.11493964
0.11514069
0.11539593
0.11560006
0.11579651
0.11605164
0.11625661
0.11652225
0.11672883
0.11701994
0.11723932
0.11746018
0.11776190
0.11804639
0.11825538
0.11847216
0.11871368
0.11901470
0.11936081
0.11958837
0.11986420
0.12012174
0.12038443
0.12060437
0.12081230
0.12098180
0.12123806
0.12148665
0.12175043
0.12197662
0.12220735
0.12243814
0.12268783
0.12292855
0.12315067
0.12339219
0.12365884
0.12393799
0.12413764
0.12440823
0.12466665
0.12487860
0.12516667
0.12543024
0.12567577
0.12597029
0.12622665
0.12650548
0.12680369
0.12718170
0.12742381
0.12760990
0.12786547
0.12813374
0.12835214
0.12862043
0.12881799
0.12907751
0.12930534
0.12951855
0.12982236
0.13003613
0.13029655
0.13059309
0.13086120
0.13112620
0.13147840
0.13174448
0.13199328
0.13224118
0.13250144
0.13270377
0.13293440
0.13317370
0.13337374
0.13364364
0.13389146
0.13414886
0.13437126
0.13458648
0.13480597
0.13504731
0.13537023
0.13563054
0.13589718
0.13612734
0.13643591
0.13668690
0.13693143
0.13714293
0.13742500
0.13768841
0.13798000
0.13822405
0.13849594
0.13871287
0.13897908
0.13924719
0.13947562
0.13973018
0.14002012
0.14022144
0.14047279
0.14071140
0.14095998
0.14118856
0.14136295
0.14155559
0.14187808
0.14214055
0.14242409
0.14269376
0.14295161
0.14315069
0.14341372
0.14364560
0.14384428
0.14407576
0.14434117
0.14459024
0.14483162
0.14510766
0.14541179
0.14566971
0.14595331
0.14612319
0.14636257
0.14662705
0.14687861
0.14711984
0.14734715
0.14756614
0.14785504
0.14812142
0.14835284
0.14860283
0.14884533
0.14913986
0.14940327
0.14962254
0.14991241
0.15017139
0.15046435
0.15068492
0.15090001
0.15108778
0.15127594
0.15156385
0.15179940
0.15206055
0.15234905
0.15262592
0.15289760
0.15312561
0.15334339
0.15355824
0.15384769
0.15407000
0.15427316
0.15450751
0.15474124
0.15498645
0.15527036
0.15549039
0.15573183
0.15595179
0.15618619
0.15642430
0.15672244
0.15699966
0.15725332
0.15748342
0.15774283
0.15799407
0.15822621
0.15844346
0.15866551
0.15893613
0.15917686
0.15942290
0.15958212
0.15988381
0.16012273
0.16035027
0.16055583
0.16080554
0.16098143
0.16126537
0.16148402
0.16179107
0.16198888
0.16221919
0.16248031
0.16272944
0.16298324
0.16321473
0.16350180
0.16372518
0.16404144
0.16427868
0.16452903
0.16473454
0.16497291
0.16521398
0.16548117
0.16578244
0.16608395
0.16629729
0.16658057
0.16680625
0.16703045
0.16726857
0.16753615
0.16779487
0.16811877
0.16836947
0.16868248
0.16887711
0.16913842
0.16940166
0.16960817
0.16981840
0.17008480
0.17031337
0.17055887
0.17077293
0.17101068
0.17128452
0.17155017
0.17183192
0.17197599
0.17220024
0.17242683
0.17272382
0.17293898
0.17314717
0.17338301
0.17363660
0.17388191
0.17413628
0.17438338
0.17460606
0.17485602
0.17512003
0.17539187
0.17562639
0.17585950
0.17610338
0.17633136
0.17662457
0.17684055
0.17710948
0.17737793
0.17762185
0.17789244
0.17816390
0.17845299
0.17869739
0.17897396
0.17926029
0.17946540
0.17971722
0.17993948
0.18021050
0.18040312
0.18067925
0.18094309
0.18125501
0.18156346
0.18182603
0.18208983
0.18230697
0.18258099
0.18281543
0.18306976
0.18325238
0.18355488
0.18384613
0.18406830
0.18431638
0.18454104
0.18477109
0.18489716
0.18513165
0.18538256
0.18562067
0.18587552
0.18612067
0.18634672
0.18658443
0.18684036
0.18711041
0.18738405
0.18766416
0.18793293
0.18814864
0.18836687
0.18857918
0.18881338
0.18907804
0.18927431
0.18950155
0.18974397
0.19001579
0.19026544
0.19053911
0.19085140
0.19112912
0.19135546
0.19160530
0.19181093
0.19204786
0.19227978
0.19253118
0.19270579
0.19293004
0.19315955
0.19343874
0.19367372
0.19396175
0.19426389
0.19450028
0.19469263
0.19493687
0.19523485
0.19550029
0.19568331
0.19590268
0.19620936
0.19643819
0.19668150
0.19694453
0.19720301
0.19750763
0.19771687
0.19794085
0.19822099
0.19848735
0.19875039
0.19900389
0.19920494
0.19950582
0.19981232
0.20006953
0.20033408
0.20061809
0.20094328
0.20124188
0.20144486
0.20165970
0.20186043
0.20207962
0.20237301
0.20260627
0.20286926
0.20317141
0.20348668
0.20369875
0.20395986
0.20421586
0.20443156
0.20467996
0.20498329
0.20523005
0.20542603
0.20567609
0.20595251
0.20619995
0.20650223
0.20675335
0.20700907
0.20726097
0.20750625
0.20776896
0.20805726
0.20829888
0.20850517
0.20875888
0.20907188
0.20927294
0.20953048
0.20973922
0.20998547
0.21021874
0.21050665
0.21072451
0.21089837
0.21111008
0.21142924
0.21168240
0.21192023
0.21218515
0.21240400
0.21261106
0.21285646
0.21317865
0.21340077
0.21365255
0.21388913
0.21413473
0.21439443
0.21460323
0.21487833
0.21510943
0.21540336
0.21568267
0.21592205
0.21613458
0.21628179
0.21655726
0.21677162
0.21704612
0.21728958
0.21750417
0.21776172
0.21806459
0.21834184
0.21856833
0.21876467
0.21902601
0.21929932
0.21956966
0.21977688
0.21997243
0.22022976
0.22045270
0.22066795
0.22091501
0.22111463
0.22140409
0.22160619
0.22182350
0.22204884
0.22229800
0.22256291
0.22282667
0.22308325
0.22330497
0.22355507
0.22382845
0.22402437
0.22424454
0.22452677
0.22477383
0.22500456
0.22527566
0.22554666
0.22582242
0.22596768
0.22622315
0.22650538
0.22676356
0.22705004
0.22727263
0.22749706
0.22774521
0.22803359
0.22821386
0.22845590
0.22868926
0.22893476
0.22919738
0.22943347
0.22966699
0.22991671
0.23020156
0.23049435
0.23075548
0.23101631
0.23133386
0.23156565
0.23181927
0.23208640
0.23228617
0.23255154
0.23280190
0.23299209
0.23328387
0.23350168
0.23374895
0.23398956
0.23423754
0.23442584
0.23466857
0.23486907
0.23506933
0.23532650
0.23555211
0.23577777
0.23604283
0.23622134
0.23648759
0.23674045
0.23701483
0.23720833
0.23740647
0.23761370
0.23785166
0.23809671
0.23829983
0.23850782
0.23868782
0.23890905
0.23913309
0.23935099
0.23961038
0.23985779
0.24011788
0.24045869
0.24069481
0.24095676
0.24117420
0.24136030
0.24158223
0.24187363
0.24214698
0.24235536
0.24262068
0.24287815
0.24311843
0.24333059
0.24359479
0.24383244
0.24407486
0.24429367
0.24451529
0.24472911
0.24500582
0.24525993
0.24550563
0.24572336
0.24598381
0.24626114
0.24652868
0.24676822
0.24701809
0.24721409
0.24752639
0.24780316
0.24806205
0.24832501
0.24860580
0.24882719
0.24904431
0.24922639
0.24941216
0.24959889
0.24986624
0.25015346
0.25040381
0.25068805
0.25092950
0.25114427
0.25138545
0.25161073
0.25190584
0.25210785
0.25228287
0.25251236
0.25274239
0.25295710
0.25321590
0.25342268
0.25370174
0.25392764
0.25416310
0.25442363
0.25469465
0.25496896
0.25518762
0.25537932
0.25560300
0.25584118
0.25609730
0.25637834
0.25666145
0.25693067
0.25719934
0.25747143
0.25762132
0.25782521
0.25804090
0.25820974
0.25843217
0.25866947
0.25889638
0.25915134
0.25941665
0.25968230
0.25988649
0.26015134
0.26038334
0.26058741
0.26083003
0.26102508
0.26127287
0.26152762
0.26172926
0.26196403
0.26224803
0.26251776
0.26282372
0.26307445
0.26333912
0.26357746
0.26379011
0.26405706
0.26425126
0.26447531
0.26471542
0.26496441
0.26518638
0.26540945
0.26566388
0.26583995
0.26612858
0.26639354
0.26664452
0.26686216
0.26709440
0.26733880
0.26766416
0.26788091
0.26809833
0.26829790
0.26853360
0.26881991
0.26904238
0.26931008
0.26957176
0.26978653
0.27006466
0.27034621
0.27057657
0.27084197
0.27107260
0.27129632
0.27156810
0.27181069
0.27206804
0.27236079
0.27264403
0.27293751
0.27308645
0.27334506
0.27362285
0.27388799
0.27410965
0.27436519
0.27460978
0.27476498
0.27501424
0.27523078
0.27542063
0.27566827
0.27592212
0.27618564
0.27646435
0.27663803
0.27688403
0.27714079
0.27738322
0.27768462
0.27789174
0.27811087
0.27838853
0.27866188
0.27892965
0.27916599
0.27937757
0.27955987
0.27985590
0.28012903
0.28034549
0.28055841
0.28078718
0.28097234
0.28120226
0.28146053
0.28175031
0.28207147
0.28234034
0.28258971
0.28289466
0.28310634
0.28343571
0.28373361
0.28401025
0.28428771
0.28447417
0.28471008
0.28492760
0.28521137
0.28545490
0.28568405
0.28594337
0.28617445
0.28641295
0.28661423
0.28681594
0.28708972
0.28736440
0.28760471
0.28786270
0.28803632
0.28828526
0.28849461
0.28874034
0.28898081
0.28919369
0.28943812
0.28963385
0.28992134
0.29015202
0.29036047
0.29064816
0.29088149
0.29113985
0.29134866
0.29157863
0.29184221
0.29206459
0.29229202
0.29255952
0.29277495
0.29298746
0.29318072
0.29346130
0.29372662
0.29392936
0.29415056
0.29435591
0.29455766
0.29468527
0.29489316
0.29515488
0.29536723
0.29565781
0.29590562
0.29612425
0.29640758
0.29670904
0.29701710
0.29727572
0.29752855
0.29771211
0.29790197
0.29809700
0.29830767
0.29855412
0.29878335
0.29902293
0.29934707
0.29962046
0.29984966
0.30013417
0.30040996
0.30062383
0.30090966
0.30111646
0.30133121
0.30155972
0.30187181
0.30214635
0.30238698
0.30256562
0.30287919
0.30308400
0.30331703
0.30358602
0.30381087
0.30405959
0.30430403
0.30455603
0.30482275
0.30508637
0.30531885
0.30558145
0.30584395
0.30608585
0.30632948
0.30652722
0.30674446
0.30701470
0.30723609
0.30746115
0.30769658
0.30791182
0.30819750
0.30848357
0.30868047
0.30892755
0.30916582
0.30944894
0.30968817
0.30997271
0.31019316
0.31046616
0.31068903
0.31092628
0.31116255
0.31143817
0.31169910
0.31197203
0.31223808
0.31251871
0.31278887
0.31302335
0.31330573
0.31355172
0.31381345
0.31406257
0.31433233
0.31461832
0.31485358
0.31511325
0.31536061
0.31561847
0.31586936
0.31612129
0.31641323
0.31666622
0.31692728
0.31715640
0.31736663
0.31763122
0.31788957
0.31815306
0.31839972
0.31869372
0.31894443
0.31916959
0.31941120
0.31968668
0.31993715
0.32018796
0.32038390
0.32062342
0.32083626
0.32099414
0.32123424
0.32147369
0.32177654
0.32197681
0.32217013
0.32237060
0.32259398
0.32282565
0.32306032
0.32331216
0.32353939
0.32374335
0.32394082
0.32419460
0.32440944
0.32468168
0.32495362
0.32514313
0.32539522
0.32561398
0.32585468
0.32605316
0.32624577
0.32648174
0.32680487
0.32705648
0.32730071
0.32750155
0.32772662
0.32795242
0.32815492
0.32843427
0.32865259
0.32895168
0.32921753
0.32942525
0.32963940
0.32985038
0.33006591
0.33027317
0.33051288
0.33077678
0.33101563
0.33130845
0.33160783
0.33189183
0.33215843
0.33238628
0.33262258
0.33287586
0.33310856
0.33332221
0.33358487
0.33379757
0.33402571
0.33428917
0.33451676
0.33473284
0.33492143
0.33516577
0.33541370
0.33565909
0.33587590
0.33611871
0.33637155
0.33667021
0.33696739
0.33727463
0.33749313
0.33775619
0.33799867
0.33820853
0.33842166
0.33869241
0.33892280
0.33913428
0.33943058
0.33972073
0.33996895
0.34022288
0.34053430
0.34072876
0.34093321
0.34120787
0.34143835
0.34174500
0.34198731
0.34223188
0.34245124
0.34266481
0.34292180
0.34318032
0.34345606
0.34371166
0.34392942
0.34415298
0.34443551
0.34471530
0.34498075
0.34520173
0.34542823
0.34561526
0.34585290
0.34609473
0.34637131
0.34658754
0.34684998
0.34708448
0.34736702
0.34761976
0.34779870
0.34804120
0.34827912
0.34853251
0.34880479
0.34903468
0.34923456
0.34953397
0.34978233
0.35008551
0.35033291
0.35056084
0.35081387
0.35104244
0.35124979
0.35148367
0.35174206
0.35199721
0.35224221
0.35250061
0.35275342
0.35294805
0.35321012
0.35343543
0.35369476
0.35388914
0.35415323
0.35438714
0.35465919
0.35487315
0.35507853
0.35534499
0.35555933
0.35578943
0.35600783
0.35627560
0.35654898
0.35683025
0.35710930
0.35740290
0.35765397
0.35790734
0.35813247
0.35836779
0.35865027
0.35884106
0.35907828
0.35935090
0.35963694
0.35989608
0.36014172
0.36037697
0.36061586
0.36086059
0.36105162
0.36136433
0.36164676
0.36190137
0.36220064
0.36248799
0.36280455
0.36306988
0.36331172
0.36353338
0.36370971
0.36395842
0.36420935
0.36449015
0.36472098
0.36491305
0.36518164
0.36539937
0.36563383
0.36592864
0.36614957
0.36638196
0.36667762
0.36693030
0.36717832
0.36738605
0.36759750
0.36788788
0.36814790
0.36841336
0.36862872
0.36884214
0.36915685
0.36942029
0.36966087
0.36992611
0.37018535
0.37042151
0.37068807
0.37092298
0.37114588
0.37141301
0.37167301
0.37190792
0.37218751
0.37251778
0.37270252
0.37295211
0.37320143
0.37346591
0.37371544
0.37398764
0.37417361
0.37439906
0.37470420
0.37493940
0.37512567
0.37537347
0.37567450
0.37595605
0.37618539
0.37645348
0.37672518
0.37696316
0.37719946
0.37745084
0.37762788
0.37783477
0.37807039
0.37828257
0.37851415
0.37877116
0.37901566
0.37930186
0.37950940
0.37975126
0.37999054
0.38026842
0.38054383
0.38079169
0.38102568
0.38123261
0.38152431
0.38175627
0.38204742
0.38223726
0.38242718
0.38264887
0.38293361
0.38317944
0.38346090
0.38373261
0.38393078
0.38418612
0.38446722
0.38469404
0.38491387
0.38514833
0.38534718
0.38565737
0.38592872
0.38621618
0.38640614
0.38666411
0.38693089
0.38717725
0.38739809
0.38765241
0.38791164
0.38819037
0.38845924
0.38869237
0.38896950
0.38920884
0.38947330
0.38977214
0.39003457
0.39033309
0.39061048
0.39088890
0.39109947
0.39134101
0.39160986
0.39187300
0.39212642
0.39233847
0.39254349
0.39273805
0.39290019
0.39310447
0.39332101
0.39357463
0.39386888
0.39409996
0.39437470
0.39463148
0.39494998
0.39515842
0.39543845
0.39567992
0.39590609
0.39615764
0.39643329
0.39666184
0.39693327
0.39715681
0.39740263
0.39763940
0.39786968
0.39809309
0.39832162
0.39860089
0.39883342
0.39908765
0.39931368
0.39952387
0.39981991
0.40002391
0.40031140
0.40048814
0.40071899
0.40094034
0.40116471
0.40143377
0.40169031
0.40193268
0.40217353
0.40237939
0.40264756
0.40293243
0.40320868
0.40347439
0.40364416
0.40388655
0.40413356
0.40435107
0.40463748
0.40486435
0.40514027
0.40536741
0.40556441
0.40583019
0.40606870
0.40638215
0.40663431
0.40686773
0.40712946
0.40732863
0.40762786
0.40782633
0.40811683
0.40838016
0.40863667
0.40879991
0.40900467
0.40928748
0.40952032
0.40975762
0.40993938
0.41019752
0.41043167
0.41063711
0.41089069
0.41112264
0.41135057
0.41165267
0.41195587
0.41222867
0.41248507
0.41275454
0.41299546
0.41323098
0.41349382
0.41372113
0.41400934
0.41422566
0.41442207
0.41467826
0.41490095
0.41517998
0.41542304
0.41570089
0.41599677
0.41620148
0.41645424
0.41673234
0.41700679
0.41729799
0.41755522
0.41776740
0.41798984
0.41820696
0.41851429
0.41869719
0.41890493
0.41918030
0.41938961
0.41957361
0.41976868
0.42001609
0.42029214
0.42053837
0.42074743
0.42095622
0.42118762
0.42147990
0.42173069
0.42203556
0.42224816
0.42251256
0.42276472
0.42297175
0.42319794
0.42342624
0.42366434
0.42391535
0.42409024
0.42425248
0.42450443
0.42476203
0.42499340
0.42520826
0.42547838
0.42576378
0.42606822
0.42635531
0.42651812
0.42675431
0.42697722
0.42724105
0.42749385
0.42778734
0.42800243
0.42824599
0.42849228
0.42871969
0.42893668
0.42919238
0.42936646
0.42953722
0.42981748
0.43009198
0.43038915
0.43061947
0.43087076
0.43111344
0.43133688
0.43163372
0.43190366
0.43213695
0.43241294
0.43263997
0.43288378
0.43320683
0.43342135
0.43365604
0.43382877
0.43407076
0.43427819
0.43452107
0.43473404
0.43500835
0.43527121
0.43550451
0.43570579
0.43593710
0.43620888
0.43644523
0.43672929
0.43695712
0.43715975
0.43742712
0.43776202
0.43800055
0.43831898
0.43858514
0.43886003
0.43915112
0.43938842
0.43963418
0.43983779
0.44006255
0.44029518
0.44051603
0.44073651
0.44101140
0.44125200
0.44152433
0.44176077
0.44200299
0.44222781
0.44246131
0.44268185
0.44290235
0.44312272
0.44336040
0.44364765
0.44390188
0.44411256
0.44440480
0.44466001
0.44490394
0.44514377
0.44537338
0.44559464
0.44583182
0.44612777
0.44632041
0.44655598
0.44683487
0.44704794
0.44730857
0.44752105
0.44779164
0.44799042
0.44820792
0.44844512
0.44870111
0.44894095
0.44919729
0.44950264
0.44977250
0.45000969
0.45030077
0.45049939
0.45078410
0.45103539
0.45127820
0.45149615
0.45173497
0.45199034
0.45223895
0.45246515
0.45272037
0.45294087
0.45317997
0.45341901
0.45361822
0.45381711
0.45404132
0.45431659
0.45454967
0.45477093
0.45502260
0.45521256
0.45548597
0.45577205
0.45604237
0.45635833
0.45655257
0.45681813
0.45706297
0.45723749
0.45748249
0.45773355
0.45803256
0.45826807
0.45851490
0.45876788
0.45901389
0.45923909
0.45949343
0.45971387
0.45995145
0.46023661
0.46043017
0.46067343
0.46097013
0.46124429
0.46146207
0.46167599
0.46195431
0.46214759
0.46235722
0.46257973
0.46281394
0.46307942
0.46332252
0.46357825
0.46377677
0.46406321
0.46431623
0.46452720
0.46479149
0.46500538
0.46524760
0.46555748
0.46579641
0.46604015
0.46630224
0.46652999
0.46676109
0.46708954
0.46733984
0.46753311
0.46778609
0.46798912
0.46820357
0.46840177
0.46860126
0.46884567
0.46911548
0.46939525
0.46958231
0.46981329
0.47002499
0.47028670
0.47056711
0.47081498
0.47107603
0.47134376
0.47155562
0.47176949
0.47199348
0.47218799
0.47242824
0.47260145
0.47283636
0.47310211
0.47341560
0.47363637
0.47390236
0.47415689
0.47446524
0.47475311
0.47498288
0.47522105
0.47541697
0.47557752
0.47586149
0.47615499
0.47643725
0.47676272
0.47697647
0.47716080
0.47744908
0.47769234
0.47793398
0.47817062
0.47839313
0.47865873
0.47887213
0.47912077
0.47937995
0.47961287
0.47986397
0.48016323
0.48037948
0.48056141
0.48090728
0.48116452
0.48143219
0.48168190
0.48193690
0.48213020
0.48231737
0.48251086
0.48278467
0.48306854
0.48331612
0.48359563
0.48378868
0.48404901
0.48419025
0.48449400
0.48483432
0.48507624
0.48534134
0.48557440
0.48581179
0.48602378
0.48622934
0.48646411
0.48667300
0.48690474
0.48717190
0.48735975
0.48757905
0.48774031
0.48795887
0.48823554
0.48852226
0.48881453
0.48909890
0.48931242
0.48955721
0.48982448
0.49006602
0.49032478
0.49056702
0.49079761
0.49104149
0.49134289
0.49156243
0.49183313
0.49212654
0.49237910
0.49262655
0.49284682
0.49314089
0.49340272
0.49363632
0.49392719
0.49424131
0.49446235
0.49463820
0.49491778
0.49512991
0.49537236
0.49563676
0.49577940
0.49604896
0.49628305
0.49651665
0.49671518
0.49696108
0.49716481
0.49735766
0.49765602
0.49791890
0.49816152
0.49839275
0.49865494
0.49887401
0.49906813
0.49930539
0.49956473
0.49979278
0.50001804
0.50022241
0.50045924
0.50069988
0.50090535
0.50112937
0.50136487
0.50158831
0.50185081
0.50210039
0.50233997
0.50259503
0.50289539
0.50317171
0.50336612
0.50361765
0.50377081
0.50402865
0.50430755
0.50456233
0.50484008
0.50513297
0.50534340
0.50557830
0.50587434
0.50613915
0.50642966
0.50664972
0.50693645
0.50714082
0.50741787
0.50768959
0.50790640
0.50805931
0.50830396
0.50852059
0.50878904
0.50900486
0.50930510
0.50958279
0.50981007
0.50998530
0.51019556
0.51041131
0.51068037
0.51091406
0.51123543
0.51149448
0.51172152
0.51202007
0.51222484
0.51241364
0.51267654
0.51290992
0.51313879
0.51337844
0.51359298
0.51378523
0.51404102
0.51423728
0.51447740
0.51468466
0.51495108
0.51517268
0.51538054
0.51560353
0.51579777
0.51604149
0.51627426
0.51654395
0.51677012
0.51699045
0.51720667
0.51742997
0.51765989
0.51791843
0.51814334
0.51843153
0.51867214
0.51891487
0.51909214
0.51938499
0.51961145
0.51983960
0.52004963
0.52030620
0.52056703
0.52078863
0.52099593
0.52124182
0.52150952
0.52182965
0.52206257
0.52230303
0.52253481
0.52278707
0.52305222
0.52324921
0.52348116
0.52373515
0.52394034
0.52412127
0.52433501
0.52459869
0.52480453
0.52503652
0.52534639
0.52562086
0.52586491
0.52609517
0.52638802
0.52661284
0.52686208
0.52709545
0.52730486
0.52749064
0.52768501
0.52800713
0.52820909
0.52846385
0.52871138
0.52896815
0.52923159
0.52947568
0.52972568
0.52989971
0.53011877
0.53038538
0.53063959
0.53088058
0.53114269
0.53140266
0.53165931
0.53191108
0.53208897
0.53232038
0.53255277
0.53281948
0.53304238
0.53330445
0.53352049
0.53376158
0.53400263
0.53426997
0.53446174
0.53473767
0.53496882
0.53524913
0.53552616
0.53579075
0.53604135
0.53631003
0.53649400
0.53674548
0.53705491
0.53728555
0.53754205
0.53772736
0.53795518
0.53817790
0.53845978
0.53867808
0.53896382
0.53921363
0.53949518
0.53975907
0.54006762
0.54033903
0.54057636
0.54089364
0.54106516
0.54131435
0.54158721
0.54177913
0.54202756
0.54224839
0.54248195
0.54271093
0.54294019
0.54321707
0.54345586
0.54370664
0.54399334
0.54426722
0.54451058
0.54477155
0.54499492
0.54526699
0.54549737
0.54574969
0.54600884
0.54619189
0.54640900
0.54664803
0.54687165
0.54714073
0.54742494
0.54767287
0.54787324
0.54811548
0.54832733
0.54853276
0.54873463
0.54896021
0.54917290
0.54943515
0.54968176
0.54990951
0.55020956
0.55043731
0.55069835
0.55098721
0.55118192
0.55147028
0.55167973
0.55194146
0.55216856
0.55247824
0.55273219
0.55296746
0.55321184
0.55343888
0.55372876
0.55401100
0.55418008
0.55444182
0.55466777
0.55495165
0.55521160
0.55550655
0.55573480
0.55601890
0.55628877
0.55650338
0.55676736
0.55700127
0.55725231
0.55749176
0.55779503
0.55800526
0.55827852
0.55848046
0.55869046
0.55891502
0.55914882
0.55941083
0.55967193
0.55994131
0.56024041
0.56043008
0.56068280
0.56087622
0.56114817
0.56144338
0.56167482
0.56189163
0.56213597
0.56242044
0.56268145
0.56294160
0.56320668
0.56336709
0.56356865
0.56380366
0.56409026
0.56430295
0.56457639
0.56480939
0.56505235
0.56533779
0.56554079
0.56575856
0.56602409
0.56627871
0.56653258
0.56681972
0.56702633
0.56729163
0.56757136
0.56783138
0.56806508
0.56828688
0.56857462
0.56886997
0.56907384
0.56931382
0.56958282
0.56981694
0.57003908
0.57036115
0.57061085
0.57084389
0.57111073
0.57141900
0.57163247
0.57187507
0.57209341
0.57239431
0.57264767
0.57288648
0.57309113
0.57335130
0.57360242
0.57385833
0.57413355
0.57439421
0.57467230
0.57495050
0.57518884
0.57544593
0.57569148
0.57591069
0.57619551
0.57645804
0.57672206
0.57696180
0.57716177
0.57742941
0.57765200
0.57787364
0.57812830
0.57843030
0.57872581
0.57897171
0.57919469
0.57940856
0.57965046
0.57985449
0.58007609
0.58034645
0.58060847
0.58087193
0.58121246
0.58150046
0.58180812
0.58205739
0.58234340
0.58254121
0.58277499
0.58296748
0.58323069
0.58347182
0.58372555
0.58394115
0.58417047
0.58434068
0.58448948
0.58467965
0.58490301
0.58516409
0.58536925
0.58561061
0.58581154
0.58606800
0.58626842
0.58656381
0.58679459
0.58701571
0.58726364
0.58751861
0.58770943
0.58798474
0.58828770
0.58851377
0.58878191
0.58899930
0.58923253
0.58948535
0.58974866
0.59002088
0.59029500
0.59055262
0.59083408
0.59098913
0.59124563
0.59148896
0.59167371
0.59194042
0.59215724
0.59236238
0.59262623
0.59286880
0.59308354
0.59332970
0.59358287
0.59379828
0.59405220
0.59433023
0.59459927
0.59481307
0.59504594
0.59531002
0.59558781
0.59587047
0.59608750
0.59636298
0.59656809
0.59683025
0.59708111
0.59731008
0.59749359
0.59775091
0.59798999
0.59827000
0.59853964
0.59876534
0.59904695
0.59926107
0.59953161
0.59976696
0.60001313
0.60028455
0.60054506
0.60079425
0.60108206
0.60132999
0.60160830
0.60182682
0.60207766
0.60226050
0.60243591
0.60267629
0.60293273
0.60317954
0.60342202
0.60363031
0.60387137
0.60412288
0.60444755
0.60468249
0.60485866
0.60509379
0.60535022
0.60557695
0.60581144
0.60601463
0.60621207
0.60650925
0.60674217
0.60703526
0.60730320
0.60755380
0.60783499
0.60811813
0.60834478
0.60853956
0.60876460
0.60896060
0.60924321
0.60953706
0.60979506
0.61008665
0.61026745
0.61054983
0.61079621
0.61106043
0.61134056
0.61156373
0.61180022
0.61197193
0.61217831
0.61240125
0.61259188
0.61285093
0.61309676
0.61329481
0.61354068
0.61379995
0.61409096
0.61433979
0.61455850
0.61479950
0.61500891
0.61518920
0.61544495
0.61567895
0.61586285
0.61607311
0.61632667
0.61656312
0.61676069
0.61704729
0.61728589
0.61754748
0.61773664
0.61796802
0.61817637
0.61844968
0.61869681
0.61896698
0.61921560
0.61945462
0.61964431
0.61990932
0.62015574
0.62040745
0.62063143
0.62088054
0.62113079
0.62134389
0.62157857
0.62184048
0.62208446
0.62233560
0.62259277
0.62281172
0.62303933
0.62328757
0.62354218
0.62384018
0.62408260
0.62432408
0.62454376
0.62487352
0.62510688
0.62539654
0.62561851
0.62586517
0.62613283
0.62640303
0.62666242
0.62688463
0.62709646
0.62734232
0.62755035
0.62778712
0.62805077
0.62828875
0.62859244
0.62891623
0.62914296
0.62940724
0.62966877
0.62990880
0.63016932
0.63038765
0.63060650
0.63085413
0.63107167
0.63131425
0.63160332
0.63178687
0.63202224
0.63230464
0.63252341
0.63274633
0.63302653
0.63332672
0.63357565
0.63380411
0.63404104
0.63428812
0.63457935
0.63482870
0.63510263
0.63530437
0.63549474
0.63570412
0.63600784
0.63625360
0.63643868
0.63672283
0.63692056
0.63724827
0.63748414
0.63773121
0.63797327
0.63826767
0.63848297
0.63869311
0.63888185
0.63916448
0.63945699
0.63965028
0.63983250
0.64009325
0.64031810
0.64055785
0.64083278
0.64115764
0.64138470
0.64160696
0.64184086
0.64205729
0.64232114
0.64254195
0.64279710
0.64301864
0.64326592
0.64353504
0.64375562
0.64403955
0.64428485
0.64453468
0.64472761
0.64501874
0.64529402
0.64561524
0.64579322
0.64603941
0.64628979
0.64649514
0.64672512
0.64701453
0.64721895
0.64747962
0.64773218
0.64795197
0.64814120
0.64829945
0.64855281
0.64884597
0.64906239
0.64929040
0.64948710
0.64977063
0.64999937
0.65022865
0.65048749
0.65075911
0.65099426
0.65122858
0.65148290
0.65168830
0.65191947
0.65216791
0.65237354
0.65259397
0.65282934
0.65309393
0.65334825
0.65361140
0.65383771
0.65413778
0.65439573
0.65468288
0.65492658
0.65519278
0.65540699
0.65568612
0.65594246
0.65617567
0.65639507
0.65658689
0.65686775
0.65710761
0.65737396
0.65765556
0.65795731
0.65823666
0.65851275
0.65873881
0.65897521
0.65927148
0.65950371
0.65971269
0.65999203
0.66019503
0.66051268
0.66079576
0.66105318
0.66130619
0.66153102
0.66170086
0.66195175
0.66219219
0.66247795
0.66275099
0.66306609
0.66339262
0.66362053
0.66382524
0.66403669
0.66430577
0.66450542
0.66468747
0.66495701
0.66519958
0.66546472
0.66567654
0.66582924
0.66607558
0.66635556
0.66661732
0.66688097
0.66711794
0.66734294
0.66759862
0.66785737
0.66809035
0.66830918
0.66862117
0.66890587
0.66916641
0.66939479
0.66963406
0.66988011
0.67017328
0.67039087
0.67064381
0.67086566
0.67105702
0.67125031
0.67151725
0.67184648
0.67214179
0.67235388
0.67267697
0.67288724
0.67318239
0.67344037
0.67370367
0.67390592
0.67415655
0.67443606
0.67468618
0.67493686
0.67521666
0.67547386
0.67578165
0.67605435
0.67633142
0.67652299
0.67672750
0.67693635
0.67720867
0.67752106
0.67773613
0.67798601
0.67826298
0.67849010
0.67877974
0.67908774
0.67934782
0.67960295
0.67987435
0.68013708
0.68036049
0.68057135
0.68083750
0.68103735
0.68132646
0.68156853
0.68189714
0.68216810
0.68240438
0.68269863
0.68290974
0.68316451
0.68339559
0.68364195
0.68388670
0.68416745
0.68436222
0.68460950
0.68486860
0.68510872
0.68534094
0.68561268
0.68585752
0.68613353
0.68636198
0.68663644
0.68693695
0.68717783
0.68740178
0.68766028
0.68786524
0.68813278
0.68828586
0.68852115
0.68874722
0.68899677
0.68922455
0.68941712
0.68962627
0.68980676
0.69000823
0.69025114
0.69048182
0.69072966
0.69096776
0.69120228
0.69148374
0.69169775
0.69195710
0.69218840
0.69242207
0.69265646
0.69286051
0.69318287
0.69341371
0.69367513
0.69391222
0.69415301
0.69437841
0.69461775
0.69491367
0.69518308
0.69538758
0.69562400
0.69588059
0.69609318
0.69636262
0.69658786
0.69681322
0.69710959
0.69735928
0.69764276
0.69782788
0.69812547
0.69841728
0.69865602
0.69883924
0.69908536
0.69928770
0.69957048
0.69978073
0.70001117
0.70029087
0.70055030
0.70074556
0.70102198
0.70134034
0.70160025
0.70184460
0.70211073
0.70225235
0.70249094
0.70271441
0.70298471
0.70321081
0.70348977
0.70371292
0.70391749
0.70420412
0.70445479
0.70469456
0.70497883
0.70523019
0.70550132
0.70578770
0.70602360
0.70623107
0.70646507
0.70667963
0.70692530
0.70718366
0.70745455
0.70766463
0.70793418
0.70817978
0.70847762
0.70882835
0.70910764
0.70934857
0.70957527
0.70980055
0.71003796
0.71026812
0.71050486
0.71074126
0.71093004
0.71120626
0.71153062
0.71171809
0.71192650
0.71214519
0.71239019
0.71267059
0.71287116
0.71310727
0.71332690
0.71355302
0.71381727
0.71403518
0.71426025
0.71450804
0.71477150
0.71502303
0.71524094
0.71556706
0.71582290
0.71608043
0.71633776
0.71656852
0.71681582
0.71707130
0.71728640
0.71755206
0.71777878
0.71805188
0.71832584
0.71862533
0.71888124
0.71910453
0.71932166
0.71953909
0.71979629
0.72000746
0.72019072
0.72045202
0.72072174
0.72096868
0.72125418
0.72151366
0.72178010
0.72207320
0.72228515
0.72250034
0.72271147
0.72298895
0.72321945
0.72344833
0.72370028
0.72395527
0.72418687
0.72444284
0.72472899
0.72499048
0.72527977
0.72547029
0.72573779
0.72602159
0.72625970
0.72650245
0.72668807
0.72695325
0.72719798
0.72744222
0.72770458
0.72798232
0.72826727
0.72852597
0.72882030
0.72905850
0.72934324
0.72959745
0.72993137
0.73017370
0.73041546
0.73064535
0.73091977
0.73116563
0.73143742
0.73170063
0.73193822
0.73216595
0.73241656
0.73266068
0.73285356
0.73309248
0.73333404
0.73357474
0.73384656
0.73411077
0.73439217
0.73461714
0.73484317
0.73509108
0.73526805
0.73556548
0.73582210
0.73605310
0.73625842
0.73655079
0.73682836
0.73707907
0.73734134
0.73756102
0.73788126
0.73809832
0.73836685
0.73863389
0.73882506
0.73912312
0.73935091
0.73957006
0.73982840
0.74012451
0.74035712
0.74061079
0.74084114
0.74110514
0.74135132
0.74156429
0.74180299
0.74203304
0.74229267
0.74247207
0.74262617
0.74287930
0.74311171
0.74334331
0.74358226
0.74379713
0.74401597
0.74431352
0.74453102
0.74477219
0.74501551
0.74527103
0.74543266
0.74567792
0.74589858
0.74618690
0.74646753
0.74673714
0.74699089
0.74720810
0.74749940
0.74769759
0.74795369
0.74824682
0.74853409
0.74875722
0.74892686
0.74914219
0.74939835
0.74966916
0.74987506
0.75016074
0.75037405
0.75065879
0.75088130
0.75111560
0.75138121
0.75165892
0.75191446
0.75215773
0.75236800
0.75258452
0.75282050
0.75308909
0.75330684
0.75355359
0.75393719
0.75419773
0.75448609
0.75471776
0.75495567
0.75518603
0.75537863
0.75556111
0.75576518
0.75605864
0.75625985
0.75643021
0.75662089
0.75693421
0.75718131
0.75734585
0.75758814
0.75781457
0.75805081
0.75835969
0.75859925
0.75879949
0.75903218
0.75928030
0.75953659
0.75978383
0.76002697
0.76032463
0.76063540
0.76082604
0.76103755
0.76126413
0.76155267
0.76180581
0.76203931
0.76227014
0.76252998
0.76279659
0.76305473
0.76330290
0.76348545
0.76374586
0.76402326
0.76429492
0.76451654
0.76468011
0.76496397
0.76524837
0.76546872
0.76569690
0.76592865
0.76618642
0.76641214
0.76673685
0.76695470
0.76717902
0.76738175
0.76760930
0.76792679
0.76820532
0.76844315
0.76863748
0.76881969
0.76903698
0.76929993
0.76956337
0.76982377
0.77011058
0.77033739
0.77063124
0.77083650
0.77113464
0.77147301
0.77167167
0.77193368
0.77221209
0.77246250
0.77277428
0.77303542
0.77334801
0.77365635
0.77387310
0.77408461
0.77433254
0.77462527
0.77484582
0.77510217
0.77537845
0.77554541
0.77578121
0.77599646
0.77624224
0.77650710
0.77676302
0.77704873
0.77730610
0.77756848
0.77783856
0.77806080
0.77836253
0.77853958
0.77883519
0.77906876
0.77934286
0.77957367
0.77979511
0.78004505
0.78025139
0.78049186
0.78075498
0.78100510
0.78125709
0.78148780
0.78178124
0.78204291
0.78221919
0.78241918
0.78263472
0.78287774
0.78313230
0.78331453
0.78352799
0.78380878
0.78407785
0.78431662
0.78455705
0.78481334
0.78508424
0.78527648
0.78553374
0.78580245
0.78604115
0.78636423
0.78658783
0.78689267
0.78711820
0.78735170
0.78761052
0.78784073
0.78807508
0.78829571
0.78863065
0.78882590
0.78905993
0.78934254
0.78956676
0.78981360
0.79009152
0.79037446
0.79062204
0.79086862
0.79110439
0.79130322
0.79157271
0.79181131
0.79206542
0.79229483
0.79255868
0.79272848
0.79299036
0.79325641
0.79350388
0.79377486
0.79398081
0.79420820
0.79442181
0.79464911
0.79485260
0.79507965
0.79527458
0.79549368
0.79578795
0.79602393
0.79624506
0.79648457
0.79677242
0.79699525
0.79728839
0.79744249
0.79768301
0.79791106
0.79813459
0.79834858
0.79862148
0.79884226
0.79909315
0.79933147
0.79962104
0.79993517
0.80016085
0.80038720
0.80062194
0.80085285
0.80108807
0.80127044
0.80150067
0.80172598
0.80197912
0.80226335
0.80255911
0.80279292
0.80300340
0.80327792
0.80356813
0.80385620
0.80411471
0.80430017
0.80445148
0.80467796
0.80491561
0.80519455
0.80538207
0.80566081
0.80586153
0.80609931
0.80637165
0.80658181
0.80683544
0.80713819
0.80739194
0.80764745
0.80790659
0.80808708
0.80833569
0.80863024
0.80886853
0.80913561
0.80939457
0.80968087
0.80995534
0.81021279
0.81038307
0.81064133
0.81084718
0.81111633
0.81141535
0.81160099
0.81187480
0.81213488
0.81241347
0.81268231
0.81295451
0.81320204
0.81342018
0.81368063
0.81390210
0.81415489
0.81435414
0.81461420
0.81487549
0.81512447
0.81536361
0.81558121
0.81582288
0.81610381
0.81643509
0.81669161
0.81690091
0.81714644
0.81739571
0.81760807
0.81789493
0.81808517
0.81829112
0.81855557
0.81881225
0.81903282
0.81928021
0.81956725
0.81974040
0.81997378
0.82013679
0.82038166
0.82068620
0.82095970
0.82122953
0.82148288
0.82170619
0.82198044
0.82224331
0.82249427
0.82273947
0.82294782
0.82311853
0.82336865
0.82369379
0.82397089
0.82425915
0.82446421
0.82472248
0.82497139
0.82522991
0.82552148
0.82573923
0.82593519
0.82617404
0.82641719
0.82671680
0.82695260
0.82722472
0.82743719
0.82769758
0.82793359
0.82814744
0.82842916
0.82866529
0.82889517
0.82909319
0.82933236
0.82951764
0.82980016
0.83004740
0.83027657
0.83056868
0.83081743
0.83102428
0.83132688
0.83154710
0.83173131
0.83199544
0.83228246
0.83255114
0.83281909
0.83313179
0.83329659
0.83350196
0.83375778
0.83396608
0.83418772
0.83444220
0.83470740
0.83494762
0.83515700
0.83537920
0.83561999
0.83588467
0.83612291
0.83639891
0.83663077
0.83687764
0.83711812
0.83734283
0.83753899
0.83776084
0.83796552
0.83819283
0.83842993
0.83868047
0.83887250
0.83910439
0.83929097
0.83953353
0.83979523
0.84005915
0.84035427
0.84057805
0.84081941
0.84105093
0.84128723
0.84159519
0.84175752
0.84196775
0.84226154
0.84251280
0.84274455
0.84295686
0.84312022
0.84334482
0.84360364
0.84385134
0.84415779
0.84439693
0.84462746
0.84490568
0.84510229
0.84540279
0.84560682
0.84585060
0.84610528
0.84633216
0.84658203
0.84684433
0.84706314
0.84734002
0.84762171
0.84789268
0.84815752
0.84841196
0.84868818
0.84891075
0.84917231
0.84939210
0.84964139
0.84982874
0.85009670
0.85040049
0.85071282
0.85092089
0.85118022
0.85142793
0.85163448
0.85187415
0.85209410
0.85233140
0.85250487
0.85269874
0.85295539
0.85324171
0.85343039
0.85364603
0.85386677
0.85409433
0.85438873
0.85463623
0.85483837
0.85506717
0.85528877
0.85552266
0.85576296
0.85609534
0.85638264
0.85665856
0.85691752
0.85718447
0.85742896
0.85763488
0.85788801
0.85812723
0.85837580
0.85864631
0.85897636
0.85920424
0.85952746
0.85974921
0.85995477
0.86018299
0.86043381
0.86071560
0.86101287
0.86128855
0.86155670
0.86176161
0.86200524
0.86226488
0.86257834
0.86284465
0.86311836
0.86330269
0.86354283
0.86375584
0.86405012
0.86433134
0.86455423
0.86476611
0.86495723
0.86514360
0.86535038
0.86560207
0.86586061
0.86613400
0.86641615
0.86673714
0.86698954
0.86719449
0.86743841
0.86766945
0.86796637
0.86818335
0.86841999
0.86863170
0.86891747
0.86919844
0.86943470
0.86967015
0.86995552
0.87016124
0.87050834
0.87075649
0.87107038
0.87132084
0.87156126
0.87183836
0.87215762
0.87238492
0.87264584
0.87291642
0.87322498
0.87353376
0.87376119
0.87394660
0.87417364
0.87442342
0.87472307
0.87493876
0.87521708
0.87548527
0.87568679
0.87588690
0.87618530
0.87644112
0.87669230
0.87694990
0.87723464
0.87742384
0.87769224
0.87793805
0.87821693
0.87845716
0.87864459
0.87888566
0.87916299
0.87942991
0.87967833
0.87993803
0.88017971
0.88046223
0.88070078
0.88091669
0.88117937
0.88143833
0.88173106
0.88196207
0.88217423
0.88248686
0.88272793
0.88296769
0.88326134
0.88350684
0.88378539
0.88400206
0.88431427
0.88454535
0.88481958
0.88504994
0.88528541
0.88549907
0.88577268
0.88608080
0.88625629
0.88654028
0.88676486
0.88700423
0.88722334
0.88742019
0.88765745
0.88790006
0.88812908
0.88833630
0.88862823
0.88888312
0.88912005
0.88936588
0.88960172
0.88985192
0.89008833
0.89034558
0.89065120
0.89095604
0.89118209
0.89138939
0.89163861
0.89185576
0.89213722
0.89241680
0.89267621
0.89294808
0.89320954
0.89345975
0.89373887
0.89396238
0.89413681
0.89432972
0.89460807
0.89488538
0.89514169
0.89529599
0.89551127
0.89575883
0.89602458
0.89627607
0.89655396
0.89681455
0.89698312
0.89726026
0.89749147
0.89773609
0.89796499
0.89824157
0.89845905
0.89866575
0.89884710
0.89905970
0.89931771
0.89958613
0.89981832
0.90003948
0.90031379
0.90058438
0.90080487
0.90104216
0.90122910
0.90143076
0.90163839
0.90190010
0.90214362
0.90245629
0.90266756
0.90288594
0.90314212
0.90340965
0.90368897
0.90395379
0.90421603
0.90446519
0.90474107
0.90498467
0.90517563
0.90539164
0.90563679
0.90593850
0.90614088
0.90639297
0.90663881
0.90692900
0.90711096
0.90740427
0.90762405
0.90787686
0.90811654
0.90836133
0.90868409
0.90886060
0.90907535
0.90936555
0.90958187
0.90981750
0.91011777
0.91036681
0.91058135
0.91083766
0.91104169
0.91133876
0.91149888
0.91175567
0.91198458
0.91221793
0.91247188
0.91275319
0.91297356
0.91324274
0.91352373
0.91375866
0.91402603
0.91422663
0.91455550
0.91486164
0.91513524
0.91536930
0.91557306
0.91579168
0.91606786
0.91630675
0.91659494
0.91688518
0.91709590
0.91733142
0.91762062
0.91785973
0.91813621
0.91839328
0.91861595
0.91886519
0.91920683
0.91938750
0.91963555
0.91980094
0.92003624
0.92029692
0.92054167
0.92080013
0.92100180
0.92129029
0.92153930
0.92176233
0.92203621
0.92224408
0.92244180
0.92273902
0.92294220
0.92319335
0.92340221
0.92364019
0.92384052
0.92407387
0.92432714
0.92462454
0.92489682
0.92520628
0.92546604
0.92569400
0.92597790
0.92623907
0.92646786
0.92670806
0.92697297
0.92720055
0.92746549
0.92775050
0.92800166
0.92826659
0.92848588
0.92872793
0.92899372
0.92920172
0.92943875
0.92969341
0.92991033
0.93013619
0.93040998
0.93069450
0.93097216
0.93125003
0.93146216
0.93170338
0.93196271
0.93220811
0.93246137
0.93270411
0.93292845
0.93317793
0.93339985
0.93363891
0.93390054
0.93415590
0.93434441
0.93465273
0.93490464
0.93519663
0.93541555
0.93571080
0.93593850
0.93615982
0.93640023
0.93664459
0.93687157
0.93706215
0.93730660
0.93755913
0.93783207
0.93806136
0.93829495
0.93854921
0.93884095
0.93912198
0.93936082
0.93962364
0.93988089
0.94010281
0.94036577
0.94058855
0.94079972
0.94100112
0.94126983
0.94151767
0.94179580
0.94204757
0.94230858
0.94257703
0.94287390
0.94312872
0.94337710
0.94364345
0.94384456
0.94410865
0.94431592
0.94457696
0.94483828
0.94504187
0.94530094
0.94553709
0.94574901
0.94602471
0.94621992
0.94639500
0.94669843
0.94690544
0.94716990
0.94742182
0.94764566
0.94789590
0.94816190
0.94844679
0.94873430
0.94896035
0.94917411
0.94939172
0.94966179
0.94990529
0.95008801
0.95036344
0.95059306
0.95087682
0.95120527
0.95138040
0.95164717
0.95183840
0.95210034
0.95238693
0.95262744
0.95281469
0.95303259
0.95326866
0.95350909
0.95374330
0.95399759
0.95425178
0.95448017
0.95470154
0.95495387
0.95517669
0.95539405
0.95566112
0.95592876
0.95621655
0.95644117
0.95665744
0.95691101
0.95708217
0.95733692
0.95757936
0.95787100
0.95811246
0.95830272
0.95859406
0.95878763
0.95907671
0.95932183
0.95954778
0.95983651
0.96005573
0.96028731
0.96050097
0.96072361
0.96100853
0.96121117
0.96145374
0.96174385
0.96205646
0.96234865
0.96259489
0.96276076
0.96294911
0.96316886
0.96339444
0.96366760
0.96389311
0.96411506
0.96435323
0.96460368
0.96483577
0.96506241
0.96532478
0.96558213
0.96584504
0.96607314
0.96633870
0.96660978
0.96688799
0.96706248
0.96727978
0.96747547
0.96764691
0.96786835
0.96811283
0.96830597
0.96859344
0.96879247
0.96897247
0.96921415
0.96944470
0.96968132
0.96992141
0.97014785
0.97037723
0.97062069
0.97087185
0.97115965
0.97140366
0.97167373
0.97188401
0.97208442
0.97237937
0.97266893
0.97283906
0.97307521
0.97330892
0.97352211
0.97378343
0.97402325
0.97423060
0.97446807
0.97471450
0.97495303
0.97522990
0.97553102
0.97583465
0.97608594
0.97627635
0.97657425
0.97681841
0.97703929
0.97729588
0.97755239
0.97779581
0.97807806
0.97827034
0.97855829
0.97877710
0.97897169
0.97919559
0.97946688
0.97973936
0.97999166
0.98021800
0.98045760
0.98068525
0.98095769
0.98119477
0.98141778
0.98164681
0.98189270
0.98211615
0.98235498
0.98261320
0.98286176
0.98309129
0.98337263
0.98362316
0.98392538
0.98415435
0.98437743
0.98461521
0.98486447
0.98511062
0.98533561
0.98566349
0.98589878
0.98611024
0.98634077
0.98658190
0.98686322
0.98711099
0.98737611
0.98763178
0.98792173
0.98822760
0.98850969
0.98874991
0.98892468
0.98911504
0.98936290
0.98959225
0.98978502
0.99006184
0.99037099
0.99061409
0.99086389
0.99109431
0.99133548
0.99158307
0.99174359
0.99197770
0.99223269
0.99243936
0.99270806
0.99292910
0.99314959
0.99335576
0.99361412
0.99388042
0.99411870
0.99434887
0.99457217
0.99478955
0.99502959
0.99524040
0.99556313
0.99582349
0.99608191
0.99630560
0.99649922
0.99671859
0.99696264
0.99721105
0.99747315
0.99768653
0.99788074
0.99816255
0.99840201
0.99864606
0.99887065
0.99913922
0.99935718
0.99956223
0.99983818
0.04963236
