173
589
666
108
62
198
91
943
581
342
219
359
336
166
1026
288
630
853
549
562
361
1
532
40
756
637
440
159
799
1011
830
535
389
267
676
924
847
248
200
96
803
76
50
895
114
773
889
854
433
269
455
578
444
13
702
83
550
445
131
170
113
892
810
349
770
10
732
57
465
428
857
442
882
946
896
181
580
814
541
174
320
1005
153
525
478
797
250
158
385
462
717
139
1020
690
365
886
573
705
97
303
767
828
186
974
655
991
538
300
126
718
432
981
761
955
353
1034
372
985
323
259
1008
164
617
21
805
242
476
762
875
39
23
927
613
424
85
957
36
238
597
472
485
542
1004
735
568
716
367
214
328
189
42
423
177
741
67
471
332
923
127
668
1001
963
411
671
482
557
800
565
652
653
925
335
777
785
691
414
778
310
513
426
315
737
922
678
911
909
583
316
641
151
734
610
387
479
897
399
425
28
362
512
363
236
1016
47
290
383
928
29
1040
876
327
1033
15
721
618
357
611
302
920
837
239
966
503
235
340
563
684
635
220
176
228
209
243
378
720
736
2
56
816
150
844
408
292
370
607
594
380
722
402
834
813
515
704
620
133
586
633
33
860
866
942
711
59
128
793
815
330
44
216
864
393
31
70
809
976
26
872
891
106
204
1025
89
461
132
293
30
190
885
291
324
766
699
784
616
167
449
118
510
244
822
277
995
902
152
724
1010
16
230
188
412
278
522
254
530
246
344
154
806
308
796
656
660
14
35
835
577
427
765
788
681
556
38
374
988
261
519
1032
350
926
469
178
523
782
539
763
979
394
122
104
592
60
738
606
650
347
253
726
227
258
1018
45
604
742
501
156
869
171
11
197
947
438
576
491
546
207
682
346
368
631
419
937
906
1042
1015
497
34
322
481
314
19
852
413
561
193
662
162
301
284
194
712
1031
883
669
870
842
201
629
252
921
640
460
552
352
908
280
249
898
192
488
1017
792
470
81
6
241
598
811
511
1002
846
3
904
694
475
210
755
125
371
1023
651
53
338
986
183
528
873
713
275
459
739
144
677
534
703
801
930
841
910
964
480
789
996
972
1021
490
325
69
231
839
458
395
1012
437
881
993
157
973
558
984
63
619
169
771
494
450
749
384
430
321
582
343
960
688
403
499
429
751
547
285
73
710
526
409
398
531
117
345
672
709
628
596
493
867
351
400
823
24
237
223
107
318
221
101
574
917
987
306
496
877
708
588
1024
657
448
956
817
856
215
585
466
185
781
354
603
934
500
686
643
862
779
808
375
136
638
851
203
812
962
953
390
1014
707
845
309
416
287
233
0
295
272
1029
572
103
1003
950
364
143
305
648
967
195
263
733
66
307
954
945
520
636
975
504
333
743
392
304
929
687
794
769
454
548
880
148
850
405
627
86
473
443
602
879
820
893
41
211
533
489
579
940
918
674
77
79
274
112
355
899
624
731
821
936
865
554
273
100
379
997
959
110
990
836
184
634
377
37
802
1027
294
48
695
226
356
938
25
119
698
701
396
608
983
506
422
878
196
798
952
753
120
434
706
544
142
311
680
621
245
758
760
145
989
1013
1035
268
105
46
12
646
94
661
665
571
786
64
673
373
590
958
130
1036
999
4
74
264
783
536
508
296
137
569
299
848
819
843
992
696
747
970
206
861
111
645
537
868
415
764
545
529
32
468
740
