1999
1681
13377
2730
137
2783
933
2749
3967
1089
934
809
4109
8199
5159
1031
17
5579
5853
818
1141
794
130
36
201
77
29
628
2849
2401
771
931
101
3793
637
461
3125
9963
5400
5702
71
2804
1866
2805
4354
445
4282
811
74
1168
1325
746
2724
39
4744
7568
119
277
108
3716
1389
3890
4862
2906
3806
4060
2042
23
2975
1431
3867
227
4693
2271
1524
780
3524
4047
348
3278
3854
242
55
792
88
2868
1612
1388
3934
1487
870
3874
863
3864
3397
311
2879
282
2163
3892
2295
353
3868
87
7088
657
1387
613
1770
3809
2851
57
679
89
4787
218
317
6533
205
9404
8445
732
591
2811
3818
3862
202
216
748
26
5879
439
4541
7172
4595
10070
10130
470
9
6198
171
2657
665
231
880
4121
1417
58
755
3875
1938
10122
291
5290
208
1056
5299
4247
2850
5211
4638
1375
578
131
3693
3898
528
3839
182
1044
733
2872
4783
2216
195
428
83
2922
3794
54
3762
986
5928
4303
3914
3378
183
807
803
4804
515
902
4974
431
4530
2832
605
10048
1535
2484
238
482
4889
4254
8647
9854
511
2002
1458
3293
751
2817
10125
2852
430
220
1703
212
452
2728
5769
6163
93
337
457
1803
4526
1409
3677
702
561
9090
3999
3761
4521
3683
2184
3871
5537
850
97
8495
7
1783
4448
415
391
11459
6371
3015
3876
156
7354
3812
2651
2781
147
7102
762
9937
3829
819
713
1677
4334
4100
435
699
2725
153
148
767
1529
273
5373
1981
8968
1980
1482
1412
107
3833
225
8502
124
2109
3468
4348
5823
5435
3384
806
1074
4714
4276
307
510
6469
112
810
3402
5673
761
4418
365
4561
1421
1726
109
2653
896
843
957
766
327
567
5993
573
522
1881
2545
211
448
123
621
1473
2855
158
9962
3478
987
10126
2562
694
429
5641
3096
2576
6100
422
5240
6355
6364
6435
7256
2468
3757
3772
3877
594
756
3847
1435
10369
3803
3872
4715
673
10123
4373
5184
6973
739
3899
1787
4809
839
194
3703
5900
10127
4706
1752
9667
1464
357
47
38
3859
2449
240
1043
4406
2648
4020
2994
3869
973
731
6068
588
4248
2248
497
3121
261
3181
891
4029
11582
5864
4142
8629
672
2952
2235
67
410
10092
9978
10463
5988
3123
278
6405
1088
3707
16249
3391
667
3913
2336
407
988
500
5069
146
1561
4134
1042
1068
2361
299
8047
351
3060
179
14669
2839
4739
3211
585
6271
4781
207
5230
259
3804
6349
4170
4108
3706
911
8671
4165
2900
8652
222
1452
2755
824
82
375
2369
279
2176
4931
8562
143
51
161
947
1862
139
3704
3169
4261
3679
3631
3639
4409
8619
5071
3799
3819
1
2876
486
6436
791
3020
833
3984
5156
3362
641
6203
4295
5598
7370
2865
7870
230
2834
2673
6093
961
10228
659
1402
772
2416
2472
4300
4459
189
3055
6483
2060
2497
2155
478
305
4659
5877
1968
3805
2814
1953
384
6052
834
7203
3680
4816
4119
5279
4440
4011
1069
5473
3752
1156
5921
1823
2977
3963
3179
862
6904
1767
363
3792
272
2179
507
456
2535
3855
1408
243
3442
4954
458
449
5349
8953
8951
1890
4302
4738
893
11620
4120
8428
1835
3431
248
169
9082
2833
691
11
531
3801
8468
297
1800
617
4350
309
868
925
684
3322
160
2035
1356
1722
4215
10852
3943
1829
3946
4217
343
3093
3906
3390
636
3831
163
582
3753
2107
3066
3224
136
414
408
3231
60
547
10129
6132
4517
2087
1851
908
4813
2641
6838
3684
4079
693
4123
689
2769
110
1802
2778
935
3837
1404
10
4929
3168
2869
4148
4145
79
523
568
254
383
764
1995
10440
4665
8586
255
6992
2916
3926
7192
2714
490
2759
960
1041
3993
6085
1486
4357
4720
390
859
1673
3959
2828
3991
443
2793
206
3760
3810
2299
2074
138
90
5470
3274
2999
98
176
747
1475
3497
674
3977
2877
6308
5814
3064
3882
4649
3002
362
3
1009
799
3979
3515
487
2884
2885
376
2351
4601
814
2280
338
3832
237
953
2240
5374
4043
4075
1933
3122
3603
3433
7695
5196
6746
1046
3335
1955
3637
2027
5121
388
1755
6692
1967
7142
897
1082
1049
1037
852
749
765
599
10384
3826
2696
11000
3198
3493
1952
2912
99
149
2246
103
1440
8
1655
876
7434
264
4673
5491
708
464
466
6185
168
706
705
4122
8412
3645
801
7047
6598
871
3104
4848
7179
2991
704
2465
4407
600
5454
4151
967
4987
5548
558
2862
2904
3557
1395
4367
434
3549
2888
921
2878
2875
655
6537
8394
1494
6612
197
3099
3987
4802
2974
14820
4347
283
292
5306
1708
3244
790
7840
3037
5849
2259
4982
4941
4823
2639
15
329
1457
1847
122
3412
3922
1779
9865
3756
475
3700
5353
5789
8504
2776
4928
820
4136
35
3499
940
6496
304
2763
1480
4488
1423
4149
2624
4564
6445
3971
1522
64
4849
4127
4443
8194
878
563
3858
324
325
2132
990
8042
3740
675
4736
3836
1693
550
4777
2941
3702
3701
4426
1416
5120
2050
432
606
501
6576
3763
140
489
1531
2501
356
3863
3361
1520
602
1682
2741
3130
2930
4092
2953
1102
499
3642
471
1724
2768
3323
8565
7383
1162
1054
2874
918
3183
7722
4116
3039
3031
1075
2807
2726
3551
904
3071
3076
70
2374
7952
2890
1875
1445
2887
223
5801
4015
559
2762
4991
7820
951
2840
120
8417
5669
2094
8712
5303
901
763
210
3577
1541
7731
12290
785
203
6727
4868
570
4360
631
890
386
832
5209
2928
3743
6152
6854
1080
1392
3709
8429
2111
3479
1161
3824
215
438
3257
2988
2262
1936
1832
453
556
4278
4677
4013
716
1946
1095
982
11792
3905
4514
3558
5060
335
308
6341
2901
736
477
4017
4256
234
6548
187
800
288
2322
10206
1957
1563
1010
114
1145
1086
164
593
2197
885
4062
3607
3746
7855
0
5013
2720
7162
2821
4057
72
4016
5191
3925
204
2614
1695
3811
4737
5404
1985
1627
9993
86
406
5289
5095
8424
4515
4107
4155
4154
3344
3398
3681
2357
8030
4349
6834
6427
4115
5305
2015
1040
709
12499
643
2541
6990
7176
788
6628
41
4451
692
1864
4516
274
4112
6681
5102
2736
6027
1064
404
5727
8506
1772
542
4723
1120
4383
926
4936
5000
4874
5103
5257
2715
6872
10019
10196
6829
4492
2233
2224
2305
2546
175
4076
84
134
502
647
1503
4195
4691
2700
4921
4545
16131
5199
3599
939
1691
6295
3205
3889
4842
943
4482
2075
9277
2601
2733
1153
847
459
1679
8290
898
2101
5393
6304
319
3938
244
6247
1134
1059
1687
545
2376
1799
2772
7204
3944
4198
200
6320
2091
7100
293
4489
1768
15373
1011
1016
3896
4172
7705
7948
8375
1562
2722
3672
830
4380
7694
6177
7551
6326
53
4227
724
1065
6639
4400
5077
892
681
1123
8401
401
2017
2445
2144
4609
5210
7579
540
5949
546
577
1111
6278
2699
11574
11024
1126
3519
421
419
527
5750
5322
6340
31
12910
5722
354
333
2761
504
2743
4308
19
996
6153
8151
7347
646
6911
6734
1571
9657
5379
1895
11577
4532
2854
5161
6305
534
69
2340
4457
4826
413
6978
4425
8483
1588
6592
4030
827
580
4876
5203
1084
6704
8588
1809
875
5654
5424
7224
4980
63
950
2970
654
3081
10573
6549
3990
6221
3957
1911
3065
6620
2409
4096
11588
6902
4788
945
7874
6760
7458
11604
345
15361
1005
3699
10986
341
11337
11532
3080
2575
618
9938
4031
5261
4220
1678
5064
3263
3712
1559
4722
4933
1593
4557
8348
5214
8342
959
603
6230
3828
2746
316
3509
6473
6697
1573
92
4910
4798
1498
2881
1648
7801
312
533
281
310
2886
4771
2223
5858
126
6752
5174
6951
9129
180
954
4682
10248
9984
7677
11496
10158
864
13348
9295
12256
2524
6170
10163
4473
6937
8169
538
8080
2873
7372
8958
1858
6115
7271
4725
5158
7106
6539
1071
5862
4508
2829
553
4500
2481
7186
1101
6646
7567
525
7724
11796
8236
1165
4646
3738
6969
1105
15699
10439
575
2891
985
14195
4117
4573
10785
2782
5777
6456
7221
1026
6021
3396
12781
233
712
2640
993
4250
5138
5155
1038
1663
369
1442
2771
622
895
4962
866
9797
1463
4467
6572
2721
3710
3643
4189
3598
4730
44
775
6370
5989
12628
14407
782
886
2083
2025
5870
3830
1943
3622
881
815
13783
6504
4575
11219
783
6158
6786
552
6917
12679
2406
8450
7244
3789
8729
741
14350
11460
4786
2509
209
14358
916
5218
1469
15767
6788
596
4423
2693
385
774
1072
8426
6429
6274
11315
1020
6280
8870
5165
4589
4370
3338
224
4948
473
3085
2498
3138
6889
4379
400
1484
4196
6034
2040
3972
7036
6420
1167
8522
249
7447
8642
10269
7699
700
4273
10336
7025
7798
5827
5147
8338
484
9397
4416
6635
4153
8526
6953
7746
6580
7683
742
1626
1806
5152
4853
3807
6089
770
6820
2801
703
1852
382
2456
3131
2275
1406
9143
4681
6393
6688
15094
412
3937
3751
9686
2343
4199
5642
3617
3588
1092
3226
1556
10099
8415
661
361
1488
9758
6256
2610
4555
4069
4413
1517
167
853
2029
6651
4569
8077
235
604
6138
1846
4951
2113
5020
2756
1147
3256
8648
1466
846
781
3646
6833
22
5223
1715
9359
1098
5392
4756
7486
5376
3903
24
5610
56
4560
2297
6
2819
4499
3272
883
4711
21
5365
16700
2108
3817
15146
1061
938
3027
66
1558
7734
3331
13243
10251
3823
476
5269
10045
6860
7045
3102
3097
8684
3035
2130
1842
2359
6812
3731
450
416
1091
7158
8049
1586
760
6121
4003
1614
4606
6028
78
2708
8815
3268
7717
10550
8608
5047
2667
4676
5022
9426
9483
6208
5430
6495
2650
14991
981
6920
838
8274
1155
835
447
8574
61
8142
7983
7857
3413
5538
4825
4697
7986
8505
4524
446
798
750
266
106
2790
14930
11552
7830
3158
9057
4837
7516
6091
5545
6434
405
14125
4372
6179
650
5033
1515
3814
8872
7688
4106
6497
12577
145
3857
4629
4751
5558
14644
1063
974
17959
9008
6387
7596
7749
4970
4204
4387
6097
9961
2047
9972
1505
3550
615
2615
1990
10968
3149
5434
6687
7299
1158
2889
1698
10074
3106
710
8119
6929
437
826
7129
10545
3842
8225
4527
9375
42
3816
5088
8343
4850
2717
5718
2592
10572
10574
4815
9774
5494
4268
3932
1128
1368
597
6310
3840
686
9739
8188
5216
2136
5516
12365
11286
1456
3492
955
2671
7809
4869
5286
6383
14355
7394
80
14984
8368
2792
2430
5027
2370
3981
8739
16497
872
8198
5733
9979
6385
1568
707
113
609
4028
3150
7208
8715
1996
2705
8073
3372
2718
4082
4071
4924
1426
7689
6145
11782
611
6807
797
2827
2846
9294
14739
4600
3897
276
752
8970
3548
9951
1560
625
3983
8319
4260
4653
1637
1757
4892
964
7293
1119
1760
1801
7756
6556
2500
7010
6691
294
683
4291
2254
4997
3044
1087
326
7513
744
5010
3127
1454
172
743
331
4748
9949
3094
779
5116
4988
2709
900
4507
10878
8407
5566
1048
639
7752
1018
4558
5096
3208
10142
11248
7400
10907
2191
373
737
2895
8349
5284
2687
245
10046
253
564
6134
4022
6516
1374
4026
492
16492
491
787
5422
4486
1077
258
6634
9377
2774
14961
9078
8999
10264
4952
922
7783
4861
828
6065
1477
4298
858
856
6143
7815
7817
12399
9671
