1.00000000
0.99481865
0.98963731
0.98445596
0.97409326
0.96373057
0.94818653
0.94300518
0.93264249
0.92746114
0.92227979
0.90673575
0.90155440
0.89637306
0.88082902
0.87046632
0.86010363
0.84974093
0.84455959
0.83419689
0.82901554
0.81865285
0.80829016
0.80310881
0.79792746
0.79274611
0.78238342
0.77202073
0.75647668
0.75129534
0.74093264
0.73056995
0.71502591
0.70984456
0.68911917
0.68393782
0.67875648
0.66839378
0.66321244
0.65803109
0.64766839
0.64248705
0.63730570
0.63212435
0.62176166
0.61658031
0.60621762
0.60103627
0.59585492
0.59067358
0.58549223
0.57512953
0.56994819
0.56476684
0.55958549
0.55440415
0.54404145
0.53886010
0.53367876
0.50777202
0.50259067
0.49222798
0.48186528
0.47668394
0.47150259
0.45595855
0.44559585
0.43005181
0.42487047
0.40932642
0.39896373
0.37823834
0.36787565
0.35751295
0.34715026
0.34196891
0.32642487
0.32124352
0.31088083
0.30051813
0.29015544
0.26943005
0.24870466
0.18134715
0.17098446
0.16062176
0.11398964
0.10880829
0.10880829
0.10880829
0.08290155
0.03626943
0.02072539
0.02072539
0.02072539
0.02072539
0.02072539
0.02072539
0.02072539
0.02072539
0.02072539
0.02072539
0.01554404
0.01554404
0.00518135
0.00518135
0.00518135
0.00518135
0.00518135
0.00518135
0.00518135
0.00518135
0.00518135
0.00518135
0.00518135
0.00518135
0.00518135
0.00518135
0.00518135
0.00518135
0.00518135
0.00518135
0.00518135
0.00518135
0.00518135
0.00518135
0.00518135
0.00518135
0.00518135
0.00518135
0.00518135
0.00518135
0.00518135
0.00518135
0.00518135
0.00518135
0.00518135
0.00518135
0.00518135
0.00518135
0.00518135
0.00518135
0.00518135
0.00518135
0.00518135
0.00518135
0.00518135
0.00518135
0.00518135
0.00518135
0.00518135
0.00518135
0.00518135
0.00518135
0.00518135
0.00518135
0.00518135
0.00518135
0.00518135
0.00518135
0.00518135
0.00518135
0.00518135
0.00518135
0.00518135
0.00518135
0.00518135
0.00518135
0.00518135
0.00518135
0.00518135
0.00518135
0.00518135
0.00518135
0.00518135
0.00518135
0.00518135
0.00518135
0.00518135
0.00518135
0.00518135
0.00518135
0.00518135
0.00518135
0.00518135
0.00518135
0.00518135
0.00518135
0.00518135
0.00518135
0.00518135
0.00518135
0.00518135
0.00518135
0.00518135
0.00518135
0.00518135
0.00518135
0.00518135
0.00518135
0.00518135
0.00518135
0.00518135
0.00518135
0.00518135
0.00518135
0.00518135
0.00518135
0.00518135
0.00518135
0.00518135
0.00518135
0.00518135
0.00518135
