1.00000000
0.98443580
0.97276265
0.96887160
0.96108949
0.95330739
0.94552529
0.93774319
0.92607004
0.92217899
0.91439689
0.91050584
0.90661479
0.89105058
0.87548638
0.87159533
0.85992218
0.85603113
0.84435798
0.84046693
0.83657588
0.82490272
0.81322957
0.80933852
0.80544747
0.79377432
0.77821012
0.77431907
0.77042802
0.75875486
0.75097276
0.74708171
0.73151751
0.72373541
0.69260700
0.68871595
0.68482490
0.68093385
0.67704280
0.66147860
0.64980545
0.64202335
0.62645914
0.61867704
0.61478599
0.60700389
0.60311284
0.59922179
0.59533074
0.58754864
0.54085603
0.52918288
0.48638132
0.45914397
0.43968872
0.43190661
0.41634241
0.41245136
0.36964981
0.36575875
0.36186770
0.35797665
0.34630350
0.25680934
0.24513619
0.17120623
0.16731518
0.16731518
0.16731518
0.16731518
0.16731518
0.14007782
0.13229572
0.09338521
0.09338521
0.09338521
0.09338521
0.09338521
0.09338521
0.09338521
0.09338521
0.02723735
0.02723735
0.02723735
0.02334630
0.02334630
0.02334630
0.02334630
0.02334630
0.02334630
0.01945525
0.01945525
0.01945525
0.01945525
0.01945525
0.01945525
0.01945525
0.01945525
0.01945525
0.01945525
0.01945525
0.01945525
0.01945525
0.01945525
0.01945525
0.01945525
0.01945525
0.01945525
0.01945525
0.01945525
0.01945525
0.01945525
0.01945525
0.01945525
0.01945525
0.01945525
0.01945525
0.01945525
0.01945525
0.01945525
0.01945525
0.01167315
0.01167315
0.01167315
0.01167315
0.01167315
0.00389105
0.00389105
0.00389105
0.00389105
0.00389105
0.00389105
0.00389105
0.00389105
0.00389105
0.00389105
0.00389105
0.00389105
0.00389105
0.00389105
0.00389105
0.00389105
0.00389105
0.00389105
0.00389105
0.00389105
0.00389105
0.00389105
0.00389105
0.00389105
0.00389105
0.00389105
0.00389105
0.00389105
0.00389105
0.00389105
0.00389105
0.00389105
0.00389105
0.00389105
0.00389105
0.00389105
0.00389105
0.00389105
0.00389105
0.00389105
0.00389105
0.00389105
0.00389105
0.00389105
0.00389105
0.00389105
0.00389105
0.00389105
0.00389105
0.00389105
0.00389105
0.00389105
0.00389105
0.00389105
0.00389105
0.00389105
0.00389105
0.00389105
0.00389105
0.00389105
0.00389105
0.00389105
0.00389105
0.00389105
0.00389105
0.00389105
0.00389105
0.00389105
0.00389105
0.00389105
0.00389105
0.00389105
0.00389105
0.00389105
0.00389105
0.00389105
0.00389105
0.00389105
0.00389105
0.00389105
0.00389105
0.00389105
0.00389105
0.00389105
0.00389105
0.00389105
0.00389105
0.00389105
0.00389105
0.00389105
0.00389105
0.00389105
0.00389105
0.00389105
0.00389105
0.00389105
0.00389105
0.00389105
0.00389105
0.00389105
0.00389105
0.00389105
0.00389105
0.00389105
0.00389105
0.00389105
0.00389105
0.00389105
0.00389105
0.00389105
0.00389105
0.00389105
0.00389105
0.00389105
0.00389105
0.00389105
0.00389105
0.00389105
0.00389105
0.00389105
0.00389105
0.00389105
0.00389105
0.00389105
0.00389105
0.00389105
0.00389105
0.00389105
0.00389105
0.00389105
0.00389105
0.00389105
0.00389105
0.00389105
0.00389105
0.00389105
0.00389105
0.00389105
0.00389105
0.00389105
0.00389105
0.00389105
0.00389105
0.00389105
0.00389105
0.00389105
0.00389105
0.00389105
0.00389105
0.00389105
0.00389105
0.00389105
0.00389105
