258
1019
1056
1944
390
723
626
601
2335
985
1565
900
513
925
1533
1561
58
374
468
1304
1806
184
1816
446
792
1926
1895
670
524
1170
706
1820
600
3669
769
1146
951
1872
1327
1
1765
1615
1740
663
3610
221
359
1108
695
2130
1263
355
1653
1956
3637
549
618
368
1788
2902
1961
718
1867
2958
1954
1903
1134
266
339
721
508
3630
1712
230
474
707
2195
237
1744
3596
793
1268
2119
1747
1748
1413
1386
478
520
14
1650
1760
1807
209
1784
449
364
185
1397
865
1624
1741
2474
475
83
2509
1323
722
161
381
660
815
108
530
101
1838
1538
1745
1654
1522
226
1181
326
797
1846
53
656
784
1133
1912
1859
1870
657
1802
973
111
1752
1804
1791
1443
95
752
590
483
1269
342
290
3418
764
1962
300
688
2149
272
382
345
88
1285
1139
1810
1179
874
0
228
569
321
1151
1100
697
1197
1174
217
1183
895
993
594
124
302
289
1555
1165
701
1866
349
249
1664
484
485
301
1291
5
4
800
2030
3055
937
791
457
171
1173
1279
1022
807
605
1746
942
599
1792
1771
401
1330
885
2
3626
2075
1813
286
195
796
1325
1437
1828
218
1737
191
1830
1010
3620
1281
1889
197
1809
1940
2971
1009
781
1626
794
1288
44
146
2278
338
496
74
2358
2074
1864
933
18
1113
93
128
3
1015
1265
1907
1905
164
2325
2800
2016
122
438
178
1856
293
1900
2853
73
2170
1034
795
1136
1274
1958
1536
3035
1779
1201
608
133
288
492
1080
1726
1198
109
166
2035
1184
876
591
1259
1251
1152
1135
632
1841
693
1915
126
427
1169
174
275
1873
291
1929
678
1774
322
535
1904
46
1825
566
2943
3618
1366
279
1266
1069
1164
25
2067
173
120
533
162
2882
617
2300
1935
915
208
393
352
1947
13
2772
830
431
607
2097
1156
1276
2142
240
67
358
59
1783
1988
264
1735
2197
547
353
728
1724
703
1918
234
2209
3038
1668
1090
296
331
1302
1287
323
1313
1092
1819
1840
1111
172
1645
1836
2150
127
1414
298
151
89
308
193
461
33
1045
1403
29
229
1238
207
257
558
7
1097
406
34
110
529
615
1529
292
220
1024
8
