35
774
39
743
1481
14
553
232
11280
3930
3929
3927
386
68
220
41
9
188
136
20
143
54
206
29
76
474
1868
354
401
262
248
56
59
51
1389
43
507
151
629
2325
1254
3062
3490
858
3928
621
33
1460
3764
81
1354
2658
9658
29344
355
7
593
842
533
149
249
379
17914
10132
80
26
6928
114
3917
4476
1276
460
63
10896
796
4817
1390
64
171
519
2537
214
13242
352
5816
643
30
328
2058
6730
65
3632
350
1926
7252
77
71
28796
6155
2834
154
37
746
426
2705
290
883
427
1
7291
2273
266
165
7217
215
1556
6412
2666
3004
1152
3048
1506
547
1553
3283
4694
13492
580
575
1235
306
2613
1498
15785
17699
4094
394
2
8487
3749
195
3223
1334
2019
69
116
2614
737
8479
173
6809
4820
673
471
603
3838
1422
1839
8485
44
946
3247
10875
1767
9924
8594
885
591
53
498
2045
3724
4045
4524
397
104
1507
6867
2778
85
923
787
20941
6905
3264
1595
3571
444
236
7869
2585
289
1919
5157
1913
609
909
2324
19361
3874
92
2890
8369
8581
1516
11653
33746
25242
15792
1257
1587
368
8168
6968
703
31485
7331
83
902
3923
182
93
641
3225
8486
12390
8577
781
21318
94
7128
13321
13345
161
11461
1151
11
5402
10349
6283
1757
7020
15194
25944
14343
2766
4265
565
1812
5040
1564
2430
1245
492
14561
3883
16687
12798
6886
6692
13298
21816
5611
240
1326
3777
218
230
19530
504
2557
678
17604
6781
2497
654
6323
7603
10244
6438
3973
17
2949
8980
167
32048
12971
1737
5699
6328
31575
548
2924
1260
935
36190
13
15273
4799
1139
6209
55
1338
5167
9503
115
17242
6078
82
18163
9688
1438
343
3542
14126
4796
145
5908
5347
5095
6632
12232
522
489
795
29637
413
2712
13121
34938
9362
1417
24461
2344
627
5009
1127
15939
295
4969
4487
36813
8495
2391
22026
3503
1129
57
813
42570
3248
14940
993
16299
2942
6407
5866
6572
4674
29038
3022
3246
2602
7821
17088
22294
8303
763
28095
5308
22362
18517
16641
90
910
25807
1881
1733
7279
1515
6260
44178
6726
6478
2754
950
5583
9868
7276
25960
5787
26329
6257
4397
2225
24501
2870
8098
11197
7175
9984
1539
8092
4495
25884
17785
9781
979
21322
10677
17854
2663
7245
22574
34897
10804
9491
1315
666
6216
2130
2097
665
467
24360
3114
8857
949
13241
24610
5352
529
3249
7174
882
7094
5457
5385
1744
7180
7193
13447
8601
8214
10686
20540
1634
6201
10185
10139
9623
7192
6924
2457
9579
6931
3245
4669
2708
32098
682
60
7910
2564
18255
48
3132
6205
14223
988
25747
8878
23187
7613
7629
7039
977
10156
700
6037
1475
2025
8952
12227
1695
3988
2879
36783
2352
7564
3171
7768
55720
12742
4502
2555
5423
4919
425
27011
9372
3835
6588
470
25093
27353
20441
6457
43626
4809
537
9094
22313
14290
1299
17306
10482
7536
2313
1555
2762
13638
5291
15892
341
2700
14076
987
39880
12695
28829
8876
19403
5235
4012
4541
8354
41515
17210
9240
11769
5439
1462
5237
4302
8869
1947
21289
1668
20646
28826
24749
29901
43138
33586
7393
18724
9645
436
1487
22266
7811
43697
6643
7635
2644
5659
10327
313
22897
11270
16050
31206
5876
7010
5652
3073
13397
1943
36078
21423
8579
20344
1439
20815
31961
6497
27723
40077
8792
6097
36539
5420
1560
33667
18350
3657
3091
38584
6486
33751
18872
10812
9133
42649
777
12399
441
7148
4240
4630
21897
10282
11286
32051
4638
1994
7062
49363
5757
25292
6281
374
2226
35458
39839
721
6915
1719
582
10154
3325
6910
12891
54523
10640
14447
19128
1208
1133
9496
1611
17857
11403
36784
6844
1572
15412
1500
23351
10063
6640
22508
35440
13706
6052
5286
4692
12769
6887
26410
12032
3389
26529
47118
18626
34664
35548
23410
190
21975
1896
211
3786
2427
33516
10041
51048
4294
12316
34100
25146
20770
9839
18224
1345
23238
36052
3938
3435
11496
11600
5481
12940
5961
23997
10664
17145
14339
5758
10639
6716
45892
33243
6619
6587
13156
44363
9218
1810
5056
3788
22020
28237
25593
2696
50398
852
4763
21082
21965
33714
27806
9068
12138
33117
33055
8021
16387
6749
39239
25441
8554
13276
9328
40428
2561
2284
20008
6471
18067
1920
7609
8572
38223
2516
39857
454
4786
6087
31676
26307
47
28124
6879
2639
5110
13023
44549
7336
965
15462
10301
46532
17633
16088
948
23050
5650
25408
11694
27836
21192
9344
3030
12144
31070
32315
8407
3856
1628
36880
1098
7158
8934
55165
38708
9795
39348
524
49057
1369
30685
6541
15109
345
25319
7990
16181
42151
7306
39741
3170
8793
11633
26098
42718
4836
30091
3937
5727
9174
15484
46177
24913
7595
10614
4036
21524
21105
7857
15721
47943
7108
10375
43083
28904
5164
49387
416
8367
14282
1940
10524
50851
42220
13093
38897
610
2477
7508
6417
5227
7792
8513
4167
15676
14437
14187
2335
2139
5444
23843
47029
5274
6070
766
37500
48295
12172
23451
23709
452
11619
6579
3009
1419
26857
49263
44502
51621
7129
3791
16097
20150
6143
27279
6904
13692
2606
8067
20279
17095
48035
46619
46059
7251
27302
22709
33409
390
29510
1474
10570
35769
18085
8082
113
5025
1918
41640
14761
86
1410
26449
11635
52314
30945
3839
38615
3555
20366
18599
10466
13082
8404
17822
11502
32605
42854
18112
18098
4903
8181
4517
8587
435
22305
8229
994
27097
4637
3947
31885
8361
1465
5783
43866
13844
45098
19118
19001
38084
8953
17096
25797
29771
8011
26514
2181
19772
14500
49366
13560
37493
22834
2005
24947
23702
3365
35838
13214
35096
2827
21880
20289
7555
42199
16384
17750
32481
7683
5014
7951
32548
26343
34435
47408
34652
12827
12896
21812
5794
11337
37169
1414
11566
7353
53405
28299
4052
7400
40005
6503
570
41465
8569
16964
27198
26062
32669
25779
46143
3855
740
4403
4103
41727
8941
47343
21547
287
14363
9356
10395
4321
24648
5943
4478
7501
1443
26708
1731
35283
12655
8312
13368
31936
88
1730
23142
18100
14026
101
14820
7673
9750
18636
16848
7379
13144
32742
18435
21631
25854
52229
33237
2962
2937
36091
14376
36398
8436
30731
8226
8439
48279
7727
878
8429
46577
25502
1400
34627
9297
27050
12081
7170
53892
14904
6731
7312
821
11015
4501
242
9025
9318
8472
54320
42512
2906
6556
55813
51001
7047
5195
12029
5781
6827
6980
6727
31022
31606
52065
141
5888
15246
28571
5895
3956
16303
27320
2586
7878
11077
5713
4761
36641
3008
19466
4429
5094
28001
28858
26966
3027
29905
31320
2815
44171
45977
40694
28139
23398
19122
418
25687
8737
19501
9191
45495
18161
16136
879
32519
9331
25933
52487
34880
25599
39871
17561
6229
8894
9105
12672
6505
17410
15786
38765
32011
27578
7482
6675
13183
38820
12244
46998
18839
43329
11236
16501
50246
13587
6835
389
5302
28863
41769
1019
52577
983
17349
12682
55339
9655
11316
24595
6990
13210
11592
7167
9757
3822
2896
6676
3072
2692
5690
4129
12271
9777
40102
38714
8532
1013
51375
2195
6210
2360
4380
6849
6987
5645
23571
37089
5547
32529
13779
20299
7034
12512
25516
41305
278
48480
17258
43686
38453
50116
8567
16937
16165
5248
1754
4783
45141
18524
22190
24663
12597
9763
13217
13485
18522
7989
25052
5287
10495
407
14773
6377
25942
26308
26855
7531
46840
34918
25466
1316
5461
4344
51095
4426
1585
9293
10346
39229
27633
23138
1768
28352
5374
6035
12324
27437
42487
12586
5930
5342
26951
15444
6036
37381
13396
18808
49414
5817
23883
9842
6262
10233
6318
18664
14340
16424
45574
30785
17000
7436
1823
43897
14939
7260
7106
16139
5428
31835
50661
22702
7396
39846
28589
3086
5646
2858
14324
5567
14895
1449
6703
34225
1996
8288
34828
20881
39055
10178
3897
34546
4617
4573
6408
34251
8881
6733
47954
25995
19214
13003
6301
43365
44776
12526
21212
10128
21330
29718
1511
13112
18700
28039
5196
2969
44639
46068
8142
13663
16871
15620
10348
9643
6368
16115
8038
1554
1797
37124
15697
1699
646
7095
7330
10778
6432
53978
44521
44523
5173
4145
557
5988
35908
36600
38274
19045
35909
