1.000000000000000000e+00
9.959514170040485448e-01
9.919028340080972006e-01
9.878542510121457454e-01
9.838056680161942902e-01
9.797570850202429460e-01
9.676113360323886914e-01
9.554655870445344368e-01
9.514170040485829816e-01
9.433198380566801822e-01
9.392712550607287270e-01
9.311740890688259276e-01
9.271255060728744724e-01
9.149797570850202177e-01
9.068825910931174183e-01
9.028340080971659631e-01
8.987854251012146189e-01
8.947368421052631637e-01
8.906882591093117085e-01
8.866396761133603643e-01
8.825910931174089091e-01
8.542510121457489447e-01
8.502024291497976005e-01
8.380566801619433459e-01
8.340080971659918907e-01
8.218623481781376361e-01
8.178137651821861809e-01
7.854251012145748723e-01
7.773279352226720729e-01
7.651821862348178183e-01
7.530364372469635637e-01
7.489878542510121084e-01
7.449392712550607643e-01
7.368421052631578538e-01
7.327935222672065096e-01
7.327935222672065096e-01
7.165991902834007998e-01
7.125506072874493446e-01
6.923076923076922906e-01
6.720647773279352366e-01
6.032388663967611642e-01
5.991902834008097090e-01
5.668016194331984003e-01
5.506072874493926905e-01
5.506072874493926905e-01
5.465587044534413463e-01
5.425101214574898911e-01
5.384615384615384359e-01
5.344129554655870917e-01
5.263157894736841813e-01
5.263157894736841813e-01
5.263157894736841813e-01
5.182186234817813819e-01
5.101214574898785825e-01
2.834008097165992002e-01
2.834008097165992002e-01
2.672064777327935459e-01
2.672064777327935459e-01
2.672064777327935459e-01
2.672064777327935459e-01
2.672064777327935459e-01
3.643724696356274995e-02
3.643724696356274995e-02
3.643724696356274995e-02
3.643724696356274995e-02
3.643724696356274995e-02
2.834008097165991932e-02
2.834008097165991932e-02
2.834008097165991932e-02
2.834008097165991932e-02
2.429149797570850228e-02
2.429149797570850228e-02
2.429149797570850228e-02
2.429149797570850228e-02
2.429149797570850228e-02
2.429149797570850228e-02
2.429149797570850228e-02
2.429149797570850228e-02
2.429149797570850228e-02
2.429149797570850228e-02
2.429149797570850228e-02
2.429149797570850228e-02
2.429149797570850228e-02
2.429149797570850228e-02
2.429149797570850228e-02
2.429149797570850228e-02
2.429149797570850228e-02
2.429149797570850228e-02
2.429149797570850228e-02
2.429149797570850228e-02
8.097165991902834092e-03
8.097165991902834092e-03
8.097165991902834092e-03
8.097165991902834092e-03
8.097165991902834092e-03
8.097165991902834092e-03
8.097165991902834092e-03
8.097165991902834092e-03
8.097165991902834092e-03
8.097165991902834092e-03
8.097165991902834092e-03
8.097165991902834092e-03
8.097165991902834092e-03
8.097165991902834092e-03
8.097165991902834092e-03
8.097165991902834092e-03
8.097165991902834092e-03
8.097165991902834092e-03
8.097165991902834092e-03
8.097165991902834092e-03
8.097165991902834092e-03
8.097165991902834092e-03
8.097165991902834092e-03
8.097165991902834092e-03
8.097165991902834092e-03
8.097165991902834092e-03
8.097165991902834092e-03
4.048582995951417046e-03
