128
1
130
131
132
133
134
263
136
138
11
12
13
140
141
16
143
18
19
267
21
150
151
271
157
158
160
161
167
168
43
44
171
174
47
175
49
176
53
54
55
56
57
181
59
60
183
185
186
64
65
66
189
68
69
190
71
72
194
197
266
78
269
209
219
225
103
105
110
112
114
115
245
118
249
250
127
0
255
258
261
6
8
265
275
154
41
45
51
182
62
63
191
198
201
75
203
204
205
86
87
88
215
90
216
217
94
95
97
231
109
240
241
242
244
246
119
251
124
253
2
3
4
5
10
14
15
17
20
23
24
25
26
29
40
50
58
61
67
70
73
76
77
79
80
82
83
84
85
89
93
102
104
107
108
113
117
122
125
126
129
135
137
139
144
146
147
148
152
155
156
159
163
165
166
169
170
177
178
179
180
187
188
192
193
195
196
208
212
213
218
221
222
223
226
227
232
233
236
237
252
257
262
268
270
277
259
239
272
28
38
243
264
