1.00000000
0.99481865
0.97927461
0.97409326
0.96891192
0.95854922
0.94300518
0.93782383
0.93264249
0.92746114
0.91191710
0.90673575
0.90155440
0.89637306
0.88601036
0.88082902
0.87564767
0.87046632
0.85492228
0.84974093
0.84455959
0.82901554
0.82383420
0.81865285
0.81347150
0.80829016
0.78756477
0.77720207
0.77202073
0.76165803
0.75647668
0.74611399
0.73575130
0.73056995
0.71502591
0.70984456
0.70466321
0.69948187
0.69430052
0.68393782
0.66839378
0.66321244
0.65803109
0.64766839
0.64248705
0.63212435
0.62694301
0.62176166
0.61658031
0.61139896
0.60621762
0.60103627
0.59067358
0.58549223
0.58031088
0.55958549
0.55440415
0.54922280
0.54404145
0.53886010
0.53367876
0.52331606
0.51813472
0.50777202
0.50259067
0.49222798
0.46632124
0.46113990
0.45595855
0.45077720
0.44041451
0.43005181
0.42487047
0.41450777
0.40932642
0.39896373
0.38341969
0.37823834
0.37305699
0.36787565
0.35751295
0.35233161
0.34715026
0.32642487
0.32124352
0.31088083
0.29533679
0.25906736
0.12953368
0.08290155
0.04663212
0.04663212
0.03108808
0.03108808
0.03108808
0.03108808
0.03108808
0.02072539
0.02072539
0.02072539
0.01554404
0.01554404
0.01554404
0.01554404
0.01554404
0.01554404
0.01554404
0.01554404
0.01554404
0.01554404
0.01554404
0.01554404
0.01554404
0.01554404
0.01554404
0.01554404
0.01554404
0.01554404
0.01554404
0.01554404
0.01554404
0.01554404
0.01554404
0.01554404
0.01554404
0.01554404
0.01554404
0.01554404
0.01554404
0.01554404
0.01554404
0.01554404
0.01554404
0.01554404
0.01554404
0.01554404
0.01554404
0.01554404
0.01554404
0.01554404
0.01554404
0.01554404
0.01554404
0.01554404
0.01554404
0.01554404
0.01554404
0.01554404
0.01554404
0.01554404
0.01554404
0.01554404
0.01554404
0.01554404
0.01554404
0.01554404
0.01554404
0.01554404
0.01554404
0.01554404
0.01554404
0.01554404
0.01554404
0.01554404
0.01554404
0.01554404
0.01554404
0.01554404
0.01554404
0.01554404
0.01554404
0.01036269
0.01036269
0.01036269
0.00518135
0.00518135
0.00518135
0.00518135
0.00518135
0.00518135
0.00518135
0.00518135
0.00518135
0.00518135
0.00518135
0.00518135
0.00518135
0.00518135
0.00518135
0.00518135
0.00518135
0.00518135
0.00518135
0.00518135
0.00518135
0.00518135
0.00518135
0.00518135
0.00518135
0.00518135
0.00518135
0.00518135
0.00518135
0.00518135
0.00518135
0.00518135
0.00518135
0.00518135
0.00518135
0.00518135
0.00518135
0.00518135
0.00518135
0.00518135
