1.00000000
0.94648829
0.85953177
0.83946488
0.74581940
0.73244147
0.66889632
0.66555184
0.65551839
0.64548495
0.62541806
0.03344482
0.03010033
0.02675585
0.02341137
0.02006689
0.01672241
0.01337793
0.01337793
0.01337793
0.01337793
0.01337793
0.01003344
0.01003344
0.01003344
0.01003344
0.01003344
0.01003344
0.01003344
0.01003344
0.01003344
0.01003344
0.01003344
0.01003344
0.01003344
0.01003344
0.01003344
0.01003344
0.01003344
0.01003344
0.01003344
0.01003344
0.01003344
0.01003344
0.01003344
0.00668896
0.00668896
0.00668896
0.00668896
0.00668896
0.00668896
0.00668896
0.00334448
0.00334448
0.00334448
0.00334448
0.00334448
0.00334448
0.00334448
0.00334448
0.00334448
0.00334448
0.00334448
0.00334448
0.00334448
0.00334448
0.00334448
0.00334448
0.00334448
0.00334448
0.00334448
0.00334448
0.00334448
0.00334448
0.00334448
0.00334448
0.00334448
0.00334448
0.00334448
0.00334448
0.00334448
0.00334448
0.00334448
0.00334448
0.00334448
0.00334448
0.00334448
0.00334448
0.00334448
0.00334448
0.00334448
0.00334448
0.00334448
0.00334448
0.00334448
0.00334448
0.00334448
0.00334448
0.00334448
0.00334448
0.00334448
0.00334448
0.00334448
0.00334448
0.00334448
0.00334448
0.00334448
0.00334448
0.00334448
0.00334448
0.00334448
0.00334448
0.00334448
0.00334448
0.00334448
0.00334448
0.00334448
0.00334448
0.00334448
0.00334448
0.00334448
0.00334448
0.00334448
0.00334448
0.00334448
0.00334448
0.00334448
0.00334448
0.00334448
0.00334448
0.00334448
0.00334448
0.00334448
0.00334448
0.00334448
0.00334448
0.00334448
0.00334448
0.00334448
0.00334448
0.00334448
0.00334448
0.00334448
0.00334448
0.00334448
0.00334448
0.00334448
0.00334448
0.00334448
0.00334448
0.00334448
0.00334448
0.00334448
0.00334448
0.00334448
0.00334448
0.00334448
0.00334448
0.00334448
0.00334448
0.00334448
0.00334448
0.00334448
0.00334448
0.00334448
0.00334448
0.00334448
0.00334448
0.00334448
0.00334448
0.00334448
0.00334448
0.00334448
0.00334448
0.00334448
0.00334448
0.00334448
0.00334448
0.00334448
0.00334448
0.00334448
0.00334448
0.00334448
0.00334448
0.00334448
0.00334448
0.00334448
0.00334448
0.00334448
0.00334448
0.00334448
0.00334448
0.00334448
0.00334448
0.00334448
0.00334448
0.00334448
0.00334448
0.00334448
0.00334448
0.00334448
0.00334448
0.00334448
0.00334448
0.00334448
0.00334448
0.00334448
0.00334448
0.00334448
0.00334448
0.00334448
0.00334448
0.00334448
0.00334448
0.00334448
0.00334448
0.00334448
0.00334448
0.00334448
0.00334448
0.00334448
0.00334448
0.00334448
0.00334448
0.00334448
0.00334448
0.00334448
0.00334448
0.00334448
0.00334448
0.00334448
0.00334448
0.00334448
0.00334448
0.00334448
0.00334448
0.00334448
0.00334448
0.00334448
0.00334448
0.00334448
0.00334448
0.00334448
0.00334448
0.00334448
0.00334448
0.00334448
0.00334448
0.00334448
0.00334448
0.00334448
0.00334448
0.00334448
0.00334448
0.00334448
0.00334448
0.00334448
0.00334448
0.00334448
0.00334448
0.00334448
0.00334448
0.00334448
0.00334448
0.00334448
0.00334448
0.00334448
0.00334448
0.00334448
0.00334448
0.00334448
0.00334448
0.00334448
0.00334448
0.00334448
0.00334448
0.00334448
0.00334448
0.00334448
0.00334448
0.00334448
0.00334448
0.00334448
0.00334448
0.00334448
0.00334448
0.00334448
0.00334448
0.00334448
0.00334448
0.00334448
0.00334448
0.00334448
0.00334448
0.00334448
0.00334448
0.00334448
0.00334448
0.00334448
0.00334448
0.00334448
0.00334448
0.00334448
0.00334448
0.00334448
0.00334448
0.00334448
0.00334448
0.00334448
0.00334448
0.00334448
0.00334448
0.00334448
0.00334448
0.00334448
0.00334448
0.00334448
0.00334448
0.00334448
0.00334448
0.00334448
0.00334448
0.00334448
0.00334448
0.00334448
0.00334448
0.00334448
0.00334448
0.00334448
0.00334448
0.00334448
0.00334448
0.00334448
0.00334448
0.00334448
0.00334448
0.00334448
0.00334448
0.00334448
0.00334448
0.00334448
0.00334448
0.00334448
0.00334448
0.00334448
0.00334448
0.00334448
0.00334448
0.00334448
0.00334448
0.00334448
0.00334448
0.00334448
0.00334448
0.00334448
0.00334448
0.00334448
0.00334448
0.00334448
0.00334448
0.00334448
0.00334448
0.00334448
0.00334448
0.00334448
0.00334448
0.00334448
0.00334448
0.00334448
0.00334448
0.00334448
0.00334448
0.00334448
0.00334448
0.00334448
0.00334448
0.00334448
0.00334448
0.00334448
0.00334448
0.00334448
0.00334448
0.00334448
0.00334448
0.00334448
0.00334448
0.00334448
0.00334448
0.00334448
0.00334448
0.00334448
0.00334448
0.00334448
0.00334448
0.00334448
0.00334448
0.00334448
0.00334448
0.00334448
0.00334448
0.00334448
0.00334448
0.00334448
0.00334448
0.00334448
0.00334448
0.00334448
0.00334448
0.00334448
0.00334448
0.00334448
0.00334448
0.00334448
0.00334448
0.00334448
0.00334448
0.00334448
0.00334448
0.00334448
0.00334448
0.00334448
0.00334448
0.00334448
0.00334448
0.00334448
0.00334448
0.00334448
0.00334448
0.00334448
0.00334448
0.00334448
0.00334448
0.00334448
0.00334448
0.00334448
0.00334448
0.00334448
0.00334448
0.00334448
0.00334448
0.00334448
0.00334448
0.00334448
0.00334448
0.00334448
0.00334448
0.00334448
0.00334448
0.00334448
0.00334448
0.00334448
0.00334448
0.00334448
0.00334448
0.00334448
0.00334448
0.00334448
0.00334448
0.00334448
0.00334448
0.00334448
0.00334448
0.00334448
0.00334448
0.00334448
0.00334448
0.00334448
0.00334448
0.00334448
0.00334448
0.00334448
0.00334448
0.00334448
0.00334448
0.00334448
0.00334448
0.00334448
0.00334448
0.00334448
0.00334448
0.00334448
0.00334448
0.00334448
0.00334448
0.00334448
0.00334448
0.00334448
0.00334448
0.00334448
0.00334448
0.00334448
0.00334448
0.00334448
0.00334448
0.00334448
0.00334448
0.00334448
0.00334448
0.00334448
0.00334448
0.00334448
0.00334448
0.00334448
0.00334448
0.00334448
0.00334448
0.00334448
0.00334448
0.00334448
0.00334448
0.00334448
0.00334448
0.00334448
0.00334448
0.00334448
0.00334448
0.00334448
0.00334448
0.00334448
0.00334448
0.00334448
0.00334448
0.00334448
0.00334448
0.00334448
0.00334448
0.00334448
0.00334448
0.00334448
0.00334448
0.00334448
0.00334448
0.00334448
0.00334448
0.00334448
0.00334448
0.00334448
0.00334448
0.00334448
0.00334448
0.00334448
0.00334448
0.00334448
0.00334448
0.00334448
0.00334448
0.00334448
0.00334448
0.00334448
0.00334448
0.00334448
0.00334448
0.00334448
0.00334448
0.00334448
0.00334448
0.00334448
0.00334448
0.00334448
0.00334448
0.00334448
0.00334448
0.00334448
0.00334448
0.00334448
0.00334448
0.00334448
0.00334448
0.00334448
0.00334448
0.00334448
0.00334448
0.00334448
0.00334448
0.00334448
0.00334448
0.00334448
0.00334448
0.00334448
0.00334448
0.00334448
0.00334448
0.00334448
0.00334448
0.00334448
0.00334448
0.00334448
0.00334448
0.00334448
0.00334448
0.00334448
0.00334448
0.00334448
0.00334448
0.00334448
0.00334448
0.00334448
0.00334448
0.00334448
0.00334448
0.00334448
0.00334448
0.00334448
0.00334448
0.00334448
0.00334448
0.00334448
0.00334448
0.00334448
0.00334448
0.00334448
0.00334448
0.00334448
0.00334448
0.00334448
0.00334448
0.00334448
0.00334448
0.00334448
0.00334448
0.00334448
0.00334448
0.00334448
0.00334448
0.00334448
0.00334448
0.00334448
0.00334448
0.00334448
0.00334448
0.00334448
0.00334448
0.00334448
0.00334448
0.00334448
0.00334448
0.00334448
0.00334448
0.00334448
0.00334448
0.00334448
0.00334448
0.00334448
0.00334448
0.00334448
0.00334448
0.00334448
0.00334448
0.00334448
0.00334448
0.00334448
0.00334448
0.00334448
0.00334448
0.00334448
0.00334448
0.00334448
0.00334448
0.00334448
0.00334448
0.00334448
0.00334448
0.00334448
0.00334448
0.00334448
0.00334448
0.00334448
0.00334448
0.00334448
0.00334448
0.00334448
0.00334448
0.00334448
0.00334448
0.00334448
0.00334448
0.01166116
0.00000000
