1.00000000
0.84722222
0.80555556
0.70833333
0.66666667
0.55555556
0.47222222
0.38888889
0.13888889
0.02777778
0.02777778
0.01388889
0.01388889
0.01388889
0.01388889
0.01388889
0.01388889
0.01388889
0.01388889
0.01388889
0.01388889
0.01388889
0.01388889
0.01388889
0.01388889
0.01388889
0.01388889
0.01388889
0.01388889
0.01388889
0.01388889
0.01388889
0.01388889
0.01388889
0.01388889
0.01388889
0.01388889
0.01388889
0.01388889
0.01388889
0.01388889
0.01388889
0.01388889
0.01388889
0.01388889
0.01388889
0.01388889
0.01388889
0.01388889
0.01388889
0.01388889
0.01388889
0.01388889
0.01388889
0.01388889
0.01388889
0.01388889
0.01388889
0.01388889
0.01388889
0.01388889
0.01388889
0.01388889
0.01388889
0.01388889
0.01388889
0.01388889
0.01388889
0.01388889
0.01388889
0.01388889
0.01388889
0.01388889
0.06373668
0.00000000
