1.00000000
0.99890830
0.99781659
0.99344978
0.99235808
0.99017467
0.98689956
0.98471616
0.98362445
0.98253275
0.98144105
0.97598253
0.97052402
0.96506550
0.96069869
0.95960699
0.95851528
0.95742358
0.95633188
0.95196507
0.95087336
0.94978166
0.94868996
0.94759825
0.94541485
0.94213974
0.94104803
0.93558952
0.93013100
0.92903930
0.92576419
0.92467249
0.91812227
0.91266376
0.89847162
0.89628821
0.89519651
0.89410480
0.88209607
0.88100437
0.87991266
0.87445415
0.86572052
0.86244541
0.84606987
0.82423581
0.82314410
0.81986900
0.81550218
0.78930131
0.78711790
0.78275109
0.78165939
0.77401747
0.75764192
0.75655022
0.73908297
0.73253275
0.73144105
0.73034934
0.72925764
0.72707424
0.72598253
0.70742358
0.70633188
0.70305677
0.69213974
0.66375546
0.65502183
0.64410480
0.62117904
0.61681223
0.60698690
0.56331878
0.56331878
0.56222707
0.56113537
0.54039301
0.53930131
0.53820961
0.49454148
0.48144105
0.47052402
0.32096070
0.30567686
0.30131004
0.29039301
0.28275109
0.28056769
0.21397380
0.21397380
0.21397380
0.21397380
0.17139738
0.17139738
0.17139738
0.17139738
0.16921397
0.16921397
0.16593886
0.16593886
0.16484716
0.16484716
0.15502183
0.05240175
0.05240175
0.05240175
0.05240175
0.05240175
0.05240175
0.05240175
0.05240175
0.05240175
0.05240175
0.05240175
0.05240175
0.04475983
0.04475983
0.04475983
0.04475983
0.04475983
0.04475983
0.04475983
0.04475983
0.04475983
0.03275109
0.03275109
0.03275109
0.03275109
0.03275109
0.03275109
0.03275109
0.03275109
0.03275109
0.03275109
0.03275109
0.03275109
0.03275109
0.03275109
0.03275109
0.03275109
0.03165939
0.03165939
0.02401747
0.02401747
0.02401747
0.02401747
0.02401747
0.02401747
0.02401747
0.02401747
0.02401747
0.02401747
0.02401747
0.02401747
0.02401747
0.01855895
0.01855895
0.01855895
0.01855895
0.01855895
0.01855895
0.01855895
0.01855895
0.01855895
0.01855895
0.01200873
0.01200873
0.01200873
0.01200873
0.01200873
0.01200873
0.01200873
0.01200873
0.01200873
0.01200873
0.01200873
0.01200873
0.01200873
0.01200873
0.01200873
0.01200873
0.01200873
0.01200873
0.01200873
0.01200873
0.01200873
0.01200873
0.01200873
0.01200873
0.01200873
0.01200873
0.01200873
0.01200873
0.01200873
0.01200873
0.01200873
0.01200873
0.01200873
0.01200873
0.01200873
0.01200873
0.01200873
0.01200873
0.01200873
0.01200873
0.01200873
0.01200873
0.01200873
0.01200873
0.01200873
0.01200873
0.01200873
0.01200873
0.01200873
0.01200873
0.01200873
0.01200873
0.01200873
0.01200873
0.01200873
0.01200873
0.01200873
0.01200873
0.01200873
0.01200873
0.01200873
0.01200873
0.01200873
0.01200873
0.01200873
0.01200873
0.00873362
0.00873362
0.00873362
0.00873362
0.00873362
0.00873362
0.00873362
0.00873362
0.00873362
0.00873362
0.00873362
0.00873362
0.00873362
0.00873362
0.00873362
0.00873362
0.00873362
0.00873362
0.00873362
0.00873362
0.00873362
0.00873362
0.00873362
0.00873362
0.00873362
0.00873362
0.00873362
0.00873362
0.00873362
0.00873362
0.00873362
0.00873362
0.00873362
0.00873362
0.00873362
0.00873362
0.00873362
0.00873362
0.00873362
0.00873362
0.00873362
0.00873362
0.00436681
0.00436681
0.00436681
0.00436681
0.00436681
0.00436681
0.00436681
0.00436681
0.00436681
0.00436681
0.00436681
0.00436681
0.00436681
0.00436681
0.00436681
0.00436681
0.00436681
0.00436681
0.00436681
0.00436681
0.00436681
0.00436681
0.00436681
0.00436681
0.00436681
0.00436681
0.00436681
0.00436681
0.00436681
0.00436681
0.00436681
0.00436681
0.00436681
0.00436681
0.00436681
0.00436681
0.00436681
0.00436681
0.00436681
0.00436681
0.00436681
0.00436681
0.00436681
0.00436681
0.00436681
0.00436681
0.00436681
0.00436681
0.00436681
0.00436681
0.00436681
0.00436681
0.00436681
0.00436681
0.00436681
0.00436681
0.00436681
0.00436681
0.00436681
0.00436681
0.00436681
0.00436681
0.00436681
0.00436681
0.00436681
0.00436681
0.00436681
0.00436681
0.00436681
0.00436681
0.00436681
0.00436681
0.00436681
0.00436681
0.00436681
0.00436681
0.00436681
0.00436681
0.00436681
0.00436681
0.00436681
0.00436681
0.00436681
0.00436681
0.00436681
0.00436681
0.00436681
0.00436681
0.00436681
0.00436681
0.00436681
0.00436681
0.00436681
0.00436681
0.00436681
0.00436681
0.00436681
0.00436681
0.00436681
0.00436681
0.00436681
0.00436681
0.00436681
0.00436681
0.00436681
0.00436681
0.00436681
0.00436681
0.00436681
0.00436681
0.00436681
0.00436681
0.00436681
0.00436681
0.00436681
0.00436681
0.00436681
0.00436681
0.00436681
0.00436681
0.00436681
0.00436681
0.00436681
0.00436681
0.00436681
0.00436681
0.00436681
0.00436681
0.00436681
0.00436681
0.00436681
0.00436681
0.00436681
0.00436681
0.00436681
0.00436681
0.00436681
0.00436681
0.00436681
0.00436681
0.00436681
0.00436681
0.00436681
0.00436681
0.00436681
0.00436681
0.00436681
0.00436681
0.00436681
0.00436681
0.00436681
0.00436681
0.00436681
0.00436681
0.00436681
0.00436681
0.00436681
0.00436681
0.00436681
0.00436681
0.00436681
0.00436681
0.00436681
0.00436681
0.00436681
0.00436681
0.00436681
0.00436681
0.00436681
0.00436681
0.00436681
0.00436681
0.00436681
0.00436681
0.00436681
0.00436681
0.00436681
0.00436681
0.00436681
0.00436681
0.00436681
0.00436681
0.00436681
0.00436681
0.00436681
0.00436681
0.00436681
0.00436681
0.00436681
0.00436681
0.00436681
0.00436681
0.00436681
0.00436681
0.00436681
0.00436681
0.00436681
0.00436681
0.00436681
0.00436681
0.00436681
0.00436681
0.00436681
0.00436681
0.00436681
0.00436681
0.00436681
0.00436681
0.00436681
0.00436681
0.00436681
0.00436681
0.00436681
0.00436681
0.00436681
0.00436681
0.00436681
0.00436681
0.00436681
0.00436681
0.00436681
0.00436681
0.00436681
0.00436681
0.00436681
0.00436681
0.00436681
0.00436681
0.00436681
0.00436681
0.00436681
0.00436681
0.00436681
0.00436681
0.00436681
0.00436681
0.00436681
0.00436681
0.00436681
0.00436681
0.00436681
0.00436681
0.00436681
0.00436681
0.00436681
0.00436681
0.00436681
0.00436681
0.00436681
0.00436681
0.00436681
0.00436681
0.00436681
0.00436681
0.00436681
0.00436681
0.00436681
0.00436681
0.00436681
0.00436681
0.00436681
0.00436681
0.00436681
0.00436681
0.00436681
0.00436681
0.00436681
0.00436681
0.00436681
0.00436681
0.00436681
0.00436681
0.00327511
0.00327511
0.00327511
0.00327511
0.00327511
0.00327511
0.00327511
0.00327511
0.00327511
0.00327511
0.00327511
0.00327511
0.00327511
0.00327511
0.00327511
0.00327511
0.00327511
0.00327511
0.00327511
0.00327511
0.00327511
0.00327511
0.00327511
0.00327511
0.00327511
0.00327511
0.00327511
0.00327511
0.00327511
0.00327511
0.00327511
0.00327511
0.00327511
0.00327511
0.00327511
0.00327511
0.00327511
0.00327511
0.00327511
0.00327511
0.00327511
0.00327511
0.00327511
0.00327511
0.00327511
0.00327511
0.00327511
0.00327511
0.00327511
0.00327511
0.00327511
0.00327511
0.00327511
0.00327511
0.00327511
0.00327511
0.00327511
0.00327511
0.00327511
0.00327511
0.00327511
0.00327511
0.00327511
0.00327511
0.00327511
0.00327511
0.00327511
0.00327511
0.00327511
0.00327511
0.00327511
0.00327511
0.00327511
0.00327511
0.00327511
0.00327511
0.00327511
0.00327511
0.00327511
0.00327511
0.00327511
0.00327511
0.00327511
0.00327511
0.00327511
0.00327511
0.00327511
0.00327511
0.00327511
0.00327511
0.00327511
0.00327511
0.00327511
0.00327511
0.00327511
0.00327511
0.00327511
0.00327511
0.00327511
0.00327511
0.00327511
0.00327511
0.00327511
0.00327511
0.00327511
0.00327511
0.00327511
0.00327511
0.00327511
0.00327511
0.00327511
0.00327511
0.00327511
0.00327511
0.00327511
0.00327511
0.00327511
0.00327511
0.00327511
0.00327511
0.00327511
0.00327511
0.00327511
0.00327511
0.00327511
0.00327511
0.00327511
0.00327511
0.00327511
0.00327511
0.00327511
0.00327511
0.00327511
0.00327511
0.00327511
0.00327511
0.00327511
0.00327511
0.00327511
0.00327511
0.00327511
0.00327511
0.00327511
0.00327511
0.00327511
0.00327511
0.00327511
0.00327511
0.00327511
0.00327511
0.00327511
0.00327511
0.00327511
0.00327511
0.00327511
0.00327511
0.00327511
0.00327511
0.00327511
0.00327511
0.00327511
0.00327511
0.00327511
0.00327511
0.00327511
0.00327511
0.00327511
0.00327511
0.00327511
0.00327511
0.00327511
0.00327511
0.00327511
0.00327511
0.00327511
0.00327511
0.00327511
0.00327511
0.00218341
0.00218341
0.00218341
0.00218341
0.00218341
0.00218341
0.00218341
0.00218341
0.00218341
0.00218341
0.00218341
0.00218341
0.00218341
0.00218341
0.00218341
0.00218341
0.00218341
0.00218341
0.00218341
0.00218341
0.00218341
0.00218341
0.00218341
0.00218341
0.00218341
0.00218341
0.00218341
0.00218341
0.00218341
0.00109170
0.00109170
0.00109170
0.00109170
0.00109170
0.00109170
0.00109170
0.00109170
0.00109170
0.00109170
0.00109170
0.00109170
0.00109170
0.00109170
0.00109170
0.00109170
0.00109170
0.00109170
0.00109170
0.00109170
0.00109170
0.00109170
0.00109170
0.00109170
0.00109170
0.00109170
0.00109170
0.00109170
0.00109170
0.00109170
0.00109170
0.00109170
0.00109170
0.00109170
0.00109170
0.00109170
0.00109170
0.00109170
0.00109170
0.00109170
0.00109170
0.00109170
0.00109170
0.00109170
0.00109170
0.00109170
0.00109170
0.00109170
0.00109170
0.00109170
0.00109170
0.00109170
0.00109170
0.00109170
0.00109170
0.00109170
0.00109170
0.00109170
0.00109170
0.00109170
0.00109170
0.00109170
0.00109170
0.00109170
0.00109170
0.00109170
0.00109170
0.00109170
0.00109170
0.00109170
0.00109170
0.00109170
0.00109170
0.00109170
0.00109170
0.00109170
0.00109170
0.00109170
0.00109170
0.00109170
0.00109170
0.00109170
0.00109170
0.00109170
0.00109170
0.00109170
0.00109170
0.00109170
0.00109170
0.00109170
0.00109170
0.00109170
0.00109170
0.00109170
0.00109170
0.00109170
0.00109170
0.00109170
0.00109170
0.00109170
0.00109170
0.00109170
0.00109170
0.00109170
0.00109170
0.00109170
0.00109170
0.00109170
0.00109170
0.00109170
0.00109170
0.00109170
0.00109170
0.00109170
0.00109170
0.00109170
0.00109170
0.00109170
0.00109170
0.00109170
0.00109170
0.00109170
0.00109170
0.00109170
0.00109170
0.00109170
0.00109170
0.00109170
0.00109170
0.00109170
0.00109170
0.00109170
0.00109170
0.00109170
0.00109170
0.00109170
0.00109170
0.00109170
0.00109170
0.00109170
0.00109170
0.00109170
0.00109170
0.00109170
0.00109170
0.00109170
0.00109170
0.00109170
0.00109170
0.00109170
0.00109170
0.00109170
0.00109170
0.00109170
0.00109170
0.00109170
0.00109170
0.00109170
0.00109170
0.00109170
0.00109170
0.00109170
0.00109170
0.00109170
0.00109170
0.00109170
0.00109170
0.00109170
0.00109170
0.00109170
0.00109170
0.00109170
0.00109170
0.00109170
0.00109170
0.00109170
0.00109170
0.00109170
0.00109170
0.00109170
0.00109170
0.00109170
0.00109170
0.00109170
0.00109170
0.00109170
0.00109170
0.00109170
0.00109170
0.00109170
0.00109170
0.00109170
0.00109170
0.00109170
0.00109170
0.00109170
0.00109170
0.00109170
0.00109170
0.00109170
0.00109170
0.00109170
0.00109170
0.00109170
0.00109170
0.00109170
0.00109170
0.00109170
0.00109170
0.00109170
0.00109170
0.00109170
0.00109170
0.00109170
0.00109170
0.00109170
0.00109170
0.00109170
0.00109170
0.00109170
0.00109170
0.00109170
0.00109170
0.00109170
0.00109170
0.00109170
0.00109170
0.00109170
0.00109170
0.00109170
0.00109170
0.00109170
0.00109170
0.00109170
0.00109170
0.00109170
0.00109170
0.00109170
0.00109170
0.00109170
0.00109170
0.00109170
0.00109170
0.00109170
0.00109170
0.00109170
0.00109170
0.00109170
0.00109170
0.00109170
0.00109170
0.00109170
0.00109170
0.00109170
0.00109170
0.00109170
0.00109170
0.00109170
0.00109170
0.00109170
0.00109170
0.00109170
0.00109170
0.00109170
0.00109170
0.00109170
0.00109170
0.00109170
0.00109170
0.00109170
0.00109170
0.00109170
0.00109170
0.00109170
0.00109170
0.00109170
0.00109170
0.00109170
0.00109170
0.00109170
0.00109170
0.00109170
0.00109170
0.00109170
0.00109170
0.00109170
0.00109170
0.00109170
0.00109170
0.00109170
0.00109170
0.00109170
0.00109170
0.00109170
0.00109170
0.00109170
0.00109170
0.00109170
0.00109170
0.00109170
0.00109170
0.00109170
0.00109170
0.00109170
0.00109170
0.00109170
0.00109170
0.00109170
0.00109170
0.00109170
0.00109170
0.00109170
0.00109170
0.00109170
0.00109170
0.00109170
0.00109170
0.00109170
0.00109170
0.00109170
0.00109170
0.00109170
0.00109170
0.00109170
0.00109170
0.00109170
0.00109170
0.00109170
0.00109170
0.00109170
0.00109170
0.00109170
0.00109170
0.00109170
0.00109170
0.00109170
0.00109170
0.00109170
0.00109170
0.00109170
0.00109170
0.00109170
0.00109170
0.00109170
0.00109170
0.00109170
0.00109170
0.00109170
0.00109170
0.00109170
0.00109170
0.00109170
0.00109170
0.00109170
0.00109170
0.00109170
0.00109170
0.00109170
0.00109170
0.00109170
0.00109170
0.00109170
0.00109170
0.00109170
0.00109170
0.00109170
0.00109170
0.00109170
0.00109170
0.00109170
0.00109170
0.00109170
0.00109170
0.00109170
0.00109170
0.00109170
0.00109170
0.00109170
0.00109170
0.00109170
0.00109170
0.00109170
0.00109170
0.00109170
0.00109170
0.00109170
0.00109170
0.00109170
0.00109170
0.00109170
0.00109170
0.00109170
0.00109170
0.00109170
0.00109170
0.00109170
0.00109170
0.00109170
0.00109170
0.00109170
0.00109170
0.00109170
0.00109170
0.00109170
0.00109170
0.00109170
0.00109170
0.00109170
0.00109170
0.00109170
0.00109170
0.00109170
0.00109170
0.00109170
0.00109170
0.00109170
0.00109170
0.00109170
0.00109170
0.00109170
0.00109170
0.00109170
0.00109170
0.00109170
0.00109170
0.00109170
0.00109170
0.00109170
0.00109170
0.00109170
0.00109170
0.00109170
0.00109170
0.00109170
0.00109170
0.00109170
0.00109170
0.00109170
0.00109170
0.00109170
0.00109170
0.00109170
0.00109170
0.00109170
0.00109170
0.00109170
0.00109170
0.00109170
0.00109170
0.00109170
0.00109170
0.00109170
0.00109170
0.00109170
0.00109170
0.00109170
0.00109170
0.00109170
0.00109170
0.00109170
0.00109170
0.00109170
0.00109170
0.00109170
0.00109170
0.00109170
0.00109170
0.00109170
0.00109170
0.00109170
0.00109170
0.00109170
0.00109170
0.00109170
0.00109170
0.00109170
0.00109170
0.00109170
0.00109170
0.00109170
0.00109170
0.00109170
0.00109170
0.00109170
0.00109170
0.00109170
0.00109170
0.00109170
0.00109170
0.00109170
0.00109170
0.00109170
0.00109170
0.00109170
0.00109170
0.00109170
0.00109170
0.00109170
0.00109170
0.00109170
0.00109170
0.00109170
0.00109170
0.00109170
0.00109170
0.00109170
0.00109170
0.00109170
0.00109170
0.00109170
0.00109170
0.00109170
0.00109170
0.00109170
0.00109170
0.00109170
0.00109170
0.00109170
0.00109170
0.00109170
0.00109170
0.00109170
0.00109170
0.00109170
0.00109170
0.00109170
0.00109170
0.00109170
0.00109170
0.00109170
0.00109170
0.00109170
0.00109170
0.00109170
0.00109170
0.00109170
0.00109170
0.00109170
0.00109170
0.00109170
0.00109170
0.00109170
0.00109170
0.00109170
0.00109170
0.00109170
0.00109170
0.00109170
0.00109170
0.00109170
0.00109170
0.00109170
0.00109170
0.00109170
0.00109170
0.00109170
0.00109170
0.00109170
0.00109170
0.00109170
0.00109170
0.00109170
0.00109170
0.00109170
0.00109170
0.00109170
0.00109170
0.00109170
0.00109170
0.00109170
0.00109170
0.00109170
0.00109170
0.00109170
0.00109170
0.00109170
0.00109170
0.00109170
0.00109170
0.00109170
0.00109170
0.00109170
0.00109170
0.00109170
0.00109170
0.00109170
0.00109170
0.00109170
0.00109170
0.00109170
0.00109170
0.00109170
0.00109170
0.00109170
0.00109170
0.00109170
0.00109170
0.00109170
0.00109170
0.00109170
0.00109170
0.00109170
0.00109170
0.00109170
0.00109170
0.00109170
0.00109170
0.00109170
0.00109170
0.00109170
0.00109170
0.00109170
0.00109170
0.00109170
0.00109170
0.00109170
0.00109170
0.00109170
0.00109170
0.00109170
0.00109170
0.00109170
0.00109170
0.00109170
0.00109170
0.00109170
0.00109170
0.00109170
0.00109170
0.00109170
0.00109170
0.00109170
0.00109170
0.00109170
0.00109170
0.00109170
0.00109170
0.00109170
0.00109170
0.00109170
0.00109170
0.00109170
0.00109170
0.00109170
0.00109170
0.00109170
0.00109170
0.05476684
0.00000000
