1.00000000
0.92857143
0.89047619
0.76666667
0.68571429
0.68571429
0.59047619
0.59047619
0.59047619
0.58571429
0.50952381
0.50952381
0.50476190
0.50476190
0.30476190
0.30476190
0.30476190
0.30476190
0.30476190
0.26190476
0.26190476
0.26190476
0.26190476
0.18095238
0.18095238
0.18095238
0.18095238
0.18095238
0.18095238
0.10952381
0.10952381
0.10952381
0.08571429
0.08571429
0.08571429
0.08095238
0.08095238
0.08095238
0.08095238
0.08095238
0.08095238
0.08095238
0.08095238
0.08095238
0.08095238
0.08095238
0.08095238
0.08095238
0.08095238
0.08095238
0.08095238
0.08095238
0.08095238
0.08095238
0.08095238
0.08095238
0.08095238
0.08095238
0.04761905
0.03809524
0.03809524
0.03809524
0.03333333
0.03333333
0.03333333
0.03333333
0.03333333
0.03333333
0.03333333
0.03333333
0.03333333
0.03333333
0.03333333
0.03333333
0.03333333
0.03333333
0.02857143
0.02857143
0.02857143
0.02857143
0.02857143
0.02857143
0.02857143
0.02857143
0.02857143
0.02857143
0.02380952
0.02380952
0.02380952
0.02380952
0.02380952
0.02380952
0.02380952
0.02380952
0.02380952
0.02380952
0.02380952
0.02380952
0.02380952
0.02380952
0.02380952
0.02380952
0.02380952
0.02380952
0.02380952
0.02380952
0.02380952
0.02380952
0.02380952
0.02380952
0.02380952
0.02380952
0.02380952
0.02380952
0.02380952
0.02380952
0.02380952
0.02380952
0.02380952
0.02380952
0.02380952
0.02380952
0.01904762
0.01904762
0.01904762
0.01904762
0.01904762
0.01904762
0.01904762
0.01904762
0.01904762
0.01904762
0.01904762
0.01904762
0.01904762
0.01904762
0.01904762
0.01904762
0.01904762
0.01904762
0.01904762
0.01904762
0.01904762
0.01904762
0.01904762
0.01904762
0.01904762
0.01904762
0.01904762
0.01904762
0.01904762
0.01904762
0.01904762
0.01904762
0.01904762
0.01904762
0.01904762
0.01904762
0.01904762
0.01904762
0.01904762
0.01904762
0.01904762
0.01904762
0.01904762
0.01904762
0.01904762
0.01904762
0.01904762
0.01904762
0.01904762
0.01904762
0.01904762
0.01904762
0.01904762
0.01904762
0.01904762
0.01904762
0.01904762
0.01904762
0.01904762
0.01904762
0.01904762
0.01904762
0.01904762
0.01904762
0.01904762
0.01904762
0.01904762
0.01904762
0.01904762
0.01904762
0.01904762
0.01904762
0.01904762
0.01904762
0.01904762
0.01904762
0.01904762
0.01904762
0.01904762
0.01904762
0.01904762
0.01904762
0.01904762
0.01904762
0.01904762
0.01904762
0.01904762
0.01904762
0.01904762
0.01904762
0.01904762
0.01904762
0.01904762
0.01904762
0.01904762
0.01904762
0.01904762
0.01904762
0.01904762
0.01904762
0.01904762
0.01904762
0.01904762
0.01904762
0.01904762
0.01904762
0.01904762
0.01904762
0.01904762
0.01904762
0.01904762
0.01904762
0.01904762
0.01904762
0.01904762
0.01904762
0.01904762
0.01904762
0.01904762
0.01904762
0.01904762
0.01904762
0.01904762
0.01904762
0.01904762
0.01904762
0.01904762
0.01428571
0.01428571
0.01428571
0.01428571
0.01428571
0.01428571
0.01428571
0.01428571
0.01428571
0.01428571
0.01428571
0.01428571
0.01428571
0.01428571
0.01428571
0.01428571
0.01428571
0.01428571
0.01428571
0.01428571
0.01428571
0.01428571
0.01428571
0.01428571
0.01428571
0.01428571
0.01428571
0.01428571
0.01428571
0.01428571
0.01428571
0.01428571
0.01428571
0.01428571
0.01428571
0.01428571
0.01428571
0.01428571
0.01428571
0.01428571
0.01428571
0.01428571
0.01428571
0.01428571
0.01428571
0.01428571
0.01428571
0.01428571
0.01428571
0.01428571
0.01428571
0.01428571
0.01428571
0.01428571
0.01428571
0.01428571
0.01428571
0.01428571
0.01428571
0.01428571
0.01428571
0.01428571
0.01428571
0.01428571
0.01428571
0.01428571
0.01428571
0.01428571
0.01428571
0.01428571
0.01428571
0.01428571
0.00952381
0.00952381
0.00952381
0.00952381
0.00952381
0.00952381
0.00952381
0.00952381
0.00952381
0.00952381
0.00952381
0.00952381
0.00952381
0.00952381
0.00952381
0.00952381
0.00952381
0.00952381
0.00952381
0.00952381
0.00952381
0.00952381
0.00952381
0.00952381
0.00952381
0.00952381
0.00952381
0.00952381
0.00952381
0.00952381
0.00952381
0.00952381
0.00952381
0.00952381
0.00952381
0.00952381
0.00952381
0.00952381
0.00952381
0.00952381
0.00952381
0.00952381
0.00952381
0.00952381
0.00952381
0.00952381
0.00952381
0.00952381
0.00952381
0.00952381
0.00952381
0.00952381
0.00952381
0.00952381
0.00952381
0.00952381
0.00952381
0.00952381
0.00952381
0.00952381
0.00952381
0.00952381
0.00952381
0.00952381
0.00952381
0.00952381
0.00952381
0.00952381
0.00952381
0.00952381
0.00952381
0.00476190
0.00476190
0.00476190
0.00476190
0.00476190
0.00476190
0.00476190
0.00476190
0.00476190
0.00476190
0.00476190
0.00476190
0.00476190
0.00476190
0.00476190
0.00476190
0.00476190
0.00476190
0.00476190
0.00476190
0.00476190
0.00476190
0.00476190
0.00476190
0.00476190
0.00476190
0.00476190
0.00476190
0.00476190
0.00476190
0.00476190
0.00476190
0.00476190
0.00476190
0.00476190
0.00476190
0.00476190
0.00476190
0.00476190
0.00476190
0.00476190
0.00476190
0.00476190
0.00476190
0.00476190
0.00476190
0.00476190
0.00476190
0.00476190
0.00476190
0.00476190
0.00476190
0.00476190
0.00476190
0.00476190
0.00476190
0.00476190
0.00476190
0.00476190
0.00476190
0.00476190
0.00476190
0.00476190
0.00476190
0.00476190
0.00476190
0.00476190
0.00476190
0.00476190
0.00476190
0.00476190
0.00476190
0.00476190
0.00476190
0.00476190
0.00476190
0.00476190
0.00476190
0.00476190
0.00476190
0.00476190
0.00476190
0.00476190
0.00476190
0.00476190
0.00476190
0.00476190
0.00476190
0.00476190
0.00476190
0.00476190
0.00476190
0.00476190
0.00476190
0.00476190
0.00476190
0.00476190
0.00476190
0.00476190
0.00476190
0.00476190
0.00476190
0.00476190
0.00476190
0.00476190
0.00476190
0.00476190
0.00476190
0.00476190
0.00476190
0.00476190
0.00476190
0.00476190
0.00476190
0.00476190
0.00476190
0.00476190
0.00476190
0.00476190
0.00476190
0.00476190
0.00476190
0.00476190
0.00476190
0.00476190
0.00476190
0.00476190
0.00476190
0.00476190
0.00476190
0.00476190
0.00476190
0.00476190
0.00476190
0.00476190
0.00476190
0.00476190
0.00476190
0.00476190
0.00476190
0.00476190
0.00476190
0.00476190
0.00476190
0.00476190
0.00476190
0.00476190
0.00476190
0.00476190
0.00476190
0.00476190
0.00476190
0.00476190
0.00476190
0.00476190
0.00476190
0.00476190
0.00476190
0.00476190
0.00476190
0.00476190
0.00476190
0.00476190
0.00476190
0.00476190
0.00476190
0.00476190
0.00476190
0.00476190
0.00476190
0.00476190
0.00476190
0.00476190
0.00476190
0.00476190
0.00476190
0.00476190
0.00476190
0.00476190
0.00476190
0.00476190
0.00476190
0.00476190
0.00476190
0.00476190
0.00476190
0.00476190
0.00476190
0.00476190
0.00476190
0.00476190
0.00476190
0.00476190
0.00476190
0.00476190
0.00476190
0.00476190
0.00476190
0.00476190
0.00476190
0.00476190
0.00476190
0.00476190
0.00476190
0.00476190
0.00476190
0.00476190
0.00476190
0.00476190
0.00476190
0.00476190
0.00476190
0.00476190
0.00476190
0.00476190
0.00476190
0.00476190
0.00476190
0.00476190
0.00476190
0.00476190
0.00476190
0.00476190
0.00476190
0.00476190
0.00476190
0.00476190
0.00476190
0.00476190
0.00476190
0.00476190
0.00476190
0.00476190
0.00476190
0.00476190
0.00476190
0.00476190
0.00476190
0.00476190
0.00476190
0.00476190
0.00476190
0.00476190
0.00476190
0.00476190
0.00476190
0.00476190
0.00476190
0.00476190
0.00476190
0.00476190
0.00476190
0.00476190
0.00476190
0.00476190
0.00476190
0.00476190
0.00476190
0.00476190
0.00476190
0.00476190
0.00476190
0.00476190
0.00476190
0.00476190
0.00476190
0.00476190
0.00476190
0.00476190
0.00476190
0.00476190
0.00476190
0.00476190
0.00476190
0.00476190
0.00476190
0.00476190
0.00476190
0.00476190
0.00476190
0.00476190
0.00476190
0.00476190
0.00476190
0.00476190
0.00476190
0.00476190
0.00476190
0.00476190
0.00476190
0.00476190
0.00476190
0.00476190
0.00476190
0.00476190
0.00476190
0.00476190
0.00476190
0.00476190
0.00476190
0.00476190
0.00476190
0.00476190
0.00476190
0.00476190
0.00476190
0.00476190
0.00476190
0.00476190
0.00476190
0.00476190
0.00476190
0.00476190
0.00476190
0.00476190
0.00476190
0.00476190
0.02869904
0.00000000
