1.00000000
0.97590361
0.90361446
0.89156627
0.28915663
0.28915663
0.28915663
0.28915663
0.28915663
0.21686747
0.21686747
0.21686747
0.14457831
0.14457831
0.14457831
0.14457831
0.12048193
0.12048193
0.12048193
0.12048193
0.12048193
0.12048193
0.08433735
0.08433735
0.08433735
0.08433735
0.08433735
0.08433735
0.08433735
0.08433735
0.08433735
0.08433735
0.08433735
0.07228916
0.07228916
0.07228916
0.07228916
0.07228916
0.07228916
0.07228916
0.07228916
0.07228916
0.07228916
0.07228916
0.07228916
0.07228916
0.07228916
0.07228916
0.07228916
0.07228916
0.07228916
0.07228916
0.07228916
0.07228916
0.07228916
0.06024096
0.06024096
0.06024096
0.06024096
0.06024096
0.04819277
0.04819277
0.04819277
0.04819277
0.04819277
0.04819277
0.04819277
0.04819277
0.04819277
0.04819277
0.04819277
0.04819277
0.04819277
0.04819277
0.04819277
0.04819277
0.04819277
0.04819277
0.04819277
0.04819277
0.04819277
0.04819277
0.04819277
0.04819277
0.04819277
0.04819277
0.04819277
0.04819277
0.04819277
0.04819277
0.04819277
0.04819277
0.04819277
0.04819277
0.04819277
0.04819277
0.04819277
0.04819277
0.04819277
0.04819277
0.04819277
0.04819277
0.04819277
0.04819277
0.04819277
0.04819277
0.04819277
0.04819277
0.04819277
0.04819277
0.04819277
0.04819277
0.04819277
0.04819277
0.04819277
0.04819277
0.04819277
0.04819277
0.04819277
0.04819277
0.04819277
0.04819277
0.04819277
0.04819277
0.04819277
0.04819277
0.04819277
0.04819277
0.04819277
0.04819277
0.04819277
0.04819277
0.04819277
0.04819277
0.03614458
0.03614458
0.03614458
0.03614458
0.03614458
0.03614458
0.03614458
0.03614458
0.03614458
0.03614458
0.03614458
0.03614458
0.03614458
0.03614458
0.03614458
0.03614458
0.03614458
0.03614458
0.03614458
0.03614458
0.03614458
0.03614458
0.03614458
0.03614458
0.03614458
0.03614458
0.03614458
0.03614458
0.03614458
0.03614458
0.03614458
0.03614458
0.03614458
0.03614458
0.03614458
0.03614458
0.03614458
0.03614458
0.03614458
0.03614458
0.03614458
0.03614458
0.03614458
0.03614458
0.03614458
0.03614458
0.03614458
0.03614458
0.03614458
0.03614458
0.03614458
0.03614458
0.03614458
0.03614458
0.03614458
0.03614458
0.03614458
0.03614458
0.03614458
0.03614458
0.03614458
0.03614458
0.03614458
0.03614458
0.03614458
0.03614458
0.03614458
0.03614458
0.03614458
0.03614458
0.03614458
0.03614458
0.03614458
0.03614458
0.03614458
0.03614458
0.03614458
0.03614458
0.03614458
0.03614458
0.03614458
0.03614458
0.03614458
0.03614458
0.03614458
0.03614458
0.03614458
0.02409639
0.02409639
0.02409639
0.02409639
0.02409639
0.02409639
0.02409639
0.02409639
0.02409639
0.02409639
0.02409639
0.02409639
0.02409639
0.02409639
0.02409639
0.02409639
0.02409639
0.02409639
0.02409639
0.02409639
0.02409639
0.01204819
0.01204819
0.01204819
0.01204819
0.01204819
0.01204819
0.01204819
0.01204819
0.01204819
0.01204819
0.01204819
0.01204819
0.01204819
0.01204819
0.01204819
0.01204819
0.01204819
0.01204819
0.01204819
0.01204819
0.01204819
0.01204819
0.01204819
0.01204819
0.01204819
0.01204819
0.01204819
0.01204819
0.01204819
0.01204819
0.01204819
0.01204819
0.01204819
0.01204819
0.01204819
0.01204819
0.01204819
0.01204819
0.01204819
0.01204819
0.01204819
0.01204819
0.01204819
0.01204819
0.01204819
0.01204819
0.01204819
0.01204819
0.01204819
0.01204819
0.01204819
0.01204819
0.01204819
0.01204819
0.01204819
0.01204819
0.01204819
0.01204819
0.01204819
0.01204819
0.01204819
0.01204819
0.01204819
0.01204819
0.01204819
0.01204819
0.01204819
0.01204819
0.01204819
0.01204819
0.01204819
0.01204819
0.01204819
0.01204819
0.01204819
0.01204819
0.01204819
0.01204819
0.01204819
0.01204819
0.01204819
0.01204819
0.01204819
0.01204819
0.01204819
0.01204819
0.01204819
0.01204819
0.01204819
0.01204819
0.01204819
0.01204819
0.01204819
0.01204819
0.01204819
0.01204819
0.01204819
0.01204819
0.01204819
0.01204819
0.01204819
0.01204819
0.01204819
0.01204819
0.01204819
0.01204819
0.01204819
0.01204819
0.01204819
0.01204819
0.01204819
0.01204819
0.01204819
0.01204819
0.01204819
0.01204819
0.01204819
0.01204819
0.01204819
0.01204819
0.01204819
0.01204819
0.01204819
0.01204819
0.01204819
0.01204819
0.01204819
0.01204819
0.01204819
0.01204819
0.01204819
0.01204819
0.01204819
0.01204819
0.01204819
0.01204819
0.01204819
0.01204819
0.01204819
0.01204819
0.01204819
0.01204819
0.01204819
0.01204819
0.01204819
0.01204819
0.01204819
0.01204819
0.01204819
0.01204819
0.01204819
0.01204819
0.01204819
0.01204819
0.01204819
0.01204819
0.01204819
0.01204819
0.01204819
0.01204819
0.01204819
0.01204819
0.01204819
0.01204819
0.01204819
0.01204819
0.01204819
0.01204819
0.01204819
0.01204819
0.01204819
0.01204819
0.01204819
0.01204819
0.01204819
0.01204819
0.01204819
0.01204819
0.01204819
0.01204819
0.01204819
0.01204819
0.01204819
0.01204819
0.01204819
0.01204819
0.01204819
0.01204819
0.01204819
0.01204819
0.01204819
0.01204819
0.01204819
0.01204819
0.01204819
0.01204819
0.01204819
0.01204819
0.01204819
0.01204819
0.01204819
0.01204819
0.01204819
0.01204819
0.01204819
0.01204819
0.01204819
0.01204819
0.01204819
0.01204819
0.01204819
0.01204819
0.01204819
0.01204819
0.01204819
0.01204819
0.01204819
0.01204819
0.01204819
0.01204819
0.01204819
0.01204819
0.01204819
0.01204819
0.01204819
0.01204819
0.01204819
0.01204819
0.01204819
0.01204819
0.01204819
0.01204819
0.01204819
0.01204819
0.01204819
0.01204819
0.01204819
0.01204819
0.01204819
0.01204819
0.01204819
0.01204819
0.01204819
0.01204819
0.01204819
0.01204819
0.01204819
0.01204819
0.01204819
0.01204819
0.01204819
0.01204819
0.01204819
0.01204819
0.01204819
0.01204819
0.01204819
0.03249873
0.00000000
