1.00000000
0.92592593
0.88888889
0.79012346
0.70370370
0.62962963
0.53086420
0.46913580
0.44444444
0.27160494
0.24691358
0.09876543
0.08641975
0.02469136
0.02469136
0.02469136
0.02469136
0.02469136
0.01234568
0.01234568
0.01234568
0.01234568
0.01234568
0.01234568
0.01234568
0.01234568
0.01234568
0.01234568
0.01234568
0.01234568
0.01234568
0.01234568
0.01234568
0.01234568
0.01234568
0.01234568
0.01234568
0.01234568
0.01234568
0.01234568
0.01234568
0.01234568
0.01234568
0.01234568
0.01234568
0.01234568
0.01234568
0.01234568
0.01234568
0.01234568
0.01234568
0.01234568
0.01234568
0.01234568
0.01234568
0.01234568
0.01234568
0.01234568
0.01234568
0.01234568
0.01234568
0.01234568
0.01234568
0.01234568
0.01234568
0.01234568
0.01234568
0.01234568
0.01234568
0.01234568
0.01234568
0.01234568
0.01234568
0.01234568
0.01234568
0.01234568
0.01234568
0.01234568
0.01234568
0.01234568
0.01234568
0.01234568
0.07588076
0.00000000
