241
336
359
211
389
171
267
87
57
63
357
510
499
186
181
519
529
535
295
512
501
353
114
110
352
204
271
276
445
361
394
436
24
457
377
429
67
123
453
553
531
156
152
176
498
369
363
423
549
273
147
37
439
441
151
240
302
133
326
282
113
371
414
126
238
374
15
310
4
112
168
177
208
360
409
48
93
138
222
289
106
210
314
1
5
8
10
13
16
18
22
23
26
29
32
36
39
42
44
45
47
51
52
55
61
69
72
75
79
83
84
85
86
89
96
97
99
101
103
118
119
132
136
139
140
153
157
167
187
188
191
194
201
205
212
213
214
216
220
223
225
231
245
248
254
257
260
264
269
274
278
281
296
317
351
364
365
376
383
400
410
411
413
416
420
452
463
532
