53
54
59
55
60
56
58
166
108
165
13
150
12
66
151
176
178
263
114
182
57
181
177
160
3
262
169
10
61
187
102
67
82
103
110
11
5
65
2
70
161
113
170
18
261
156
185
188
168
186
97
39
69
167
249
267
64
40
246
171
134
68
4
198
250
21
130
268
159
270
194
107
155
271
179
222
77
197
269
105
106
126
266
9
104
20
83
259
129
38
174
245
257
30
133
63
71
85
137
240
28
189
7
8
15
23
24
29
45
48
51
52
78
84
88
90
93
109
120
121
123
125
136
138
139
147
148
152
162
190
204
223
225
230
231
239
241
243
244
248
255
258
260
264
