455
515
105
529
653
167
51
358
33
534
77
648
80
677
308
339
84
198
562
158
372
252
454
316
134
161
256
601
288
356
431
68
657
344
642
347
63
94
427
393
261
16
403
496
668
125
130
135
153
364
452
670
294
466
24
506
255
453
440
166
612
241
50
56
70
79
154
162
172
247
262
437
530
563
662
584
297
14
107
185
614
250
251
320
604
596
3
23
26
36
38
44
49
82
111
113
118
124
126
128
132
189
193
270
290
293
370
447
462
522
523
549
582
620
626
2
28
387
65
165
234
436
407
426
502
660
0
1
4
6
7
9
22
25
27
30
31
39
41
42
48
53
60
62
72
75
78
85
86
93
110
114
121
122
131
133
157
159
163
164
168
169
175
177
183
184
187
194
196
200
201
204
208
210
211
212
215
217
229
230
264
274
275
283
310
315
317
334
335
338
340
350
352
357
366
374
377
432
450
481
489
508
510
536
538
589
621
5
10
12
15
18
19
20
21
29
32
34
37
45
46
52
55
57
58
64
66
69
71
74
76
83
88
90
91
92
95
98
99
103
104
106
109
127
136
137
138
139
140
141
143
145
147
150
152
156
170
171
173
174
176
178
181
188
191
192
195
202
205
206
209
218
221
222
223
224
226
227
228
231
232
237
238
239
242
243
245
249
253
257
258
265
266
268
269
271
277
278
279
281
284
285
287
289
295
300
304
306
307
309
312
313
323
325
326
328
329
336
341
343
345
353
355
360
365
368
369
371
373
378
382
383
385
389
391
394
395
396
401
405
406
408
411
412
416
418
420
421
428
434
438
441
443
446
464
473
477
478
482
486
487
491
498
500
503
517
524
531
543
548
553
555
560
565
568
570
573
586
593
598
600
605
607
611
616
618
619
628
640
651
672
674
