1352
429
46
1291
123
108
508
1396
477
824
14
1017
564
711
341
511
715
1046
1129
1198
343
280
347
1175
63
841
616
372
157
1131
636
952
1151
549
687
27
936
303
665
934
1332
383
659
1033
523
1222
1388
365
590
614
1231
1209
93
255
494
368
1190
146
1096
216
832
1069
1041
487
1127
156
238
584
864
423
472
791
198
628
261
419
338
571
795
384
704
1297
895
254
380
900
375
524
787
457
702
668
876
1265
1375
325
1172
1128
1048
1268
785
222
416
798
748
1055
1140
1061
497
1088
1108
436
1068
1170
11
393
164
517
1243
863
1110
1290
1322
1189
1307
231
768
851
81
107
396
208
209
265
223
1226
451
1031
1337
69
869
1302
1323
54
211
20
183
266
445
495
618
678
965
707
66
234
719
725
1317
1362
205
285
363
545
842
898
959
101
132
350
152
312
395
526
601
1045
1059
1065
1095
1107
1359
3
26
283
513
660
1156
1217
932
13
294
518
605
760
811
871
1123
392
412
862
990
1097
0
23
39
44
59
61
62
72
77
83
99
131
144
190
212
213
298
299
322
397
400
404
428
452
522
536
588
606
620
621
627
706
751
860
904
906
979
1124
1132
1343
598
931
30
124
147
182
224
243
245
699
853
17
331
512
602
803
822
892
1005
1133
1312
9
279
376
468
471
626
646
790
826
857
859
933
970
991
1002
1098
1104
1137
1141
1380
2
5
15
18
22
31
34
41
45
64
76
79
80
86
91
111
113
114
117
120
122
125
128
130
138
148
155
163
165
176
179
181
193
194
215
227
240
249
250
259
271
276
281
289
306
309
311
316
327
337
339
345
348
354
356
360
382
386
411
422
424
440
441
458
461
478
491
496
500
534
538
542
546
548
560
581
589
591
610
622
641
650
651
655
666
669
681
710
740
750
780
813
833
868
896
916
923
939
962
1015
1047
1060
1249
336
766
945
981
1
4
10
16
24
25
28
33
37
38
42
47
48
49
52
53
55
56
57
58
65
68
73
74
75
78
82
85
88
89
90
92
95
96
97
98
100
105
106
109
112
115
118
119
121
126
129
134
136
137
140
141
145
150
158
159
167
168
169
170
173
175
178
180
184
185
189
191
195
196
197
200
201
202
204
206
207
210
214
217
218
219
220
221
225
226
229
230
232
235
237
239
241
244
246
247
251
252
253
256
258
263
264
267
269
270
278
282
286
287
288
290
292
295
296
297
300
301
302
304
307
313
314
315
317
320
323
324
326
328
329
332
342
346
349
353
355
358
359
362
364
367
369
371
378
381
385
390
402
405
406
408
409
410
417
421
426
427
431
432
433
437
439
443
450
456
459
463
465
466
476
480
483
485
488
489
498
499
502
503
504
505
506
507
509
514
516
519
520
521
525
528
529
530
532
540
544
547
551
554
555
556
559
561
563
567
570
572
577
578
579
585
587
592
594
595
600
607
613
629
630
631
632
633
639
647
648
652
653
654
658
662
663
673
677
688
690
691
697
698
700
705
709
713
716
717
718
720
723
724
726
728
729
733
738
742
743
749
759
761
762
764
770
777
779
782
792
796
797
800
804
807
808
810
816
821
827
830
834
840
843
844
848
852
855
856
858
867
878
881
886
887
888
899
901
902
903
907
909
913
914
919
926
938
942
943
944
947
948
949
963
971
972
974
978
984
985
995
996
1003
1008
1010
1012
1018
1021
1022
1034
1037
1040
1050
1052
1057
1074
1080
1083
1092
1109
1120
1121
1149
1152
1153
1155
1159
1160
1161
1176
1184
1215
1223
1228
1229
1236
1246
1251
1252
1262
1281
1298
1325
1341
1357
1371
