117
178
254
326
181
493
8
467
408
89
231
115
113
417
130
182
287
55
6
68
253
315
88
242
363
99
60
75
420
106
349
0
2
12
16
18
35
36
48
59
66
86
90
110
135
186
194
208
239
269
285
301
3
80
129
146
297
27
213
282
32
264
385
402
411
7
10
24
30
33
37
38
43
46
52
53
63
67
72
73
78
83
91
97
112
116
126
128
132
139
145
147
167
173
185
195
199
206
211
216
222
224
229
233
248
272
286
288
293
307
310
353
360
394
422
9
11
13
14
17
21
26
28
29
31
45
57
61
62
64
69
70
74
77
84
85
87
92
95
100
102
109
111
118
119
121
122
123
124
125
127
133
134
136
138
140
141
143
151
152
153
156
157
159
161
162
164
168
170
174
175
177
183
189
198
200
201
210
212
215
225
227
228
230
234
237
240
241
243
245
247
250
256
257
259
260
261
263
266
275
276
292
298
299
306
314
319
322
323
325
333
334
336
341
343
345
352
355
356
364
366
372
373
374
377
390
393
396
398
400
407
410
412
418
425
430
433
445
453
455
459
472
