1.000000000000000000e+00
9.108910891089109230e-01
7.425742574257425677e-01
6.683168316831683553e-01
3.465346534653465649e-02
2.970297029702970160e-02
1.980198019801980222e-02
1.980198019801980222e-02
1.980198019801980222e-02
1.980198019801980222e-02
1.980198019801980222e-02
1.980198019801980222e-02
9.900990099009901110e-03
9.900990099009901110e-03
9.900990099009901110e-03
9.900990099009901110e-03
9.900990099009901110e-03
9.900990099009901110e-03
9.900990099009901110e-03
9.900990099009901110e-03
9.900990099009901110e-03
9.900990099009901110e-03
9.900990099009901110e-03
9.900990099009901110e-03
9.900990099009901110e-03
9.900990099009901110e-03
9.900990099009901110e-03
9.900990099009901110e-03
9.900990099009901110e-03
9.900990099009901110e-03
9.900990099009901110e-03
9.900990099009901110e-03
9.900990099009901110e-03
9.900990099009901110e-03
9.900990099009901110e-03
9.900990099009901110e-03
9.900990099009901110e-03
9.900990099009901110e-03
4.950495049504950555e-03
