0.00000000
0.00017063
0.00034139
0.00056055
0.00077995
0.00099948
0.00131642
0.00146298
0.00163361
0.00187759
0.00212132
0.00241406
0.00265766
0.00295016
0.00324290
0.00343786
0.00370604
0.00394976
0.00414472
0.00460822
0.00485207
0.00509580
0.00521766
0.00543731
0.00563252
0.00594958
0.00621788
0.00646185
0.00668162
0.00695029
0.00714525
0.00731576
0.00753529
0.00782766
0.00807163
0.00824227
0.00851069
0.00863280
0.00894986
0.00924273
0.00953535
0.00970586
0.00992526
0.01009602
0.01033975
0.01063237
0.01099796
0.01124157
0.01150986
0.01168050
0.01182681
0.01197300
0.01233908
0.01280245
0.01311928
0.01321694
0.01355845
0.01370476
0.01404603
0.01421691
0.01448484
0.01465547
0.01492353
0.01526467
0.01541074
0.01558174
0.01580090
0.01599598
0.01628848
0.01665419
0.01687347
0.01699534
0.01719066
0.01740994
0.01760502
0.01794617
0.01821446
0.01845819
0.01875069
0.01901874
0.01918938
0.01938421
0.01953052
0.01984747
0.02021318
0.02045715
0.02070076
0.02099363
0.02121327
0.02138415
0.02170098
0.02189606
0.02218843
0.02240784
0.02267638
0.02289578
0.02321309
0.02335940
0.02357905
0.02370104
0.02389587
0.02418849
0.02460298
0.02474953
0.02521279
0.02533478
0.02560270
0.02572457
0.02594397
0.02613881
0.02635833
0.02650477
0.02679763
0.02706568
0.02728533
0.02750486
0.02777291
0.02799219
0.02843100
0.02865041
0.02887006
0.02904106
0.02923614
0.02950419
0.02974816
0.03016265
0.03038242
0.03057725
0.03072356
0.03099174
0.03116237
0.03147944
0.03174761
0.03201603
0.03240632
0.03260091
0.03274722
0.03321035
0.03338111
0.03360039
0.03396610
0.03420983
0.03438034
0.03486755
0.03503843
0.03528216
0.03535550
0.03555058
0.03577035
0.03591666
0.03613619
0.03628250
0.03657512
0.03686798
0.03696552
0.03720937
0.03750199
0.03769707
0.03786771
0.03808711
0.03837937
0.03859853
0.03908610
0.03942762
0.03962233
0.03996384
0.04028042
0.04047538
0.04062157
0.04093851
0.04113322
0.04137707
0.04162117
0.04184045
0.04220616
0.04240124
0.04266966
0.04279141
0.04313304
0.04342603
0.04354789
0.04388916
0.04420611
0.04437686
0.04481555
0.04527905
0.04547401
0.04571773
0.04588849
0.04613222
0.04642484
0.04657103
0.04674142
0.04705848
0.04732690
0.04744901
0.04761977
0.04798597
0.04815661
0.04844935
0.04866863
0.04893680
0.04920522
0.04940006
0.04947303
0.04964391
0.04976590
0.05022915
0.05059511
0.05076587
0.05100959
0.05120455
0.05144877
0.05164348
0.05196043
0.05230219
0.05249690
0.05281348
0.05293534
0.05334982
0.05359380
0.05383777
0.05410558
0.05430078
0.05454487
0.05478860
0.05486170
0.05520296
0.05539817
0.05569091
0.05586167
0.05613033
0.05637394
0.05659346
0.05691029
0.05717846
0.05727612
0.05749565
0.05769085
0.05786136
0.05812978
0.05830029
0.05851994
0.05864181
0.05891010
0.05922742
0.05939780
0.05964178
0.05983710
0.06010552
0.06034901
0.06059249
0.06083658
0.06115353
0.06142182
0.06164135
0.06181211
0.06203188
0.06220251
0.06239747
0.06256811
0.06278726
0.06310409
0.06339671
0.06356759
0.06371402
0.06400664
0.06427457
0.06456731
0.06468930
0.06493315
0.06524997
0.06554271
0.06593226
0.06620044
0.06639576
0.06659072
0.06685877
0.06700496
0.06720016
0.06749254
0.06785813
0.06810198
0.06841929
0.06863882
0.06876080
0.06898009
0.06927271
0.06949236
0.06973621
0.07015081
0.07034602
0.07063876
0.07076075
0.07107745
0.07127253
0.07139439
0.07173566
0.07197963
0.07205285
0.07217483
0.07234522
0.07254055
0.07288194
0.07312591
0.07332099
0.07354052
0.07368671
0.07397933
0.07429664
0.07451629
0.07480891
0.07505264
0.07519895
0.07551565
0.07583296
0.07610101
0.07641808
0.07658908
0.07685725
0.07707666
0.07741817
0.07758880
0.07785686
0.07810083
0.07822269
0.07841789
0.07856396
0.07873447
0.07910043
0.07936873
0.07953973
0.07985692
0.08012497
0.08024683
0.08058810
0.08090517
0.08119754
0.08149041
0.08180784
0.08207626
0.08229579
0.08246655
0.08268607
0.08300375
0.08336959
0.08368690
0.08390631
0.08422386
0.08434573
0.08451624
0.08471156
0.08485775
0.08507728
0.08527248
0.08558955
0.08580883
0.08600403
0.08636999
0.08658940
0.08685782
0.08702857
0.08724810
0.08761418
0.08788248
0.08807743
0.08834585
0.08851673
0.08873626
0.08888233
0.08900443
0.08924853
0.08946806
0.08961424
0.08985834
0.09002885
0.09022356
0.09034580
0.09063805
0.09083337
0.09105278
0.09122378
0.09141886
0.09166283
0.09178494
0.09200459
0.09210201
0.09229721
0.09249241
0.09263885
0.09283393
0.09300456
0.09319989
0.09337064
0.09361474
0.09378537
0.09405342
0.09441975
0.09476114
0.09510266
0.09527317
0.09556566
0.09576099
0.09588285
0.09605361
0.09627326
0.09651736
0.09681022
0.09695653
0.09712704
0.09744435
0.09776167
0.09798095
0.09815195
0.09854248
0.09881065
0.09907870
0.09922501
0.09934712
0.09959097
0.09988359
0.10020029
0.10037105
0.10068775
0.10100482
0.10132201
0.10151721
0.10171229
0.10202936
0.10215134
0.10239470
0.10263855
0.10285783
0.10322355
0.10349185
0.10368693
0.10395473
0.10417414
0.10434477
0.10456430
0.10485667
0.10517386
0.10534462
0.10566169
0.10597863
0.10622224
0.10641719
0.10670957
0.10695354
0.10727036
0.10766040
0.10785561
0.10809946
0.10827009
0.10848962
0.10880619
0.10895250
0.10907449
0.10929414
0.10978184
0.11007471
0.11031856
0.11053820
0.11078206
0.11109888
0.11129396
0.11156262
0.11185549
0.11209946
0.11229454
0.11258667
0.11292769
0.11317167
0.11339119
0.11363492
0.11380531
0.11407336
0.11434178
0.11458588
0.11490307
0.11507395
0.11517149
0.11556116
0.11575636
0.11597613
0.11624467
0.11646444
0.11678114
0.11702499
0.11719587
0.11734194
0.11763431
0.11780483
0.11802423
0.11831661
0.11858527
0.11899975
0.11912186
0.11926817
0.11956067
0.11970710
0.11982909
0.12012159
0.12021925
0.12046310
0.12085339
0.12102402
0.12131664
0.12173161
0.12199967
0.12214610
0.12238995
0.12263368
0.12280443
0.12312175
0.12331707
0.12348771
0.12360969
0.12392688
0.12421950
0.12446335
0.12468276
0.12480462
0.12502402
0.12517021
0.12563334
0.12592584
0.12609623
0.12651072
0.12660801
0.12682729
0.12704670
0.12743722
0.12763255
0.12797431
0.12826693
0.12846213
0.12858412
0.12892551
0.12914504
0.12933999
0.12960841
0.12973028
0.12997413
0.13019378
0.13041318
0.13077914
0.13109584
0.13141278
0.13168071
0.13192469
0.13211989
0.13231497
0.13258327
0.13294849
0.13309480
0.13321679
0.13370461
0.13399735
0.13424145
0.13446073
0.13475323
0.13511894
0.13541120
0.13563060
0.13587445
0.13594779
0.13631350
0.13648426
0.13663045
0.13689887
0.13714284
0.13736224
0.13765511
0.13780105
0.13797193
0.13833752
0.13855693
0.13887399
0.13904451
0.13931305
0.13958122
0.13975186
0.14011733
0.14031265
0.14053230
0.14075170
0.14104420
0.14131262
0.14155659
0.14184946
0.14223987
0.14245939
0.14275165
0.14304439
0.14328848
0.14353221
0.14380002
0.14416647
0.14436155
0.14458083
0.14470294
0.14506878
0.14523941
0.14533707
0.14570279
0.14592231
0.14619049
0.14650706
0.14672659
0.14699526
0.14736122
0.14760482
0.14792177
0.14799486
0.14823859
0.14853084
0.14875024
0.14901842
0.14938438
0.14965218
0.14974972
0.14996937
0.15026187
0.15048115
0.15089625
0.15096947
0.15116455
0.15153075
0.15179880
0.15199388
0.15216452
0.15235972
0.15260333
0.15277396
0.15306634
0.15323734
0.15343205
0.15362725
0.15394407
0.15416372
0.15438313
0.15462722
0.15509085
0.15531000
0.15548064
0.15584635
0.15613910
0.15640739
0.15655346
0.15677286
0.15704153
0.15735896
0.15762714
0.15779801
0.15796853
0.15811508
0.15850549
0.15865192
0.15909085
0.15945669
0.15962744
0.15974931
0.15994414
0.16006601
0.16013898
0.16038283
0.16060248
0.16074891
0.16101721
0.16128526
0.16150466
0.16179741
0.16196804
0.16228486
0.16250439
0.16282170
0.16299209
0.16328496
0.16345571
0.16377253
0.16396761
0.16426011
0.16460138
0.16479622
0.16506451
0.16528392
0.16550344
0.16555209
0.16577150
0.16601522
0.16616141
0.16638094
0.16657614
0.16684431
0.16721003
0.16747857
0.16764908
0.16784380
0.16818519
0.16850176
0.16864807
0.16872117
0.16896514
0.16925764
0.16942839
0.16972089
0.16991585
0.17030589
0.17047652
0.17076902
0.17098855
0.17130586
0.17152514
0.17164701
0.17193987
0.17206186
0.17240325
0.17279329
0.17296404
0.17306158
0.17342681
0.17384178
0.17410996
0.17430491
0.17462161
0.17488991
0.17518229
0.17540181
0.17564591
0.17586556
0.17615854
0.17632942
0.17657315
0.17681712
0.17703690
0.17723222
0.17752533
0.17784252
0.17811094
0.17835504
0.17862333
0.17896497
0.17913585
0.17955045
0.17974541
0.17996494
0.18028201
0.18050153
0.18091602
0.18120852
0.18150126
0.18176968
0.18203822
0.18220861
0.18242813
0.18281817
0.18318413
0.18342786
0.18364726
0.18394001
0.18413509
0.18454945
0.18486676
0.18498875
0.18513518
0.18540323
0.18559844
0.18584204
0.18606181
0.18630530
0.18657322
0.18679287
0.18701216
0.18715847
0.18730490
0.18762197
0.18789051
0.18803682
0.18830511
0.18859773
0.18881738
0.18920767
0.18950041
0.18979315
0.19006121
0.19028110
0.19071979
0.19086622
0.19120761
0.19125638
0.19147591
0.19184186
0.19203682
0.19223154
0.19237797
0.19264626
0.19289036
0.19320718
0.19345091
0.19371872
0.19393837
0.19418222
0.19452397
0.19474350
0.19493846
0.19518219
0.19542628
0.19564581
0.19588978
0.19620709
0.19654824
0.19681617
0.19715780
0.19747475
0.19774292
0.19810888
0.19847460
0.19859658
0.19888908
0.19930381
0.19952346
0.19974311
0.19993843
0.20027983
0.20047503
0.20076765
0.20103607
0.20127980
0.20154797
0.20186467
0.20208420
0.20232792
0.20249844
0.20264462
0.20296181
0.20327851
0.20354669
0.20379066
0.20408352
0.20425416
0.20444936
0.20474198
0.20493718
0.20503460
0.20522956
0.20542464
0.20569282
0.20579036
0.20603408
0.20625349
0.20644820
0.20657043
0.20681428
0.20708258
0.20727790
0.20747298
0.20771647
0.20800946
0.20837505
0.20869211
0.20881398
0.20903338
0.20935033
0.20966739
0.20986223
0.21015497
0.21030116
0.21039858
0.21064218
0.21098357
0.21130064
0.21147127
0.21164215
0.21198342
0.21220295
0.21247100
0.21269004
0.21283659
0.21310464
0.21339726
0.21368988
0.21383632
0.21412906
0.21429994
0.21444625
0.21469010
0.21488518
0.21520249
0.21544659
0.21569044
0.21590984
0.21634902
0.21661732
0.21695846
0.21727553
0.21754370
0.21783657
0.21793411
0.21812907
0.21834871
0.21859281
0.21890988
0.21910496
0.21951944
0.21969032
0.21998270
0.22005567
0.22022606
0.22044558
0.22073808
0.22110392
0.22129912
0.22151853
0.22176250
0.22195733
0.22212797
0.22232305
0.22256714
0.22283495
0.22302991
0.22327351
0.22349267
0.22376109
0.22400494
0.22424904
0.22441979
0.22466389
0.22498059
0.22532235
0.22573695
0.22598081
0.22617589
0.22651728
0.22671223
0.22698065
0.22722487
0.22742007
0.22773726
0.22798111
0.22812767
0.22837152
0.22856660
0.22890762
0.22907838
0.22927370
0.22937112
0.22963966
0.22990747
0.23005366
0.23022429
0.23046790
0.23063853
0.23088238
0.23115092
0.23134600
0.23158986
0.23198026
0.23219991
0.23246821
0.23268749
0.23293109
0.23317494
0.23346720
0.23380847
0.23405232
0.23412553
0.23439420
0.23466249
0.23488202
0.23519896
0.23544281
0.23568654
0.23600398
0.23619894
0.23651576
0.23666207
0.23685715
0.23707667
0.23729620
0.23753968
0.23773476
0.23802775
0.23824716
0.23844236
0.23861312
0.23880795
0.23900315
0.23924700
0.23953987
0.23971050
0.23995435
0.24022253
0.24053947
0.24066134
0.24095396
0.24122225
0.24139277
0.24178329
0.24214901
0.24234409
0.24258794
0.24290488
0.24305144
0.24324640
0.24344123
0.24366076
0.24390461
0.24422143
0.24444108
0.24458715
0.24485569
0.24507485
0.24534327
0.24556267
0.24587974
0.24609902
0.24626977
0.24648918
0.24668426
0.24683069
0.24717233
0.24736729
0.24761114
0.24780585
0.24807427
0.24834269
0.24846455
0.24873260
0.24892768
0.24912276
0.24939082
0.24963467
0.24985432
0.25012310
0.25029386
0.25053759
0.25080564
0.25104937
0.25129273
0.25148793
0.25168289
0.25197526
0.25209700
0.25238962
0.25263348
0.25273126
0.25309685
0.25326761
0.25360888
0.25397422
0.25436402
0.25465688
0.25487629
0.25507124
0.25529077
0.25541276
0.25560759
0.25580280
0.25611962
0.25624160
0.25653361
0.25685056
0.25692353
0.25726467
0.25758150
0.25787424
0.25809364
0.25833762
0.25860591
0.25870345
0.25904484
0.25933734
0.25950822
0.25977639
0.25989863
0.26016668
0.26038596
0.26065450
0.26092255
0.26116640
0.26136148
0.26160546
0.26177597
0.26204402
0.26221514
0.26265408
0.26294670
0.26316647
0.26345933
0.26358107
0.26372751
0.26404470
0.26436201
0.26460598
0.26480131
0.26502047
0.26526407
0.26550755
0.26572708
0.26597130
0.26619058
0.26655678
0.26682447
0.26716561
0.26755541
0.26796977
0.26814065
0.26833585
0.26870144
0.26896950
0.26918890
0.26938398
0.26955461
0.26979797
0.26996849
0.27018789
0.27033420
0.27057793
0.27082141
0.27108934
0.27123541
0.27130862
0.27155235
0.27186942
0.27216179
0.27238107
0.27262505
0.27282013
0.27306373
0.27325869
0.27360020
0.27372195
0.27389246
0.27420965
0.27435596
0.27462438
0.27481958
0.27494157
0.27523431
0.27540519
0.27562410
0.27581943
0.27603883
0.27625824
0.27640430
0.27667284
0.27691694
0.27711214
0.27735611
0.27750255
0.27774676
0.27794184
0.27823459
0.27845411
0.27874686
0.27894194
0.27918579
0.27942939
0.27964868
0.27989228
0.28001439
0.28025836
0.28045320
0.28074570
0.28101412
0.28111153
0.28142848
0.28159911
0.28186778
0.28213607
0.28240437
0.28257537
0.28279490
0.28298998
0.28323383
0.28340458
0.28372177
0.28401452
0.28413663
0.28440492
0.28467322
0.28498967
0.28523340
0.28545293
0.28572074
0.28606176
0.28647600
0.28684208
0.28706148
0.28745189
0.28771982
0.28781736
0.28806096
0.28830482
0.28854867
0.28871942
0.28898772
0.28942653
0.28959728
0.28984113
0.29018277
0.29054836
0.29079221
0.29096297
0.29130424
0.29162081
0.29198641
0.29227890
0.29259622
0.29279154
0.29296230
0.29325492
0.29347408
0.29362051
0.29396190
0.29420551
0.29442491
0.29476618
0.29483939
0.29518103
0.29547390
0.29569318
0.29596123
0.29620483
0.29639979
0.29666833
0.29683897
0.29710727
0.29730222
0.29749743
0.29769251
0.29786339
0.29798525
0.29820490
0.29849752
0.29871717
0.29898559
0.29922919
0.29939983
0.29957034
0.29976554
0.29991197
0.30000939
0.30025324
0.30032634
0.30047265
0.30064328
0.30108246
0.30139940
0.30159448
0.30188698
0.30198440
0.30230171
0.30257001
0.30303399
0.30339934
0.30369208
0.30393630
0.30442425
0.30469242
0.30486293
0.30525261
0.30542336
0.30581377
0.30596008
0.30617948
0.30639901
0.30664261
0.30713031
0.30742318
0.30766703
0.30783791
0.30810596
0.30849624
0.30878862
0.30900790
0.30930052
0.30949560
0.30964179
0.30998281
0.31025087
0.31034828
0.31051892
0.31076277
0.31095809
0.31120194
0.31147012
0.31186028
0.31220155
0.31256714
0.31271345
0.31300631
0.31344537
0.31364057
0.31385997
0.31410407
0.31434780
0.31456732
0.31478636
0.31507886
0.31529851
0.31561509
0.31595611
0.31615143
0.31637084
0.31661469
0.31688274
0.31702881
0.31727253
0.31754108
0.31778505
0.31795568
0.31819929
0.31829658
0.31846746
0.31868699
0.31888231
0.31912653
0.31929729
0.31963843
0.31988241
0.32027269
0.32049234
0.32076039
0.32093115
0.32105301
0.32132119
0.32151590
0.32175914
0.32185643
0.32207571
0.32227079
0.32251489
0.32261231
0.32292913
0.32331917
0.32349005
0.32373377
0.32397750
0.32412406
0.32439211
0.32461164
0.32492870
0.32534331
0.32558728
0.32566025
0.32597695
0.32609882
0.32646453
0.32665961
0.32702508
0.32741487
0.32770750
0.32790270
0.32807321
0.32839015
0.32863400
0.32878019
0.32904824
0.32931642
0.32951187
0.32973152
0.33002401
0.33029207
0.33058456
0.33077989
0.33099917
0.33126722
0.33148650
0.33180369
0.33216941
0.33231584
0.33263278
0.33275465
0.33292528
0.33307159
0.33333952
0.33358301
0.33392415
0.33402181
0.33441148
0.33455779
0.33487462
0.33526527
0.33550912
0.33575297
0.33599682
0.33624079
0.33641155
0.33675294
0.33692345
0.33728916
0.33760623
0.33792330
0.33819172
0.33826469
0.33858176
0.33877684
0.33904538
0.33933788
0.33948406
0.33960605
0.33989879
0.34016697
0.34033785
0.34053280
0.34067899
0.34087444
0.34099630
0.34141140
0.34160648
0.34197220
0.34228926
0.34243582
0.34260657
0.34292327
0.34326442
0.34358149
0.34380089
0.34394745
0.34431328
0.34453256
0.34475234
0.34494729
0.34519102
0.34541055
0.34565464
0.34597159
0.34619099
0.34648361
0.34680043
0.34721492
0.34753174
0.34792178
0.34823836
0.34862827
0.34879878
0.34911597
0.34935995
0.34972590
0.34996963
0.35016471
0.35031102
0.35055500
0.35079909
0.35111591
0.35123766
0.35153003
0.35179821
0.35192007
0.35223738
0.35270076
0.35287139
0.35321291
0.35379876
0.35406693
0.35431091
0.35450586
0.35472539
0.35501813
0.35528643
0.35550583
0.35565239
0.35589661
0.35616503
0.35631121
0.35657927
0.35679867
0.35689609
0.35696930
0.35706684
0.35728600
0.35755442
0.35777395
0.35806682
0.35828622
0.35853019
0.35865193
0.35889578
0.35913951
0.35960301
0.35982266
0.36013973
0.36050532
0.36065163
0.36104191
0.36118835
0.36130996
0.36160271
0.36174890
0.36196842
0.36216326
0.36252885
0.36260194
0.36267528
0.36282172
0.36306520
0.36328472
0.36340659
0.36377243
0.36416271
0.36443101
0.36477276
0.36487030
0.36511403
0.36540629
0.36560124
0.36586929
0.36621044
0.36647861
0.36686927
0.36721090
0.36755278
0.36777206
0.36813790
0.36843028
0.36872277
0.36901527
0.36930789
0.36957631
0.36977151
0.37006401
0.37025897
0.37055184
0.37084446
0.37118572
0.37147847
0.37174689
0.37211236
0.37228324
0.37247807
0.37279501
0.37306343
0.37330716
0.37345347
0.37357558
0.37389253
0.37418515
0.37442887
0.37455098
0.37472149
0.37506264
0.37525784
0.37545292
0.37564776
0.37576987
0.37613570
0.37635486
0.37650117
0.37674502
0.37698863
0.37715926
0.37754930
0.37781784
0.37811010
0.37832950
0.37864632
0.37888968
0.37908476
0.37940171
0.37976755
0.37993781
0.38020611
0.38035242
0.38066900
0.38091285
0.38110805
0.38127868
0.38164440
0.38193714
0.38215654
0.38240052
0.38274215
0.38305934
0.38332727
0.38374151
0.38396043
0.38432651
0.38457036
0.38476532
0.38496027
0.38520400
0.38539896
0.38574047
0.38617916
0.38652030
0.38676415
0.38698331
0.38717827
0.38732483
0.38771536
0.38803267
0.38825207
0.38847160
0.38856914
0.38886188
0.38903252
0.38922735
0.38949589
0.38973925
0.38993446
0.39008077
0.39034906
0.39054390
0.39078799
0.39100740
0.39127594
0.39159288
0.39178784
0.39188550
0.39205626
0.39222702
0.39244642
0.39269015
0.39283658
0.39315353
0.39344590
0.39371408
0.39390928
0.39407991
0.39425055
0.39451872
0.39466491
0.39490888
0.39508001
0.39529929
0.39542127
0.39561635
0.39607985
0.39629963
0.39647001
0.39678696
0.39707970
0.39720169
0.39742109
0.39754308
0.39788459
0.39805547
0.39825080
0.39844600
0.39861676
0.39893395
0.39910470
0.39939757
0.39956832
0.39959277
0.39995836
0.40037285
0.40061682
0.40090920
0.40117712
0.40132356
0.40146975
0.40176237
0.40198165
0.40229859
0.40249379
0.40268875
0.40283506
0.40300570
0.40317633
0.40349291
0.40366342
0.40380948
0.40400457
0.40424854
0.40449239
0.40471167
0.40493120
0.40512615
0.40529691
0.40571140
0.40600402
0.40629664
0.40651629
0.40678458
0.40702856
0.40727253
0.40746773
0.40773591
0.40785777
0.40802865
0.40827262
0.40849215
0.40871155
0.40888219
0.40893108
0.40927222
0.40973548
0.41002798
0.41032084
0.41051568
0.41075965
0.41105215
0.41134501
0.41153985
0.41168628
0.41185679
0.41200310
0.41219819
0.41246660
0.41268589
0.41295394
0.41327076
0.41353930
0.41390514
0.41407577
0.41424653
0.41441704
0.41458767
0.41478276
0.41488017
0.41519712
0.41539220
0.41568457
0.41592879
0.41617240
0.41629451
0.41651403
0.41658725
0.41683110
0.41717237
0.41739165
0.41768439
0.41802541
0.41836681
0.41858621
0.41885438
0.41904983
0.41926936
0.41953778
0.41968409
0.42002536
0.42041625
0.42078221
0.42107508
0.42148981
0.42168501
0.42192874
0.42207480
0.42231865
0.42253793
0.42278178
0.42312318
0.42348926
0.42368458
0.42395276
0.42417228
0.42458689
0.42500150
0.42534264
0.42546438
0.42573268
0.42590344
0.42619569
0.42648843
0.42656165
0.42675673
0.42697613
0.42719554
0.42741507
0.42778090
0.42802439
0.42826824
0.42853641
0.42885348
0.42904856
0.42914610
0.42941452
0.42956058
0.42965812
0.42982888
0.43017027
0.43053537
0.43065724
0.43077910
0.43112049
0.43143768
0.43165696
0.43187624
0.43211997
0.43224196
0.43258298
0.43275349
0.43307056
0.43324132
0.43341183
0.43375248
0.43404486
0.43436205
0.43467887
0.43484950
0.43504458
0.43531264
0.43555612
0.43580021
0.43601962
0.43636101
0.43645855
0.43667808
0.43687340
0.43706860
0.43738494
0.43767756
0.43801907
0.43826280
0.43858035
0.43879964
0.43904324
0.43928721
0.43948242
0.43977491
0.44011618
0.44040905
0.44062845
0.44082390
0.44097046
0.44136037
0.44170237
0.44179991
0.44201932
0.44240972
0.44267802
0.44280001
0.44304386
0.44326351
0.44355601
0.44370244
0.44394629
0.44418989
0.44448227
0.44484811
0.44504319
0.44536001
0.44560435
0.44609193
0.44621367
0.44653074
0.44672606
0.44706745
0.44743304
0.44767726
0.44794568
0.44814088
0.44843338
0.44882342
0.44904319
0.44926260
0.44943348
0.44967708
0.44982339
0.45014046
0.45036023
0.45075015
0.45096943
0.45128625
0.45150553
0.45172518
0.45196891
0.45231018
0.45255427
0.45277380
0.45304222
0.45328619
0.45338373
0.45367635
0.45387168
0.45401811
0.45423764
0.45445704
0.45477386
0.45504179
0.45533404
0.45567543
0.45601670
0.45628512
0.45657762
0.45682147
0.45716286
0.45745560
0.45760204
0.45774822
0.45801664
0.45813838
0.45845521
0.45872326
0.45904008
0.45918651
0.45945481
0.45974743
0.45989374
0.46025982
0.46060134
0.46086963
0.46108928
0.46121115
0.46152846
0.46177219
0.46194282
0.46225989
0.46250398
0.46274808
0.46301613
0.46321145
0.46355272
0.46379645
0.46401585
0.46421081
0.46443046
0.46474777
0.46496706
0.46518634
0.46545488
0.46572318
0.46601555
0.46630829
0.46650350
0.46674735
0.46699107
0.46721048
0.46750310
0.46764916
0.46784412
0.46808810
0.46830799
0.46860049
0.46881989
0.46918561
0.46947798
0.46974591
0.46991667
0.47016064
0.47037980
0.47059933
0.47103838
0.47118481
0.47145335
0.47172177
0.47196562
0.47225824
0.47255050
0.47274582
0.47313598
0.47323352
0.47357516
0.47374567
0.47398952
0.47416040
0.47440413
0.47459909
0.47476972
0.47508691
0.47545287
0.47564783
0.47581871
0.47598959
0.47616010
0.47637950
0.47659891
0.47679386
0.47696437
0.47720810
0.47752480
0.47781730
0.47796349
0.47823178
0.47845143
0.47871961
0.47901235
0.47940251
0.47962228
0.47979267
0.48013431
0.48047558
0.48062189
0.48089043
0.48103649
0.48118280
0.48142641
0.48176792
0.48191423
0.48218253
0.48240206
0.48257281
0.48313373
0.48335313
0.48359674
0.48384059
0.48401147
0.48423087
0.48459646
0.48479155
0.48496255
0.48532826
0.48552346
0.48586547
0.48620674
0.48659702
0.48688964
0.48718250
0.48735302
0.48747488
0.48776775
0.48796307
0.48820692
0.48854843
0.48876808
0.48896304
0.48940234
0.48959754
0.48979262
0.49010945
0.49045047
0.49071840
0.49103534
0.49137710
0.49174294
0.49201087
0.49230349
0.49262104
0.49291391
0.49313368
0.49340185
0.49362126
0.49398697
0.49427959
0.49449900
0.49484063
0.49510844
0.49535241
0.49564503
0.49581579
0.49603532
0.49635214
0.49657154
0.49681564
0.49696195
0.49703517
0.49730297
0.49747385
0.49776623
0.49796143
0.49815651
0.49835184
0.49864446
0.49893720
0.49922982
0.49935181
0.49971764
0.49998606
0.50030350
0.50049858
0.50069366
0.50098652
0.50130359
0.50159584
0.50179080
0.50196143
0.50225369
0.50252211
0.50271719
0.50296079
0.50322933
0.50340021
0.50357097
0.50379037
0.50393668
0.50410732
0.50444859
0.50461922
0.50483875
0.50513161
0.50544831
0.50576513
0.50593601
0.50608257
0.50620455
0.50635099
0.50661904
0.50678980
0.50696055
0.50727737
0.50742381
0.50766778
0.50786298
0.50808239
0.50827734
0.50856960
0.50883765
0.50917941
0.50934992
0.50961834
0.50974020
0.50988676
0.51013061
0.51042311
0.51064227
0.51095884
0.51115368
0.51149495
0.51173843
0.51193351
0.51200673
0.51237244
0.51273791
0.51290867
0.51320129
0.51337180
0.51356676
0.51385962
0.51415212
0.51427411
0.51446943
0.51464007
0.51490836
0.51505455
0.51515209
0.51532272
0.51549360
0.51571301
0.51593278
0.51605489
0.51624960
0.51637171
0.51668853
0.51695646
0.51729797
0.51768826
0.51785901
0.51812707
0.51851735
0.51888294
0.51917556
0.51929767
0.51954152
0.51980982
0.51998045
0.52034617
0.52046840
0.52063928
0.52110253
0.52132230
0.52146861
0.52168814
0.52183469
0.52210275
0.52237141
0.52261502
0.52278602
0.52312753
0.52322495
0.52342015
0.52354202
0.52381080
0.52415219
0.52429838
0.52456643
0.52468842
0.52493251
0.52498128
0.52517612
0.52537108
0.52561517
0.52573704
0.52612744
0.52627375
0.52639574
0.52663971
0.52690801
0.52703000
0.52710321
0.52737126
0.52759055
0.52783440
0.52800515
0.52817579
0.52834654
0.52851742
0.52888350
0.52905438
0.52924959
0.52946923
0.52971296
0.53005460
0.53032302
0.53042080
0.53071330
0.53085961
0.53115186
0.53142016
0.53156623
0.53188354
0.53224962
0.53251804
0.53273732
0.53290796
0.53317637
0.53344479
0.53381063
0.53412757
0.53442020
0.53461552
0.53485937
0.53517656
0.53556672
0.53576168
0.53600528
0.53629766
0.53654163
0.53680968
0.53695587
0.53719960
0.53751642
0.53778509
0.53798004
0.53817512
0.53849219
0.53876061
0.53895557
0.53941870
0.53966243
0.53990616
0.54007679
0.54051597
0.54090613
0.54122270
0.54144235
0.54168620
0.54197907
0.54227157
0.54246628
0.54263716
0.54295374
0.54317314
0.54341699
0.54368541
0.54388074
0.54405161
0.54424694
0.54439313
0.54468550
0.54488058
0.54505134
0.54531988
0.54549076
0.54563707
0.54588080
0.54614910
0.54634430
0.54653962
0.54671014
0.54685632
0.54719747
0.54746552
0.54790408
0.54812349
0.54836771
0.54868428
0.54902592
0.54936694
0.54948893
0.54978167
0.54992798
0.55019628
0.55051322
0.55080597
0.55095228
0.55126934
0.55151307
0.55175729
0.55202546
0.55231784
0.55251304
0.55287863
0.55326843
0.55341486
0.55360994
0.55397553
0.55419506
0.55438989
0.55473128
0.55499970
0.55524355
0.55558482
0.55580410
0.55602363
0.55621896
0.55651182
0.55673135
0.55699952
0.55719472
0.55731647
0.55748722
0.55775552
0.55792591
0.55814544
0.55846262
0.55870660
0.55887723
0.55907231
0.55924295
0.55960878
0.55992573
0.56021884
0.56051183
0.56070666
0.56104805
0.56141401
0.56168243
0.56195024
0.56221853
0.56241337
0.56268191
0.56299849
0.56336408
0.56355928
0.56392524
0.56412008
0.56431479
0.56460729
0.56482694
0.56511907
0.56543650
0.56553404
0.56575369
0.56604643
0.56633918
0.56653438
0.56672958
0.56707061
0.56743644
0.56763152
0.56787501
0.56809466
0.56828949
0.56846025
0.56885029
0.56911822
0.56933762
0.56953282
0.56975235
0.56984989
0.57016659
0.57038612
0.57058095
0.57077579
0.57106841
0.57133646
0.57165353
0.57182416
0.57197047
0.57233594
0.57260424
0.57282352
0.57314022
0.57326233
0.57355482
0.57377411
0.57401808
0.57426217
0.57453084
0.57472604
0.57494520
0.57523770
0.57538413
0.57567700
0.57582343
0.57621347
0.57643275
0.57662771
0.57696849
0.57718801
0.57740729
0.57772436
0.57799266
0.57823639
0.57845579
0.57874865
0.57891929
0.57923660
0.57948045
0.57984617
0.57994383
0.58023657
0.58048042
0.58077341
0.58096849
0.58113949
0.58145619
0.58177338
0.58206576
0.58230961
0.58250444
0.58274829
0.58306548
0.58330921
0.58367492
0.58406508
0.58445500
0.58477182
0.58494258
0.58538175
0.58564993
0.58594267
0.58623541
0.58650347
0.58669855
0.58696684
0.58716192
0.58730860
0.58767419
0.58786915
0.58808843
0.58833216
0.58842970
0.58879578
0.58899086
0.58925916
0.58943016
0.58974686
0.59006381
0.59021024
0.59052718
0.59072226
0.59108798
0.59142961
0.59172248
0.59194176
0.59213660
0.59220981
0.59240526
0.59255145
0.59286839
0.59330732
0.59352673
0.59381959
0.59399035
0.59418567
0.59428309
0.59445397
0.59481969
0.59508786
0.59533208
0.59560062
0.59584435
0.59613685
0.59642934
0.59667295
0.59689223
0.59716040
0.59737981
0.59764811
0.59796493
0.59833101
0.59855017
0.59881834
0.59901367
0.59913590
0.59930690
0.59957520
0.59979448
0.60015995
0.60052579
0.60062357
0.60089150
0.60130562
0.60157391
0.60184209
0.60208569
0.60220744
0.60267045
0.60293874
0.60323173
0.60354880
0.60371943
0.60398760
0.60423158
0.60440221
0.60467063
0.60493856
0.60513401
0.60537798
0.60559726
0.60596334
0.60610966
0.60640228
0.60664600
0.60691418
0.60710914
0.60735286
0.60757251
0.60786538
0.60815775
0.60832851
0.60857261
0.60876793
0.60901166
0.60920674
0.60949948
0.60967024
0.60988977
0.61010929
0.61023140
0.61047501
0.61066996
0.61086529
0.61108494
0.61132879
0.61157240
0.61181625
0.61210887
0.61235235
0.61259632
0.61293784
0.61315736
0.61337677
0.61354752
0.61376668
0.61401090
0.61420598
0.61449860
0.61471788
0.61503495
0.61532806
0.61554722
0.61564488
0.61581552
0.61605937
0.61623049
0.61662077
0.61679165
0.61696229
0.61727899
0.61747431
0.61776705
0.61813265
0.61849861
0.61869356
0.61893754
0.61927905
0.61952290
0.61988898
0.62020617
0.62049867
0.62086438
0.62115664
0.62132739
0.62157112
0.62174188
0.62188807
0.62208339
0.62225402
0.62247355
0.62266863
0.62288804
0.62325412
0.62352254
0.62359563
0.62383960
0.62415692
0.62432792
0.62462042
0.62474240
0.62503478
0.62522961
0.62544902
0.62571731
0.62581473
0.62600981
0.62622946
0.62635145
0.62669235
0.62671667
0.62698497
0.62722845
0.62747218
0.62771627
0.62803322
0.62830152
0.62852092
0.62881379
0.62900899
0.62920407
0.62952114
0.62969152
0.62991093
0.63015478
0.63034998
0.63061852
0.63081348
0.63098412
0.63132551
0.63159344
0.63178864
0.63193507
0.63213015
0.63227646
0.63256921
0.63283738
0.63317914
0.63347164
0.63359362
0.63381303
0.63400798
0.63439814
0.63478855
0.63495943
0.63517883
0.63547121
0.63566617
0.63581248
0.63595903
0.63612979
0.63634895
0.63661737
0.63688542
0.63710495
0.63734880
0.63756796
0.63786070
0.63805615
0.63829975
0.63837285
0.63854372
0.63878770
0.63905599
0.63932417
0.63949480
0.63973865
0.63988484
0.64017795
0.64059244
0.64090889
0.64117706
0.64156747
0.64176255
0.64195800
0.64212900
0.64242187
0.64261707
0.64293426
0.64312934
0.64342171
0.64366569
0.64388485
0.64412870
0.64437242
0.64456775
0.64483617
0.64505570
0.64525078
0.64549438
0.64576268
0.64598220
0.64620185
0.64634829
0.64654349
0.64676289
0.64695785
0.64727480
0.64746988
0.64764051
0.64786004
0.64807944
0.64825020
0.64846985
0.64866493
0.64881111
0.64915263
0.64929882
0.64964008
0.64976207
0.65024989
0.65049387
0.65068870
0.65095688
0.65127431
0.65154261
0.65178658
0.65185992
0.65227404
0.65242022
0.65268864
0.65288409
0.65310362
0.65342056
0.65361589
0.65390863
0.65412791
0.65425002
0.65454276
0.65481069
0.65517641
0.65542001
0.65561509
0.65588327
0.65612700
0.65644419
0.65673668
0.65702918
0.65734637
0.65761430
0.65793124
0.65815114
0.65844376
0.65873626
0.65900431
0.65910197
0.65944287
0.65958918
0.65993070
0.66022307
0.66032073
0.66049112
0.66075954
0.66112526
0.66132046
0.66151566
0.66171074
0.66193015
0.66222313
0.66253983
0.66280801
0.66305161
0.66329522
0.66366155
0.66402751
0.66422259
0.66441791
0.66458867
0.66483264
0.66510045
0.66534418
0.66558790
0.66585645
0.66614931
0.66632019
0.66658849
0.66671072
0.66693037
0.66712532
0.66734485
0.66746684
0.66771044
0.66790540
0.66814937
0.66829556
0.66851497
0.66878326
0.66907588
0.66931961
0.66956322
0.66985584
0.67014858
0.67036823
0.67053874
0.67085556
0.67105028
0.67122066
0.67144019
0.67168392
0.67200099
0.67231818
0.67261092
0.67285477
0.67304997
0.67331778
0.67363460
0.67375659
0.67404909
0.67429294
0.67465865
0.67492695
0.67517055
0.67536588
0.67573159
0.67604854
0.67638980
0.67658464
0.67680429
0.67695048
0.67734027
0.67758437
0.67777920
0.67807170
0.67834024
0.67851087
0.67885239
0.67899870
0.67921835
0.67936466
0.67958394
0.67985236
0.67999867
0.68029141
0.68051106
0.68085270
0.68102345
0.68131607
0.68155980
0.68197453
0.68231580
0.68265756
0.68304772
0.68324317
0.68351146
0.68368210
0.68392570
0.68421808
0.68455971
0.68485221
0.68502297
0.68529114
0.68553475
0.68589997
0.68607061
0.68631433
0.68650966
0.68680252
0.68716812
0.68731467
0.68753408
0.68782694
0.68807067
0.68848479
0.68877716
0.68894792
0.68909423
0.68928919
0.68948439
0.68982603
0.69002123
0.69038743
0.69068030
0.69099724
0.69136320
0.69168039
0.69192412
0.69219242
0.69231465
0.69265616
0.69292433
0.69316843
0.69329042
0.69346130
0.69375379
0.69394851
0.69421680
0.69446029
0.69475315
0.69492366
0.69511887
0.69528938
0.69541124
0.69567929
0.69587437
0.69624046
0.69646023
0.69667975
0.69692385
0.69724092
0.69755798
0.69763120
0.69797247
0.69816755
0.69843585
0.69858216
0.69882564
0.69899639
0.69931309
0.69955694
0.69967881
0.69994686
0.70023960
0.70036159
0.70055679
0.70075212
0.70094695
0.70128834
0.70158096
0.70194631
0.70214127
0.70240932
0.70265317
0.70289714
0.70309198
0.70333583
0.70350646
0.70387267
0.70414072
0.70438482
0.70462854
0.70494524
0.70511600
0.70550616
0.70572581
0.70609116
0.70628624
0.70655453
0.70682283
0.70696914
0.70709100
0.70740783
0.70762748
0.70782231
0.70811493
0.70838335
0.70857843
0.70887142
0.70913972
0.70926183
0.70955408
0.70970051
0.70996893
0.71023735
0.71050540
0.71072468
0.71109052
0.71135894
0.71155414
0.71182232
0.71211506
0.71243188
0.71260264
0.71279760
0.71304108
0.71338247
0.71362620
0.71384560
0.71411390
0.71433342
0.71445517
0.71460111
0.71484508
0.71499151
0.71518672
0.71543032
0.71569837
0.71586913
0.71613755
0.71633251
0.71645462
0.71686886
0.71708863
0.71725914
0.71745434
0.71784426
0.71799069
0.71818565
0.71842962
0.71869792
0.71903931
0.71928316
0.71957578
0.71994162
0.72025832
0.72052649
0.72081911
0.72098962
0.72113581
0.72125755
0.72147683
0.72169673
0.72186748
0.72218455
0.72235506
0.72255002
0.72279375
0.72293994
0.72315959
0.72345221
0.72354975
0.72369593
0.72389114
0.72411066
0.72435451
0.72467109
0.72506137
0.72520781
0.72540276
0.72569539
0.72589034
0.72610987
0.72635384
0.72652435
0.72686562
0.72708490
0.72730443
0.72752445
0.72779262
0.72793881
0.72825612
0.72854862
0.72884112
0.72910941
0.72932882
0.72952365
0.72974294
0.72996258
0.73032854
0.73071919
0.73098749
0.73118269
0.73145111
0.73181707
0.73215846
0.73230490
0.73262172
0.73286557
0.73303608
0.73327993
0.73352354
0.73359675
0.73379171
0.73403581
0.73437707
0.73462117
0.73496244
0.73523061
0.73547397
0.73576659
0.73608341
0.73630294
0.73644950
0.73664445
0.73671767
0.73696164
0.73735193
0.73747404
0.73788840
0.73808360
0.73827868
0.73854747
0.73879120
0.73898640
0.73930347
0.73957176
0.73981574
0.73991340
0.74015713
0.74035245
0.74057198
0.74066976
0.74091361
0.74110857
0.74132822
0.74157207
0.74179147
0.74203545
0.74235239
0.74259612
0.74281552
0.74323038
0.74342570
0.74369388
0.74388871
0.74430344
0.74454717
0.74469348
0.74505956
0.74532774
0.74554714
0.74571790
0.74596175
0.74627845
0.74642463
0.74664392
0.74691197
0.74705828
0.74732645
0.74747252
0.74774069
0.74813085
0.74847200
0.74881339
0.74908168
0.74930133
0.74961865
0.74983793
0.75008190
0.75037464
0.75056948
0.75088618
0.75110583
0.75149599
0.75171551
0.75198357
0.75232471
0.75254436
0.75273956
0.75300762
0.75332456
0.75347075
0.75381202
0.75410451
0.75427539
0.75444590
0.75469012
0.75483656
0.75508041
0.75544624
0.75576306
0.75608025
0.75634855
0.75651918
0.75671439
0.75693367
0.75722666
0.75747075
0.75761719
0.75788536
0.75817810
0.75837306
0.75854382
0.75876310
0.75920203
0.75947008
0.75961651
0.75986049
0.76015348
0.76025102
0.76034880
0.76056820
0.76086107
0.76115369
0.76149459
0.76176289
0.76200698
0.76229924
0.76259210
0.76278706
0.76303116
0.76334810
0.76373863
0.76403100
0.76434844
0.76456784
0.76468995
0.76490948
0.76510444
0.76534841
0.76568992
0.76590945
0.76615342
0.76644616
0.76659235
0.76688460
0.76715290
0.76737255
0.76759195
0.76783568
0.76800644
0.76825029
0.76842080
0.76873775
0.76900568
0.76910334
0.76934731
0.76959128
0.76990847
0.76995737
0.77015245
0.77039617
0.77056705
0.77081054
0.77112773
0.77132281
0.77154209
0.77185940
0.77205423
0.77224919
0.77246896
0.77261503
0.77273677
0.77298062
0.77317607
0.77346844
0.77368773
0.77393158
0.77424877
0.77449249
0.77471190
0.77500415
0.77524763
0.77546692
0.77573509
0.77585695
0.77622279
0.77653986
0.77683236
0.77700311
0.77734450
0.77751501
0.77783184
0.77810013
0.77846573
0.77858771
0.77875835
0.77902652
0.77931939
0.77961139
0.77980611
0.78007453
0.78036702
0.78058618
0.78082979
0.78109809
0.78139071
0.78170753
0.78207312
0.78229265
0.78248773
0.78273158
0.78292666
0.78321891
0.78346264
0.78365747
0.78387688
0.78407196
0.78426716
0.78446200
0.78470572
0.78499859
0.78536406
0.78565656
0.78587584
0.78602203
0.78614389
0.78629020
0.78648528
0.78672913
0.78694829
0.78721647
0.78760663
0.78770429
0.78789937
0.78804556
0.78821644
0.78843584
0.78867957
0.78909442
0.78936259
0.78960657
0.78989919
0.79011871
0.79041133
0.79070420
0.79097237
0.79119202
0.79153341
0.79170405
0.79189913
0.79214310
0.79238695
0.79255759
0.79270377
0.79287465
0.79297219
0.79321580
0.79336186
0.79353262
0.79365461
0.79392290
0.79419108
0.79431306
0.79455679
0.79492300
0.79509363
0.79521549
0.79562998
0.79575197
0.79592272
0.79614213
0.79628856
0.79655710
0.79675230
0.79697195
0.79724049
0.79736224
0.79753299
0.79770338
0.79806922
0.79826430
0.79848358
0.79862989
0.79899561
0.79923970
0.79936181
0.79960603
0.79987420
0.80009385
0.80036215
0.80060600
0.80087417
0.80114222
0.80133694
0.80170265
0.80194650
0.80206861
0.80223912
0.80250730
0.80277547
0.80306834
0.80340973
0.80372630
0.80399460
0.80421388
0.80455491
0.80465232
0.80494494
0.80514027
0.80528658
0.80557932
0.80570119
0.80589614
0.80611555
0.80638372
0.80684698
0.80721306
0.80755445
0.80777410
0.80799363
0.80831045
0.80852961
0.80882198
0.80904163
0.80935870
0.80962736
0.80999320
0.81038348
0.81060240
0.81087069
0.81111454
0.81138272
0.81162620
0.81189450
0.81213835
0.81238195
0.81262556
0.81291818
0.81323537
0.81350342
0.81372283
0.81386914
0.81396655
0.81406397
0.81423473
0.81450302
0.81464946
0.81489319
0.81508851
0.81525927
0.81543002
0.81574758
0.81591846
0.81618676
0.81645530
0.81667470
0.81684546
0.81716253
0.81747922
0.81779654
0.81796754
0.81823583
0.81860179
0.81887021
0.81911419
0.81940693
0.81969967
0.81996797
0.82016317
0.82033381
0.82048012
0.82072360
0.82089436
0.82108956
0.82130884
0.82152861
0.82196767
0.82221176
0.82238239
0.82262649
0.82304134
0.82335853
0.82350496
0.82377314
0.82406600
0.82421244
0.82435875
0.82452938
0.82472446
0.82504141
0.82535835
0.82550491
0.82587025
0.82616300
0.82638277
0.82672428
0.82694368
0.82733372
0.82757770
0.82772401
0.82808960
0.82850359
0.82872324
0.82899166
0.82928440
0.82957715
0.82984557
0.83013819
0.83030870
0.83067454
0.83094295
0.83101605
0.83128434
0.83155264
0.83184551
0.83216257
0.83245556
0.83269929
0.83289462
0.83311414
0.83328490
0.83360209
0.83379692
0.83406510
0.83426042
0.83467527
0.83501667
0.83530916
0.83550437
0.83579686
0.83601615
0.83630889
0.83660151
0.83703995
0.83718638
0.83750370
0.83784533
0.83806473
0.83830859
0.83860108
0.83882073
0.83904026
0.83916249
0.83930868
0.83945499
0.83989429
0.84021099
0.84043039
0.84079586
0.84111293
0.84128356
0.84143024
0.84164989
0.84201572
0.84225945
0.84260060
0.84279605
0.84303965
0.84340549
0.84369786
0.84406321
0.84438065
0.84459993
0.84489242
0.84525826
0.84555088
0.84569719
0.84596549
0.84637973
0.84659913
0.84686718
0.84720821
0.84752527
0.84772036
0.84796421
0.84811039
0.84840301
0.84867119
0.84893924
0.84923223
0.84959806
0.84989093
0.85013478
0.85033011
0.85059816
0.85076891
0.85113426
0.85140231
0.85159739
0.85206077
0.85230438
0.85257243
0.85274294
0.85305988
0.85325496
0.85345029
0.85379193
0.85403553
0.85425506
0.85447446
0.85466942
0.85479128
0.85508390
0.85525466
0.85552296
0.85576705
0.85608400
0.85630377
0.85662071
0.85693753
0.85713237
0.85725448
0.85754722
0.85788837
0.85808345
0.85835174
0.85864424
0.85883932
0.85910774
0.85949803
0.85971767
0.86005907
0.86032724
0.86088803
0.86115609
0.86149760
0.86171713
0.86179046
0.86198555
0.86225347
0.86247300
0.86271661
0.86298466
0.86320406
0.86344791
0.86371633
0.86403352
0.86442356
0.86486225
0.86498399
0.86530105
0.86554503
0.86583789
0.86608187
0.86620385
0.86635004
0.86659377
0.86681317
0.86720309
0.86754436
0.86776364
0.86795872
0.86820269
0.86844630
0.86878756
0.86900672
0.86929959
0.86949479
0.86981161
0.87012868
0.87044538
0.87073825
0.87105543
0.87120162
0.87146980
0.87166451
0.87181057
0.87207875
0.87232272
0.87259102
0.87281067
0.87298142
0.87327429
0.87346949
0.87381101
0.87417648
0.87446934
0.87466418
0.87490803
0.87522509
0.87544462
0.87571292
0.87588355
0.87600566
0.87622543
0.87651805
0.87661547
0.87681067
0.87703008
0.87720059
0.87756594
0.87790708
0.87819958
0.87844331
0.87861394
0.87883347
0.87905312
0.87922400
0.87944365
0.87973651
0.87995604
0.88017532
0.88039485
0.88061462
0.88078525
0.88098058
0.88115109
0.88137086
0.88151705
0.88173670
0.88210266
0.88229761
0.88249282
0.88278544
0.88305373
0.88327314
0.88368762
0.88412655
0.88427323
0.88439522
0.88456561
0.88495577
0.88512640
0.88541914
0.88571177
0.88588277
0.88615106
0.88637047
0.88654135
0.88688310
0.88710239
0.88734599
0.88763898
0.88793209
0.88817594
0.88846819
0.88866315
0.88893133
0.88915061
0.88934569
0.88951657
0.88971165
0.88990685
0.89015070
0.89044357
0.89061445
0.89085842
0.89120005
0.89154120
0.89183358
0.89207718
0.89237005
0.89266291
0.89271180
0.89297986
0.89324815
0.89349164
0.89380883
0.89410108
0.89429616
0.89458866
0.89493017
0.89527181
0.89551578
0.89568629
0.89617399
0.89649118
0.89693036
0.89717457
0.89749140
0.89780871
0.89807688
0.89836975
0.89856446
0.89885671
0.89907636
0.89939367
0.89961308
0.89980840
0.89997928
0.90012559
0.90036920
0.90049118
0.90066182
0.90088122
0.90114940
0.90136905
0.90158821
0.90195417
0.90229556
0.90253953
0.90275844
0.90295352
0.90319750
0.90353901
0.90388052
0.90424599
0.90448972
0.90473357
0.90509941
0.90553822
0.90575750
0.90600159
0.90624520
0.90646460
0.90675710
0.90709837
0.90726900
0.90756199
0.90783041
0.90804994
0.90836688
0.90870839
0.90895212
0.90926931
0.90961095
0.90990381
0.91000135
0.91029373
0.91058635
0.91078143
0.91102552
0.91126950
0.91139136
0.91165990
0.91175757
0.91197672
0.91224502
0.91239121
0.91248875
0.91270803
0.91295213
0.91314696
0.91331747
0.91363454
0.91385382
0.91429251
0.91453624
0.91485367
0.91507344
0.91531729
0.91561028
0.91590278
0.91626862
0.91653679
0.91680496
0.91702425
0.91743861
0.91768258
0.91790198
0.91814559
0.91834067
0.91836499
0.91856007
0.91885221
0.91909618
0.91941349
0.91958425
0.91980377
0.91992564
0.92014516
0.92048643
0.92080289
0.92112008
0.92129071
0.92148567
0.92165642
0.92194917
0.92238859
0.92263256
0.92299815
0.92319311
0.92336387
0.92368106
0.92399812
0.92424210
0.92446113
0.92490019
0.92511935
0.92529010
0.92555840
0.92580225
0.92597288
0.92624106
0.92641169
0.92665542
0.92697224
0.92711831
0.92748414
0.92765478
0.92792295
0.92816656
0.92850783
0.92884897
0.92904430
0.92928790
0.92962929
0.92989734
0.93006810
0.93043369
0.93070223
0.93082447
0.93116561
0.93138502
0.93170196
0.93192149
0.93216546
0.93240931
0.93260464
0.93282379
0.93314086
0.93326260
0.93338459
0.93357930
0.93387180
0.93409120
0.93428616
0.93450557
0.93470052
0.93492005
0.93530984
0.93565074
0.93587027
0.93601670
0.93638254
0.93669961
0.93696815
0.93721200
0.93757808
0.93787046
0.93821185
0.93857756
0.93869943
0.93891895
0.93921157
0.93940653
0.93962630
0.94004067
0.94028452
0.94038218
0.94060171
0.94084556
0.94106496
0.94138190
0.94162563
0.94189356
0.94213729
0.94235682
0.94267376
0.94289304
0.94296638
0.94328345
0.94357607
0.94384437
0.94406352
0.94425860
0.94440467
0.94450221
0.94499016
0.94516103
0.94550243
0.94586802
0.94608767
0.94638053
0.94652696
0.94681971
0.94713690
0.94750273
0.94769806
0.94801488
0.94830738
0.94864889
0.94889287
0.94920993
0.94942909
0.94972196
0.94994148
0.95018546
0.95045339
0.95091701
0.95108776
0.95121000
0.95147854
0.95162497
0.95182005
0.95221021
0.95245382
0.95264865
0.95284373
0.95301449
0.95318525
0.95340465
0.95352664
0.95374604
0.95396557
0.95418497
0.95438017
0.95481898
0.95525791
0.95552609
0.95572129
0.95598971
0.95618491
0.95642913
0.95664817
0.95669706
0.95677015
0.95703821
0.95735539
0.95755060
0.95784273
0.95820844
0.95837895
0.95859848
0.95894012
0.95940362
0.95979378
0.96001330
0.96030592
0.96050076
0.96076893
0.96101291
0.96147641
0.96164716
0.96203732
0.96233019
0.96250070
0.96286642
0.96323237
0.96352463
0.96367106
0.96398825
0.96415888
0.96442681
0.96474388
0.96515849
0.96532912
0.96567039
0.96584115
0.96613352
0.96649973
0.96686532
0.96708472
0.96742623
0.96764564
0.96791381
0.96813309
0.96827953
0.96854807
0.96869438
0.96888958
0.96915776
0.96927962
0.96947470
0.96964570
0.96967015
0.96986523
0.96998709
0.97027971
0.97042578
0.97064506
0.97076692
0.97101053
0.97115672
0.97125426
0.97152268
0.97174208
0.97198593
0.97220521
0.97249783
0.97286330
0.97305838
0.97325371
0.97342422
0.97369215
0.97398453
0.97417961
0.97439926
0.97471669
0.97483855
0.97491177
0.97505808
0.97530144
0.97554505
0.97566703
0.97591101
0.97608152
0.97625227
0.97647205
0.97671602
0.97686208
0.97708149
0.97727657
0.97756931
0.97776451
0.97808146
0.97832531
0.97849582
0.97866658
0.97895895
0.97927626
0.97937368
0.97951975
0.97978817
0.97995880
0.98015376
0.98022685
0.98051935
0.98071419
0.98103137
0.98122658
0.98129967
0.98176280
0.98198221
0.98222606
0.98237212
0.98251856
0.98288403
0.98327406
0.98342037
0.98351804
0.98383474
0.98422477
0.98444381
0.98466285
0.98478496
0.98522401
0.98544341
0.98566306
0.98580937
0.98619953
0.98649203
0.98673613
0.98697973
0.98722322
0.98734508
0.98756436
0.98785711
0.98800342
0.98827147
0.98863694
0.98907599
0.98951517
0.98975914
0.98990533
0.99002719
0.99022215
0.99044167
0.99070997
0.99092962
0.99122249
0.99141769
0.99168599
0.99183242
0.99202750
0.99217369
0.99231975
0.99266053
0.99290499
0.99310007
0.99327071
0.99339257
0.99366075
0.99390435
0.99422154
0.99441662
0.99461170
0.99487988
0.99509928
0.99536745
0.99558698
0.99578231
0.99602616
0.99622099
0.99648953
0.99685513
0.99717182
0.99734234
0.99753729
0.99768348
0.99792721
0.99824452
0.99853726
0.99863493
0.99875704
0.99902546
0.99931734
0.99956095
0.99990234
0.04887404
