0.00000000
0.00548165
0.01051687
0.01373525
0.01832404
0.02380569
0.03030470
0.03259909
0.03632615
0.04136137
0.04776700
0.05381959
0.05748439
0.06258187
0.06398340
0.07083547
0.07533088
0.07861151
0.08549470
0.08877533
0.09247126
0.09789066
0.10289475
0.10614426
0.10987132
0.11168816
0.11774074
0.12274483
0.12554791
0.12972140
0.13344846
0.13899236
0.14367453
0.15097302
0.15422252
0.15973530
0.16393991
0.16814453
0.17139403
0.17365730
0.17735324
0.17961651
0.18649969
0.18968695
0.19758749
0.20271609
0.20456406
0.20781357
0.21186255
0.21931667
0.22527587
0.23040447
0.23467134
0.23833615
0.24438873
0.24763824
0.25187398
0.25601634
0.26203780
0.26477862
0.26621128
0.27086233
0.27408071
0.27733021
0.28188788
0.28603024
0.29068128
0.29440834
0.29902826
0.30227777
0.30928546
0.31533804
0.31858755
0.32234573
0.32738095
0.33101463
0.33471057
0.33923711
0.34063864
0.34892337
0.35166419
0.35622186
0.36373823
0.37059029
0.37374642
0.37881276
0.38337043
0.38658881
0.39353425
0.39719906
0.39993988
0.40539040
0.40994807
0.41603177
0.42157568
0.42425425
0.42756600
0.43129307
0.43403389
0.43728339
0.44318035
0.44869312
0.45146507
0.45745540
0.46159776
0.46478502
0.47354729
0.47956875
0.48428205
0.49030350
0.49629383
0.50320815
0.50728826
0.51417144
0.52146993
0.52605872
0.53109394
0.53666897
0.54370779
0.54788128
0.55250119
0.55807622
0.56177216
0.56543696
0.56961045
0.57419924
0.57789518
0.58433193
0.58614878
0.59079982
0.59360290
0.59685240
0.60252081
0.60892644
0.61402391
0.61593413
0.62010762
0.62475866
0.63116430
0.63486023
0.63948015
0.64505517
0.65158531
0.65754451
0.66315067
0.66821701
0.67519358
0.68207677
0.68708086
0.69128548
0.69405743
0.70103399
0.70428350
0.70890341
0.71209067
0.71674171
0.72362490
0.72550399
0.73069484
0.73671630
0.74273775
0.75102248
0.75379443
0.75927608
0.76246333
0.76663682
0.77208734
0.77855523
0.78314402
0.78776393
0.79369201
0.79971347
0.80758289
0.81169413
0.81631404
0.82045641
0.82424572
0.82797278
0.83253044
0.83619525
0.84039987
0.84635907
0.85040805
0.85267132
0.85633613
0.85958564
0.86423668
0.86847242
0.87213723
0.87592654
0.88051533
0.88421127
0.89255824
0.89616080
0.90128940
0.90498533
0.90909657
0.91139096
0.91562671
0.92203234
0.92611245
0.93261146
0.93770893
0.94465437
0.94972072
0.95491157
0.96083964
0.96587486
0.97415959
0.97782440
0.98011879
0.98426115
0.98884995
0.99627294
0.23948782
