0.00000000
0.00548165
0.00870003
0.01373525
0.01921690
0.02380569
0.03030470
0.03396950
0.03626390
0.04266953
0.04639659
0.05143181
0.05748439
0.06433645
0.06943393
0.07083547
0.07411610
0.07861151
0.08189214
0.08877533
0.09247126
0.09572077
0.10072486
0.10614426
0.10796110
0.11296519
0.11576827
0.12131217
0.12548566
0.12921272
0.13147599
0.13698876
0.14023827
0.14629085
0.15097302
0.15323629
0.16053478
0.16843533
0.17263994
0.17636700
0.17821497
0.18566909
0.18987370
0.19500230
0.20188549
0.20615236
0.21211156
0.21536107
0.21941005
0.22310598
0.22629324
0.23142183
0.23467134
0.23792085
0.24397343
0.24671425
0.25085661
0.25541428
0.26006532
0.26430106
0.27032252
0.27398733
0.27541999
0.27956236
0.28784708
0.29157414
0.29660936
0.30269307
0.30588032
0.30855889
0.31180840
0.31502678
0.31967782
0.32573040
0.32987277
0.33738914
0.34194680
0.34564274
0.35249480
0.35711472
0.36074840
0.36214994
0.36584587
0.37091222
0.37543875
0.37999642
0.38375460
0.38697298
0.39012911
0.39653474
0.40156996
0.40702048
0.41396592
0.41670675
0.41944757
0.42311238
0.42767004
0.43098180
0.43423131
0.43748081
0.44025276
0.44299359
0.44624309
0.44997015
0.45417477
0.45968754
0.46570900
0.47447128
0.48049273
0.48520603
0.49122749
0.49721782
0.50422551
0.51113982
0.51521993
0.52210312
0.52940161
0.53399040
0.53956543
0.54660424
0.55077773
0.55539765
0.56097268
0.56463748
0.56881097
0.57339976
0.57664927
0.58034520
0.58678196
0.58859880
0.59458913
0.60048608
0.60513713
0.60794020
0.61118971
0.61685812
0.62326375
0.62836122
0.63027144
0.63444493
0.63909597
0.64279191
0.64741182
0.65298685
0.65951699
0.66547619
0.67108234
0.67614869
0.68312526
0.69000844
0.69501254
0.69778449
0.70476105
0.70938097
0.71256822
0.71721927
0.72410245
0.72598155
0.73117240
0.73719385
0.74321531
0.75150003
0.75427198
0.75975363
0.76294089
0.76711437
0.77256490
0.77903278
0.78362157
0.78824149
0.79416957
0.80203899
0.80615023
0.81077014
0.81491251
0.82045641
0.82424572
0.82797278
0.83253044
0.83619525
0.84039987
0.84635907
0.85040805
0.85267132
0.85633613
0.85958564
0.86423668
0.86847242
0.87213723
0.87592654
0.88051533
0.88421127
0.89255824
0.89616080
0.90128940
0.90498533
0.90909657
0.91139096
0.91562671
0.92203234
0.92611245
0.93261146
0.93770893
0.94465437
0.94972072
0.95491157
0.96083964
0.96587486
0.97415959
0.97782440
0.98011879
0.98426115
0.98884995
0.99627294
0.24643254
