0.00000000
0.00068368
0.00126909
0.00224590
0.00292958
0.00390723
0.00459259
0.00674275
0.00742980
0.00840576
0.00938341
0.01006878
0.01026447
0.01104642
0.01212487
0.01310421
0.01368962
0.01476469
0.01535095
0.01662004
0.01710970
0.01799161
0.01887352
0.01936234
0.02073139
0.02170988
0.02239440
0.02327715
0.02405994
0.02474531
0.02523498
0.02592034
0.02679972
0.02748424
0.02807050
0.02856016
0.02953781
0.03002832
0.03081111
0.03178708
0.03286553
0.03384402
0.03443111
0.03540708
0.03628814
0.03746402
0.03863736
0.03990898
0.04059435
0.04137546
0.04196171
0.04303678
0.04440667
0.04499377
0.04567913
0.04656104
0.04842228
0.04900938
0.05008782
0.05077319
0.05165594
0.05263274
0.05380609
0.05507771
0.05576139
0.05664077
0.05732782
0.05801234
0.05928649
0.05967704
0.06085460
0.06134343
0.06183394
0.06281243
0.06349611
0.06437633
0.06535398
0.06594023
0.06682214
0.06750835
0.06809544
0.06936706
0.07005242
0.07064036
0.07152227
0.07240165
0.07318360
0.07396555
0.07484577
0.07592169
0.07680444
0.07758723
0.07876058
0.07964164
0.08042444
0.08091326
0.08150120
0.08248138
0.08257965
0.08355729
0.08424435
0.08512457
0.08620049
0.08688417
0.08805836
0.08884031
0.08962142
0.09050079
0.09118616
0.09206891
0.09285086
0.09383019
0.09490780
0.09559316
0.09618026
0.09686562
0.09745103
0.09784243
0.09852695
0.09940886
0.10019081
0.10136500
0.10214780
0.10312713
0.10400904
0.10440043
0.10488926
0.10537977
0.10626083
0.10684624
0.10772730
0.10812039
0.10870580
0.10978172
0.11085932
0.11164043
0.11281715
0.11389391
0.11457927
0.11506726
0.11633719
0.11692513
0.11741311
0.11848819
0.11946583
0.12005293
0.12063918
0.12171510
0.12259532
0.12318242
0.12367209
0.12474716
0.12513772
0.12572650
0.12621532
0.12729293
0.12797913
0.12895594
0.13012845
0.13130011
0.13217949
0.13276658
0.13393909
0.13520902
0.13579611
0.13677376
0.13745997
0.13844099
0.13892982
0.13981256
0.14069363
0.14118330
0.14206183
0.14274635
0.14362658
0.14479992
0.14568099
0.14734400
0.14851819
0.14969154
0.15037606
0.15135624
0.15233642
0.15302094
0.15449163
0.15536932
0.15615380
0.15713229
0.15791508
0.15870040
0.15938577
0.16065823
0.16212723
0.16291002
0.16339801
0.16437481
0.16535330
0.16623184
0.16691721
0.16779911
0.16819135
0.16916816
0.17014665
0.17102771
0.17278900
0.17366922
0.17435290
0.17523396
0.17562536
0.17670044
0.17709184
0.17816775
0.17924367
0.18032212
0.18159458
0.18257476
0.18374474
0.18423440
0.18521374
0.18638961
0.18668190
0.18756465
0.18844655
0.18903449
0.19030864
0.19109059
0.19187338
0.19343812
0.19422007
0.19500287
0.19568739
0.19656845
0.19744868
0.19823063
0.19940397
0.20077302
0.20165408
0.20233692
0.20350943
0.20468193
0.20516991
0.20575701
0.20712690
0.20810623
0.20918468
0.21006574
0.21133483
0.21250987
0.21319270
0.21446601
0.21515306
0.21593669
0.21681776
0.21759971
0.21857820
0.21965412
0.22033780
0.22082831
0.22200081
0.22288188
0.22366383
0.22415350
0.22503372
0.22620791
0.22757611
0.22845802
0.22933824
0.23041584
0.23139518
0.23227371
0.23315478
0.23374187
0.23501517
0.23599451
0.23677730
0.23785238
0.23853775
0.23912315
0.23980852
0.24039393
0.24117588
0.24176298
0.24264488
0.24323451
0.24470519
0.24568284
0.24646563
0.24754240
0.24881401
0.25047871
0.25145636
0.25282625
0.25419530
0.25507383
0.25605064
0.25673601
0.25751880
0.25840155
0.25898864
0.26055507
0.26123960
0.26231552
0.26280350
0.26349055
0.26417507
0.26564407
0.26652261
0.26701143
0.26759684
0.26886762
0.26955214
0.27043236
0.27229360
0.27376176
0.27444544
0.27571706
0.27689462
0.27748087
0.27835941
0.27943617
0.27982673
0.28080522
0.28158717
0.28247076
0.28354499
0.28462260
0.28560278
0.28619071
0.28687524
0.28785204
0.28863484
0.28941510
0.29010131
0.29088410
0.29137293
0.29244885
0.29411018
0.29528605
0.29587399
0.29744042
0.29900853
0.29988875
0.30067323
0.30165004
0.30223798
0.30321563
0.30380272
0.30478037
0.30536747
0.30585713
0.30693474
0.30742440
0.30830631
0.30948134
0.31065638
0.31143748
0.31241682
0.31300223
0.31407815
0.31495753
0.31564458
0.31671965
0.31779642
0.31887234
0.32004737
0.32132151
0.32220089
0.32298453
0.32327766
0.32435442
0.32552861
0.32660537
0.32748391
0.32875805
0.32924772
0.33003304
0.33071756
0.33149951
0.33218488
0.33296767
0.33424098
0.33502461
0.33571082
0.33629791
0.33737552
0.33894111
0.33962479
0.34099720
0.34178252
0.34246705
0.34334642
0.34383525
0.34481290
0.34618447
0.34706554
0.34745693
0.34833800
0.34902420
0.35019924
0.35176230
0.35293733
0.35332788
0.35401156
0.35479183
0.35567205
0.35645400
0.35713768
0.35831103
0.35938779
0.35977919
0.36056367
0.36174038
0.36262229
0.36350335
0.36457927
0.36545697
0.36633719
0.36721657
0.36780366
0.36888379
0.36996224
0.37113559
0.37221319
0.37328659
0.37367883
0.37514698
0.37602552
0.37690743
0.37779102
0.37896268
0.37994033
0.38072228
0.38150339
0.38218960
0.38356117
0.38454050
0.38502849
0.38541988
0.38630179
0.38688804
0.38776742
0.38835367
0.38952702
0.39021239
0.39099602
0.39216937
0.39314955
0.39383491
0.39559620
0.39676786
0.39823602
0.39970334
0.40068098
0.40136551
0.40205003
0.40341908
0.40439673
0.40566666
0.40713313
0.40772107
0.40840559
0.40967637
0.41104710
0.41153592
0.41261269
0.41359118
0.41417911
0.41496107
0.41672488
0.41770421
0.41926980
0.42024829
0.42152075
0.42239929
0.42376833
0.42484425
0.42572195
0.42630820
0.42719011
0.42777720
0.42826603
0.42934194
0.42973250
0.43168948
0.43296110
0.43315680
0.43374474
0.43462580
0.43482066
0.43560429
0.43668021
0.43814669
0.43892948
0.43941915
0.44000793
0.44089152
0.44167515
0.44255369
0.44353387
0.44431666
0.44461063
0.44558828
0.44656761
0.44803409
0.44901426
0.44989364
0.45009018
0.45058153
0.45126521
0.45175404
0.45273169
0.45302397
0.45390672
0.45488353
0.45635169
0.45693962
0.45850605
0.45958282
0.46056215
0.46173718
0.46261909
0.46418215
0.46496578
0.46692192
0.46750818
0.46848835
0.46936858
0.47015053
0.47093332
0.47151873
0.47269545
0.47367394
0.47455416
0.47543522
0.47611806
0.47758622
0.47856471
0.47925008
0.47993713
0.48081819
0.48160099
0.48199238
0.48326569
0.48395105
0.48522520
0.48610542
0.48698480
0.48766932
0.48845296
0.48923659
0.48972626
0.49021508
0.49187725
0.49246519
0.49334457
0.49432222
0.49549641
0.49637663
0.49754745
0.49842852
0.49920962
0.49989499
0.50136062
0.50194772
0.50282878
0.50351330
0.50420035
0.50498062
0.50586084
0.50664532
0.50782204
0.50889711
0.50967991
0.51046354
0.51144372
0.51232563
0.51340407
0.51399201
0.51545848
0.51623791
0.51711729
0.51809494
0.51897431
0.51946314
0.52024593
0.52142265
0.52210717
0.52318478
0.52416158
0.52484695
0.52592455
0.52690473
0.52788322
0.52847032
0.52944797
0.53032650
0.53149901
0.53237923
0.53345515
0.53433790
0.53551293
0.53678623
0.53756818
0.53893807
0.54021138
0.54089590
0.54197350
0.54334760
0.54452095
0.54559687
0.54706587
0.54814179
0.54951252
0.55029616
0.55156862
0.55235310
0.55391869
0.55479975
0.55548511
0.55656272
0.55714981
0.55822742
0.55940077
0.56028099
0.56096551
0.56194400
0.56253110
0.56311903
0.56380356
0.56448808
0.56497775
0.56566227
0.56634679
0.56712959
0.56810892
0.56889087
0.56967367
0.57006590
0.57075043
0.57124094
0.57202289
0.57260914
0.57319624
0.57397987
0.57486009
0.57554630
0.57632825
0.57701446
0.57769898
0.57858005
0.57936284
0.58004736
0.58053703
0.58112497
0.58190860
0.58269224
0.58337676
0.58425698
0.58474497
0.58533038
0.58621060
0.58689680
0.58777787
0.58865809
0.58953831
0.59041853
0.59110474
0.59276523
0.59335317
0.59384115
0.59472137
0.59569986
0.59648265
0.59726545
0.59814651
0.59912500
0.60000607
0.60088713
0.60186562
0.60284411
0.60352779
0.60440802
0.60528824
0.60626673
0.60724522
0.60822287
0.60920052
0.61007990
0.61096012
0.61154553
0.61252486
0.61350335
0.61428446
0.61516384
0.61624060
0.61712335
0.61810269
0.61898207
0.61995803
0.62083741
0.62181421
0.62259869
0.62357634
0.62465395
0.62573155
0.62680747
0.62788592
0.62896437
0.63004113
0.63111705
0.63209470
0.63297745
0.63375855
0.63473957
0.63591208
0.63708458
0.63806055
0.63903651
0.64011496
0.64119425
0.64236928
0.64344857
0.64422884
0.64530560
0.64628325
0.64716515
0.64804453
0.64921620
0.65029380
0.65136972
0.65264302
0.65381469
0.65488976
0.65606648
0.65733810
0.65870799
0.65948741
0.66085814
0.66222719
0.66379530
0.66516687
0.66673246
0.66741698
0.66868860
0.66986195
0.67054900
0.67143006
0.67299397
0.67377676
0.67504753
0.67661312
0.67739591
0.67847183
0.67935290
0.68062536
0.68170381
0.68258487
0.68375822
0.68512726
0.68678859
0.68757223
0.68913697
0.69031032
0.69158362
0.69246300
0.69383289
0.69471311
0.69559081
0.69676584
0.69813657
0.69940734
0.70028925
0.70126690
0.70263679
0.70420153
0.70547484
0.70645333
0.70733523
0.70870681
0.70988184
0.71066463
0.71203705
0.71311297
0.71379665
0.71546135
0.71653895
0.71751576
0.71859505
0.71967097
0.72084516
0.72192108
0.72290041
0.72348751
0.72475997
0.72593247
0.72710919
0.72848077
0.72994724
0.73180679
0.73259212
0.73386458
0.73572329
0.73660520
0.73748626
0.73846307
0.73983295
0.74110373
0.74178741
0.74374608
0.74472541
0.74580133
0.74707295
0.74844200
0.74941965
0.75078785
0.75157148
0.75264993
0.75392071
0.75588106
0.75646647
0.75783467
0.75861831
0.75989077
0.76116070
0.76213667
0.76321427
0.76429188
0.76585746
0.76614975
0.76673768
0.76811094
0.76909281
0.77036695
0.77193338
0.77281192
0.77349728
0.77437750
0.77535599
0.77652850
0.77740872
0.77887772
0.78034588
0.78171577
0.78259515
0.78367107
0.78416074
0.78533324
0.78601861
0.78719195
0.78817044
0.78914809
0.79041803
0.79178792
0.79247244
0.79384317
0.79482250
0.79560614
0.79707430
0.79854077
0.79971412
0.80049607
0.80147456
0.80235394
0.80323332
0.80411607
0.80558423
0.80646361
0.80773354
0.80929828
0.81027846
0.81174325
0.81301655
0.81477952
0.81614941
0.81712874
0.81800981
0.81869433
0.81996595
0.82104355
0.82299885
0.82368338
0.82485672
0.82593264
0.82661632
0.82779051
0.82916040
0.83013974
0.83141304
0.83317517
0.83434936
0.83552355
0.83669774
0.83767791
0.83895037
0.83943920
0.84012456
0.84100647
0.84188585
0.84325237
0.84423170
0.84491791
0.84550585
0.84697401
0.84765853
0.84844216
0.85030425
0.85177072
0.85255351
0.85372686
0.85460708
0.85558558
0.85734518
0.85852021
0.85949954
0.86008579
0.86106429
0.86165054
0.86302043
0.86370495
0.86487830
0.86585510
0.86751643
0.86898122
0.87005883
0.87123386
0.87260291
0.87367883
0.87495129
0.87583151
0.87710144
0.87827647
0.87935239
0.88091714
0.88238361
0.88355612
0.88512254
0.88620099
0.88688636
0.88786401
0.88942791
0.89021070
0.89167970
0.89256077
0.89344183
0.89451607
0.89588680
0.89686782
0.89775056
0.89882648
0.90009810
0.90117486
0.90195934
0.90323180
0.90391885
0.90470080
0.90567845
0.90695091
0.90773202
0.90871051
0.90949584
0.91057091
0.91145029
0.91291761
0.91438661
0.91487712
0.91595304
0.91683410
0.91761521
0.91878940
0.92025756
0.92143259
0.92260510
0.92319219
0.92387756
0.92466035
0.92573796
0.92642332
0.92759583
0.92867343
0.92945622
0.93053299
0.93151063
0.93238917
0.93307369
0.93463844
0.93522638
0.93600833
0.93640057
0.93767387
0.93884722
0.94041280
0.94197839
0.94315258
0.94500961
0.94589236
0.94706992
0.94824242
0.94971142
0.95098220
0.95196153
0.95352796
0.95431160
0.95577891
0.95636854
0.95763847
0.95871776
0.96008681
0.96116357
0.96253514
0.96331793
0.96449297
0.96537319
0.96654738
0.96801385
0.96898982
0.97016316
0.97153474
0.97261234
0.97320028
0.97388565
0.97505984
0.97642888
0.97809021
0.97887216
0.97965327
0.98043438
0.98180258
0.98317331
0.98425007
0.98483717
0.98630364
0.98747868
0.98855544
0.98933739
0.99070559
0.99129353
0.99187978
0.99305397
0.99412905
0.99530071
0.99676887
0.99843273
0.99921721
0.29987916
