0.00000000
0.00476861
0.00846699
0.01291331
0.01548977
0.01844020
0.02213857
0.02620058
0.03174815
0.03691140
0.04024614
0.04245897
0.04833916
0.05203753
0.05313878
0.05570490
0.05974624
0.06194873
0.06563677
0.06822357
0.07153764
0.07596328
0.07925668
0.08220711
0.08698606
0.09141171
0.09436214
0.09694894
0.10101095
0.10543659
0.10987258
0.11316598
0.11571143
0.11902550
0.12123832
0.12604828
0.12862474
0.13416196
0.13934589
0.14193269
0.14378187
0.14563106
0.14821786
0.15192657
0.15560427
0.16184810
0.16406092
0.16663738
0.17070973
0.17330686
0.17736887
0.18031930
0.18513959
0.19033385
0.19476984
0.19773060
0.20178228
0.20399510
0.20804678
0.21137118
0.21358401
0.21839396
0.22356755
0.22905310
0.23237751
0.23569158
0.24160277
0.24676603
0.25045407
0.25375780
0.25561733
0.25892106
0.26150785
0.26519589
0.26776202
0.27107609
0.27479513
0.27995839
0.28366710
0.28626423
0.28848739
0.29105351
0.29326634
0.29511552
0.29880356
0.30026844
0.30545237
0.30805984
0.31098960
0.31504127
0.31688013
0.31983056
0.32206405
0.32831822
0.33310750
0.33532032
0.33863439
0.34157449
0.34487822
0.34855593
0.35038444
0.35516339
0.35738655
0.35958904
0.36106426
0.36327708
0.36548990
0.36733909
0.36956225
0.37214904
0.37542177
0.37837220
0.38095900
0.38315115
0.38497967
0.38754579
0.39084953
0.39378962
0.39746733
0.40078140
0.40409546
0.40739920
0.41106657
0.41476494
0.41805834
0.42245298
0.42650466
0.43132495
0.43688284
0.43982294
0.44759366
0.45309988
0.45752553
0.46232515
0.46602353
0.47082315
0.47487482
0.47857320
0.48262487
0.48519100
0.48776746
0.49219311
0.49440593
0.49698239
0.49918488
0.50138737
0.50360019
0.50654029
0.50874278
0.51204651
0.51536058
0.51866431
0.52196804
0.52603005
0.53155695
0.53636690
0.54044958
0.54561284
0.54932155
0.55336289
0.55738356
0.56144557
0.56550758
0.56735677
0.57217706
0.57732998
0.58135065
0.58468539
0.58800979
0.59093955
0.59353668
0.59610281
0.60091276
0.60571238
0.60937975
0.61415870
0.61639219
0.62010090
0.62416292
0.62711335
0.62932617
0.63375182
0.63783450
0.64447297
0.64707010
0.65185939
0.65629537
0.65996274
0.66291317
0.66807643
0.67211777
0.67578514
0.67982648
0.68242361
0.68721289
0.68976868
0.69455797
0.70010553
0.70413653
0.70708697
0.70931012
0.71447338
0.71704984
0.72075855
0.72407262
0.72772965
0.73365119
0.73624832
0.74028966
0.74398803
0.74916162
0.75211206
0.75765962
0.76021541
0.76205426
0.76463072
0.76831876
0.77237044
0.77533120
0.77864527
0.78234365
0.78603169
0.79194288
0.79636853
0.80191609
0.80779629
0.81074672
0.81371782
0.81594098
0.81852778
0.82329639
0.83029850
0.83397620
0.83579438
0.83873448
0.84204855
0.84574692
0.84759611
0.85275937
0.85572013
0.85978214
0.86345985
0.86676358
0.87120990
0.87416033
0.87640416
0.87970789
0.88414388
0.88891249
0.89263154
0.89669355
0.89927001
0.90333202
0.90663575
0.91069776
0.91330523
0.91659863
0.91992303
0.92362140
0.92730944
0.93065452
0.93582811
0.94247692
0.94652859
0.94986333
0.95281376
0.95537989
0.95908860
0.96018984
0.96350391
0.96609071
0.96941511
0.97422506
0.97938832
0.98345033
0.98527885
0.98934086
0.99299789
0.99668593
0.16561368
