0.00000000
0.00476861
0.00846699
0.01291331
0.01548977
0.01844020
0.02213857
0.02547331
0.03063657
0.03284939
0.03691140
0.04245897
0.04356021
0.04651064
0.05128959
0.05716978
0.05937227
0.06195907
0.06638471
0.07155831
0.07413477
0.07636826
0.07893438
0.08151085
0.08410798
0.08669477
0.09076712
0.09333324
0.09701095
0.09959774
0.10478167
0.10882301
0.11140980
0.11472387
0.11914952
0.12284790
0.12653594
0.12982933
0.13167852
0.13352771
0.13538723
0.13833766
0.14424886
0.14793690
0.15089767
0.15533365
0.15787911
0.16120351
0.16489155
0.16710437
0.17079241
0.17376351
0.17707758
0.18256313
0.18772639
0.19105079
0.19511280
0.19953845
0.20397443
0.20878439
0.21207779
0.21539185
0.21833195
0.22163568
0.22532372
0.22937540
0.23340641
0.23965023
0.24186306
0.24557177
0.24813789
0.25108833
0.25662555
0.25992929
0.26249541
0.26471857
0.26838594
0.27320623
0.27613599
0.27798518
0.28314843
0.28573523
0.28794805
0.29088815
0.29347494
0.29495016
0.29677868
0.30008241
0.30414442
0.30895438
0.31116720
0.31339036
0.31670443
0.31855361
0.32480778
0.32703094
0.32922309
0.33143591
0.33586156
0.33920664
0.34213640
0.34583477
0.34842157
0.35137200
0.35431210
0.35758482
0.36236377
0.36641545
0.37009315
0.37265928
0.37671095
0.38076263
0.38407670
0.38963460
0.39331230
0.39662637
0.39883919
0.40290120
0.40620494
0.41099422
0.41617815
0.42099844
0.42429183
0.42835385
0.43129394
0.43906466
0.44457088
0.44899653
0.45379615
0.45749453
0.46229415
0.46634582
0.47004420
0.47409587
0.47666200
0.47997607
0.48255253
0.48697817
0.48919100
0.49176746
0.49396995
0.49617243
0.49911253
0.50131502
0.50461875
0.50793282
0.51123655
0.51454029
0.51860230
0.52412919
0.52893914
0.53302183
0.53818508
0.54189379
0.54593513
0.54995580
0.55401781
0.55586700
0.55807983
0.56103026
0.56585055
0.57100347
0.57502414
0.57835888
0.58168328
0.58428041
0.58909037
0.59129285
0.59609247
0.59975984
0.60453879
0.60636731
0.60783219
0.61006568
0.61377439
0.61783640
0.62078684
0.62299966
0.62708234
0.63372081
0.63631794
0.64110723
0.64554321
0.64921058
0.65216101
0.65732427
0.66136561
0.66503298
0.66907432
0.67167145
0.67462188
0.67941116
0.68196695
0.68675624
0.69230380
0.69452696
0.69969022
0.70226668
0.70597539
0.70928945
0.71294649
0.71886802
0.72146515
0.72550649
0.72920487
0.73437846
0.73732889
0.74287645
0.74543224
0.74727110
0.74984756
0.75353560
0.75758727
0.76089100
0.76310383
0.76606460
0.76937866
0.77307704
0.77676508
0.78267628
0.78710192
0.79082097
0.79636853
0.80224873
0.80519916
0.80890787
0.81112069
0.81334385
0.81593065
0.82069926
0.82770137
0.83137907
0.83319725
0.83651132
0.84020970
0.84205888
0.84722214
0.85018291
0.85424492
0.85792262
0.86122635
0.86567267
0.86862310
0.87086693
0.87417067
0.87860665
0.88337526
0.88709431
0.89115632
0.89373278
0.89779479
0.90039192
0.90558618
0.90888992
0.91295193
0.91555939
0.91885279
0.92217719
0.92587557
0.92848304
0.93032189
0.93549548
0.94214429
0.94619596
0.94953070
0.95248113
0.95504726
0.95875597
0.95985721
0.96317128
0.96575807
0.96908248
0.97389243
0.97905569
0.98311770
0.98494622
0.98934086
0.99299789
0.99668593
0.16775748
