0.00000000
0.00012360
0.00039491
0.00076538
0.00106112
0.00123390
0.00148110
0.00167815
0.00185077
0.00207257
0.00244240
0.00268895
0.00293567
0.00313320
0.00340435
0.00365106
0.00377434
0.00397171
0.00431760
0.00454005
0.00473774
0.00505807
0.00532953
0.00552658
0.00572363
0.00594527
0.00621690
0.00643902
0.00661181
0.00690786
0.00710540
0.00747523
0.00767228
0.00784506
0.00816619
0.00846241
0.00870897
0.00900486
0.00920207
0.00942339
0.00959585
0.00994076
0.01016289
0.01028665
0.01048434
0.01060778
0.01080515
0.01100237
0.01124876
0.01149531
0.01176662
0.01206235
0.01238332
0.01253135
0.01277823
0.01295085
0.01317233
0.01344396
0.01376477
0.01413524
0.01443130
0.01465359
0.01497456
0.01522111
0.01551733
0.01583831
0.01618355
0.01638059
0.01665174
0.01697255
0.01716976
0.01751532
0.01795957
0.01828054
0.01850218
0.01877381
0.01904560
0.01919380
0.01939149
0.01971214
0.01990984
0.02013196
0.02042770
0.02072359
0.02094539
0.02131474
0.02153686
0.02183292
0.02205472
0.02222718
0.02244882
0.02259701
0.02289258
0.02313913
0.02336158
0.02360797
0.02375600
0.02400256
0.02417534
0.02447188
0.02459548
0.02481728
0.02503973
0.02526186
0.02545971
0.02558315
0.02585462
0.02617511
0.02639723
0.02664379
0.02698919
0.02713738
0.02748327
0.02768015
0.02800080
0.02814883
0.02844424
0.02869128
0.02881439
0.02896258
0.02923405
0.02952979
0.02967749
0.02992421
0.03022027
0.03049206
0.03063976
0.03093598
0.03108417
0.03120729
0.03140498
0.03177498
0.03202169
0.03219431
0.03241627
0.03266331
0.03281134
0.03308265
0.03332920
0.03362542
0.03377329
0.03411853
0.03443918
0.03466130
0.03475999
0.03493309
0.03508145
0.03545111
0.03574733
0.03589504
0.03609241
0.03631437
0.03656125
0.03685699
0.03702944
0.03725092
0.03749796
0.03789287
0.03808991
0.03836138
0.03865728
0.03902711
0.03922464
0.03937251
0.03956988
0.03996463
0.04021134
0.04045822
0.04085312
0.04107557
0.04117410
0.04139655
0.04179145
0.04203784
0.04213653
0.04243210
0.04267882
0.04302438
0.04324586
0.04359207
0.04386370
0.04403664
0.04420942
0.04450532
0.04477646
0.04497367
0.04514646
0.04536858
0.04561546
0.04586250
0.04608430
0.04630691
0.04645510
0.04675099
0.04697312
0.04714590
0.04739262
0.04763933
0.04808309
0.04840439
0.04857733
0.04894765
0.04934207
0.04963797
0.04978583
0.05008173
0.05015599
0.05035336
0.05052630
0.05074843
0.05094564
0.05126645
0.05156267
0.05178479
0.05200643
0.05225315
0.05252429
0.05267232
0.05284478
0.05304215
0.05328903
0.05356017
0.05373279
0.05385623
0.05415197
0.05427508
0.05437360
0.05476883
0.05496604
0.05521260
0.05553308
0.05575505
0.05602700
0.05624913
0.05644617
0.05654470
0.05676698
0.05701370
0.05723615
0.05743352
0.05765548
0.05787761
0.05805039
0.05827284
0.05849496
0.05869266
0.05889019
0.05913658
0.05925986
0.05955592
0.05975329
0.06002460
0.06029574
0.06046868
0.06073950
0.06091212
0.06113392
0.06138064
0.06150440
0.06165243
0.06182505
0.06192374
0.06221947
0.06239209
0.06271339
0.06298469
0.06330534
0.06350255
0.06377370
0.06397091
0.06419287
0.06463728
0.06498220
0.06522891
0.06547579
0.06574726
0.06599413
0.06624085
0.06653674
0.06668494
0.06693165
0.06720296
0.06749950
0.06779524
0.06801720
0.06823900
0.06843621
0.06873211
0.06888062
0.06907815
0.06927569
0.06944847
0.06974469
0.06994239
0.07013960
0.07023796
0.07041025
0.07053369
0.07087893
0.07110057
0.07142171
0.07181694
0.07186644
0.07211332
0.07231085
0.07245872
0.07265609
0.07300133
0.07329788
0.07364311
0.07388967
0.07430933
0.07450654
0.07470407
0.07485210
0.07500013
0.07519799
0.07551847
0.07576535
0.07613534
0.07630845
0.07645632
0.07667812
0.07692483
0.07722105
0.07739400
0.07771529
0.07796184
0.07818413
0.07835707
0.07855461
0.07887526
0.07924557
0.07964016
0.07981278
0.07998556
0.08018309
0.08047964
0.08060307
0.08092388
0.08126896
0.08139256
0.08166354
0.08203305
0.08227960
0.08260058
0.08282238
0.08304450
0.08336547
0.08358760
0.08376006
0.08415448
0.08435201
0.08462332
0.08494397
0.08511659
0.08533887
0.08556067
0.08583198
0.08597985
0.08630033
0.08644852
0.08669573
0.08684392
0.08726341
0.08768259
0.08785537
0.08792930
0.08815110
0.08832356
0.08859519
0.08869371
0.08889076
0.08908813
0.08931042
0.08965566
0.09005057
0.09027285
0.09044547
0.09069219
0.09084070
0.09106218
0.09130873
0.09155577
0.09167953
0.09177790
0.09197511
0.09217232
0.09236937
0.09266510
0.09278838
0.09298591
0.09323263
0.09343016
0.09372638
0.09389900
0.09407194
0.09421997
0.09444210
0.09463963
0.09476307
0.09496077
0.09515814
0.09533060
0.09550338
0.09575025
0.09599697
0.09624352
0.09649040
0.09666286
0.09695892
0.09715580
0.09745186
0.09777219
0.09804301
0.09821563
0.09843759
0.09870873
0.09893118
0.09912888
0.09935100
0.09959772
0.09989377
0.10023982
0.10038785
0.10058506
0.10075817
0.10105406
0.10139963
0.10157241
0.10174535
0.10209092
0.10233763
0.10265828
0.10288041
0.10307762
0.10332433
0.10362007
0.10384187
0.10403924
0.10421202
0.10445857
0.10463119
0.10497643
0.10524790
0.10561822
0.10606246
0.10635836
0.10658016
0.10685195
0.10700014
0.10724686
0.10746915
0.10771570
0.10803651
0.10838175
0.10860387
0.10875190
0.10892436
0.10912141
0.10939304
0.10961484
0.10976303
0.11020744
0.11033072
0.11052809
0.11077497
0.11121922
0.11141627
0.11166314
0.11198395
0.11225575
0.11247755
0.11279819
0.11299573
0.11334064
0.11353802
0.11376014
0.11388326
0.11412981
0.11425325
0.11447537
0.11472225
0.11496896
0.11519093
0.11538814
0.11556108
0.11570927
0.11598042
0.11617746
0.11644877
0.11672040
0.11701613
0.11726301
0.11738661
0.11758382
0.11770742
0.11785561
0.11815167
0.11844724
0.11866969
0.11891673
0.11913869
0.11960689
0.11985344
0.12007524
0.12024786
0.12039621
0.12059375
0.12081555
0.12101308
0.12130898
0.12140750
0.12160504
0.12185175
0.12202470
0.12224666
0.12266648
0.12291368
0.12333318
0.12360448
0.12382693
0.12399955
0.12424643
0.12444364
0.12464101
0.12488789
0.12506051
0.12533214
0.12557869
0.12575147
0.12594852
0.12624442
0.12649097
0.12691030
0.12713243
0.12732964
0.12774865
0.12804439
0.12836520
0.12856273
0.12885895
0.12898255
0.12910615
0.12940205
0.12952581
0.12969827
0.12984646
0.13024088
0.13051235
0.13078349
0.13107955
0.13132659
0.13162232
0.13191838
0.13226411
0.13253574
0.13293048
0.13327556
0.13354654
0.13379325
0.13399046
0.13431128
0.13455815
0.13475520
0.13497733
0.13522388
0.13564338
0.13598862
0.13630991
0.13663056
0.13685252
0.13705022
0.13732152
0.13756824
0.13776561
0.13801265
0.13825969
0.13845674
0.13870394
0.13892574
0.13917278
0.13941949
0.13976522
0.14001242
0.14016045
0.14050585
0.14062929
0.14097421
0.14131993
0.14156681
0.14188746
0.14206040
0.14230744
0.14257891
0.14285021
0.14307218
0.14326922
0.14346676
0.14358971
0.14376249
0.14405790
0.14428051
0.14440363
0.14465034
0.14487247
0.14516820
0.14534115
0.14561229
0.14580950
0.14603130
0.14622867
0.14645047
0.14654900
0.14691883
0.14726407
0.14765865
0.14795455
0.14822585
0.14847257
0.14871977
0.14901566
0.14921287
0.14933615
0.14950942
0.14985498
0.15007711
0.15025021
0.15039808
0.15049676
0.15079250
0.15103938
0.15121216
0.15138462
0.15185265
0.15212411
0.15219821
0.15237099
0.15249443
0.15269180
0.15281524
0.15298818
0.15321031
0.15350620
0.15377783
0.15395029
0.15417209
0.15446831
0.15469011
0.15513388
0.15543010
0.15565206
0.15589894
0.15612090
0.15636778
0.15671302
0.15688564
0.15723152
0.15750267
0.15782364
0.15804560
0.15829199
0.15853839
0.15880969
0.15927837
0.15952525
0.15982130
0.16019130
0.16041358
0.16061112
0.16085799
0.16115373
0.16135094
0.16154831
0.16189355
0.16223928
0.16265845
0.16290533
0.16315204
0.16337449
0.16352268
0.16374480
0.16389283
0.16411496
0.16448463
0.16468200
0.16497822
0.16527379
0.16544674
0.16574296
0.16594049
0.16616229
0.16635982
0.16663081
0.16690227
0.16727243
0.16761767
0.16791389
0.16818519
0.16848158
0.16867895
0.16887632
0.16895025
0.16919681
0.16949254
0.16978892
0.16993695
0.17043022
0.17067694
0.17092381
0.17119577
0.17154149
0.17186182
0.17205903
0.17230526
0.17255197
0.17274967
0.17297163
0.17326785
0.17344015
0.17371178
0.17390915
0.17425471
0.17437815
0.17472371
0.17494551
0.17519174
0.17556206
0.17575911
0.17600598
0.17615418
0.17632712
0.17640121
0.17667284
0.17696890
0.17724053
0.17753643
0.17775855
0.17783281
0.17800592
0.17822820
0.17840098
0.17854901
0.17891852
0.17911573
0.17923884
0.17955965
0.17975687
0.18005244
0.18020047
0.18052079
0.18071800
0.18091521
0.18113701
0.18135865
0.18167898
0.18204929
0.18232125
0.18264173
0.18303664
0.18350548
0.18372793
0.18402399
0.18436906
0.18456676
0.18483839
0.18508510
0.18530707
0.18547969
0.18565231
0.18597312
0.18646655
0.18673802
0.18693555
0.18713308
0.18735537
0.18772552
0.18804601
0.18836682
0.18858895
0.18886041
0.18913220
0.18940367
0.18962564
0.18982285
0.18994612
0.19036562
0.19071102
0.19088364
0.19115527
0.19147608
0.19172231
0.19199410
0.19226589
0.19251293
0.19271014
0.19288292
0.19312980
0.19332701
0.19367257
0.19404257
0.19426469
0.19446206
0.19463452
0.19495517
0.19515254
0.19554745
0.19559679
0.19586826
0.19611514
0.19626333
0.19650972
0.19668250
0.19695413
0.19710248
0.19727494
0.19744740
0.19776853
0.19801509
0.19831098
0.19855802
0.19887899
0.19910096
0.19924915
0.19934783
0.19969324
0.19991504
0.20023585
0.20045765
0.20075354
0.20092568
0.20124584
0.20149272
0.20176402
0.20203549
0.20218352
0.20243040
0.20275121
0.20292415
0.20322021
0.20346741
0.20383724
0.20413330
0.20438034
0.20465197
0.20494786
0.20526851
0.20553998
0.20566310
0.20588522
0.20603341
0.20625505
0.20640324
0.20667503
0.20692191
0.20714355
0.20739026
0.20773583
0.20800762
0.20813138
0.20832875
0.20872366
0.20887153
0.20911776
0.20933923
0.20943776
0.20963481
0.20985661
0.21015283
0.21042397
0.21052282
0.21074478
0.21096642
0.21108970
0.21123805
0.21158377
0.21175623
0.21190426
0.21210115
0.21239672
0.21259409
0.21279147
0.21306261
0.21338326
0.21367948
0.21402488
0.21422193
0.21444389
0.21488782
0.21506076
0.21538141
0.21567714
0.21597320
0.21617025
0.21654024
0.21681155
0.21703351
0.21720645
0.21747824
0.21774971
0.21797168
0.21831708
0.21856444
0.21876181
0.21903344
0.21930491
0.21947753
0.21969981
0.22009440
0.22031620
0.22080995
0.22113093
0.22137796
0.22160009
0.22182205
0.22211762
0.22233959
0.22258646
0.22285777
0.22312891
0.22335071
0.22352301
0.22357235
0.22372038
0.22381923
0.22396710
0.22404119
0.22411496
0.22441118
0.22475642
0.22505297
0.22532460
0.22559607
0.22574442
0.22589245
0.22631146
0.22655769
0.22687882
0.22700242
0.22729881
0.22749634
0.22774305
0.22794075
0.22826140
0.22843418
0.22860712
0.22880498
0.22929825
0.22952070
0.22971823
0.23018675
0.23048313
0.23068083
0.23090279
0.23114983
0.23132229
0.23156884
0.23188981
0.23211178
0.23223505
0.23248177
0.23270341
0.23297520
0.23329633
0.23354337
0.23386386
0.23418499
0.23440712
0.23465416
0.23492546
0.23519677
0.23541938
0.23561691
0.23591249
0.23620871
0.23643083
0.23670230
0.23687540
0.23704851
0.23746833
0.23778914
0.23793717
0.23813454
0.23828273
0.23855452
0.23865337
0.23880140
0.23899877
0.23936877
0.23956614
0.23986220
0.24008464
0.24038086
0.24072610
0.24104691
0.24114560
0.24141691
0.24168837
0.24183624
0.24205820
0.24235410
0.24257606
0.24277327
0.24299556
0.24334145
0.24366193
0.24400701
0.24422914
0.24455011
0.24467338
0.24487076
0.24506845
0.24531501
0.24568435
0.24595549
0.24625139
0.24657204
0.24676957
0.24699202
0.24709038
0.24721382
0.24738644
0.24753447
0.24792954
0.24822592
0.24844805
0.24867001
0.24884279
0.24926229
0.24941048
0.24970638
0.24985440
0.24997784
0.25032324
0.25049619
0.25071799
0.25089077
0.25128535
0.25145813
0.25155698
0.25187795
0.25210008
0.25224778
0.25256876
0.25279104
0.25306267
0.25345677
0.25358005
0.25377758
0.25390102
0.25412331
0.25449330
0.25476477
0.25503591
0.25550507
0.25567785
0.25594948
0.25622095
0.25654144
0.25676340
0.25698504
0.25720717
0.25737995
0.25755257
0.25772502
0.25797158
0.25819338
0.25831698
0.25851451
0.25878598
0.25900811
0.25923007
0.25945235
0.25982235
0.25997021
0.26031594
0.26075986
0.26093248
0.26112986
0.26135182
0.26154919
0.26191934
0.26206737
0.26224016
0.26251162
0.26280801
0.26312882
0.26322750
0.26357258
0.26389290
0.26411487
0.26421372
0.26443535
0.26460830
0.26485485
0.26505206
0.26527402
0.26542189
0.26559483
0.26586582
0.26606287
0.26623565
0.26655597
0.26692645
0.26719727
0.26746809
0.26766595
0.26786332
0.26815889
0.26835626
0.26857871
0.26877608
0.26907182
0.26926903
0.26939247
0.26981180
0.27000901
0.27025540
0.27055130
0.27077326
0.27102030
0.27151357
0.27166192
0.27185897
0.27220421
0.27242617
0.27264830
0.27289518
0.27299402
0.27326517
0.27351237
0.27388220
0.27422809
0.27454874
0.27469676
0.27494348
0.27516593
0.27546215
0.27563493
0.27590656
0.27620213
0.27637491
0.27664622
0.27684359
0.27706507
0.27733686
0.27755915
0.27785553
0.27815207
0.27839879
0.27854682
0.27874387
0.27908959
0.27936090
0.27958286
0.27990367
0.28012563
0.28032317
0.28054529
0.28079249
0.28106380
0.28131035
0.28155674
0.28180346
0.28202558
0.28219836
0.28254377
0.28283982
0.28320998
0.28348112
0.28362899
0.28387570
0.28419651
0.28439421
0.28471502
0.28510977
0.28530714
0.28545533
0.28575106
0.28612122
0.28649137
0.28678694
0.28713202
0.28730464
0.28757578
0.28787200
0.28821724
0.28839003
0.28866198
0.28895820
0.28920491
0.28950097
0.28987113
0.29024144
0.29043881
0.29056209
0.29078438
0.29090782
0.29105617
0.29140141
0.29154944
0.29179631
0.29214139
0.29236368
0.29263515
0.29280777
0.29315349
0.29344987
0.29357299
0.29384429
0.29414035
0.29448575
0.29480624
0.29500361
0.29520098
0.29542295
0.29564507
0.29581818
0.29604046
0.29628750
0.29653422
0.29687962
0.29707651
0.29717535
0.29739764
0.29759453
0.29771748
0.29789026
0.29823534
0.29838304
0.29877795
0.29895057
0.29917286
0.29927138
0.29954220
0.29966548
0.29991203
0.30006022
0.30025759
0.30050415
0.30067709
0.30087479
0.30114593
0.30129396
0.30144231
0.30166460
0.30196033
0.30228131
0.30252786
0.30279949
0.30299702
0.30334259
0.30371242
0.30405733
0.30430437
0.30457551
0.30484714
0.30514304
0.30548893
0.30571138
0.30598284
0.30613087
0.30640234
0.30659955
0.30679644
0.30716643
0.30741282
0.30773331
0.30795527
0.30825133
0.30852280
0.30884344
0.30918868
0.30950933
0.30990392
0.31005227
0.31034865
0.31066962
0.31081749
0.31106404
0.31131076
0.31160666
0.31185321
0.31207501
0.31222288
0.31239566
0.31274122
0.31298777
0.31335777
0.31365382
0.31377710
0.31409775
0.31431971
0.31444283
0.31488756
0.31515887
0.31547952
0.31560296
0.31567705
0.31592377
0.31629392
0.31649113
0.31671277
0.31693457
0.31713162
0.31740276
0.31784701
0.31811832
0.31836503
0.31863618
0.31880912
0.31900617
0.31927747
0.31945042
0.31972189
0.31989402
0.32006664
0.32036221
0.32063352
0.32083105
0.32110220
0.32134859
0.32164481
0.32201528
0.32236069
0.32263199
0.32278018
0.32297772
0.32324951
0.32361950
0.32386622
0.32406375
0.32423588
0.32460571
0.32485243
0.32514832
0.32536996
0.32564127
0.32588766
0.32610979
0.32643011
0.32677535
0.32714550
0.32731812
0.32759008
0.32786138
0.32803416
0.32835562
0.32855332
0.32892363
0.32919543
0.32949132
0.32986131
0.33010803
0.33042852
0.33065048
0.33089736
0.33121833
0.33141522
0.33168652
0.33200717
0.33222946
0.33237732
0.33272321
0.33299435
0.33316681
0.33346287
0.33378384
0.33390680
0.33407958
0.33417843
0.33442514
0.33467218
0.33482021
0.33506644
0.33533774
0.33558414
0.33583117
0.33612756
0.33634936
0.33669476
0.33684279
0.33711426
0.33745933
0.33765687
0.33792801
0.33824882
0.33859406
0.33884078
0.33923552
0.33950666
0.33967928
0.34000026
0.34019763
0.34051763
0.34071500
0.34101106
0.34130712
0.34165284
0.34189940
0.34224464
0.34246660
0.34256545
0.34281249
0.34303477
0.34323247
0.34335575
0.34360262
0.34389868
0.34404671
0.34426867
0.34446621
0.34473800
0.34491078
0.34508372
0.34535552
0.34552830
0.34567633
0.34582403
0.34624353
0.34649041
0.34676171
0.34708236
0.34730432
0.34752596
0.34762497
0.34801939
0.34814299
0.34846332
0.34888314
0.34927853
0.34967295
0.34994442
0.35009245
0.35041342
0.35068456
0.35093144
0.35122734
0.35139979
0.35174552
0.35206633
0.35231353
0.35251090
0.35275746
0.35302892
0.35322646
0.35347317
0.35359661
0.35381890
0.35401562
0.35418841
0.35438578
0.35465660
0.35482922
0.35514938
0.35549462
0.35581559
0.35611133
0.35635820
0.35658033
0.35680262
0.35695064
0.35712326
0.35732015
0.35751768
0.35778915
0.35796161
0.35808505
0.35835619
0.35872635
0.35899781
0.35929339
0.35946617
0.35966338
0.35991009
0.36005812
0.36030516
0.36050253
0.36072482
0.36102088
0.36139071
0.36166282
0.36181069
0.36190954
0.36220560
0.36252625
0.36279739
0.36299460
0.36314279
0.36321705
0.36348852
0.36368589
0.36393277
0.36408079
0.36445079
0.36462373
0.36484569
0.36516699
0.36553747
0.36568533
0.36588271
0.36615417
0.36625302
0.36652449
0.36662334
0.36687021
0.36709218
0.36728987
0.36746266
0.36780838
0.36805477
0.36830181
0.36859755
0.36881951
0.36918950
0.36943605
0.36968277
0.37000326
0.37027456
0.37047210
0.37071897
0.37091634
0.37126207
0.37145977
0.37178058
0.37200270
0.37222450
0.37261908
0.37274204
0.37286548
0.37303793
0.37330908
0.37355579
0.37375316
0.37392562
0.37414775
0.37449266
0.37473954
0.37491232
0.37520887
0.37543067
0.37555410
0.37572737
0.37585032
0.37604737
0.37641720
0.37658950
0.37673737
0.37695965
0.37720588
0.37757571
0.37779800
0.37799537
0.37831602
0.37856338
0.37878535
0.37903174
0.37932731
0.37959942
0.37974762
0.37996990
0.38029120
0.38056234
0.38098119
0.38120299
0.38142431
0.38152299
0.38176987
0.38199167
0.38228757
0.38255887
0.38280607
0.38315131
0.38339771
0.38369425
0.38384228
0.38406440
0.38431079
0.38453308
0.38468079
0.38492718
0.38517405
0.38544504
0.38571650
0.38608666
0.38633354
0.38650632
0.38672828
0.38692581
0.38700007
0.38717301
0.38739514
0.38764185
0.38786366
0.38796234
0.38825840
0.38835725
0.38865347
0.38887575
0.38909788
0.38939378
0.38969032
0.38991212
0.39015900
0.39040571
0.39057882
0.39092422
0.39122060
0.39156552
0.39173862
0.39203403
0.39220665
0.39245321
0.39260075
0.39284698
0.39309305
0.39331517
0.39348763
0.39363550
0.39385730
0.39403008
0.39432581
0.39464679
0.39496760
0.39531300
0.39555955
0.39575709
0.39595446
0.39612740
0.39630002
0.39654657
0.39679313
0.39713837
0.39733606
0.39760737
0.39795277
0.39817489
0.39839621
0.39871702
0.39903799
0.39923536
0.39955618
0.39975322
0.40004961
0.40029632
0.40056795
0.40074057
0.40093794
0.40108565
0.40125843
0.40160383
0.40185071
0.40209775
0.40224545
0.40241840
0.40269035
0.40291247
0.40311001
0.40335640
0.40355410
0.40380097
0.40404769
0.40431948
0.40471439
0.40483766
0.40503503
0.40530634
0.40555289
0.40582436
0.40616960
0.40641648
0.40658910
0.40673729
0.40691007
0.40730498
0.40755218
0.40770037
0.40802069
0.40816888
0.40846527
0.40878608
0.40905771
0.40925492
0.40942737
0.40969900
0.40989638
0.41019227
0.41038932
0.41080817
0.41090702
0.41115341
0.41127701
0.41157291
0.41179503
0.41211600
0.41253582
0.41275730
0.41305336
0.41327565
0.41347302
0.41376940
0.41406530
0.41428710
0.41445972
0.41463250
0.41485430
0.41515036
0.41542183
0.41557018
0.41581706
0.41603902
0.41618705
0.41638442
0.41663081
0.41680359
0.41697637
0.41729735
0.41756881
0.41784012
0.41808667
0.41830896
0.41848190
0.41872862
0.41887665
0.41912353
0.41932106
0.41954270
0.41983908
0.41996203
0.42020875
0.42048022
0.42062873
0.42090036
0.42107314
0.42131986
0.42159132
0.42171493
0.42201098
0.42228245
0.42245523
0.42267703
0.42277604
0.42302292
0.42309702
0.42336865
0.42351684
0.42381257
0.42403470
0.42435583
0.42457763
0.42489796
0.42514500
0.42546564
0.42573695
0.42600842
0.42635414
0.42662610
0.42694675
0.42726756
0.42746460
0.42783443
0.42805640
0.42822918
0.42854967
0.42869802
0.42889539
0.42919129
0.42948702
0.42970866
0.43000537
0.43027716
0.43052436
0.43069730
0.43091910
0.43114107
0.43141270
0.43163498
0.43180793
0.43205448
0.43222710
0.43249808
0.43267070
0.43291774
0.43318937
0.43346067
0.43375657
0.43405247
0.43432393
0.43464475
0.43489162
0.43518768
0.43555751
0.43592766
0.43610077
0.43634732
0.43651994
0.43693928
0.43728452
0.43748205
0.43772877
0.43787663
0.43817302
0.43859187
0.43891251
0.43925840
0.43948069
0.43972708
0.43999887
0.44024559
0.44066508
0.44086262
0.44103540
0.44125736
0.44147932
0.44167670
0.44189866
0.44214489
0.44246537
0.44281045
0.44300799
0.44318077
0.44337798
0.44350109
0.44372322
0.44392075
0.44416730
0.44456237
0.44483384
0.44498187
0.44527777
0.44547530
0.44574709
0.44601921
0.44633986
0.44646329
0.44690706
0.44715377
0.44737590
0.44752393
0.44782031
0.44809178
0.44843734
0.44878290
0.44915306
0.44947403
0.44957288
0.44974582
0.44999254
0.45033810
0.45048629
0.45075727
0.45090546
0.45115202
0.45154692
0.45184314
0.45196642
0.45226232
0.45238575
0.45270657
0.45305213
0.45334819
0.45354556
0.45369375
0.45386637
0.45401440
0.45428587
0.45455701
0.45480373
0.45495176
0.45507487
0.45527224
0.45539536
0.45564191
0.45586371
0.45611026
0.45630731
0.45662796
0.45682533
0.45709664
0.45731844
0.45763877
0.45788564
0.45813220
0.45832973
0.45860104
0.45877366
0.45894660
0.45921807
0.45963692
0.45985872
0.46017937
0.46045067
0.46062345
0.46074673
0.46114099
0.46143672
0.46163393
0.46195458
0.46217671
0.46237408
0.46262015
0.46289161
0.46323685
0.46363176
0.46377979
0.46400207
0.46427370
0.46452058
0.46489041
0.46516188
0.46548269
0.46577907
0.46597612
0.46602546
0.46619808
0.46641988
0.46669151
0.46693855
0.46718494
0.46740707
0.46770280
0.46787526
0.46824509
0.46849197
0.46881310
0.46901064
0.46915818
0.46933064
0.46950342
0.46962718
0.46982439
0.47004684
0.47031815
0.47054043
0.47076207
0.47108304
0.47123107
0.47140385
0.47165073
0.47192171
0.47216827
0.47248875
0.47268613
0.47295776
0.47320415
0.47342627
0.47364856
0.47392019
0.47414231
0.47424100
0.47446329
0.47468541
0.47495720
0.47540080
0.47567162
0.47594277
0.47611522
0.47631244
0.47648489
0.47668243
0.47685505
0.47722536
0.47744781
0.47779289
0.47794108
0.47823698
0.47845861
0.47858238
0.47890384
0.47924956
0.47954594
0.47976791
0.47994069
0.48013790
0.48033527
0.48058198
0.48095230
0.48117410
0.48147032
0.48161819
0.48179081
0.48188949
0.48211178
0.48235882
0.48263013
0.48300012
0.48317274
0.48344420
0.48361699
0.48386338
0.48420829
0.48445517
0.48472664
0.48492417
0.48519548
0.48534351
0.48563940
0.48598432
0.48618201
0.48652742
0.48669987
0.48702020
0.48734069
0.48780872
0.48803052
0.48835068
0.48852379
0.48889313
0.48918903
0.48948508
0.48975623
0.49007672
0.49034851
0.49044735
0.49066899
0.49094030
0.49106358
0.49131029
0.49165521
0.49204979
0.49222241
0.49244405
0.49283879
0.49318419
0.49348058
0.49362860
0.49414646
0.49446695
0.49466481
0.49491152
0.49513365
0.49538020
0.49575019
0.49597216
0.49629297
0.49651493
0.49666312
0.49683574
0.49703327
0.49723065
0.49752687
0.49767506
0.49794604
0.49821783
0.49848914
0.49873585
0.49900716
0.49925404
0.49952502
0.49967305
0.49991992
0.50006795
0.50026516
0.50051204
0.50083269
0.50105465
0.50127661
0.50154776
0.50189300
0.50223808
0.50241069
0.50255889
0.50275674
0.50292920
0.50320051
0.50339788
0.50361968
0.50369361
0.50389131
0.50413770
0.50450818
0.50472966
0.50497669
0.50524800
0.50539571
0.50571668
0.50596339
0.50625945
0.50648158
0.50670370
0.50709845
0.50736943
0.50756664
0.50776433
0.50796154
0.50815875
0.50838056
0.50862727
0.50889858
0.50904628
0.50929267
0.50958857
0.50983512
0.50998315
0.51035314
0.51055052
0.51067379
0.51106821
0.51119181
0.51156245
0.51185819
0.51212949
0.51245030
0.51264800
0.51286996
0.51311652
0.51333864
0.51365913
0.51385634
0.51415207
0.51449764
0.51474435
0.51496680
0.51518860
0.51546023
0.51568219
0.51592956
0.51615136
0.51659496
0.51684151
0.51708823
0.51738396
0.51775347
0.51802493
0.51832115
0.51869163
0.51896261
0.51915999
0.51933293
0.51960456
0.51982668
0.52002373
0.52024521
0.52049225
0.52076355
0.52093650
0.52115878
0.52133140
0.52152878
0.52180073
0.52197335
0.52219531
0.52236793
0.52261465
0.52278743
0.52313299
0.52337987
0.52365182
0.52392264
0.52416952
0.52448968
0.52483476
0.52498295
0.52522967
0.52542720
0.52574769
0.52624063
0.52641341
0.52668472
0.52700521
0.52727635
0.52739995
0.52759781
0.52777059
0.52799239
0.52828813
0.52846091
0.52870746
0.52895385
0.52915122
0.52952122
0.52969432
0.53001481
0.53028579
0.53060611
0.53085251
0.53102529
0.53129692
0.53156806
0.53186396
0.53211100
0.53218509
0.53233328
0.53253066
0.53270311
0.53299933
0.53339440
0.53356686
0.53388718
0.53413406
0.53438045
0.53455340
0.53482438
0.53509568
0.53546568
0.53581059
0.53610633
0.53642730
0.53679729
0.53699482
0.53714285
0.53743907
0.53775956
0.53795693
0.53815414
0.53825267
0.53859774
0.53886905
0.53909134
0.53948641
0.53968345
0.53983164
0.54022671
0.54034983
0.54067064
0.54101523
0.54126227
0.54153357
0.54182980
0.54207700
0.54237338
0.54266911
0.54289108
0.54308877
0.54321221
0.54328614
0.54355729
0.54395171
0.54417351
0.54434629
0.54461776
0.54491398
0.54518496
0.54540676
0.54562921
0.54580183
0.54612296
0.54634509
0.54666574
0.54701146
0.54725818
0.54740621
0.54755407
0.54785029
0.54809701
0.54846684
0.54863946
0.54888617
0.54910814
0.54933042
0.54957681
0.54979878
0.54994697
0.55026794
0.55049039
0.55078629
0.55103300
0.55123054
0.55150200
0.55194609
0.55221691
0.55251281
0.55270969
0.55295608
0.55327673
0.55352329
0.55376968
0.55399164
0.55418885
0.55436147
0.55470671
0.55510097
0.55537211
0.55561867
0.55584128
0.55633503
0.55668043
0.55685338
0.55712452
0.55756828
0.55781532
0.55801237
0.55830891
0.55865432
0.55880234
0.55897513
0.55924659
0.55951741
0.55981380
0.56008494
0.56030706
0.56047952
0.56084984
0.56102262
0.56126950
0.56159015
0.56183702
0.56205882
0.56252847
0.56277503
0.56302223
0.56334271
0.56361418
0.56388533
0.56408237
0.56418090
0.56435352
0.56447696
0.56467433
0.56492104
0.56524153
0.56541447
0.56568610
0.56593282
0.56608085
0.56635264
0.56669772
0.56701869
0.56731459
0.56751147
0.56788163
0.56807932
0.56839997
0.56852309
0.56884390
0.56911520
0.56943569
0.56968240
0.56987978
0.57012601
0.57037288
0.57049600
0.57076730
0.57103893
0.57121139
0.57160597
0.57175384
0.57207449
0.57234563
0.57254252
0.57288727
0.57315890
0.57335644
0.57355413
0.57399806
0.57426969
0.57451576
0.57481230
0.57500983
0.57523196
0.57557736
0.57577473
0.57602129
0.57636733
0.57668750
0.57688503
0.57713223
0.57730501
0.57782303
0.57804532
0.57843974
0.57871137
0.57895792
0.57925350
0.57952497
0.57977168
0.57994430
0.58028954
0.58048675
0.58078313
0.58105476
0.58115329
0.58117804
0.58147377
0.58172049
0.58211507
0.58233736
0.58258359
0.58290472
0.58310193
0.58327455
0.58369356
0.58396519
0.58421174
0.58440895
0.58450796
0.58460665
0.58490287
0.58519877
0.58537155
0.58556876
0.58581483
0.58596269
0.58630810
0.58657940
0.58690005
0.58717103
0.58741807
0.58764003
0.58796036
0.58813314
0.58830576
0.58857739
0.58889804
0.58919410
0.58944065
0.58968753
0.58986031
0.59010719
0.59042800
0.59069963
0.59099536
0.59124224
0.59143945
0.59158715
0.59178469
0.59212993
0.59235189
0.59259828
0.59274663
0.59299351
0.59314154
0.59338858
0.59373430
0.59398118
0.59425249
0.59447477
0.59472133
0.59506705
0.59536311
0.59560983
0.59595523
0.59637424
0.59657177
0.59674439
0.59689274
0.59704110
0.59733699
0.59773125
0.59792830
0.59834731
0.59852026
0.59879156
0.59896434
0.59913729
0.59945794
0.59965563
0.59980350
0.59995153
0.60024742
0.60054364
0.60088888
0.60116019
0.60165394
0.60182672
0.60214705
0.60239393
0.60256638
0.60283737
0.60298523
0.60318325
0.60345456
0.60365177
0.60399717
0.60434241
0.60463831
0.60495912
0.60518124
0.60535402
0.60584729
0.60624236
0.60663759
0.60688414
0.60703250
0.60730364
0.60759986
0.60772314
0.60799461
0.60833968
0.60851246
0.60866066
0.60890753
0.60915392
0.60954867
0.60981981
0.61036275
0.61046160
0.61065897
0.61097978
0.61117699
0.61139911
0.61159616
0.61174403
0.61203976
0.61221222
0.61245926
0.61263188
0.61290302
0.61319924
0.61376661
0.61393907
0.61416135
0.61455561
0.61465446
0.61482708
0.61514773
0.61549313
0.61578951
0.61586361
0.61608573
0.61645556
0.61687506
0.61709702
0.61726948
0.61746653
0.61773816
0.61786143
0.61805897
0.61818208
0.61862568
0.61892158
0.61914354
0.61936583
0.61961254
0.61978516
0.62000777
0.62022974
0.62050104
0.62057514
0.62074792
0.62109332
0.62134052
0.62168576
0.62185854
0.62205624
0.62237689
0.62272229
0.62291966
0.62314162
0.62328981
0.62385734
0.62405455
0.62425176
0.62457257
0.62494289
0.62518960
0.62536287
0.62560959
0.62583171
0.62602876
0.62625056
0.62659564
0.62676826
0.62696514
0.62716219
0.62743350
0.62772972
0.62787742
0.62805020
0.62844511
0.62859346
0.62898837
0.62926000
0.62962967
0.62999998
0.63027113
0.63054227
0.63081374
0.63106013
0.63123291
0.63150422
0.63170143
0.63192355
0.63217043
0.63241747
0.63266370
0.63293484
0.63318172
0.63345302
0.63379859
0.63409513
0.63424332
0.63444069
0.63466250
0.63478561
0.63500806
0.63525429
0.63550100
0.63572329
0.63587132
0.63596984
0.63626606
0.63648803
0.63670983
0.63690704
0.63717802
0.63744965
0.63767177
0.63781996
0.63819012
0.63843683
0.63868290
0.63897847
0.63929912
0.63964420
0.63989059
0.64006337
0.64033484
0.64058156
0.64075418
0.64102581
0.64124761
0.64159301
0.64179038
0.64193841
0.64211151
0.64240806
0.64265477
0.64280280
0.64307427
0.64332131
0.64349409
0.64386441
0.64411145
0.64433357
0.64458029
0.64485175
0.64514781
0.64541879
0.64566567
0.64588779
0.64615942
0.64645548
0.64682547
0.64714612
0.64744234
0.64766431
0.64788611
0.64810839
0.64828069
0.64874985
0.64907066
0.64924328
0.64953934
0.64981065
0.65025425
0.65057441
0.65091981
0.65116604
0.65161045
0.65173357
0.65193078
0.65232520
0.65252257
0.65284306
0.65301584
0.65326256
0.65363271
0.65380533
0.65407647
0.65427368
0.65454564
0.65479235
0.65501464
0.65526152
0.65550855
0.65568150
0.65595329
0.65624919
0.65644640
0.65666836
0.65701360
0.65731014
0.65738424
0.65765571
0.65780357
0.65812438
0.65837094
0.65874093
0.65896273
0.65925911
0.65957944
0.65989976
0.66022057
0.66054074
0.66076254
0.66095991
0.66128088
0.66150268
0.66170022
0.66189759
0.66207021
0.66226742
0.66256331
0.66285953
0.66315495
0.66337739
0.66367280
0.66401853
0.66424065
0.66438868
0.66453687
0.66473441
0.66495670
0.66515423
0.66540094
0.66572192
0.66596847
0.66619027
0.66643682
0.66665911
0.66683157
0.66700435
0.66725107
0.66747270
0.66786729
0.66821269
0.66843465
0.66875514
0.66907611
0.66939676
0.66959413
0.66989035
0.67008724
0.67028477
0.67053133
0.67087656
0.67117246
0.67141901
0.67166573
0.67191244
0.67225752
0.67243030
0.67270177
0.67294832
0.67341716
0.67371339
0.67388584
0.67405862
0.67430518
0.67455189
0.67494664
0.67536630
0.67568678
0.67590923
0.67615578
0.67627939
0.67662430
0.67694479
0.67711725
0.67726495
0.67753626
0.67783264
0.67810427
0.67827689
0.67852344
0.67874508
0.67909097
0.67938735
0.67946144
0.67970767
0.67992980
0.68005308
0.68025029
0.68049716
0.68062028
0.68103929
0.68118732
0.68138420
0.68158141
0.68185272
0.68197616
0.68209944
0.68227189
0.68246927
0.68274073
0.68293778
0.68308565
0.68338203
0.68362858
0.68397366
0.68429415
0.68454103
0.68478790
0.68496068
0.68523248
0.68533116
0.68560263
0.68604623
0.68614459
0.68634197
0.68658884
0.68676179
0.68703293
0.68720555
0.68757570
0.68784717
0.68816782
0.68831569
0.68866141
0.68890780
0.68908042
0.68922845
0.68942550
0.68959828
0.68982057
0.69014106
0.69028941
0.69043728
0.69065972
0.69098070
0.69112873
0.69140003
0.69162232
0.69191854
0.69226345
0.69253508
0.69280639
0.69297901
0.69327539
0.69342358
0.69369521
0.69399062
0.69426193
0.69450848
0.69468175
0.69490371
0.69505190
0.69522501
0.69547189
0.69566942
0.69586663
0.69616285
0.69645907
0.69678004
0.69702676
0.69722445
0.69747117
0.69776739
0.69789083
0.69813754
0.69843328
0.69865492
0.69887720
0.69912392
0.69937063
0.69961735
0.69981472
0.70013569
0.70028388
0.70043191
0.70072846
0.70095091
0.70119795
0.70149352
0.70169089
0.70196236
0.70218464
0.70243136
0.70270250
0.70282610
0.70302380
0.70322133
0.70344346
0.70359149
0.70383820
0.70396148
0.70413426
0.70433147
0.70460294
0.70484949
0.70509621
0.70551554
0.70591045
0.70608291
0.70630535
0.70642879
0.70665092
0.70697092
0.70734107
0.70746435
0.70776073
0.70798286
0.70818055
0.70837776
0.70845153
0.70874743
0.70896939
0.70921627
0.70938889
0.70973462
0.70990707
0.71010428
0.71037527
0.71059755
0.71084443
0.71099246
0.71126360
0.71168358
0.71193062
0.71210341
0.71239898
0.71252258
0.71301601
0.71323846
0.71358418
0.71373205
0.71385500
0.71415138
0.71439826
0.71466973
0.71496595
0.71516348
0.71541052
0.71565708
0.71580527
0.71597837
0.71615115
0.71647180
0.71664491
0.71711342
0.71728621
0.71743440
0.71765685
0.71787913
0.71815060
0.71837305
0.71859501
0.71894074
0.71918745
0.71936023
0.71960679
0.71977941
0.72012497
0.72029775
0.72052020
0.72081610
0.72091462
0.72113658
0.72138330
0.72170411
0.72190132
0.72204967
0.72227163
0.72254262
0.72271507
0.72293720
0.72318424
0.72333243
0.72365308
0.72392438
0.72424471
0.72434339
0.72451618
0.72483682
0.72508370
0.72545418
0.72567614
0.72597252
0.72616973
0.72646547
0.72668743
0.72695906
0.72725544
0.72752691
0.72774887
0.72804445
0.72816805
0.72848870
0.72861213
0.72883458
0.72908130
0.72940178
0.72964850
0.72996915
0.73026504
0.73053651
0.73073405
0.73112911
0.73135124
0.73157320
0.73199286
0.73226481
0.73248694
0.73263481
0.73293070
0.73298021
0.73312824
0.73330102
0.73352298
0.73374559
0.73381936
0.73414001
0.73443607
0.73483114
0.73520113
0.73542309
0.73552178
0.73571883
0.73601456
0.73626112
0.73636012
0.73663111
0.73682864
0.73712438
0.73746994
0.73761781
0.73791403
0.73803714
0.73833304
0.73845631
0.73882663
0.73912253
0.73924580
0.73944285
0.73968989
0.73983808
0.74005972
0.74018316
0.74043004
0.74070134
0.74097313
0.74109609
0.74139231
0.74151542
0.74195967
0.74225557
0.74265015
0.74289670
0.74306948
0.74329145
0.74361177
0.74375964
0.74412963
0.74437651
0.74469732
0.74499354
0.74528927
0.74558501
0.74573271
0.74592976
0.74612729
0.74629991
0.74642319
0.74671909
0.74699072
0.74716350
0.74741070
0.74770708
0.74810231
0.74837362
0.74857083
0.74879279
0.74908869
0.74923672
0.74938475
0.74950802
0.74965573
0.74987801
0.75009998
0.75034685
0.75066831
0.75098896
0.75130961
0.75140813
0.75163026
0.75192583
0.75214779
0.75224680
0.75249336
0.75286302
0.75318351
0.75355318
0.75384891
0.75402170
0.75424398
0.75449037
0.75466299
0.75476136
0.75498316
0.75525479
0.75547626
0.75572298
0.75599428
0.75633936
0.75661067
0.75688197
0.75710377
0.75737540
0.75757294
0.75777015
0.75801751
0.75828865
0.75853537
0.75868340
0.75888093
0.75905404
0.75930075
0.75952239
0.75981780
0.76003993
0.76026205
0.76045926
0.76065664
0.76090351
0.76107597
0.76137187
0.76154465
0.76179136
0.76198890
0.76245806
0.76272985
0.76295198
0.76307525
0.76324771
0.76346967
0.76366705
0.76388933
0.76425932
0.76453079
0.76465423
0.76502422
0.76527094
0.76546847
0.76571503
0.76606059
0.76638108
0.76657861
0.76684959
0.76714533
0.76729368
0.76758958
0.76771301
0.76796021
0.76825627
0.76842889
0.76865053
0.76884790
0.76897118
0.76919347
0.76941575
0.76956394
0.76983493
0.77008180
0.77027934
0.77060015
0.77094604
0.77109423
0.77139012
0.77156290
0.77178503
0.77208093
0.77232796
0.77269812
0.77289549
0.77326548
0.77356154
0.77378350
0.77393186
0.77412923
0.77442545
0.77459791
0.77489429
0.77516592
0.77536313
0.77565919
0.77597951
0.77632507
0.77662130
0.77694211
0.77723833
0.77765766
0.77783028
0.77820027
0.77832355
0.77859502
0.77886632
0.77921172
0.77950778
0.77972974
0.77992696
0.78012433
0.78039563
0.78056825
0.78088906
0.78098759
0.78130840
0.78165380
0.78192543
0.78214739
0.78251706
0.78281279
0.78325640
0.78365065
0.78389737
0.78402081
0.78429211
0.78446522
0.78473669
0.78508225
0.78520553
0.78567469
0.78599550
0.78624238
0.78651401
0.78688368
0.78713072
0.78742677
0.78762415
0.78789561
0.78816692
0.78853740
0.78883362
0.78895706
0.78915410
0.78925279
0.78944984
0.78969672
0.78991884
0.79009146
0.79033866
0.79068406
0.79088095
0.79117749
0.79137486
0.79159683
0.79176961
0.79196698
0.79218894
0.79243517
0.79260779
0.79290385
0.79305188
0.79332319
0.79359417
0.79398907
0.79426054
0.79445824
0.79468004
0.79480348
0.79509986
0.79542083
0.79556935
0.79576704
0.79596458
0.79635981
0.79648308
0.79687750
0.79709963
0.79729684
0.79759290
0.79783977
0.79823436
0.79840698
0.79867828
0.79887533
0.79919549
0.79946696
0.79971384
0.79993613
0.80010891
0.80028153
0.80038037
0.80052824
0.80084857
0.80099643
0.80121888
0.80134216
0.80166248
0.80183510
0.80205707
0.80218018
0.80237788
0.80255050
0.80269836
0.80289541
0.80309311
0.80331507
0.80353687
0.80385784
0.80415455
0.80445029
0.80472127
0.80494291
0.80523929
0.80536289
0.80553567
0.80585648
0.80598024
0.80620221
0.80652237
0.80672007
0.80684318
0.80728759
0.80758316
0.80795332
0.80817560
0.80849609
0.80874264
0.80896444
0.80918641
0.80945788
0.80958115
0.80990180
0.81000065
0.81022261
0.81049343
0.81071523
0.81088801
0.81115948
0.81143079
0.81160357
0.81187536
0.81209749
0.81234436
0.81256633
0.81273911
0.81303452
0.81323205
0.81345418
0.81365171
0.81397236
0.81416989
0.81434251
0.81463889
0.81483643
0.81523166
0.81555279
0.81575033
0.81599688
0.81614491
0.81641622
0.81656441
0.81683587
0.81700849
0.81715701
0.81728061
0.81757618
0.81787240
0.81819289
0.81846436
0.81866189
0.81895795
0.81925466
0.81947678
0.81969907
0.81994578
0.82029118
0.82053790
0.82088298
0.82120330
0.82137608
0.82154854
0.82174591
0.82196755
0.82226329
0.82255934
0.82288015
0.82310179
0.82329900
0.82366948
0.82386685
0.82413800
0.82450815
0.82468077
0.82495191
0.82509978
0.82517355
0.82532174
0.82569157
0.82586436
0.82603681
0.82625878
0.82638205
0.82660402
0.82680139
0.82702400
0.82734449
0.82751743
0.82786251
0.82815840
0.82845414
0.82865200
0.82889871
0.82907117
0.82924395
0.82949066
0.82983574
0.83010705
0.83030442
0.83050212
0.83074899
0.83084752
0.83089670
0.83104440
0.83121686
0.83153783
0.83175964
0.83200667
0.83217929
0.83232732
0.83252470
0.83267289
0.83274698
0.83299370
0.83316664
0.83338877
0.83361089
0.83388252
0.83405482
0.83422727
0.83435087
0.83457300
0.83472119
0.83494331
0.83526445
0.83556083
0.83570854
0.83602967
0.83625179
0.83637540
0.83659687
0.83681867
0.83706523
0.83745997
0.83765751
0.83780553
0.83815142
0.83839830
0.83864485
0.83896582
0.83918779
0.83945942
0.83978055
0.83997760
0.84010088
0.84024907
0.84047119
0.84061922
0.84096495
0.84126100
0.84148297
0.84177886
0.84202542
0.84212378
0.84244443
0.84279015
0.84293802
0.84325867
0.84348096
0.84367817
0.84390013
0.84404816
0.84429503
0.84461568
0.84476387
0.84508485
0.84540614
0.84575187
0.84597367
0.84621990
0.84644202
0.84663907
0.84676267
0.84703382
0.84710791
0.84745380
0.84755232
0.84792231
0.84821870
0.84841607
0.84861328
0.84885999
0.84900802
0.84927949
0.84950162
0.84982210
0.85001899
0.85026554
0.85048718
0.85065980
0.85098045
0.85115339
0.85147372
0.85169584
0.85189354
0.85213993
0.85243567
0.85278155
0.85312695
0.85347284
0.85367021
0.85384283
0.85406496
0.85433642
0.85455855
0.85468166
0.85492854
0.85529837
0.85547099
0.85586541
0.85611213
0.85635884
0.85665490
0.85682784
0.85712390
0.85739537
0.85769110
0.85783897
0.85798668
0.85818405
0.85850470
0.85872682
0.85899780
0.85904715
0.85939255
0.85973827
0.86005908
0.86013318
0.86047826
0.86067547
0.86087252
0.86126726
0.86153921
0.86173626
0.86208199
0.86232870
0.86272328
0.86294573
0.86306933
0.86329130
0.86353801
0.86363670
0.86400685
0.86415488
0.86440176
0.86452520
0.86487076
0.86499420
0.86524075
0.86538878
0.86565960
0.86585681
0.86607861
0.86625172
0.86644909
0.86677022
0.86694268
0.86711546
0.86746119
0.86763381
0.86800380
0.86827511
0.86859559
0.86884247
0.86904000
0.86921279
0.86948425
0.86965720
0.86978047
0.86997785
0.87027407
0.87042193
0.87064406
0.87096503
0.87108814
0.87140912
0.87163140
0.87202647
0.87217450
0.87229778
0.87247024
0.87271695
0.87321038
0.87350660
0.87385233
0.87409904
0.87441937
0.87464149
0.87498657
0.87513427
0.87533181
0.87555393
0.87572671
0.87602277
0.87634358
0.87649145
0.87666407
0.87696045
0.87713356
0.87735536
0.87757748
0.87794780
0.87809583
0.87821927
0.87844107
0.87863828
0.87893482
0.87920645
0.87930498
0.87952678
0.87972382
0.88004431
0.88031594
0.88058757
0.88080953
0.88113034
0.88140197
0.88159935
0.88179672
0.88206867
0.88238932
0.88246342
0.88271013
0.88303094
0.88327733
0.88347454
0.88362273
0.88382011
0.88409125
0.88436288
0.88463467
0.88488106
0.88507827
0.88539908
0.88571973
0.88599088
0.88633660
0.88660823
0.88685495
0.88710134
0.88754526
0.88774247
0.88793952
0.88830968
0.88860557
0.88887704
0.88914883
0.88932129
0.88946948
0.88983931
0.89001209
0.89028356
0.89053011
0.89072716
0.89087487
0.89119552
0.89146682
0.89178747
0.89195977
0.89210763
0.89228025
0.89260074
0.89284713
0.89311876
0.89336531
0.89361219
0.89388350
0.89405628
0.89440184
0.89469806
0.89484609
0.89514215
0.89541378
0.89563607
0.89593164
0.89612933
0.89627736
0.89647457
0.89684505
0.89696865
0.89719061
0.89753553
0.89783175
0.89812748
0.89842387
0.89869485
0.89916320
0.89941024
0.89977959
0.89990286
0.90010023
0.90024843
0.90054432
0.90081547
0.90098841
0.90133349
0.90155545
0.90180233
0.90207428
0.90234623
0.90269147
0.90296310
0.90311097
0.90340751
0.90365423
0.90397536
0.90414782
0.90429601
0.90451814
0.90481468
0.90501205
0.90533270
0.90570350
0.90595006
0.90624644
0.90644349
0.90664118
0.90691314
0.90715953
0.90738149
0.90755443
0.90787508
0.90822032
0.90841753
0.90871343
0.90891064
0.90925572
0.90935456
0.90952767
0.90977471
0.91004569
0.91021831
0.91046470
0.91068715
0.91085977
0.91108173
0.91122976
0.91150139
0.91169893
0.91192137
0.91216809
0.91246415
0.91268611
0.91283430
0.91305626
0.91332757
0.91350068
0.91374739
0.91401853
0.91428968
0.91443787
0.91463508
0.91475852
0.91495589
0.91517753
0.91537490
0.91559703
0.91581915
0.91613948
0.91648455
0.91668209
0.91712617
0.91732306
0.91756994
0.91784141
0.91808796
0.91853221
0.91870499
0.91897630
0.91907482
0.91934629
0.91956825
0.91979038
0.92008627
0.92045659
0.92075232
0.92092446
0.92124510
0.92151722
0.92183771
0.92203475
0.92220754
0.92242966
0.92267621
0.92292309
0.92309587
0.92344144
0.92368783
0.92403355
0.92423109
0.92442846
0.92457633
0.92492205
0.92519368
0.92544040
0.92553876
0.92566204
0.92600711
0.92635268
0.92657480
0.92689529
0.92711741
0.92731478
0.92743806
0.92783313
0.92805509
0.92835115
0.92859787
0.92891851
0.92928851
0.92941162
0.92975702
0.93000374
0.93032455
0.93059569
0.93084257
0.93111387
0.93128666
0.93155829
0.93182992
0.93202664
0.93232286
0.93249548
0.93256958
0.93281629
0.93308792
0.93338382
0.93360627
0.93402625
0.93424821
0.93439624
0.93469278
0.93496409
0.93533424
0.93558063
0.93575358
0.93595079
0.93609866
0.93641963
0.93661732
0.93696273
0.93708600
0.93728321
0.93750517
0.93775157
0.93797353
0.93831925
0.93861531
0.93883760
0.93905972
0.93935562
0.93957774
0.93987396
0.94007101
0.94031805
0.94051494
0.94068772
0.94088477
0.94108263
0.94137885
0.94160065
0.94179802
0.94201998
0.94216753
0.94238933
0.94268538
0.94305586
0.94322864
0.94340126
0.94367225
0.94396830
0.94431354
0.94451059
0.94470845
0.94485664
0.94505434
0.94525187
0.94542449
0.94562202
0.94584431
0.94623857
0.94648512
0.94665807
0.94687987
0.94707708
0.94727429
0.94759510
0.94781722
0.94806426
0.94823688
0.94840983
0.94858228
0.94895244
0.94924866
0.94949553
0.94981618
0.95006290
0.95048223
0.95067961
0.95082763
0.95107451
0.95137041
0.95156729
0.95176434
0.95206008
0.95228253
0.95247941
0.95277547
0.95297252
0.95334251
0.95341644
0.95353956
0.95366284
0.95390923
0.95415578
0.95440250
0.95459971
0.95487117
0.95524133
0.95556230
0.95580934
0.95598196
0.95632736
0.95662374
0.95682095
0.95704324
0.95729012
0.95751208
0.95766043
0.95783354
0.95803091
0.95840058
0.95872090
0.95894303
0.95919007
0.95936252
0.95951071
0.95975792
0.96007873
0.96032528
0.96062134
0.96084330
0.96111444
0.96123772
0.96143493
0.96163214
0.96187934
0.96205196
0.96227344
0.96244622
0.96259457
0.96301391
0.96318669
0.96370471
0.96407551
0.96432239
0.96464271
0.96484009
0.96513615
0.96540745
0.96570302
0.96592515
0.96614695
0.96639399
0.96661595
0.96693676
0.96713413
0.96728200
0.96755347
0.96782494
0.96802215
0.96829378
0.96861491
0.96883704
0.96915801
0.96942964
0.96965176
0.96992323
0.97014519
0.97031797
0.97073763
0.97096008
0.97118253
0.97135515
0.97167580
0.97187317
0.97207038
0.97244086
0.97268709
0.97283496
0.97303233
0.97320511
0.97332822
0.97362493
0.97401951
0.97416754
0.97434032
0.97461130
0.97488261
0.97512981
0.97537620
0.97559849
0.97582061
0.97589439
0.97611667
0.97628945
0.97656092
0.97688189
0.97712877
0.97717828
0.97742515
0.97764760
0.97799333
0.97841299
0.97868462
0.97893117
0.97910395
0.97940049
0.97952393
0.97979540
0.97989409
0.98016572
0.98031423
0.98051128
0.98073292
0.98092997
0.98102849
0.98127553
0.98139913
0.98147323
0.98181847
0.98208993
0.98245992
0.98260795
0.98285483
0.98317597
0.98337382
0.98362086
0.98399134
0.98416412
0.98443559
0.98465739
0.98495361
0.98515082
0.98539737
0.98569343
0.98603883
0.98633489
0.98658144
0.98697667
0.98724766
0.98744519
0.98771601
0.98796289
0.98818517
0.98838303
0.98860532
0.98895023
0.98914728
0.98936925
0.98971465
0.99003546
0.99030644
0.99067627
0.99097233
0.99121921
0.99141625
0.99171247
0.99200869
0.99232950
0.99269950
0.99284736
0.99301982
0.99341440
0.99366096
0.99388260
0.99407964
0.99422735
0.99442488
0.99469603
0.99489324
0.99506602
0.99528847
0.99563468
0.99593025
0.99620220
0.99637499
0.99654761
0.99679416
0.99711465
0.99733645
0.99755809
0.99790349
0.99807611
0.99839659
0.99861823
0.99891429
0.99911166
0.99933363
0.99953084
0.99972821
0.05055145
