0.00000000
0.00068368
0.00136905
0.00195446
0.00215015
0.00263898
0.00322523
0.00381064
0.00449601
0.00498567
0.00566935
0.00635388
0.00733153
0.00830918
0.00938425
0.01006878
0.01221893
0.01309831
0.01368456
0.01476301
0.01574234
0.01691738
0.01789334
0.01887015
0.01984864
0.02073054
0.02190389
0.02268668
0.02376176
0.02513165
0.02571875
0.02611183
0.02718943
0.02816540
0.02904730
0.03002664
0.03071200
0.03139905
0.03198615
0.03276810
0.03325777
0.03452686
0.03511395
0.03638557
0.03736322
0.03746149
0.03785373
0.03824512
0.03922362
0.03971328
0.04049776
0.04098659
0.04166942
0.04284277
0.04362641
0.04460490
0.04529026
0.04636871
0.04705323
0.04744379
0.04871541
0.04959310
0.05076645
0.05144929
0.05203470
0.05281665
0.05360197
0.05428733
0.05497354
0.05555895
0.05673483
0.05771248
0.05898662
0.05947545
0.06015913
0.06084281
0.06152817
0.06221269
0.06309376
0.06397567
0.06456108
0.06553957
0.06661549
0.06749402
0.06817939
0.06886475
0.06945185
0.07003810
0.07072347
0.07121145
0.07219163
0.07326754
0.07375553
0.07493309
0.07590989
0.07679096
0.07767202
0.07816169
0.07874794
0.07982386
0.08041096
0.08227220
0.08285845
0.08324985
0.08413007
0.08491286
0.08647760
0.08706301
0.08803982
0.08892004
0.08960372
0.09009170
0.09028740
0.09097108
0.09204785
0.09273490
0.09371170
0.09449365
0.09498332
0.09556873
0.09644979
0.09733086
0.09821276
0.09928868
0.09977919
0.10036713
0.10144558
0.10271720
0.10379396
0.10457675
0.10555609
0.10604491
0.10673028
0.10780872
0.10839666
0.10917861
0.11005968
0.11064677
0.11133214
0.11182096
0.11221152
0.11309258
0.11397449
0.11514783
0.11612632
0.11690996
0.11720309
0.11759448
0.11867040
0.11984628
0.12043337
0.12161093
0.12229546
0.12288339
0.12405927
0.12494118
0.12592051
0.12650845
0.12689984
0.12748778
0.12807403
0.12875856
0.12924907
0.13042157
0.13130432
0.13208627
0.13336042
0.13424317
0.13493022
0.13541988
0.13630095
0.13698631
0.13796396
0.13854937
0.13962529
0.14040724
0.14118751
0.14206773
0.14255740
0.14314449
0.14392729
0.14471008
0.14578768
0.14686276
0.14735243
0.14813438
0.14930773
0.15106901
0.15204919
0.15322422
0.15381132
0.15449752
0.15527947
0.15615885
0.15723646
0.15811752
0.15889947
0.16007198
0.16115211
0.16232630
0.16310825
0.16399184
0.16497118
0.16614537
0.16693069
0.16791002
0.16839969
0.16937818
0.17025840
0.17094545
0.17231450
0.17299902
0.17368439
0.17456377
0.17534487
0.17622678
0.17691130
0.17847436
0.17955197
0.18052877
0.18160469
0.18238833
0.18268061
0.18385480
0.18512642
0.18581347
0.18640057
0.18737822
0.18845582
0.18914119
0.18972912
0.19080504
0.19139214
0.19217325
0.19276118
0.19334996
0.19384132
0.19501298
0.19589404
0.19618633
0.19706570
0.19745710
0.19814078
0.19902100
0.20009692
0.20087887
0.20175994
0.20293328
0.20391178
0.20488943
0.20596450
0.20713869
0.20782406
0.20850774
0.20948707
0.20987763
0.21085780
0.21232849
0.21320618
0.21428210
0.21506405
0.21584516
0.21682534
0.21770556
0.21829434
0.21917625
0.21996073
0.22113323
0.22230489
0.22308684
0.22436099
0.22484981
0.22533864
0.22582746
0.22670853
0.22758875
0.22847150
0.22935425
0.22993966
0.23121212
0.23199491
0.23277770
0.23326653
0.23414506
0.23502613
0.23629775
0.23717797
0.23796076
0.23883930
0.24000927
0.24118262
0.24206200
0.24313792
0.24450697
0.24568453
0.24607677
0.24715437
0.24852426
0.25028554
0.25106834
0.25194940
0.25302532
0.25410124
0.25498230
0.25547281
0.25625561
0.25684186
0.25782204
0.25909534
0.25997472
0.26085662
0.26173685
0.26271618
0.26359640
0.26457321
0.26565081
0.26643276
0.26760780
0.26858629
0.26995618
0.27151923
0.27220376
0.27328136
0.27416411
0.27484863
0.27612025
0.27699879
0.27807471
0.27934717
0.28042309
0.28159981
0.28248003
0.28326282
0.28482925
0.28600428
0.28669133
0.28786637
0.28864916
0.28923625
0.29080268
0.29168459
0.29246738
0.29305448
0.29491572
0.29609075
0.29735984
0.29882632
0.29990308
0.30078498
0.30166521
0.30235057
0.30323163
0.30518862
0.30626370
0.30724219
0.30792671
0.30861376
0.30939403
0.31017682
0.31105704
0.31252604
0.31311314
0.31370023
0.31428985
0.31526582
0.31585291
0.31673651
0.31761504
0.31859269
0.32006085
0.32064879
0.32221690
0.32309965
0.32427384
0.32505495
0.32583774
0.32681708
0.32848178
0.32955601
0.33092590
0.33200266
0.33288541
0.33396049
0.33483987
0.33611064
0.33718656
0.33796851
0.33865303
0.34021778
0.34149108
0.34256700
0.34344891
0.34481711
0.34608789
0.34706554
0.34833547
0.34882345
0.34931396
0.35068553
0.35137006
0.35225112
0.35312966
0.35391245
0.35479099
0.35557462
0.35664970
0.35802212
0.35890149
0.35948943
0.36047045
0.36144726
0.36223089
0.36271888
0.36310943
0.36399049
0.36536207
0.36683023
0.36722078
0.36829838
0.36917692
0.37035111
0.37152362
0.37250295
0.37396942
0.37445825
0.37514446
0.37592894
0.37681084
0.37769191
0.37866955
0.38003860
0.38082055
0.38150592
0.38189731
0.38258268
0.38355949
0.38434144
0.38522082
0.38590702
0.38649412
0.38717948
0.38805970
0.38884166
0.39001500
0.39108840
0.39206604
0.39245828
0.39382733
0.39539376
0.39627567
0.39725331
0.39881890
0.39989651
0.40087500
0.40234231
0.40381047
0.40449500
0.40566750
0.40635202
0.40742794
0.40791761
0.40889442
0.40967553
0.41055490
0.41192479
0.41290497
0.41398173
0.41505849
0.41613526
0.41681894
0.41740687
0.41838537
0.41926727
0.42014834
0.42112598
0.42259414
0.42278900
0.42386745
0.42514075
0.42563042
0.42641490
0.42709773
0.42807538
0.42915214
0.42973924
0.43061778
0.43159711
0.43306358
0.43394128
0.43482150
0.43531117
0.43628881
0.43726646
0.43756043
0.43834491
0.43922766
0.44069666
0.44147861
0.44226141
0.44392442
0.44451236
0.44539342
0.44666757
0.44754779
0.44813488
0.44872114
0.44960304
0.45106952
0.45204969
0.45302734
0.45380929
0.45508260
0.45625931
0.45762836
0.45850858
0.45948792
0.46056552
0.46125089
0.46232765
0.46350015
0.46545629
0.46594512
0.46712015
0.46780467
0.46927536
0.47015474
0.47103412
0.47191687
0.47260055
0.47357735
0.47416529
0.47504467
0.47592321
0.47670516
0.47787935
0.47856387
0.47983549
0.48120453
0.48159593
0.48267185
0.48394515
0.48482622
0.48590466
0.48727539
0.48854533
0.48981863
0.49128426
0.49235934
0.49343526
0.49470940
0.49539561
0.49656727
0.49734754
0.49803291
0.49871911
0.49930452
0.49979335
0.50057614
0.50155716
0.50273219
0.50341672
0.50419698
0.50507720
0.50576425
0.50654789
0.50732731
0.50820838
0.50909197
0.51036527
0.51134376
0.51251711
0.51359472
0.51418265
0.51457489
0.51506287
0.51564997
0.51623706
0.51692159
0.51760527
0.51838806
0.51917170
0.52015019
0.52063817
0.52112615
0.52200722
0.52259431
0.52357196
0.52415990
0.52494101
0.52591950
0.52660402
0.52758251
0.52826788
0.52875839
0.52934464
0.53022486
0.53071369
0.53159391
0.53266983
0.53335519
0.53433369
0.53521643
0.53590096
0.53697688
0.53795621
0.53903297
0.53981661
0.54060024
0.54138388
0.54226326
0.54324175
0.54402539
0.54490561
0.54559013
0.54627465
0.54686259
0.54793935
0.54872299
0.54969895
0.55058086
0.55116711
0.55204986
0.55322321
0.55400600
0.55488875
0.55586640
0.55684405
0.55782170
0.55860702
0.55939066
0.56027088
0.56134932
0.56301150
0.56398915
0.56486937
0.56604271
0.56741345
0.56839025
0.56897650
0.56985673
0.57083606
0.57191535
0.57289637
0.57367916
0.57456191
0.57593011
0.57681118
0.57808448
0.57867242
0.57965175
0.58023716
0.58141135
0.58199761
0.58287867
0.58375889
0.58453831
0.58541769
0.58659273
0.58747295
0.58855055
0.58923507
0.59031352
0.59148603
0.59226882
0.59285676
0.59403179
0.59520682
0.59618700
0.59696979
0.59785170
0.59902842
0.59990948
0.60088966
0.60167245
0.60235697
0.60304234
0.60372686
0.60480447
0.60637005
0.60754677
0.60833041
0.60901662
0.61018996
0.61097444
0.61224606
0.61342278
0.61430216
0.61527980
0.61625914
0.61723595
0.61831355
0.61948606
0.62026801
0.62134477
0.62271381
0.62379142
0.62467164
0.62555102
0.62643040
0.62750885
0.62848565
0.62926845
0.63073492
0.63151603
0.63249368
0.63317904
0.63405842
0.63542999
0.63719381
0.63846627
0.63973789
0.64061642
0.64178808
0.64198462
0.64325709
0.64433132
0.64580032
0.64697198
0.64814870
0.64952196
0.65040387
0.65138236
0.65206688
0.65343761
0.65461180
0.65569025
0.65696271
0.65803779
0.65911539
0.66019300
0.66156288
0.66312847
0.66371641
0.66498803
0.66616137
0.66684842
0.66772949
0.66929339
0.67007618
0.67134696
0.67232545
0.67281512
0.67438070
0.67526177
0.67653423
0.67761268
0.67849374
0.67966709
0.68103613
0.68269746
0.68348110
0.68426473
0.68582948
0.68700283
0.68827613
0.68915551
0.69052540
0.69140562
0.69218841
0.69306863
0.69433857
0.69521626
0.69639129
0.69727151
0.69854229
0.69951994
0.70030442
0.70167430
0.70323905
0.70451235
0.70549084
0.70656676
0.70744867
0.70872197
0.71009355
0.71146596
0.71254188
0.71401004
0.71469372
0.71635842
0.71743603
0.71881013
0.71988942
0.72096534
0.72262667
0.72380086
0.72487678
0.72565957
0.72693203
0.72810453
0.72878906
0.73016063
0.73084515
0.73152883
0.73211593
0.73358240
0.73544196
0.73622728
0.73681437
0.73867309
0.73955499
0.74043606
0.74141455
0.74239136
0.74278275
0.74405353
0.74473721
0.74669588
0.74767521
0.74835889
0.74943481
0.75080386
0.75178151
0.75266173
0.75402993
0.75481357
0.75589201
0.75716279
0.75912314
0.76000421
0.76137241
0.76264487
0.76391480
0.76509152
0.76606749
0.76714509
0.76822269
0.76978828
0.77008056
0.77066850
0.77165036
0.77292451
0.77449094
0.77536948
0.77605484
0.77674105
0.77762127
0.77840659
0.77938508
0.78007129
0.78124380
0.78271280
0.78418096
0.78555084
0.78643022
0.78750614
0.78799581
0.78916916
0.79014765
0.79112530
0.79239523
0.79376512
0.79444964
0.79582037
0.79679971
0.79767909
0.79846272
0.79993088
0.80090685
0.80237332
0.80354667
0.80442605
0.80520800
0.80618396
0.80716245
0.80804183
0.80892121
0.80980059
0.81126875
0.81253868
0.81410342
0.81556990
0.81713801
0.81850874
0.81948892
0.82095371
0.82144253
0.82271584
0.82447881
0.82584870
0.82663233
0.82751339
0.82819792
0.82927552
0.83123082
0.83221016
0.83289468
0.83406803
0.83514395
0.83582763
0.83719751
0.83827680
0.83925614
0.84101827
0.84219246
0.84336665
0.84434682
0.84532700
0.84659946
0.84708828
0.84777365
0.84865556
0.84934176
0.85070828
0.85168762
0.85237382
0.85296176
0.85442992
0.85540926
0.85706974
0.85775427
0.85961635
0.86108282
0.86186562
0.86274584
0.86343036
0.86460371
0.86548393
0.86646242
0.86822202
0.86939705
0.87037639
0.87106260
0.87203856
0.87301705
0.87360330
0.87497319
0.87565771
0.87683106
0.87741647
0.87907780
0.88054259
0.88210818
0.88308583
0.88426086
0.88562991
0.88670582
0.88797829
0.88885851
0.89012844
0.89130347
0.89228365
0.89335957
0.89482604
0.89560715
0.89677966
0.89834608
0.89942453
0.90010990
0.90108755
0.90265145
0.90343424
0.90490324
0.90578431
0.90666537
0.90803610
0.90891885
0.90970080
0.91097242
0.91204918
0.91263628
0.91390874
0.91459579
0.91537774
0.91635539
0.91762785
0.91840896
0.91948403
0.92036341
0.92183073
0.92329973
0.92379024
0.92486616
0.92603698
0.92691804
0.92770084
0.92887503
0.92965698
0.93082948
0.93161228
0.93268988
0.93337525
0.93406061
0.93523312
0.93631072
0.93699524
0.93807201
0.93904966
0.93992819
0.94139635
0.94208087
0.94305936
0.94462411
0.94540606
0.94657941
0.94814499
0.94971058
0.95088477
0.95186326
0.95372029
0.95489280
0.95636180
0.95763257
0.95919900
0.95998264
0.96144995
0.96203958
0.96330951
0.96389492
0.96497421
0.96634326
0.96742002
0.96820113
0.96957270
0.97035549
0.97153052
0.97241243
0.97319522
0.97407545
0.97524795
0.97642214
0.97759549
0.97896706
0.97965243
0.98033779
0.98151198
0.98317331
0.98395442
0.98473553
0.98610373
0.98747446
0.98855123
0.98913832
0.99031335
0.99139012
0.99197805
0.99256431
0.99305397
0.99412905
0.99530071
0.99676887
0.99843273
0.99921721
0.30978212
