198
770
91
532
181
1004
943
1026
50
108
336
581
666
630
542
173
589
310
342
267
637
573
359
427
96
803
131
756
676
394
425
773
799
288
946
114
166
816
62
433
248
563
219
167
351
693
465
656
549
767
31
716
732
814
889
428
440
349
882
444
541
389
158
525
947
424
303
810
1018
892
535
924
378
717
128
718
635
340
955
501
40
1
479
278
301
210
928
60
387
1008
323
627
104
153
159
332
413
869
523
577
361
854
851
258
875
1011
678
853
576
207
438
940
491
362
954
442
857
494
1005
797
557
197
546
720
462
242
83
896
23
675
122
578
76
400
1023
668
734
652
118
731
611
842
69
864
690
44
905
52
200
19
830
957
290
539
782
898
751
708
933
984
991
33
471
1001
620
97
562
472
870
960
157
113
876
14
316
739
695
470
174
432
813
455
29
6
613
10
974
986
755
112
963
671
580
169
374
971
45
218
224
365
85
601
519
194
873
230
239
571
415
908
429
603
513
985
653
884
335
363
236
748
376
434
616
245
481
9
235
641
127
586
193
926
419
852
934
294
895
643
241
28
953
220
177
176
891
42
259
186
922
594
164
15
661
737
80
150
793
99
315
726
377
320
414
834
762
622
399
778
994
380
70
411
314
879
765
497
809
897
482
27
741
51
476
976
633
89
583
766
885
189
370
300
515
890
858
279
617
367
860
595
788
36
357
618
39
34
937
530
328
13
561
662
503
426
761
293
699
722
1010
909
607
669
126
763
152
939
251
254
422
292
59
3
170
995
345
805
829
807
269
178
56
738
828
209
724
1016
911
21
615
2
749
565
906
324
837
572
850
1020
780
449
274
522
978
385
201
550
391
57
979
886
632
904
277
467
261
1002
735
592
371
1015
456
412
894
606
942
568
923
697
250
204
800
844
408
188
651
271
705
538
373
996
478
507
67
368
249
702
640
163
981
915
711
183
480
1034
927
556
552
736
330
866
395
146
988
275
537
286
604
510
16
966
302
393
406
812
628
238
81
63
558
657
655
1009
973
353
597
619
847
784
694
806
445
103
308
528
47
402
460
459
823
638
815
291
253
227
512
500
106
534
703
764
372
102
871
228
801
184
214
246
753
318
1033
598
243
171
156
168
704
244
334
354
935
713
25
701
554
485
317
610
423
185
846
284
964
645
384
856
1031
993
77
1032
585
346
989
439
692
740
475
744
190
26
202
41
4
925
409
325
403
8
839
382
458
280
1024
796
474
972
596
344
664
309
121
821
883
881
529
672
709
1012
621
203
920
1019
956
37
517
208
910
862
802
719
774
466
129
721
540
375
747
574
776
1013
696
306
677
54
634
930
817
107
343
420
78
304
397
64
983
1025
600
794
913
614
849
339
514
636
379
268
213
526
356
938
777
24
811
490
808
591
273
282
899
516
505
454
369
195
673
337
125
962
877
841
969
859
262
848
331
68
307
779
624
680
151
582
1027
289
32
100
191
421
845
347
555
743
49
888
1028
350
863
977
903
272
533
498
338
452
74
165
133
270
872
520
257
229
327
901
674
880
148
418
649
599
936
921
929
836
396
700
187
682
180
822
132
11
758
496
136
543
489
579
144
670
161
1014
119
746
975
86
560
642
285
658
135
961
1021
730
134
569
30
461
120
944
281
754
321
216
733
38
967
215
322
861
299
319
992
1036
999
679
140
970
296
508
