198
91
359
108
666
1026
173
166
799
581
770
532
62
342
267
943
630
1004
248
549
288
96
181
847
40
336
562
162
578
433
428
589
542
928
50
113
705
131
385
76
889
174
573
159
200
389
219
718
467
310
756
676
394
114
653
361
210
242
60
126
853
803
444
491
28
954
349
924
882
104
122
720
427
220
89
57
869
950
132
563
83
393
462
13
328
613
365
177
176
497
741
11
340
23
275
751
320
351
235
472
503
942
128
224
671
985
513
475
809
316
898
641
15
734
127
897
344
635
604
891
164
875
946
782
905
411
33
332
876
797
425
678
811
736
377
292
243
956
438
93
586
397
29
922
759
34
1
655
816
638
594
80
834
31
363
203
236
399
778
370
9
460
651
577
228
963
981
378
1001
668
6
479
474
414
189
42
423
866
259
179
150
512
884
793
99
622
186
610
424
303
482
485
583
387
153
308
766
657
762
693
426
239
879
367
765
717
976
465
249
953
36
1012
151
254
937
885
230
737
892
241
554
955
290
380
620
860
1011
302
813
991
643
258
726
732
596
357
158
45
471
627
930
617
146
285
749
724
209
716
530
345
814
595
293
722
300
661
618
190
611
857
470
571
616
844
800
59
761
675
391
1034
19
246
601
792
412
278
525
301
501
238
738
178
978
925
167
39
911
633
735
806
1010
515
330
815
2
56
904
926
269
607
523
271
572
763
449
939
268
1005
408
373
780
828
47
107
152
830
854
476
896
480
656
1032
85
592
773
1008
400
837
839
3
850
810
1020
314
14
154
539
933
170
632
561
318
442
886
1025
201
535
274
413
669
870
842
805
637
291
662
1018
193
580
481
906
1015
204
995
97
894
690
44
106
277
534
478
284
494
358
817
568
603
432
250
368
537
645
103
445
237
702
194
957
640
118
597
927
64
851
374
352
699
909
755
552
703
739
576
947
207
69
362
708
767
346
197
557
323
541
695
81
558
218
440
973
169
353
619
556
67
694
550
920
188
1023
419
63
538
873
183
406
21
384
430
984
32
157
822
10
986
652
974
895
139
528
935
402
459
966
16
881
468
764
923
606
883
51
500
864
600
1014
461
1002
665
43
679
281
908
546
244
498
856
112
70
422
731
565
972
940
185
871
184
492
823
988
910
753
934
747
125
156
993
507
25
77
347
704
921
253
321
294
8
208
598
434
403
915
979
901
784
808
504
41
861
335
376
26
841
545
964
1009
418
517
599
913
615
375
1033
835
878
356
415
960
27
226
309
134
621
86
450
319
420
505
1035
202
582
382
409
713
796
255
790
846
1021
339
672
522
936
24
129
1019
439
286
215
709
327
73
148
649
821
163
1031
74
165
1027
642
484
261
295
520
279
191
982
872
689
372
212
489
280
958
845
664
969
880
585
317
371
574
719
696
145
859
251
38
315
473
711
120
701
682
996
820
970
199
296
1013
466
429
223
634
306
614
192
46
195
369
343
692
798
929
677
700
514
750
421
983
624
334
564
971
364
836
350
90
827
354
673
273
721
609
452
304
659
270
37
338
213
92
454
639
588
5
54
608
324
951
262
121
516
266
510
849
840
196
289
680
78
938
307
68
543
98
918
579
299
941
443
744
848
587
569
447
899
628
109
331
740
455
788
214
257
119
117
667
777
706
862
161
229
436
644
999
524
674
555
774
337
730
877
325
754
187
526
124
967
140
136
944
508
540
992
746
469
30
