1999
2783
7568
2730
137
1681
934
933
8199
2749
13377
17
1089
5159
1141
809
3967
1031
4109
7172
1524
201
771
628
657
5853
3793
9963
29
2724
5400
794
5579
461
818
4282
36
101
277
1389
10048
637
5702
3125
1866
931
10122
4354
3867
445
130
2849
2401
2804
327
77
4693
4744
71
2975
1325
746
4541
792
74
3839
39
3716
2805
1168
23
108
1431
2163
5211
3524
10130
348
811
780
2271
2922
2336
2484
218
3806
3278
317
119
4047
3934
4862
202
3397
2906
10125
88
2184
12767
5928
6533
510
2042
4348
679
87
1770
591
3809
2879
5673
4530
3854
1612
3818
7088
819
1388
457
1487
11459
3862
702
732
55
3890
2295
4595
9854
665
3874
57
4715
613
227
1387
4060
26
6198
870
2868
282
242
528
2109
10126
311
4121
3892
3693
850
482
2851
147
3794
195
6163
5769
863
6371
4783
8647
3015
1458
8968
182
578
986
2811
511
337
10070
205
4247
1677
83
470
9
208
4787
9962
6469
4714
3864
5435
5537
5993
2657
7102
231
10463
216
212
3875
273
7354
9404
4100
4974
109
5879
439
2872
1703
2852
2002
131
605
515
1417
89
755
6973
1881
3391
1056
987
3898
733
880
8445
422
3761
353
1803
2850
5290
54
839
291
38
4638
1938
810
3812
4303
3123
3762
428
171
4448
2855
2725
183
3772
902
4418
2781
1375
3946
4706
911
3683
9937
4334
3869
2179
2832
762
3169
2060
97
2651
3179
1412
3868
973
5641
594
3829
3378
6093
2216
452
807
2468
6037
4739
4302
4889
699
1884
8956
3914
2562
3639
3999
220
5988
2985
567
751
1409
3913
7370
2728
7256
2545
4373
1981
3384
5184
3959
2834
1783
5373
621
803
3804
3876
1482
2952
748
9090
4276
497
139
4254
5299
3677
957
6364
4526
2576
3468
1980
307
1044
430
1968
767
146
731
1042
153
410
456
3833
4673
862
435
7
3478
107
240
659
4459
4804
4521
4248
448
593
10123
3757
222
1421
1823
415
3984
772
843
507
3801
2817
112
806
673
4170
4561
1752
6355
3020
9667
1473
225
143
1561
2361
3211
47
5156
8047
4029
561
522
3060
365
3740
391
179
4659
3293
9865
5230
2087
6349
238
407
5240
3121
1726
122
891
761
694
500
458
3803
158
4409
431
2854
713
3943
10369
58
739
4954
148
5279
3224
5781
1787
4931
11582
3402
4781
3433
2535
3847
2176
8468
641
3055
278
1464
5071
4809
7731
684
2994
7203
1435
124
211
3706
343
8042
3871
3096
2248
1529
585
3679
2641
248
791
3877
357
7722
691
8951
896
2865
3707
2839
1722
123
8586
3752
194
6100
254
925
98
2449
1074
207
6405
449
1088
3837
3703
4406
156
1800
14669
961
3704
1535
429
2885
5900
1890
3066
893
8632
10129
414
588
1043
297
1009
6271
573
11620
3899
833
1452
163
8629
1829
2235
4295
3322
351
4120
261
4720
3859
376
375
667
8428
531
8619
1673
6483
4261
672
5864
6068
3810
4020
1862
1037
4816
2673
4517
766
5823
4665
243
1408
2869
299
4142
5349
1041
631
2778
3872
1835
12499
1
859
764
568
4123
689
230
2755
2653
3855
82
9978
756
6203
824
4108
908
1767
3244
1933
960
5548
466
362
8565
2280
1356
3557
51
99
305
2977
4350
2416
6598
2999
5473
3977
6052
800
16249
486
309
5607
7783
1680
8671
490
3680
1068
3231
3831
3963
4848
1952
1955
2696
1953
3064
5491
408
3442
1851
7383
2240
93
9367
10092
3799
3760
834
3362
3819
3002
2793
953
8652
11000
1156
3274
6436
2877
2769
7192
935
4407
3906
4813
10440
523
5069
79
947
4440
6992
617
2814
1486
5598
6904
10852
4488
2705
384
279
2497
2624
67
2074
1655
2759
2299
747
4738
2035
1402
4136
3858
272
3792
4601
3805
3753
2107
582
4217
3637
2833
2941
2828
234
3826
197
4119
264
2726
871
7434
3684
3991
674
4515
5196
3161
5454
8
988
799
655
390
138
629
2027
4823
3603
15
2615
90
878
5374
820
1049
6727
10206
4059
3882
3168
4929
3497
2714
169
545
237
3832
206
10
2974
160
2246
161
1046
693
814
1802
8953
3093
187
3466
4987
1921
8375
443
6132
3104
8562
3979
464
940
2916
136
356
7695
2077
1967
24
3811
1475
2876
4564
8343
5814
3863
4079
168
636
675
4018
4122
3987
4043
4682
3558
5303
60
8429
110
8194
3499
2319
478
4347
875
2351
600
245
4092
3743
383
1563
2928
1687
501
4921
434
4075
2720
6612
4426
3821
2465
12290
8412
4300
705
706
5849
92
4149
4148
599
6760
3198
4928
10384
967
3130
471
0
3670
3031
2146
283
9082
3926
897
3700
7179
3335
4134
3972
3493
2888
2889
1779
990
4649
606
1048
4868
2768
3515
304
2639
752
326
1682
6537
3099
872
4003
2930
373
2763
10127
3631
6576
1480
1847
475
3993
7047
488
5306
2873
892
1573
3122
832
1520
2741
8857
2094
570
1698
6829
3037
7840
35
4357
5121
1080
790
876
2369
8405
3905
120
70
7888
4360
542
901
6548
563
852
3702
6341
5120
736
103
499
7142
1162
3645
8417
64
1522
763
1075
2875
2878
921
292
1708
1858
2776
10572
1693
550
575
2991
708
258
2050
2374
1145
2890
1445
1875
329
1494
14820
7952
432
5257
2305
6496
951
868
210
6211
4278
556
1038
4737
904
335
3071
749
4941
6152
288
788
176
1457
2501
3257
3824
4011
5237
8269
3519
3549
338
3361
1427
3412
3971
4172
5209
6085
1985
3756
1995
704
2698
6854
6445
11588
3836
2132
2233
5060
325
559
41
2736
6628
2897
1054
5404
223
6308
3039
1586
6692
255
3701
3551
406
654
560
2821
592
4145
7174
5366
1395
2874
203
716
3
3925
2927
438
3709
453
4849
2262
4116
4991
11494
4802
1531
4723
1656
5289
405
5086
3094
709
1416
1010
3588
918
2472
4256
4451
280
4980
11
558
1102
4067
2912
259
1440
3797
3437
643
8504
477
6770
890
7162
5095
4443
1864
7439
3835
4017
4155
4015
4507
6027
4646
3840
4154
815
4746
274
1120
647
3479
4678
8030
4057
926
4874
4936
4260
3896
4013
6681
3889
2224
3938
3937
938
84
7855
3699
3672
5199
8290
2166
6304
6295
1086
134
8401
2101
1503
4482
2015
4691
2357
2700
943
4220
10019
6320
1161
4195
750
4115
996
1064
5654
5870
695
175
1005
11792
2862
4071
1691
1153
2722
502
319
4492
3205
4107
4227
4545
1134
6014
6247
2075
10196
541
4516
10074
1069
3344
459
388
7948
954
1095
5393
15373
5203
3425
6736
1799
3599
6639
1147
386
7204
847
826
7857
1768
1593
53
9277
31
4380
2743
2601
2733
2111
6746
1562
200
5102
5103
7347
1946
3081
7551
6917
4076
7158
19
1059
1571
7516
369
1911
4082
1065
3183
5214
13323
900
1016
249
4383
4677
6592
4982
9657
6651
527
4110
6230
4527
6549
1559
827
3924
5949
646
12910
830
3712
4609
1106
5077
296
5424
3957
3990
2191
2881
7724
2772
8049
5722
6185
217
4400
363
4910
6497
857
534
10248
4988
7694
6357
2761
8348
2489
361
4755
447
1055
5379
6997
4560
4197
1166
3976
413
4532
437
6044
6289
2409
5161
4457
10878
5010
6172
7372
4489
6820
11532
838
4696
11574
333
6434
1820
235
3080
1588
340
9709
5750
421
484
6221
3887
6108
345
8274
2541
14392
4826
416
8433
1111
3268
4470
2445
3650
2144
6635
4273
1895
266
981
8396
874
993
6577
686
15094
294
3789
8506
7734
3830
1159
4065
6614
8342
2026
8501
7400
2047
10600
881
6115
455
2807
8027
945
598
6839
4031
4415
69
6065
8522
3548
5278
1568
1679
1426
760
3673
2708
419
6170
6948
17831
8483
6385
6515
2340
4308
6159
2660
1073
3032
8970
10336
2886
8151
2025
2239
2716
5152
1678
492
4726
5724
8865
7148
1443
3623
17096
4924
2887
11476
740
2792
6305
867
9143
1100
10545
1011
4117
11337
6556
6310
1695
1063
3878
6392
3897
293
4499
1930
2960
2029
6387
8158
2509
6473
5150
11315
7486
7243
917
2667
1648
4837
8410
2145
4997
409
959
331
4748
4858
6807
1084
6697
9774
7443
7874
10045
4387
7139
14984
6087
1020
4084
4782
1040
4711
7224
4661
4687
3817
10486
3364
4788
6544
167
2197
17959
9326
6691
5516
609
11496
6937
2359
11796
9397
6953
2982
3189
4269
412
3903
4461
450
10268
9992
313
11286
4376
6632
2803
2130
7907
8338
2536
6708
989
854
974
1724
252
564
1087
685
3981
1943
6902
596
1096
4153
6257
3035
80
2413
939
4500
14358
1650
308
5801
4962
1392
14125
539
5322
4124
4196
10160
2040
2609
7084
7026
6970
4393
14644
276
6177
3513
4630
8236
768
1469
797
6737
4189
9129
8505
5718
11577
1092
8169
8776
964
2091
864
5155
341
898
2113
9283
9399
7864
661
14407
2108
656
3814
678
3115
1498
6539
6540
2962
3509
6420
6121
8188
1635
504
5128
6278
615
1556
4750
512
6143
1711
6368
7263
8526
7513
9107
9377
3097
9296
226
846
9984
473
1406
7185
3944
4413
3413
7579
4756
6106
1090
1062
2254
4904
12628
2671
2492
4336
5145
6620
9294
3731
4556
6
2891
604
463
6300
14642
7677
1484
42
2337
7089
2005
427
306
3134
94
10785
6377
5877
6281
6021
4810
782
5251
7348
683
2322
8119
1996
3338
16404
1607
3396
16700
8739
16497
1541
7345
2156
6646
765
5136
577
3828
4509
9483
11248
14404
6370
2846
2024
2746
2800
3823
2774
2575
8721
6572
5733
1852
6123
4933
3288
4298
608
7756
63
5494
4606
886
3138
9758
858
3150
4920
787
126
5116
8920
15356
1128
4869
6427
6326
7699
8720
316
6765
3003
4215
6920
5064
5000
1977
8452
2155
423
4674
6020
68
2625
56
10142
6720
8820
783
16718
76
9425
7221
3076
5013
4700
2370
724
7683
2498
9386
8737
5284
5248
7688
6723
6534
3646
6688
22
7010
7830
2699
4779
1477
11364
11024
775
3114
3388
4203
718
404
4817
625
8319
3983
15700
1663
2693
6222
612
4815
1158
4473
2829
1637
2827
869
2426
5147
2853
9972
1151
1614
734
3708
17612
8368
6382
8863
6687
603
554
10372
10207
7567
7637
5091
180
2650
5353
5210
770
4825
11575
1018
4925
5033
580
6158
997
382
4330
5291
7186
4371
7689
1736
8715
3105
5406
1453
6580
6153
6103
5610
10315
15413
4425
526
1801
1126
2801
8634
3431
10307
2372
7934
6116
533
9291
4423
4058
936
10158
3065
400
5233
5239
8376
6110
3617
5027
922
696
173
2546
8667
622
5862
4786
7349
6911
8958
1454
2457
12866
6780
7814
743
700
4249
6872
3932
8588
14930
6786
955
12399
9671
4642
358
8662
1868
1760
6208
4590
7130
2275
9818
9951
6695
8684
6744
7447
3857
50
5001
2706
380
6122
106
401
7812
1368
3692
1506
5218
6528
9359
9739
7106
3711
6504
7911
2970
5989
6892
2286
7208
5088
4728
324
4721
639
7752
1626
141
4030
4771
2840
6704
11460
233
7801
260
514
6634
828
8966
6138
269
4028
164
6726
6091
9297
13072
224
4948
4291
982
552
2321
8729
13783
1165
6541
1071
5221
8487
8472
5422
12781
11164
2838
16715
6929
2771
7175
1555
3922
894
650
6089
3749
5727
2083
6481
5020
3230
11604
44
2139
2017
5096
3208
1809
7817
7816
1078
7902
2403
6582
149
8399
1082
2586
1404
6550
5174
4842
7717
4850
5558
10573
10575
8315
1560
7207
9078
885
6343
6340
1374
4026
1093
1123
3550
5015
5016
1098
5392
8482
546
13360
10348
2102
2715
5609
6734
5789
798
