1999
2730
2783
1681
1141
8199
809
137
7568
4109
3967
3793
2749
17
277
628
5853
933
201
934
1089
1031
101
13377
74
5702
36
9963
7172
29
1866
1389
5400
2724
771
818
2906
3934
2975
108
794
5579
931
792
2849
461
780
5159
4354
1431
657
4595
4744
665
2804
1524
3716
39
348
637
71
10048
2401
317
2805
746
445
3890
130
3867
77
591
3818
811
4693
3015
3839
2184
5211
3524
23
10130
2163
3125
1487
5537
1770
4060
2271
4787
242
732
1325
10125
613
202
3397
528
3278
3898
5928
4047
1168
2879
4282
807
3914
1387
2728
7088
4862
2484
218
55
205
57
3809
88
83
3854
510
208
195
119
9404
1417
87
3806
2042
26
6198
282
1482
3693
679
2657
1388
470
1703
621
4541
482
3874
578
3864
9
2725
986
422
2868
89
353
171
439
216
1803
902
3829
2562
511
2811
4448
5769
6371
2872
4783
870
2850
231
131
1612
227
2851
880
3794
3762
803
8445
337
3875
3876
2295
311
819
2468
3892
515
3683
2176
1056
1421
3761
3862
3984
147
762
1938
5879
2832
54
4254
291
5290
4276
212
2817
428
748
755
58
863
10070
4706
2216
225
5230
751
183
3868
767
6364
957
1968
4638
3378
2545
1375
182
107
4804
124
2852
238
3322
891
3812
1458
3478
211
4521
3677
220
415
5240
3384
9090
3833
588
896
733
7
850
2781
2002
605
5299
431
4247
1752
1787
6100
452
2994
522
4373
2576
3402
1783
4418
4121
4303
153
2865
987
93
1980
699
4974
11459
6533
731
713
448
5673
1473
3859
4526
3704
3121
430
1044
3869
3362
3096
5900
3293
5823
2651
1677
4350
2087
567
4139
4561
3757
240
429
2855
3020
179
9082
1981
10126
1088
1043
6068
876
594
3847
207
407
4348
673
297
9962
667
2248
327
806
1404
97
694
148
158
1435
1535
3899
112
307
109
3963
862
561
156
1042
3871
810
3123
9367
351
4889
761
194
3877
414
3468
2060
739
6052
2877
756
3060
11582
674
766
261
435
3803
4170
973
8047
2535
254
3706
790
1074
143
3805
4123
1862
3752
2834
843
5156
6271
5373
478
163
8629
3872
4020
273
82
6349
449
3819
79
2235
3002
2109
1409
2839
1722
2624
391
123
2696
507
4029
2653
3707
357
38
1356
146
1561
375
237
5864
410
833
4409
3631
1800
2876
7354
5470
824
47
2952
2793
1881
2778
4334
4809
8428
3703
223
10122
9978
383
67
3799
206
3760
3211
7256
4248
672
490
702
4302
3433
3680
1851
1464
8671
1829
573
9854
3753
4017
3231
4781
6203
908
1068
8394
3257
1
5196
4720
5353
2769
4714
563
187
2922
10092
1529
3198
659
1835
4813
11620
8
1408
457
3801
2833
1693
486
2641
299
631
3064
1953
2821
3679
585
138
961
3991
60
5993
1440
3405
911
222
497
547
3179
2074
4003
3274
10369
329
2763
1041
960
4295
4406
3804
1475
820
689
4261
3772
1037
6355
4823
500
3979
545
3855
4459
5184
4715
6537
365
2361
443
9937
925
868
1520
5257
283
6405
1952
7695
4300
5491
4119
1890
641
871
168
309
1402
3169
982
278
834
5069
176
7434
3168
1069
215
5071
2735
8739
2875
305
2814
2305
8405
499
2885
4982
4649
4677
272
4739
4738
5349
126
704
1412
243
15373
4120
2280
559
343
10
456
9667
10463
2999
3519
772
2930
859
7203
1049
4931
4737
953
3977
1823
3906
636
139
3442
4954
408
3130
3372
248
2755
1102
11
531
5598
872
617
269
5641
5435
1486
3993
338
116
398
942
390
8956
4217
4530
8375
4941
1162
1161
4929
2240
7722
7383
3837
5669
8951
6341
3997
600
8417
84
4407
2807
293
51
893
564
4075
3515
1648
259
3863
362
993
1802
2639
10206
136
3702
7192
110
2862
2336
2132
708
2299
434
245
255
2698
3826
747
4921
1955
3335
8429
814
5988
764
3882
3558
2759
904
558
684
1048
70
777
4868
8565
3588
90
1933
5303
2718
3391
4260
832
4349
1134
1673
1452
501
2179
6612
2974
1009
203
4936
890
4011
1095
2497
1046
706
466
6693
5060
7724
2015
629
4347
4092
2615
1082
4777
1522
840
1109
8652
8468
691
3183
103
918
921
161
464
1755
1724
763
7179
940
1715
2878
12866
2465
799
5938
2916
4980
3792
308
3244
120
6992
9425
1767
6598
3709
3836
5393
2983
180
3810
2977
8647
705
5849
2941
276
1480
1847
1423
1071
4564
8194
5261
568
122
6692
523
791
3797
2720
3499
3922
4517
3684
6822
3603
3987
3972
951
99
3055
2107
8999
6904
1040
6620
3756
8504
852
98
5209
3037
7840
3926
897
4357
1156
8042
4079
4987
599
3645
6829
4673
264
432
5013
3831
3858
6152
7370
3099
5120
1698
4665
3466
800
2714
526
3031
458
8558
2869
3740
1563
839
2722
1807
204
10384
582
8857
2726
376
606
3549
489
1921
78
788
4991
149
169
4440
4601
4154
4148
3999
160
4013
4127
384
655
4849
4721
356
289
3959
6308
2828
4848
3895
2357
4367
2050
2246
2449
10440
3971
2146
64
63
4426
210
1655
12290
1682
7749
5121
3811
3493
3093
10129
4215
2262
1494
3637
4816
4928
3832
1086
1708
3746
3039
8424
304
647
4145
3840
4610
1995
3122
1779
6628
2254
427
5239
8030
4172
593
5454
3607
4659
1772
5306
24
279
550
19
6185
752
1627
335
6085
3557
2741
2888
4515
6746
6576
4116
41
7162
14669
2546
5199
3208
3361
1586
234
2472
3834
5086
4421
570
1427
4057
1531
2705
1457
460
2351
288
1895
3224
856
14820
2075
6496
15
801
6445
3699
5374
2700
5104
3479
2501
3925
787
2960
2928
2197
1064
2873
2985
3986
5999
3161
7952
4043
1445
682
488
736
134
3
5558
5103
560
4136
405
3431
556
1038
2874
5095
453
3670
2736
2953
935
4112
4015
675
5102
7176
3701
7855
4142
6681
4134
4149
749
4256
1022
1145
2374
2890
1875
2897
892
2854
2498
4360
1695
1463
2768
4278
3066
8412
1120
7151
3743
1799
1687
4451
1503
3610
2101
2762
1562
2901
2094
3681
502
5727
2593
7142
6828
1858
1726
716
4205
2233
8619
2337
230
10572
7752
8401
5182
406
2673
542
4788
7204
4874
4096
6027
4516
6736
926
798
6727
2111
6340
4691
3938
2774
2224
319
9388
5392
5654
1560
1005
838
7948
6760
3789
4661
742
12499
643
1809
2912
3896
4031
5305
6734
4545
954
3344
5020
2509
8729
815
4487
1085
5870
12910
1946
546
6320
11000
9277
2772
1123
6549
4482
8290
11588
1072
175
2601
8776
7689
6326
5322
413
980
6764
11792
2970
7579
11476
3889
5404
4227
4723
4682
7694
5203
740
7688
4107
416
6639
7902
2801
333
61
345
6304
6544
4620
1011
4030
2017
3081
5174
3256
4022
3848
996
386
4114
1016
2715
3599
8169
11604
2733
4220
6147
363
950
3205
4962
3131
258
4195
3976
1153
14961
541
492
841
1691
2667
1164
10907
4026
4492
4204
10019
4527
95
7173
724
2829
781
7458
625
1105
5379
475
6177
7814
696
3469
4726
5038
7811
5548
235
4197
2166
5033
3672
10192
5722
2155
395
2369
3708
936
5294
8648
5445
610
966
296
846
4557
6295
2091
4059
4558
9078
331
4380
425
5930
3764
2457
7160
7551
7372
313
5642
2038
7185
8282
2687
224
534
4933
9951
2761
974
3835
477
106
266
9818
2838
404
5351
577
5635
9979
4850
604
3065
2376
2706
947
447
419
3305
4722
527
7857
12399
1768
1018
828
316
7934
959
1679
7817
9657
6278
5218
2445
5289
2035
4843
2026
5365
6065
252
6911
280
779
354
3739
603
2881
10878
421
4711
300
830
703
8970
899
6902
361
6697
5064
11248
6704
389
3623
968
4897
6948
7496
1505
5949
8568
6872
27
3413
6651
15356
1159
7154
4425
11425
444
14254
4771
5354
938
11574
9399
654
7347
3094
6305
2660
5177
8924
709
2887
4748
373
10574
4826
14762
92
471
4383
11024
678
3104
249
1911
5136
8483
11337
324
4308
916
3932
13240
5128
6
1065
6395
1111
341
922
847
5789
3957
5161
4055
7446
6933
8430
1571
5210
14657
3738
5291
11577
8348
3080
42
4071
6635
6937
1395
6153
3961
4802
8640
3570
504
53
412
1101
1967
1678
4910
5422
76
2889
3541
770
990
4560
827
11496
2743
6116
1062
1626
6548
2884
16492
2409
8449
4812
5827
1637
9137
4273
16715
8151
7193
4786
3226
1588
10600
4108
8119
4532
6917
6093
3903
885
400
695
2756
854
3598
1484
1559
5189
8368
580
5077
3692
7208
3928
6929
1806
15280
14350
8526
4058
4393
4925
2145
4756
10336
2746
2792
8872
6723
340
2536
1453
9938
35
5895
10177
796
5022
484
5158
7983
5683
4268
532
4423
3630
1466
2156
483
10307
1158
11363
7224
3509
5989
626
4676
2481
4858
1556
12628
5607
1411
1930
4372
6788
8049
8863
7792
1759
5861
2421
8586
6122
8338
10045
2343
1568
1689
8188
2371
4336
9326
1663
6222
4815
8073
164
2861
15212
6021
552
5430
2707
611
7169
6368
4415
1416
56
6773
7106
5165
7443
4825
17571
3642
4590
7186
6947
965
7447
13348
2803
7986
6534
12970
2771
3149
3814
4509
4630
2108
6483
8396
5052
6726
6300
6143
4697
2671
5251
3748
576
16404
4376
7010
4920
3548
8166
7734
7900
11002
3364
17096
5862
826
10249
8142
2716
3134
3983
2600
6708
6953
2212
3817
6257
3138
7047
68
2366
6817
6744
5286
4555
6786
7809
6838
4196
17977
3807
7874
4760
4728
8920
1151
6090
6970
6028
7301
4725
6960
15767
3195
3150
12577
2047
10269
4330
8343
2699
11219
2625
4549
8793
5858
2962
3646
12370
5456
22
4457
12254
3643
5981
10224
7552
436
1461
4484
8397
13783
8825
4189
9107
7676
634
7081
4106
5152
9139
6634
3842
3106
2403
6632
745
4750
4153
743
5116
6429
3622
167
5441
8197
7717
1127
6895
11460
7504
2226
3731
6951
4065
16
7035
5147
2341
1063
3102
553
306
12205
16218
1166
6887
8608
618
1488
4801
9372
1536
6737
956
2126
651
10785
191
44
1454
2847
294
6280
3550
12330
7432
1119
8450
9984
734
985
15146
6504
8198
4973
5011
7243
9739
4624
80
9483
6495
946
539
5124
1010
14195
233
7175
4606
11543
3751
8393
15699
2982
4970
5633
4842
6833
6393
3650
6812
5657
1477
10545
4084
857
2025
3388
1593
3105
596
562
192
1780
9295
173
10486
774
450
8419
4249
864
5406
5155
624
8923
597
3272
6572
4817
12999
7159
2572
4296
5610
10128
2286
7587
8821
6170
3700
8452
5000
6473
9397
4642
2188
2113
5027
326
4646
1990
7114
989
5426
666
8013
2358
7907
423
7036
2144
1020
5248
7129
12271
4124
2386
1996
9671
6795
842
7183
2372
3823
693
10315
4152
9661
69
2430
5145
2842
9129
4352
8662
8148
2776
9386
8870
6385
7606
15232
10573
1820
4681
4964
660
10142
8505
14644
21
6383
8303
10193
4431
7683
2636
2679
7815
6208
1635
241
2136
4370
9296
6556
2790
2191
11552
5108
1060
4779
898
867
4499
2406
5297
7057
2837
6765
895
12781
8516
4861
7026
900
8588
6231
1573
10207
711
11782
4619
7783
4122
6485
7221
9057
4470
5017
380
14930
5733
463
4993
3447
7637
3115
15948
1091
972
5233
7394
765
7746
7084
12256
3038
8415
6889
1373
6034
7258
3396
2910
8731
6762
10538
2223
2782
6044
646
2640
1054
6352
3710
5216
9253
6592
768
3577
9283
783
668
7345
10439
1939
7516
700
6134
6682
12723
2575
4700
6247
1078
16131
3944
7271
7573
8770
