1.00000000
0.99781850
0.99607330
0.99127400
0.98691099
0.98211169
0.98123909
0.97556719
0.97294939
0.97076789
0.96640489
0.96422339
0.96073298
0.95942408
0.95549738
0.95418848
0.95375218
0.95287958
0.94938918
0.94502618
0.94284468
0.94109948
0.93717277
0.93411867
0.92364747
0.92277487
0.91884817
0.91666667
0.91230366
0.90924956
0.90794066
0.90445026
0.90357766
0.90095986
0.89659686
0.89485166
0.89397906
0.88961606
0.88830716
0.88743455
0.88001745
0.87827225
0.87565445
0.87260035
0.87041885
0.86823735
0.86605585
0.86212914
0.85863874
0.85602094
0.84991274
0.84816754
0.84598604
0.84424084
0.84075044
0.83595113
0.83464223
0.83333333
0.83027923
0.82722513
0.82329843
0.82068063
0.81500873
0.81239092
0.80890052
0.80541012
0.80235602
0.80061082
0.79755672
0.79493892
0.79101222
0.79057592
0.78970332
0.78446771
0.77923211
0.77835951
0.77792321
0.77617801
0.77443281
0.77094241
0.76745201
0.76483421
0.76265271
0.76090750
0.75872600
0.75654450
0.75479930
0.75261780
0.74912740
0.74607330
0.74520070
0.74127400
0.74040140
0.73734729
0.73429319
0.73254799
0.72949389
0.72818499
0.72425829
0.72164049
0.72033159
0.71727749
0.71422339
0.71160558
0.71029668
0.70811518
0.70680628
0.70375218
0.70244328
0.70200698
0.69938918
0.69720768
0.69328098
0.68979058
0.68804538
0.68542757
0.68368237
0.68280977
0.68150087
0.67931937
0.67844677
0.67757417
0.67495637
0.67408377
0.67277487
0.67102967
0.66928447
0.66753927
0.66535777
0.66361257
0.66186736
0.65750436
0.65575916
0.65270506
0.65095986
0.64834206
0.64659686
0.64528796
0.64048866
0.63874346
0.63787086
0.63612565
0.63481675
0.63263525
0.63045375
0.62958115
0.62696335
0.62609075
0.61823735
0.61605585
0.61212914
0.61125654
0.60907504
0.60732984
0.60558464
0.60340314
0.60078534
0.59860384
0.59554974
0.59336824
0.59205934
0.58987784
0.58856894
0.58595113
0.58464223
0.58115183
0.57809773
0.57591623
0.57547993
0.57460733
0.57286213
0.57155323
0.57024433
0.56937173
0.56893543
0.56762653
0.56631763
0.56195462
0.56108202
0.55977312
0.55846422
0.55541012
0.55497382
0.55410122
0.55235602
0.55061082
0.54799302
0.54624782
0.54581152
0.54493892
0.54406632
0.54319372
0.54188482
0.54101222
0.53926702
0.53752182
0.53490401
0.53315881
0.53272251
0.53184991
0.53054101
0.52879581
0.52792321
0.52574171
0.52530541
0.52443281
0.52399651
0.52312391
0.52181501
0.52094241
0.51745201
0.51657941
0.51439791
0.51352531
0.51221640
0.51003490
0.50479930
0.50261780
0.50174520
0.49738220
0.49607330
0.49389180
0.49345550
0.49171030
0.49083770
0.48865620
0.47600349
0.47469459
0.47164049
0.46902269
0.46640489
0.46465969
0.46247818
0.46204188
0.46116928
0.45986038
0.45462478
0.45418848
0.45113438
0.44982548
0.44851658
0.44808028
0.44284468
0.44240838
0.44153578
0.44066318
0.44022688
0.43891798
0.43673647
0.43586387
0.43455497
0.43062827
0.42801047
0.42757417
0.42670157
0.42015707
0.41884817
0.41797557
0.41710297
0.41448517
0.41361257
0.41230366
0.40924956
0.40619546
0.40357766
0.40139616
0.40008726
0.39834206
0.39528796
0.39310646
0.39092496
0.38830716
0.38525305
0.38438045
0.38307155
0.38176265
0.38045375
0.37827225
0.37783595
0.37478185
0.37347295
0.37172775
0.36780105
0.36649215
0.36343805
0.36212914
0.36082024
0.35820244
0.35645724
0.35340314
0.35296684
0.35209424
0.34947644
0.34860384
0.34642234
0.34424084
0.34293194
0.34118674
0.33944154
0.33682373
0.33289703
0.33115183
0.33027923
0.32809773
0.32111693
0.32068063
0.31980803
0.31762653
0.31544503
0.31239092
0.31020942
0.30933682
0.30802792
0.30628272
0.30410122
0.30366492
0.30279232
0.30191972
0.30104712
0.29886562
0.29668412
0.29493892
0.29406632
0.29188482
0.28970332
0.28795812
0.28446771
0.28315881
0.28272251
0.28228621
0.27923211
0.27181501
0.26919721
0.26701571
0.26657941
0.26308901
0.26178010
0.26003490
0.25959860
0.25698080
0.25523560
0.25436300
0.25261780
0.24956370
0.24781850
0.24694590
0.24607330
0.24432810
0.24258290
0.23952880
0.23909250
0.23472949
0.22993019
0.22949389
0.22774869
0.21727749
0.21596859
0.21160558
0.21073298
0.20680628
0.20549738
0.20462478
0.20375218
0.20287958
0.20113438
0.20026178
0.19895288
0.19851658
0.19633508
0.19589878
0.18979058
0.17539267
0.17190227
0.16841187
0.16753927
0.16710297
0.16666667
0.16317627
0.16273997
0.15968586
0.15794066
0.15357766
0.14267016
0.14048866
0.00261780
0.00261780
0.00261780
0.00261780
0.00261780
0.00130890
0.00130890
0.00130890
0.00130890
0.00130890
0.00130890
0.00130890
0.00130890
0.00130890
0.00130890
0.00130890
0.00130890
0.00130890
0.00130890
0.00130890
0.00130890
0.00087260
0.00087260
0.00087260
0.00087260
0.00087260
0.00087260
0.00087260
0.00043630
0.00043630
0.00043630
0.00043630
0.00043630
0.00043630
0.00043630
0.00043630
0.00043630
0.00043630
0.00043630
0.00043630
0.00043630
0.00043630
0.00043630
0.00043630
0.00043630
0.00043630
0.00043630
0.00043630
0.00043630
0.00043630
0.00043630
0.00043630
0.00043630
0.00043630
0.00043630
0.00043630
0.00043630
0.00043630
0.00043630
0.00043630
0.00043630
0.00043630
0.00043630
0.00043630
0.00043630
0.00043630
0.00043630
0.00043630
0.00043630
0.00043630
0.00043630
0.00043630
0.00043630
0.00043630
0.00043630
0.00043630
0.00043630
0.00043630
0.00043630
0.00043630
0.00043630
0.00043630
0.00043630
0.00043630
0.00043630
0.00043630
0.00043630
0.00043630
0.00043630
0.00043630
0.00043630
0.00043630
0.00043630
0.00043630
0.00043630
0.00043630
0.00043630
0.00043630
0.00043630
0.00043630
0.00043630
0.00043630
0.00043630
0.00043630
0.00043630
0.00043630
0.00043630
0.00043630
0.00043630
0.00043630
0.00043630
0.00043630
0.00043630
0.00043630
0.00043630
0.00043630
0.00043630
0.00043630
0.00043630
0.00043630
0.00043630
0.00043630
0.00043630
0.00043630
0.00043630
0.00043630
0.00043630
0.00043630
0.00043630
0.00043630
0.00043630
0.00043630
0.00043630
0.00043630
0.00043630
0.00043630
0.00043630
0.00043630
0.00043630
0.00043630
0.00043630
0.00043630
0.00043630
0.00043630
0.00043630
0.00043630
0.00043630
0.00043630
0.00043630
0.00043630
0.00043630
0.00043630
0.00043630
0.00043630
0.00043630
0.00043630
0.00043630
0.00043630
0.00043630
0.00043630
0.00043630
0.00043630
0.00043630
0.00043630
0.00043630
0.00043630
0.00043630
0.00043630
0.00043630
0.00043630
0.00043630
0.00043630
0.00043630
0.00043630
0.00043630
0.00043630
0.00043630
0.00043630
0.00043630
0.00043630
0.00043630
0.00043630
0.00043630
0.00043630
0.00043630
0.00043630
0.00043630
0.00043630
0.00043630
0.00043630
0.00043630
0.00043630
0.00043630
0.00043630
0.00043630
0.00043630
0.00043630
0.00043630
0.00043630
0.00043630
0.00043630
0.00043630
0.00043630
0.00043630
0.00043630
0.00043630
0.00043630
0.00043630
0.00043630
0.00043630
0.00043630
0.00043630
0.00043630
0.00043630
0.00043630
0.00043630
0.00043630
0.00043630
0.00043630
0.00043630
0.00043630
0.00043630
0.00043630
0.00043630
0.00043630
0.00043630
0.00043630
0.00043630
0.00043630
0.00043630
0.00043630
0.00043630
0.00043630
0.00043630
0.00043630
0.00043630
0.00043630
0.00043630
0.00043630
0.00043630
0.00043630
0.00043630
0.00043630
0.00043630
0.00043630
0.00043630
0.00043630
0.00043630
0.00043630
0.00043630
0.00043630
0.00043630
0.00043630
0.00043630
0.00043630
0.00043630
0.00043630
0.00043630
0.00043630
0.00043630
0.00043630
0.00043630
0.00043630
0.00043630
0.00043630
0.00043630
0.00043630
0.00043630
0.00043630
0.00043630
0.00043630
0.00043630
0.00043630
0.00043630
0.00043630
0.00043630
0.00043630
0.00043630
0.00043630
0.00043630
0.00043630
0.00043630
0.00043630
0.00043630
0.00043630
0.00043630
0.00043630
0.00043630
0.00043630
0.00043630
0.00043630
0.00043630
0.00043630
0.00043630
0.00043630
0.00043630
0.00043630
0.00043630
0.00043630
0.00043630
0.00043630
0.00043630
0.00043630
0.00043630
0.00043630
0.00043630
0.00043630
0.00043630
0.00043630
0.00043630
0.00043630
0.00043630
0.00043630
0.00043630
0.00043630
0.00043630
0.00043630
0.00043630
0.00043630
0.00043630
0.00043630
0.00043630
0.00043630
0.00043630
0.00043630
0.00043630
0.00043630
0.00043630
0.00043630
0.00043630
0.00043630
0.00043630
0.00043630
0.00043630
0.00043630
0.00043630
0.00043630
0.00043630
0.00043630
0.00043630
0.00043630
0.00043630
0.00043630
0.00043630
0.00043630
0.00043630
0.00043630
0.00043630
0.00043630
0.00043630
0.00043630
0.00043630
0.00043630
0.00043630
0.00043630
0.00043630
0.00043630
0.00043630
0.00043630
0.00043630
0.00043630
0.00043630
0.00043630
0.00043630
0.00043630
0.00043630
0.00043630
0.00043630
0.00043630
0.00043630
0.00043630
0.00043630
0.00043630
0.00043630
0.00043630
0.00043630
0.00043630
0.00043630
0.00043630
0.00043630
0.00043630
0.00043630
0.00043630
0.00043630
0.00043630
0.00043630
0.00043630
0.00043630
0.00043630
0.00043630
0.00043630
0.00043630
0.00043630
0.00043630
0.00043630
0.00043630
0.00043630
0.00043630
0.00043630
0.00043630
0.00043630
0.00043630
0.00043630
0.00043630
0.00043630
0.00043630
0.00043630
0.00043630
0.00043630
0.00043630
0.00043630
0.00043630
0.00043630
0.00043630
0.00043630
0.00043630
0.00043630
0.00043630
0.00043630
0.00043630
0.00043630
0.00043630
0.00043630
0.00043630
0.00043630
0.00043630
0.00043630
0.00043630
0.00043630
0.00043630
0.00043630
0.00043630
0.00043630
0.00043630
0.00043630
0.00043630
0.00043630
0.00043630
0.00043630
0.00043630
0.00043630
0.00043630
0.00043630
0.00043630
0.00043630
0.00043630
0.00043630
0.00043630
0.00043630
0.00043630
0.00043630
0.00043630
0.00043630
0.00043630
0.00043630
0.00043630
0.00043630
0.00043630
0.00043630
0.00043630
0.00043630
0.00043630
0.00043630
0.00043630
0.00043630
0.00043630
0.00043630
0.00043630
0.00043630
0.00043630
0.00043630
0.00043630
0.00043630
0.00043630
0.00043630
0.00043630
0.00043630
0.00043630
0.00043630
0.00043630
0.00043630
0.00043630
0.00043630
0.00043630
0.00043630
0.00043630
0.00043630
0.00043630
0.00043630
0.00043630
0.00043630
0.00043630
0.00043630
0.00043630
0.00043630
0.00043630
0.00043630
0.00043630
0.00043630
0.00043630
0.00043630
0.00043630
0.00043630
0.00043630
0.00043630
0.00043630
0.00043630
0.00043630
0.00043630
0.00043630
0.00043630
0.00043630
0.00043630
0.00043630
0.00043630
0.00043630
0.00043630
0.00043630
0.00043630
0.00043630
0.00043630
0.00043630
0.00043630
0.00043630
0.00043630
0.00043630
0.00043630
0.00043630
0.00043630
0.00043630
0.00043630
0.00043630
0.00043630
0.00043630
0.00043630
0.00043630
0.00043630
0.00043630
0.00043630
0.00043630
0.00043630
0.00043630
0.00043630
0.00043630
0.00043630
0.00043630
0.00043630
0.00043630
0.00043630
0.00043630
0.00043630
0.00043630
0.00043630
0.00043630
0.00043630
0.00043630
0.00043630
0.00043630
0.00043630
0.00043630
0.00043630
0.00043630
0.00043630
0.00043630
0.00043630
0.00043630
0.00043630
0.00043630
0.00043630
0.00043630
0.00043630
0.00043630
0.00043630
0.00043630
0.00043630
0.00043630
0.00043630
0.00043630
0.00043630
0.00043630
0.00043630
0.00043630
0.00043630
0.00043630
0.00043630
0.00043630
0.00043630
0.00043630
0.00043630
0.00043630
0.00043630
0.00043630
0.00043630
0.00043630
0.00043630
0.00043630
0.00043630
0.00043630
0.00043630
0.00043630
0.00043630
0.00043630
0.00043630
0.00043630
0.00043630
0.00043630
0.00043630
0.00043630
0.00043630
0.00043630
0.00043630
0.00043630
0.00043630
0.00043630
0.00043630
0.00043630
0.00043630
0.00043630
0.00043630
0.00043630
0.00043630
0.00043630
0.00043630
0.00043630
0.00043630
0.00043630
0.00043630
0.00043630
0.00043630
0.00043630
0.00043630
0.00043630
0.00043630
0.00043630
0.00043630
0.00043630
0.00043630
0.00043630
0.00043630
0.00043630
0.00043630
0.00043630
0.00043630
0.00043630
0.00043630
0.00043630
0.00043630
0.00043630
0.00043630
0.00043630
0.00043630
0.00043630
0.00043630
0.00043630
0.00043630
0.00043630
0.00043630
0.00043630
0.00043630
0.00043630
0.00043630
0.00043630
0.00043630
0.00043630
0.00043630
0.00043630
0.00043630
0.00043630
0.00043630
0.00043630
0.00043630
0.00043630
0.00043630
0.00043630
0.00043630
0.00043630
0.00043630
0.00043630
0.00043630
0.00043630
0.00043630
0.00043630
0.00043630
0.00043630
0.00043630
0.00043630
0.00043630
0.00043630
0.00043630
0.00043630
0.00043630
0.00043630
0.00043630
0.00043630
0.00043630
0.00043630
0.00043630
0.00043630
0.00043630
0.00043630
0.00043630
0.00043630
0.00043630
0.00043630
0.00043630
0.00043630
0.00043630
0.00043630
0.00043630
0.00043630
0.00043630
0.00043630
0.00043630
0.00043630
0.00043630
0.00043630
0.00043630
0.00043630
0.00043630
0.00043630
0.00043630
0.00043630
0.00043630
0.00043630
0.00043630
0.00043630
0.00043630
0.00043630
0.00043630
0.00043630
0.00043630
0.00043630
0.00043630
0.00043630
0.00043630
0.00043630
0.00043630
0.00043630
0.00043630
0.00043630
0.00043630
0.00043630
0.00043630
0.00043630
0.00043630
0.00043630
0.00043630
0.00043630
0.00043630
0.00043630
0.00043630
0.00043630
0.00043630
0.00043630
0.00043630
0.00043630
0.00043630
0.00043630
0.00043630
0.00043630
0.00043630
0.00043630
0.00043630
0.00043630
0.00043630
0.00043630
0.00043630
0.00043630
0.00043630
0.00043630
0.00043630
0.00043630
0.00043630
0.00043630
0.00043630
0.00043630
0.00043630
0.00043630
0.00043630
0.00043630
0.00043630
0.00043630
0.00043630
0.00043630
0.00043630
0.00043630
0.00043630
0.00043630
0.00043630
0.00043630
0.00043630
0.00043630
0.00043630
0.00043630
0.00043630
0.00043630
0.00043630
0.00043630
0.00043630
0.00043630
0.00043630
0.00043630
0.00043630
0.00043630
0.00043630
0.00043630
0.00043630
0.00043630
0.00043630
0.00043630
0.00043630
0.00043630
0.00043630
0.00043630
0.00043630
0.00043630
0.00043630
0.00043630
0.00043630
0.00043630
0.00043630
0.00043630
0.00043630
0.00043630
0.00043630
0.00043630
0.00043630
0.00043630
0.00043630
0.00043630
0.00043630
0.00043630
0.00043630
0.00043630
0.00043630
0.00043630
0.00043630
0.00043630
0.00043630
0.00043630
0.00043630
0.00043630
0.00043630
0.00043630
0.00043630
0.00043630
0.00043630
0.00043630
0.00043630
0.00043630
0.00043630
0.00043630
0.00043630
0.00043630
0.00043630
0.00043630
0.00043630
0.00043630
0.00043630
0.00043630
0.00043630
0.00043630
0.00043630
0.00043630
0.00043630
0.00043630
0.00043630
0.00043630
0.00043630
0.00043630
0.00043630
0.00043630
0.00043630
0.00043630
0.00043630
0.00043630
0.00043630
0.00043630
0.00043630
0.00043630
0.00043630
0.00043630
0.00043630
0.00043630
0.00043630
0.00043630
0.00043630
0.00043630
0.00043630
0.00043630
0.00043630
0.00043630
0.00043630
0.00043630
0.00043630
0.00043630
0.00043630
0.00043630
0.00043630
0.00043630
0.00043630
0.00043630
0.00043630
0.00043630
0.00043630
0.00043630
0.00043630
0.00043630
0.00043630
0.00043630
0.00043630
0.00043630
0.00043630
0.00043630
0.00043630
0.00043630
0.00043630
0.00043630
0.00043630
0.00043630
0.00043630
0.00043630
0.00043630
0.00043630
0.00043630
0.00043630
0.00043630
0.00043630
0.00043630
0.00043630
0.00043630
0.00043630
0.00043630
0.00043630
0.00043630
0.00043630
0.00043630
0.00043630
0.00043630
0.00043630
0.00043630
0.00043630
0.00043630
0.00043630
0.00043630
0.00043630
0.00043630
0.00043630
0.00043630
0.00043630
0.00043630
0.00043630
0.00043630
0.00043630
0.00043630
0.00043630
0.00043630
0.00043630
0.00043630
0.00043630
0.00043630
0.00043630
0.00043630
0.00043630
0.00043630
0.00043630
0.00043630
0.00043630
0.00043630
0.00043630
0.00043630
0.00043630
0.00043630
0.00043630
0.00043630
0.00043630
0.00043630
0.00043630
0.00043630
0.00043630
0.00043630
0.00043630
0.00043630
0.00043630
0.00043630
0.00043630
0.00043630
0.00043630
0.00043630
0.00043630
0.00043630
0.00043630
0.00043630
0.00043630
0.00043630
0.00043630
0.00043630
0.00043630
0.00043630
0.00043630
0.00043630
0.00043630
0.00043630
0.00043630
0.00043630
0.00043630
0.00043630
0.00043630
0.00043630
0.00043630
0.00043630
0.00043630
0.00043630
0.00043630
0.00043630
0.00043630
0.00043630
0.00043630
0.00043630
0.00043630
0.00043630
0.00043630
0.00043630
0.00043630
0.00043630
0.00043630
0.00043630
0.00043630
0.00043630
0.00043630
0.00043630
0.00043630
0.00043630
0.00043630
0.00043630
0.00043630
0.00043630
0.00043630
0.00043630
0.00043630
0.00043630
0.00043630
0.00043630
0.00043630
0.00043630
0.00043630
0.00043630
0.00043630
0.00043630
0.00043630
0.00043630
0.00043630
0.00043630
0.00043630
0.00043630
0.00043630
0.00043630
0.00043630
0.00043630
0.00043630
0.00043630
0.00043630
0.00043630
0.00043630
0.00043630
0.00043630
0.00043630
0.00043630
0.00043630
0.00043630
0.00043630
0.00043630
0.00043630
0.00043630
0.00043630
0.00043630
0.00043630
0.00043630
0.00043630
0.00043630
0.00043630
0.00043630
0.00043630
0.00043630
0.00043630
0.00043630
0.00043630
0.00043630
0.00043630
0.00043630
0.00043630
0.00043630
0.00043630
0.00043630
0.00043630
0.00043630
0.00043630
0.00043630
0.00043630
0.00043630
0.00043630
0.00043630
0.00043630
0.00043630
0.00043630
0.00043630
0.00043630
0.00043630
0.00043630
0.00043630
0.00043630
0.00043630
0.00043630
0.00043630
0.00043630
0.00043630
0.00043630
0.00043630
0.00043630
0.00043630
0.00043630
0.00043630
0.00043630
0.00043630
0.00043630
0.00043630
0.00043630
0.00043630
0.00043630
0.00043630
0.00043630
0.00043630
0.00043630
0.00043630
0.00043630
0.00043630
0.00043630
0.00043630
0.00043630
0.00043630
0.00043630
0.00043630
0.00043630
0.00043630
0.00043630
0.00043630
0.00043630
0.00043630
0.00043630
0.00043630
0.00043630
0.00043630
0.00043630
0.00043630
0.00043630
0.00043630
0.00043630
0.00043630
0.00043630
0.00043630
0.00043630
0.00043630
0.00043630
0.00043630
0.00043630
0.00043630
0.00043630
0.00043630
0.00043630
0.00043630
0.00043630
0.00043630
0.00043630
0.00043630
0.00043630
0.00043630
0.00043630
0.00043630
0.00043630
0.00043630
0.00043630
0.00043630
0.00043630
0.00043630
0.00043630
0.00043630
0.00043630
0.00043630
0.00043630
0.00043630
0.00043630
0.00043630
0.00043630
0.00043630
0.00043630
0.00043630
0.00043630
0.00043630
0.00043630
0.00043630
0.00043630
0.00043630
0.00043630
0.00043630
0.00043630
0.00043630
0.00043630
0.00043630
0.00043630
0.00043630
0.00043630
0.00043630
0.00043630
0.00043630
0.00043630
0.00043630
0.00043630
0.00043630
0.00043630
0.00043630
0.00043630
0.00043630
0.00043630
0.00043630
0.00043630
0.00043630
0.00043630
0.00043630
0.00043630
0.00043630
0.00043630
0.00043630
0.00043630
0.00043630
0.00043630
0.00043630
0.00043630
0.00043630
0.00043630
0.00043630
0.00043630
0.00043630
0.00043630
0.00043630
0.00043630
0.00043630
0.00043630
0.00043630
0.00043630
0.00043630
0.00043630
0.00043630
0.00043630
0.00043630
0.00043630
0.00043630
0.00043630
0.00043630
0.00043630
0.00043630
0.00043630
0.00043630
0.00043630
0.00043630
0.00043630
0.00043630
0.00043630
0.00043630
0.00043630
0.00043630
0.00043630
0.00043630
0.00043630
0.00043630
0.00043630
0.00043630
0.00043630
0.00043630
0.00043630
0.00043630
0.00043630
0.00043630
0.00043630
0.00043630
0.00043630
0.00043630
0.00043630
0.00043630
0.00043630
0.00043630
0.00043630
0.00043630
0.00043630
0.00043630
0.00043630
0.00043630
0.00043630
0.00043630
0.00043630
0.00043630
0.00043630
0.00043630
0.00043630
0.00043630
0.00043630
0.00043630
0.00043630
0.00043630
0.00043630
0.00043630
0.00043630
0.00043630
0.00043630
0.00043630
0.00043630
0.00043630
0.00043630
0.00043630
0.00043630
0.00043630
0.00043630
0.00043630
0.00043630
0.00043630
0.00043630
0.00043630
0.00043630
0.00043630
0.00043630
0.00043630
0.00043630
0.00043630
0.00043630
0.00043630
0.00043630
0.00043630
0.00043630
0.00043630
0.00043630
0.00043630
0.00043630
0.00043630
0.00043630
0.00043630
0.00043630
0.00043630
0.00043630
0.00043630
0.00043630
0.00043630
0.00043630
0.00043630
0.00043630
0.00043630
0.00043630
0.00043630
0.00043630
0.00043630
0.00043630
0.00043630
0.00043630
0.00043630
0.00043630
0.00043630
0.00043630
0.00043630
0.00043630
0.00043630
0.00043630
0.00043630
0.00043630
0.00043630
0.00043630
0.00043630
0.00043630
0.00043630
0.00043630
0.00043630
0.00043630
0.00043630
0.00043630
0.00043630
0.00043630
0.00043630
0.00043630
0.00043630
0.00043630
0.00043630
0.00043630
0.00043630
0.00043630
0.00043630
0.00043630
0.00043630
0.00043630
0.00043630
0.00043630
0.00043630
0.00043630
0.00043630
0.00043630
0.00043630
0.00043630
0.00043630
0.00043630
0.00043630
0.00043630
0.00043630
0.00043630
0.00043630
0.00043630
0.00043630
0.00043630
0.00043630
0.00043630
0.00043630
0.00043630
0.00043630
0.00043630
0.00043630
0.00043630
0.00043630
0.00043630
0.00043630
0.00043630
0.00043630
0.00043630
0.00043630
0.00043630
0.00043630
0.00043630
0.00043630
0.00043630
0.00043630
0.00043630
0.00043630
0.00043630
0.00043630
0.00043630
0.00043630
0.00043630
0.00043630
0.00043630
0.00043630
0.00043630
0.00043630
0.00043630
0.00043630
0.00043630
0.00043630
0.00043630
0.00043630
0.00043630
0.00043630
0.00043630
0.00043630
0.00043630
0.00043630
0.00043630
0.00043630
0.00043630
0.00043630
0.00043630
0.00043630
0.00043630
0.00043630
0.00043630
0.00043630
0.00043630
0.00043630
0.00043630
0.00043630
0.00043630
0.00043630
0.00043630
0.00043630
0.00043630
0.00043630
0.00043630
0.00043630
0.00043630
0.00043630
0.00043630
0.00043630
0.00043630
0.00043630
0.00043630
0.00043630
0.00043630
0.00043630
0.00043630
0.00043630
0.00043630
0.00043630
0.00043630
0.00043630
0.00043630
0.00043630
0.00043630
0.00043630
0.00043630
0.00043630
0.00043630
0.00043630
0.00043630
0.00043630
0.00043630
0.00043630
0.00043630
0.00043630
0.00043630
0.00043630
0.00043630
0.00043630
0.00043630
0.00043630
0.00043630
0.00043630
0.00043630
0.00043630
0.00043630
0.00043630
0.00043630
0.00043630
0.00043630
0.00043630
0.00043630
0.00043630
0.00043630
0.00043630
0.00043630
0.00043630
0.00043630
0.00043630
0.00043630
0.00043630
0.00043630
0.00043630
0.00043630
0.00043630
0.00043630
0.00043630
0.00043630
0.00043630
0.00043630
0.00043630
0.00043630
0.00043630
0.00043630
0.00043630
0.00043630
0.00043630
0.00043630
0.00043630
0.00043630
0.00043630
0.00043630
0.00043630
0.00043630
0.00043630
0.00043630
0.00043630
0.00043630
0.00043630
0.00043630
0.00043630
0.00043630
0.00043630
0.00043630
0.00043630
0.00043630
0.00043630
0.00043630
0.00043630
0.00043630
0.00043630
0.00043630
0.00043630
0.00043630
0.00043630
0.00043630
0.00043630
0.00043630
0.00043630
0.00043630
0.00043630
0.00043630
0.00043630
0.00043630
0.00043630
0.00043630
0.00043630
0.00043630
0.00043630
0.00043630
0.00043630
0.00043630
0.00043630
0.00043630
0.00043630
0.00043630
0.00043630
0.00043630
0.00043630
0.00043630
0.00043630
0.00043630
0.00043630
0.00043630
0.00043630
0.00043630
0.00043630
0.00043630
0.00043630
0.00043630
0.00043630
0.00043630
0.00043630
0.00043630
0.00043630
0.00043630
0.00043630
0.00043630
0.00043630
0.00043630
0.00043630
0.00043630
0.00043630
0.00043630
0.00043630
0.00043630
0.00043630
0.00043630
0.00043630
0.00043630
0.00043630
0.00043630
0.00043630
0.00043630
0.00043630
0.00043630
0.00043630
0.00043630
0.00043630
0.00043630
0.00043630
0.00043630
0.00043630
0.00043630
0.00043630
0.00043630
0.00043630
0.00043630
0.00043630
0.00043630
0.00043630
0.00043630
0.00043630
0.00043630
0.00043630
0.00043630
0.00043630
0.00043630
0.00043630
0.00043630
0.00043630
0.00043630
0.00043630
0.00043630
0.00043630
0.00043630
0.00043630
0.00043630
0.00043630
0.00043630
0.00043630
0.00043630
0.00043630
0.00043630
0.00043630
0.00043630
0.00043630
0.00043630
0.00043630
0.00043630
0.00043630
0.00043630
0.00043630
0.00043630
0.00043630
0.00043630
0.00043630
0.00043630
0.00043630
0.00043630
0.00043630
0.00043630
0.00043630
0.00043630
0.00043630
0.00043630
0.00043630
0.00043630
0.00043630
0.00043630
0.00043630
0.00043630
0.00043630
0.00043630
0.00043630
0.00043630
0.00043630
0.00043630
0.00043630
0.00043630
0.00043630
0.00043630
0.00043630
0.00043630
0.00043630
0.00043630
0.00043630
0.00043630
0.00043630
0.00043630
0.00043630
0.00043630
0.00043630
0.00043630
0.00043630
0.00043630
0.00043630
0.00043630
0.00043630
0.00043630
0.00043630
0.00043630
0.00043630
0.00043630
0.00043630
0.00043630
0.00043630
0.00043630
0.00043630
0.00043630
0.00043630
0.00043630
0.00043630
0.00043630
0.00043630
0.00043630
0.00043630
0.00043630
0.00043630
0.00043630
0.00043630
0.00043630
0.00043630
0.00043630
0.00043630
0.00043630
0.00043630
0.00043630
0.00043630
0.00043630
0.00043630
0.00043630
0.00043630
0.00043630
0.00043630
0.00043630
0.00043630
0.00043630
0.00043630
0.00043630
0.00043630
0.00043630
0.00043630
0.00043630
0.00043630
0.00043630
0.00043630
0.00043630
0.00043630
0.00043630
0.00043630
0.00043630
0.00043630
0.00043630
0.00043630
0.00043630
0.00043630
0.00043630
0.00043630
0.00043630
0.00043630
0.00043630
0.00043630
0.00043630
0.00043630
0.00043630
0.00043630
0.00043630
0.00043630
0.00043630
0.00043630
0.00043630
0.00043630
0.00043630
0.00043630
0.00043630
0.00043630
0.00043630
0.00043630
0.00043630
0.00043630
0.00043630
0.00043630
0.00043630
0.00043630
0.00043630
0.00043630
0.00043630
0.00043630
0.00043630
0.00043630
0.00043630
0.00043630
0.00043630
0.00043630
0.00043630
0.00043630
0.00043630
0.00043630
0.00043630
0.00043630
0.00043630
0.00043630
0.00043630
0.00043630
0.00043630
0.00043630
0.00043630
0.00043630
0.00043630
0.00043630
0.00043630
0.00043630
0.00043630
0.00043630
0.00043630
0.00043630
0.00043630
0.00043630
0.00043630
0.00043630
0.00043630
0.00043630
0.00043630
0.00043630
0.00043630
0.00043630
0.00043630
0.00043630
0.00043630
0.00043630
0.00043630
0.00043630
0.00043630
0.00043630
0.00043630
0.00043630
0.00043630
0.00043630
0.00043630
0.00043630
0.00043630
0.00043630
0.00043630
0.00043630
0.00043630
0.00043630
0.00043630
0.00043630
0.00043630
0.00043630
0.00043630
0.00043630
0.00043630
0.00043630
0.00043630
0.00043630
0.00043630
0.00043630
0.00043630
0.00043630
0.00043630
0.00043630
0.00043630
0.00043630
0.00043630
0.00043630
0.00043630
0.00043630
0.00043630
0.00043630
0.00043630
0.00043630
0.00043630
0.00043630
0.00043630
0.00043630
0.00043630
0.00043630
0.00043630
0.00043630
0.00043630
0.00043630
0.00043630
0.00043630
0.00043630
0.00043630
0.00043630
0.00043630
0.00043630
0.00043630
0.00043630
0.00043630
0.00043630
0.00043630
0.00043630
0.00043630
0.00043630
0.00043630
0.00043630
0.00043630
0.00043630
0.00043630
0.00043630
0.00043630
0.00043630
0.00043630
0.00043630
0.00043630
0.00043630
0.00043630
0.00043630
0.00043630
0.00043630
0.00043630
0.00043630
0.00043630
0.00043630
0.00043630
0.00043630
0.00043630
0.00043630
0.00043630
0.00043630
0.00043630
0.00043630
0.00043630
0.00043630
0.00043630
0.00043630
0.00043630
0.00043630
0.00043630
0.00043630
0.00043630
0.00043630
0.00043630
0.00043630
0.00043630
0.00043630
0.00043630
0.00043630
0.00043630
0.00043630
0.00043630
0.00043630
0.00043630
0.00043630
0.00043630
0.00043630
0.00043630
0.00043630
0.00043630
0.00043630
0.00043630
0.00043630
0.00043630
0.00043630
0.00043630
0.00043630
0.00043630
0.00043630
0.00043630
0.00043630
0.00043630
0.00043630
0.00043630
0.00043630
0.00043630
0.00043630
0.00043630
0.00043630
0.00043630
0.00043630
0.00043630
0.00043630
0.00043630
0.00043630
0.00043630
0.00043630
0.00043630
0.00043630
0.00043630
0.00043630
0.00043630
0.00043630
0.00043630
0.00043630
0.00043630
0.00043630
0.00043630
0.00043630
0.00043630
0.00043630
0.00043630
0.00043630
0.00043630
0.00043630
0.00043630
0.00043630
0.00043630
0.00043630
0.00043630
0.00043630
0.00043630
0.00043630
0.00043630
0.00043630
0.00043630
0.00043630
0.00043630
0.00043630
0.00043630
0.00043630
0.00043630
0.00043630
0.00043630
0.00043630
0.00043630
0.00043630
0.00043630
0.00043630
0.00043630
0.00043630
0.00043630
0.00043630
0.00043630
0.00043630
0.00043630
0.00043630
0.00043630
0.00043630
0.00043630
0.00043630
0.00043630
0.00043630
0.00043630
0.00043630
0.00043630
0.00043630
0.00043630
0.00043630
0.00043630
0.00043630
0.00043630
0.00043630
0.00043630
0.00043630
0.00043630
0.00043630
0.00043630
0.00043630
0.00043630
0.00043630
0.00043630
0.00043630
0.00043630
0.00043630
0.00043630
0.00043630
0.00043630
0.00043630
0.00043630
0.00043630
0.00043630
0.00043630
0.00043630
0.00043630
0.00043630
0.00043630
0.00043630
0.00043630
0.00043630
0.00043630
0.00043630
0.00043630
0.00043630
0.00043630
0.00043630
0.00043630
0.00043630
0.00043630
0.00043630
0.00043630
0.00043630
0.00043630
0.00043630
0.00043630
0.00043630
0.00043630
0.00043630
0.00043630
0.00043630
0.00043630
0.00043630
0.00043630
0.00043630
0.00043630
0.00043630
0.00043630
0.00043630
0.00043630
0.00043630
0.00043630
0.00043630
0.00043630
0.00043630
0.00043630
0.00043630
0.00043630
0.00043630
0.00043630
0.00043630
0.00043630
0.00043630
0.00043630
0.00043630
0.00043630
0.00043630
0.00043630
0.00043630
0.00043630
0.00043630
0.00043630
0.00043630
0.00043630
0.00043630
0.00043630
0.00043630
0.00043630
0.00043630
0.00043630
0.00043630
0.00043630
0.00043630
0.00043630
0.00043630
0.00043630
0.00043630
0.00043630
0.00043630
0.00043630
0.00043630
0.00043630
0.00043630
0.00043630
0.00043630
0.00043630
0.00043630
0.00043630
0.00043630
0.00043630
0.00043630
0.00043630
0.00043630
0.00043630
0.00043630
0.00043630
0.00043630
0.00043630
0.00043630
0.00043630
0.00043630
0.00043630
0.00043630
0.00043630
0.00043630
0.00043630
0.00043630
0.00043630
0.00043630
0.00043630
0.00043630
0.00043630
0.00043630
0.00043630
0.00043630
0.00043630
0.00043630
0.00043630
0.00043630
0.00043630
0.00043630
0.00043630
0.00043630
0.00043630
0.00043630
0.00043630
0.00043630
0.00043630
0.00043630
0.00043630
0.00043630
0.00043630
0.00043630
0.00043630
0.00043630
0.00043630
0.00043630
0.00043630
0.00043630
0.00043630
0.00043630
0.00043630
0.00043630
0.00043630
0.00043630
0.00043630
0.00043630
0.00043630
0.00043630
0.00043630
0.00043630
0.00043630
0.00043630
0.00043630
0.00043630
0.00043630
0.00043630
0.00043630
0.00043630
0.00043630
0.00043630
0.00043630
0.00043630
0.00043630
0.00043630
0.00043630
0.00043630
0.00043630
0.00043630
0.00043630
0.00043630
0.00043630
0.00043630
0.00043630
0.00043630
0.00043630
0.00043630
0.00043630
0.00043630
0.00043630
0.00043630
0.00043630
0.00043630
0.00043630
0.00043630
0.00043630
0.00043630
0.00043630
0.00043630
0.00043630
0.00043630
0.00043630
0.00043630
0.00043630
0.00043630
0.00043630
0.00043630
0.00043630
0.00043630
0.00043630
0.00043630
0.00043630
0.00043630
0.00043630
0.00043630
0.00043630
0.00043630
0.00043630
0.00043630
0.00043630
0.00043630
0.00043630
0.00043630
0.00043630
0.00043630
0.00043630
0.00043630
0.00043630
0.00043630
0.00043630
0.00043630
0.00043630
0.00043630
0.00043630
0.00043630
0.00043630
0.00043630
0.00043630
0.00043630
0.00043630
0.00043630
0.00043630
0.00043630
0.00043630
0.00043630
0.00043630
0.00043630
0.00043630
0.00043630
0.00043630
0.00043630
0.00043630
0.00043630
0.00043630
0.00043630
0.00043630
0.00043630
0.00043630
0.00043630
0.00043630
0.00043630
0.00043630
0.00043630
0.00043630
0.00043630
0.00043630
0.00043630
0.00043630
0.00043630
0.00043630
0.00043630
0.00043630
0.00043630
0.00043630
0.00043630
0.00043630
0.00043630
0.00043630
0.00043630
0.00043630
0.00043630
0.00043630
0.00043630
0.00043630
0.00043630
0.00043630
0.00043630
0.00043630
0.00043630
0.00043630
0.00043630
0.00043630
0.00043630
0.00043630
0.00043630
0.00043630
0.00043630
0.00043630
0.00043630
0.00043630
0.00043630
0.00043630
0.00043630
0.00043630
0.00043630
0.00043630
0.00043630
0.00043630
0.00043630
0.00043630
0.00043630
0.00043630
0.00043630
0.00043630
0.00043630
0.00043630
0.00043630
0.00043630
0.00043630
0.00043630
0.00043630
0.00043630
0.00043630
0.00043630
0.00043630
0.00043630
0.00043630
0.00043630
0.00043630
0.00043630
0.00043630
0.00043630
0.00043630
0.00043630
0.00043630
0.00043630
0.00043630
0.00043630
0.00043630
0.00043630
0.00043630
0.00043630
0.00043630
0.00043630
0.00043630
0.00043630
0.00043630
0.00043630
0.00043630
0.00043630
0.00043630
0.00043630
0.00043630
0.00043630
0.00043630
0.00043630
0.00043630
0.00043630
0.00043630
0.00043630
0.00043630
0.00043630
0.00043630
0.00043630
0.00043630
0.00043630
0.00043630
0.00043630
0.00043630
0.00043630
0.00043630
0.00043630
0.00043630
0.00043630
0.00043630
0.00043630
0.00043630
0.00043630
0.00043630
0.00043630
0.00043630
0.00043630
0.00043630
0.00043630
0.00043630
0.00043630
0.00043630
0.00043630
0.00043630
0.00043630
0.00043630
0.00043630
0.00043630
0.00043630
0.00043630
0.00043630
0.00043630
0.00043630
0.00043630
0.00043630
0.00043630
0.00043630
0.00043630
0.00043630
0.00043630
0.00043630
0.00043630
0.00043630
0.00043630
0.00043630
0.00043630
0.00043630
0.00043630
0.00043630
0.00043630
0.00043630
0.00043630
0.00043630
0.00043630
0.00043630
0.00043630
0.00043630
0.00043630
0.00043630
0.00043630
0.00043630
0.00043630
0.00043630
0.00043630
0.00043630
0.00043630
0.00043630
0.00043630
0.00043630
0.00043630
0.00043630
0.00043630
0.00043630
0.00043630
0.00043630
0.00043630
0.00043630
0.00043630
0.00043630
0.00043630
0.00043630
0.00043630
0.00043630
0.00043630
0.00043630
0.00043630
0.00043630
0.00043630
0.00043630
0.00043630
0.00043630
0.00043630
0.00043630
0.00043630
0.00043630
0.00043630
0.00043630
0.00043630
0.00043630
0.00043630
0.00043630
0.00043630
0.00043630
0.00043630
0.00043630
0.00043630
0.00043630
0.00043630
0.00043630
0.00043630
0.00043630
0.00043630
0.00043630
0.00043630
0.00043630
0.00043630
0.00043630
0.00043630
0.00043630
0.00043630
0.00043630
0.00043630
0.00043630
0.00043630
0.00043630
0.00043630
0.00043630
0.00043630
0.00043630
0.00043630
0.00043630
0.00043630
0.00043630
0.00043630
0.00043630
0.00043630
0.00043630
0.00043630
0.00043630
0.00043630
0.00043630
0.00043630
0.00043630
0.00043630
0.00043630
0.00043630
0.00043630
0.00043630
0.00043630
0.00043630
0.00043630
0.00043630
0.00043630
0.00043630
0.00043630
0.00043630
0.00043630
0.00043630
0.00043630
0.00043630
0.00043630
0.00043630
0.00043630
0.00043630
0.00043630
0.00043630
0.00043630
0.00043630
0.00043630
0.00043630
0.00043630
0.00043630
0.00043630
0.00043630
0.00043630
0.00043630
0.00043630
0.00043630
0.00043630
0.00043630
0.00043630
0.00043630
0.00043630
0.00043630
0.00043630
0.00043630
0.00043630
0.00043630
0.00043630
0.00043630
0.00043630
0.00043630
0.00043630
0.00043630
0.00043630
0.00043630
0.00043630
0.00043630
0.00043630
0.00043630
0.00043630
0.00043630
0.00043630
0.00043630
0.00043630
0.00043630
0.00043630
0.00043630
0.00043630
0.00043630
0.00043630
0.00043630
0.00043630
0.00043630
0.00043630
0.00043630
0.00043630
0.00043630
0.00043630
0.00043630
0.00043630
0.00043630
0.00043630
0.00043630
0.00043630
0.00043630
0.00043630
0.00043630
0.00043630
0.00043630
0.00043630
0.00043630
0.00043630
0.00043630
0.00043630
0.00043630
0.00043630
0.00043630
0.00043630
0.00043630
0.00043630
0.00043630
0.00043630
0.00043630
0.00043630
0.00043630
0.00043630
0.00043630
0.00043630
0.00043630
0.00043630
0.00043630
0.00043630
0.00043630
0.00043630
0.00043630
0.00043630
0.00043630
0.00043630
0.00043630
0.00043630
0.00043630
0.00043630
0.00043630
0.00043630
0.00043630
0.00043630
0.00043630
0.00043630
0.00043630
0.00043630
0.00043630
0.00043630
0.00043630
0.00043630
0.00043630
0.00043630
0.00043630
0.00043630
0.00043630
0.00043630
0.00043630
0.00043630
0.00043630
0.00043630
0.00043630
0.00043630
0.00043630
0.00043630
0.00043630
0.00043630
0.00043630
0.00043630
0.00043630
0.00043630
0.00043630
0.00043630
0.00043630
0.00043630
0.00043630
0.00043630
0.00043630
0.00043630
0.00043630
0.00043630
0.00043630
0.00043630
0.00043630
0.00043630
0.00043630
0.00043630
0.00043630
0.00043630
0.00043630
0.00043630
0.00043630
0.00043630
0.00043630
0.00043630
0.00043630
0.00043630
0.00043630
0.00043630
0.00043630
0.00043630
0.00043630
0.00043630
0.00043630
0.00043630
0.00043630
0.00043630
0.00043630
0.00043630
0.00043630
0.00043630
0.00043630
0.00043630
0.00043630
0.00043630
0.00043630
0.00043630
0.00043630
0.00043630
0.00043630
0.00043630
0.00043630
0.00043630
0.00043630
0.00043630
0.00043630
0.00043630
0.00043630
0.00043630
0.00043630
0.00043630
0.00043630
0.00043630
0.00043630
0.00043630
0.00043630
0.00043630
0.00043630
0.00043630
0.00043630
0.00043630
0.00043630
0.00043630
0.00043630
0.00043630
0.00043630
0.00043630
0.00043630
0.00043630
0.00043630
0.00043630
0.00043630
0.00043630
0.00043630
0.00043630
0.00043630
0.00043630
0.00043630
0.00043630
0.00043630
0.00043630
0.00043630
0.00043630
0.00043630
0.00043630
0.00043630
0.00043630
0.00043630
0.00043630
0.00043630
0.00043630
0.00043630
0.00043630
0.00043630
0.00043630
0.00043630
0.00043630
0.00043630
0.00043630
0.00043630
0.00043630
0.00043630
0.00043630
0.00043630
0.00043630
0.00043630
0.00043630
0.00043630
0.00043630
0.00043630
0.00043630
0.00043630
0.00043630
0.00043630
0.00043630
0.00043630
0.00043630
0.00043630
0.00043630
0.00043630
0.00043630
0.00043630
0.00043630
0.00043630
0.00043630
0.00043630
0.00043630
0.00043630
0.00043630
0.00043630
0.00043630
0.00043630
0.00043630
0.00043630
0.00043630
0.00043630
0.00043630
0.00043630
0.00043630
0.00043630
0.00043630
0.00043630
0.00043630
0.00043630
0.00043630
0.00043630
0.00043630
0.00043630
0.00043630
0.00043630
0.00043630
0.00043630
0.00043630
0.00043630
0.00043630
0.00043630
0.00043630
0.00043630
0.00043630
0.00043630
0.00043630
0.00043630
0.00043630
0.00043630
0.00043630
0.00043630
0.00043630
0.00043630
0.00043630
0.00043630
0.00043630
0.00043630
0.00043630
0.00043630
0.00043630
0.00043630
0.00043630
0.00043630
0.00043630
0.00043630
0.00043630
0.00043630
0.00043630
0.00043630
0.00043630
0.00043630
0.00043630
0.00043630
0.00043630
0.00043630
0.00043630
0.00043630
0.00043630
0.00043630
0.00043630
0.00043630
0.00043630
0.00043630
0.00043630
0.00043630
0.00043630
0.00043630
0.00043630
0.00043630
0.00043630
0.00043630
0.00043630
0.00043630
0.00043630
0.00043630
0.00043630
0.00043630
0.00043630
0.00043630
0.00043630
0.00043630
0.00043630
0.00043630
0.00043630
0.00043630
0.00043630
0.00043630
0.00043630
0.00043630
0.00043630
0.00043630
0.00043630
0.00043630
0.00043630
0.00043630
0.00043630
0.00043630
0.00043630
0.00043630
0.00043630
0.00043630
0.00043630
0.00043630
0.00043630
0.00043630
0.00043630
0.00043630
0.00043630
0.00043630
0.00043630
0.00043630
0.00043630
0.00043630
0.00043630
0.00043630
0.00043630
0.00043630
0.00043630
0.00043630
0.00043630
0.00043630
0.00043630
0.00043630
0.00043630
0.00043630
0.00043630
0.00043630
0.00043630
0.00043630
0.00043630
0.00043630
0.00043630
0.00043630
0.00043630
0.00043630
0.00043630
0.00043630
0.00043630
0.00043630
0.00043630
0.00043630
0.00043630
0.00043630
0.00043630
0.00043630
0.00043630
0.00043630
0.00043630
0.00043630
0.00043630
0.00043630
0.00043630
0.00043630
0.00043630
0.00043630
0.00043630
0.00043630
0.00043630
0.00043630
0.00043630
0.00043630
0.00043630
0.00043630
0.00043630
0.00043630
0.00043630
0.00043630
0.00043630
0.00043630
0.00043630
0.00043630
0.00043630
0.00043630
0.00043630
0.00043630
0.00043630
0.00043630
0.00043630
0.00043630
0.00043630
0.00043630
0.00043630
0.00043630
0.00043630
0.00043630
0.00043630
0.00043630
0.00043630
0.00043630
0.00043630
0.00043630
0.00043630
0.00043630
0.00043630
0.00043630
0.00043630
0.00043630
0.00043630
0.00043630
0.00043630
0.00043630
0.00043630
0.00043630
0.00043630
0.00043630
0.00043630
0.00043630
0.00043630
0.00043630
0.00043630
0.00043630
0.00043630
0.00043630
0.00043630
0.00043630
0.00043630
0.00043630
0.00043630
0.00043630
0.00043630
0.00043630
0.00043630
0.00043630
0.00043630
0.00043630
0.00043630
0.00043630
0.00043630
0.00043630
0.00043630
0.00043630
0.00043630
0.00043630
0.00043630
0.00043630
0.00043630
0.00043630
0.00043630
0.00043630
0.00043630
0.00043630
0.00043630
0.00043630
0.00043630
0.00043630
0.00043630
0.00043630
0.00043630
0.00043630
0.00043630
0.00043630
0.00043630
0.00043630
0.00043630
0.00043630
0.00043630
0.00043630
0.00043630
0.00043630
0.00043630
0.00043630
0.00043630
0.00043630
0.00043630
0.00043630
0.00043630
0.00043630
0.00043630
0.00043630
0.00043630
0.00043630
0.00043630
0.00043630
0.00043630
0.00043630
0.00043630
0.00043630
0.00043630
0.00043630
0.00043630
0.00043630
0.00043630
0.00043630
0.00043630
0.00043630
0.00043630
0.00043630
0.00043630
0.00043630
0.00043630
0.00043630
0.00043630
0.00043630
0.00043630
0.00043630
0.00043630
0.00043630
0.00043630
0.00043630
0.00043630
0.00043630
0.00043630
0.00043630
0.00043630
0.00043630
0.00043630
0.00043630
0.00043630
0.00043630
0.00043630
0.00043630
0.00043630
0.00043630
0.00043630
0.00043630
0.00043630
0.00043630
0.00043630
0.00043630
0.00043630
0.00043630
0.00043630
0.00043630
0.00043630
0.00043630
0.00043630
0.00043630
0.00043630
0.00043630
0.00043630
0.00043630
0.00043630
0.00043630
0.00043630
0.00043630
0.00043630
0.00043630
0.00043630
0.00043630
0.00043630
0.00043630
0.00043630
0.00043630
0.00043630
0.00043630
0.00043630
0.00043630
0.00043630
0.00043630
0.00043630
0.00043630
0.00043630
0.00043630
0.00043630
0.00043630
0.00043630
0.00043630
0.00043630
0.00043630
0.00043630
0.00043630
0.00043630
0.00043630
0.00043630
0.00043630
0.00043630
0.00043630
0.00043630
0.00043630
0.00043630
0.00043630
0.00043630
0.00043630
0.00043630
0.00043630
0.00043630
0.00043630
0.00043630
0.00043630
0.00043630
0.00043630
0.00043630
0.00043630
0.00043630
0.00043630
0.00043630
0.00043630
0.00043630
0.00043630
0.00043630
0.00043630
0.00043630
0.00043630
0.00043630
0.00043630
0.00043630
0.00043630
0.00043630
0.00043630
0.00043630
0.00043630
0.00043630
0.00043630
0.00043630
0.00043630
0.00043630
0.00043630
0.00043630
0.00043630
0.00043630
0.00043630
0.00043630
0.00043630
0.00043630
0.00043630
0.00043630
0.00043630
0.00043630
0.00043630
0.00043630
0.00043630
0.00043630
0.00043630
0.00043630
0.00043630
0.00043630
0.00043630
0.00043630
0.00043630
0.00043630
0.00043630
0.00043630
0.00043630
0.00043630
0.00043630
0.00043630
0.00043630
0.00043630
0.00043630
0.00043630
0.00043630
0.00043630
0.00043630
0.00043630
0.00043630
0.00043630
0.00043630
0.00043630
0.00043630
0.00043630
0.00043630
0.00043630
0.00043630
0.00043630
0.00043630
0.00043630
0.00043630
0.00043630
0.00043630
0.00043630
0.00043630
0.00043630
0.00043630
0.00043630
0.00043630
0.00043630
0.00043630
0.00043630
0.00043630
0.00043630
0.00043630
0.00043630
0.00043630
0.00043630
0.00043630
0.00043630
0.00043630
0.00043630
0.00043630
0.00043630
0.00043630
0.00043630
0.00043630
0.00043630
0.00043630
0.00043630
0.00043630
0.00043630
0.00043630
0.00043630
0.00043630
0.00043630
0.00043630
0.00043630
0.00043630
0.00043630
0.00043630
0.00043630
0.00043630
0.00043630
0.00043630
0.00043630
0.00043630
0.00043630
0.00043630
0.00043630
0.00043630
0.00043630
0.00043630
0.00043630
0.00043630
0.00043630
0.00043630
0.00043630
0.00043630
0.00043630
0.00043630
0.00043630
0.00043630
0.00043630
0.00043630
0.00043630
0.00043630
0.00043630
0.00043630
0.00043630
0.00043630
0.00043630
0.00043630
0.00043630
0.00043630
0.00043630
0.00043630
0.00043630
0.00043630
0.00043630
0.00043630
0.00043630
0.00043630
0.00043630
0.00043630
0.00043630
0.00043630
0.00043630
0.00043630
0.00043630
0.00043630
0.00043630
0.00043630
0.00043630
0.00043630
0.00043630
0.00043630
0.00043630
0.00043630
0.00043630
0.00043630
0.00043630
0.00043630
0.00043630
0.00043630
0.00043630
0.00043630
0.00043630
0.00043630
0.00043630
0.00043630
0.00043630
0.00043630
0.00043630
0.00043630
0.00043630
0.00043630
0.00043630
0.00043630
0.00043630
0.00043630
0.00043630
0.00043630
0.00043630
0.00043630
0.00043630
0.00043630
0.00043630
0.00043630
0.00043630
0.00043630
0.00043630
0.00043630
0.00043630
0.00043630
0.00043630
0.00043630
0.00043630
0.00043630
0.00043630
0.00043630
0.00043630
0.00043630
0.00043630
0.00043630
0.00043630
0.00043630
0.00043630
0.00043630
0.00043630
0.00043630
0.00043630
0.00043630
0.00043630
0.00043630
0.00043630
0.00043630
0.00043630
0.00043630
0.00043630
0.00043630
0.00043630
0.00043630
0.00043630
0.00043630
0.00043630
0.00043630
0.00043630
0.00043630
0.00043630
0.00043630
0.00043630
0.00043630
0.00043630
0.00043630
0.00043630
0.00043630
0.00043630
0.00043630
0.00043630
0.00043630
0.00043630
0.00043630
0.00043630
0.00043630
0.00043630
0.00043630
0.00043630
0.00043630
0.00043630
0.00043630
0.00043630
0.00043630
0.00043630
0.00043630
0.00043630
0.00043630
0.00043630
0.00043630
0.00043630
0.00043630
0.00043630
0.00043630
0.00043630
0.00043630
0.00043630
0.00043630
0.00043630
0.00043630
0.00043630
0.00043630
0.00043630
0.00043630
0.00043630
0.00043630
0.00043630
0.00043630
0.00043630
0.00043630
0.00043630
0.00043630
0.00043630
0.00043630
0.00043630
0.00043630
0.00043630
0.00043630
0.00043630
0.00043630
0.00043630
0.00043630
0.00043630
0.00043630
0.00043630
0.00043630
0.00043630
0.00043630
0.00043630
0.00043630
0.00043630
0.00043630
0.00043630
0.00043630
0.00043630
0.00043630
0.00043630
0.00043630
0.00043630
0.00043630
0.00043630
0.00043630
0.00043630
0.00043630
0.00043630
0.00043630
0.00043630
0.00043630
0.00043630
0.00043630
0.00043630
0.00043630
0.00043630
0.00043630
0.00043630
0.00043630
0.00043630
0.00043630
0.00043630
0.00043630
0.00043630
0.00043630
0.00043630
0.00043630
0.00043630
0.00043630
0.00043630
0.00043630
0.00043630
0.00043630
0.00043630
0.00043630
0.00043630
0.00043630
0.00043630
0.00043630
0.00043630
0.00043630
0.00043630
0.00043630
0.00043630
0.00043630
0.00043630
0.00043630
0.00043630
0.00043630
0.00043630
0.00043630
0.00043630
0.00043630
0.00043630
0.00043630
0.00043630
0.00043630
0.00043630
0.00043630
0.00043630
0.00043630
0.00043630
0.00043630
0.00043630
0.00043630
0.00043630
0.00043630
0.00043630
0.00043630
0.00043630
0.00043630
0.00043630
0.00043630
0.00043630
0.00043630
0.00043630
0.00043630
0.00043630
0.00043630
0.00043630
0.00043630
0.00043630
0.00043630
0.00043630
0.00043630
0.00043630
0.00043630
0.00043630
0.00043630
0.00043630
0.00043630
0.00043630
0.00043630
0.00043630
0.00043630
0.00043630
0.00043630
0.00043630
0.00043630
0.00043630
0.00043630
0.00043630
0.00043630
0.00043630
0.00043630
0.00043630
0.00043630
0.00043630
0.00043630
0.00043630
0.00043630
0.00043630
0.00043630
0.00043630
0.00043630
