1.00000000
0.99481865
0.97927461
0.97409326
0.96373057
0.95854922
0.94818653
0.93782383
0.93264249
0.92227979
0.90673575
0.90155440
0.89637306
0.88601036
0.88082902
0.87046632
0.86528497
0.85492228
0.84455959
0.83419689
0.82383420
0.81865285
0.80829016
0.80310881
0.78756477
0.77720207
0.77202073
0.76165803
0.75647668
0.75129534
0.74611399
0.74093264
0.73056995
0.72538860
0.70466321
0.69948187
0.68393782
0.67875648
0.67357513
0.66839378
0.66321244
0.65284974
0.64766839
0.64248705
0.62694301
0.62176166
0.61139896
0.60621762
0.59585492
0.59067358
0.58549223
0.58031088
0.57512953
0.56476684
0.55958549
0.54922280
0.54404145
0.53886010
0.53367876
0.52331606
0.49740933
0.48704663
0.48186528
0.47150259
0.46632124
0.46113990
0.44041451
0.41968912
0.40932642
0.40414508
0.39378238
0.38341969
0.37305699
0.35751295
0.34196891
0.32642487
0.31606218
0.30051813
0.29533679
0.27979275
0.27461140
0.26943005
0.25388601
0.24352332
0.22797927
0.21761658
0.19170984
0.18134715
0.17616580
0.17098446
0.15544041
0.13989637
0.08808290
0.08290155
0.07772021
0.07253886
0.03108808
0.02072539
0.01554404
0.01554404
0.01036269
0.01036269
0.01036269
0.01036269
0.01036269
0.01036269
0.00518135
0.00518135
0.00518135
0.00518135
0.00518135
0.00518135
0.00518135
0.00518135
0.00518135
0.00518135
0.00518135
0.00518135
0.00518135
0.00518135
0.00518135
0.00518135
0.00518135
0.00518135
0.00518135
0.00518135
0.00518135
0.00518135
0.00518135
0.00518135
0.00518135
0.00518135
0.00518135
0.00518135
0.00518135
0.00518135
0.00518135
0.00518135
0.00518135
0.00518135
0.00518135
0.00518135
0.00518135
0.00518135
0.00518135
0.00518135
0.00518135
0.00518135
0.00518135
0.00518135
0.00518135
0.00518135
0.00518135
0.00518135
0.00518135
0.00518135
0.00518135
0.00518135
0.00518135
0.00518135
0.00518135
0.00518135
0.00518135
0.00518135
0.00518135
0.00518135
0.00518135
0.00518135
0.00518135
0.00518135
0.00518135
0.00518135
0.00518135
0.00518135
0.00518135
0.00518135
0.00518135
0.00518135
0.00518135
0.00518135
0.00518135
0.00518135
0.00518135
0.00518135
0.00518135
0.00518135
0.00518135
0.00518135
0.00518135
0.00518135
0.00518135
0.00518135
0.00518135
0.00518135
0.00518135
0.00518135
0.00518135
0.00518135
0.00518135
0.00518135
0.00518135
0.00518135
0.00518135
0.00518135
0.00518135
0.00518135
0.00518135
0.00518135
0.00518135
0.00518135
0.00518135
0.00518135
0.00518135
0.00518135
