1.00000000
0.99481865
0.98963731
0.97409326
0.96891192
0.95854922
0.94818653
0.94300518
0.92746114
0.92227979
0.91191710
0.90673575
0.89637306
0.89119171
0.88082902
0.87046632
0.86010363
0.85492228
0.84455959
0.83419689
0.82383420
0.81865285
0.80829016
0.80310881
0.79792746
0.78238342
0.77720207
0.76683938
0.76165803
0.75647668
0.75129534
0.74093264
0.72020725
0.70466321
0.69430052
0.68911917
0.68393782
0.67875648
0.67357513
0.66839378
0.66321244
0.65803109
0.64248705
0.63730570
0.63212435
0.62694301
0.62176166
0.61139896
0.60103627
0.59067358
0.58031088
0.57512953
0.56994819
0.55958549
0.55440415
0.54922280
0.53886010
0.53367876
0.52849741
0.51813472
0.51295337
0.48704663
0.47150259
0.46113990
0.45595855
0.44559585
0.43523316
0.43005181
0.41968912
0.41450777
0.38860104
0.37823834
0.36787565
0.35751295
0.29533679
0.29015544
0.27461140
0.25906736
0.23834197
0.23316062
0.22797927
0.21761658
0.20207254
0.17616580
0.17098446
0.16062176
0.13989637
0.13471503
0.12435233
0.11917098
0.11398964
0.06735751
0.03626943
0.03626943
0.01554404
0.01554404
0.01554404
0.01554404
0.01554404
0.01554404
0.01554404
0.01554404
0.01554404
0.01554404
0.01036269
0.00518135
0.00518135
0.00518135
0.00518135
0.00518135
0.00518135
0.00518135
0.00518135
0.00518135
0.00518135
0.00518135
0.00518135
0.00518135
0.00518135
0.00518135
0.00518135
0.00518135
0.00518135
0.00518135
0.00518135
0.00518135
0.00518135
0.00518135
0.00518135
0.00518135
0.00518135
0.00518135
0.00518135
0.00518135
0.00518135
0.00518135
0.00518135
0.00518135
0.00518135
0.00518135
0.00518135
0.00518135
0.00518135
0.00518135
0.00518135
0.00518135
0.00518135
0.00518135
0.00518135
0.00518135
0.00518135
0.00518135
0.00518135
0.00518135
0.00518135
0.00518135
0.00518135
0.00518135
0.00518135
0.00518135
0.00518135
0.00518135
0.00518135
0.00518135
0.00518135
0.00518135
0.00518135
0.00518135
0.00518135
0.00518135
0.00518135
0.00518135
0.00518135
0.00518135
0.00518135
0.00518135
0.00518135
0.00518135
0.00518135
0.00518135
0.00518135
0.00518135
0.00518135
0.00518135
0.00518135
0.00518135
0.00518135
0.00518135
0.00518135
0.00518135
0.00518135
0.00518135
0.00518135
0.00518135
0.00518135
0.00518135
0.00518135
0.00518135
0.00518135
0.00518135
0.00518135
0.00518135
0.00518135
0.00518135
0.00518135
0.00518135
0.00518135
0.00518135
0.00518135
0.00518135
0.00518135
0.00518135
0.00518135
0.00518135
