1.00000000
0.98443580
0.97276265
0.96887160
0.96108949
0.95330739
0.94552529
0.93774319
0.92607004
0.92217899
0.91828794
0.91439689
0.91050584
0.89494163
0.87937743
0.87159533
0.86770428
0.85603113
0.85214008
0.84046693
0.82490272
0.79377432
0.78988327
0.78599222
0.78210117
0.77821012
0.76653696
0.75875486
0.75097276
0.74708171
0.73540856
0.72373541
0.71984436
0.71206226
0.70038911
0.68871595
0.67315175
0.66926070
0.65369650
0.64591440
0.61478599
0.61089494
0.60700389
0.60311284
0.59922179
0.59143969
0.58754864
0.58365759
0.57976654
0.57587549
0.56809339
0.56031128
0.55642023
0.55252918
0.54863813
0.52918288
0.52529183
0.51750973
0.46692607
0.37743191
0.31517510
0.31517510
0.31128405
0.31128405
0.31128405
0.30739300
0.28793774
0.28404669
0.23735409
0.19066148
0.19066148
0.12062257
0.03501946
0.02723735
0.02723735
0.02723735
0.02723735
0.02334630
0.02334630
0.02334630
0.02334630
0.02334630
0.02334630
0.02334630
0.02334630
0.02334630
0.02334630
0.02334630
0.02334630
0.02334630
0.02334630
0.02334630
0.02334630
0.02334630
0.02334630
0.02334630
0.02334630
0.02334630
0.02334630
0.02334630
0.02334630
0.02334630
0.02334630
0.02334630
0.02334630
0.02334630
0.02334630
0.02334630
0.02334630
0.02334630
0.02334630
0.02334630
0.02334630
0.02334630
0.02334630
0.02334630
0.02334630
0.02334630
0.02334630
0.01556420
0.01167315
0.01167315
0.01167315
0.00389105
0.00389105
0.00389105
0.00389105
0.00389105
0.00389105
0.00389105
0.00389105
0.00389105
0.00389105
0.00389105
0.00389105
0.00389105
0.00389105
0.00389105
0.00389105
0.00389105
0.00389105
0.00389105
0.00389105
0.00389105
0.00389105
0.00389105
0.00389105
0.00389105
0.00389105
0.00389105
0.00389105
0.00389105
0.00389105
0.00389105
0.00389105
0.00389105
0.00389105
0.00389105
0.00389105
0.00389105
0.00389105
0.00389105
0.00389105
0.00389105
0.00389105
0.00389105
0.00389105
0.00389105
0.00389105
0.00389105
0.00389105
0.00389105
0.00389105
0.00389105
0.00389105
0.00389105
0.00389105
0.00389105
0.00389105
0.00389105
0.00389105
0.00389105
0.00389105
0.00389105
0.00389105
0.00389105
0.00389105
0.00389105
0.00389105
0.00389105
0.00389105
0.00389105
0.00389105
0.00389105
0.00389105
0.00389105
0.00389105
0.00389105
0.00389105
0.00389105
0.00389105
0.00389105
0.00389105
0.00389105
0.00389105
0.00389105
0.00389105
0.00389105
0.00389105
0.00389105
0.00389105
0.00389105
0.00389105
0.00389105
0.00389105
0.00389105
0.00389105
0.00389105
0.00389105
0.00389105
0.00389105
0.00389105
0.00389105
0.00389105
0.00389105
0.00389105
0.00389105
0.00389105
0.00389105
0.00389105
0.00389105
0.00389105
0.00389105
0.00389105
0.00389105
0.00389105
0.00389105
0.00389105
0.00389105
0.00389105
0.00389105
0.00389105
0.00389105
0.00389105
0.00389105
0.00389105
0.00389105
0.00389105
0.00389105
0.00389105
0.00389105
0.00389105
0.00389105
0.00389105
0.00389105
0.00389105
0.00389105
0.00389105
0.00389105
0.00389105
0.00389105
0.00389105
0.00389105
0.00389105
0.00389105
0.00389105
0.00389105
0.00389105
0.00389105
0.00389105
0.00389105
0.00389105
0.00389105
0.00389105
0.00389105
0.00389105
0.00389105
0.00389105
0.00389105
