1.00000000
0.99904123
0.99808245
0.99712368
0.99616491
0.99520614
0.99424736
0.99328859
0.99232982
0.99137105
0.99041227
0.98945350
0.98849473
0.98753595
0.98657718
0.98561841
0.98465964
0.98370086
0.98274209
0.98178332
0.98082454
0.97986577
0.97890700
0.97794823
0.97698945
0.97603068
0.97507191
0.97411314
0.97315436
0.97219559
0.97123682
0.97027804
0.96931927
0.96836050
0.96740173
0.96644295
0.96548418
0.96452541
0.96356663
0.96260786
0.96164909
0.96069032
0.95973154
0.95877277
0.95781400
0.95685523
0.95589645
0.95493768
0.95397891
0.95302013
0.95206136
0.95110259
0.95014382
0.94918504
0.94822627
0.94726750
0.94630872
0.94534995
0.94439118
0.94343241
0.94247363
0.94151486
0.94055609
0.93959732
0.93863854
0.93767977
0.93672100
0.93576222
0.93480345
0.93384468
0.93288591
0.93192713
0.93096836
0.93000959
0.92905081
0.92809204
0.92713327
0.92617450
0.92521572
0.92425695
0.92329818
0.92233941
0.92138063
0.92042186
0.91946309
0.91850431
0.91754554
0.91658677
0.91562800
0.91466922
0.91371045
0.91275168
0.91179291
0.91083413
0.90987536
0.90891659
0.90795781
0.90699904
0.90604027
0.90508150
0.90412272
0.90316395
0.90220518
0.90124640
0.90028763
0.89932886
0.89837009
0.89741131
0.89645254
0.89549377
0.89453500
0.89357622
0.89261745
0.89165868
0.89069990
0.88974113
0.88878236
0.88782359
0.88686481
0.88590604
0.88494727
0.88398849
0.88302972
0.88207095
0.88111218
0.88015340
0.87919463
0.87823586
0.87727709
0.87631831
0.87535954
0.87344199
0.87248322
0.87152445
0.87056568
0.86960690
0.86864813
0.86768936
0.86673058
0.86577181
0.86481304
0.86385427
0.86289549
0.86193672
0.86097795
0.86001918
0.85906040
0.85810163
0.85714286
0.85618408
0.85522531
0.85426654
0.85330777
0.85234899
0.85139022
0.85043145
0.84851390
0.84755513
0.84659636
0.84563758
0.84467881
0.84372004
0.84276127
0.84180249
0.84084372
0.83988495
0.83892617
0.83796740
0.83700863
0.83604986
0.83509108
0.83413231
0.83317354
0.83221477
0.83125599
0.83029722
0.82933845
0.82837967
0.82742090
0.82646213
0.82550336
0.82454458
0.82358581
0.82262704
0.82166826
0.82070949
0.81975072
0.81879195
0.81783317
0.81687440
0.81591563
0.81495686
0.81399808
0.81303931
0.81208054
0.81112176
0.81016299
0.80920422
0.80824545
0.80728667
0.80632790
0.80536913
0.80441035
0.80345158
0.80153404
0.80057526
0.79961649
0.79865772
0.79769895
0.79674017
0.79290508
0.79002876
0.78523490
0.78427613
0.78331735
0.78235858
0.78139981
0.78044104
0.77948226
0.77564717
0.77468840
0.77372963
0.77277085
0.77181208
0.77085331
0.76989453
0.76893576
0.76797699
0.76701822
0.76605944
0.76510067
0.76414190
0.76318313
0.76222435
0.76126558
0.76030681
0.75934803
0.75838926
0.75743049
0.75551294
0.75167785
0.74688399
0.74592522
0.74496644
0.74209012
0.74113135
0.74017258
0.73729626
0.73537872
0.73346117
0.73250240
0.73154362
0.73058485
0.72962608
0.72770853
0.72674976
0.72579099
0.72483221
0.72387344
0.72099712
0.72003835
0.71907958
0.71716203
0.71524449
0.71428571
0.71332694
0.71236817
0.71140940
0.71045062
0.70949185
0.70853308
0.70757430
0.70661553
0.70565676
0.70469799
0.70373921
0.70278044
0.70182167
0.70086290
0.69990412
0.69894535
0.69798658
0.69702780
0.69606903
0.69511026
0.69415149
0.69319271
0.69223394
0.69127517
0.69031640
0.68935762
0.68839885
0.68744008
0.68552253
0.68456376
0.68360499
0.68264621
0.68168744
0.67976989
0.67881112
0.67785235
0.67689358
0.67593480
0.67497603
0.67305849
0.67209971
0.67114094
0.67018217
0.66922339
0.66826462
0.66634708
0.66538830
0.66442953
0.66347076
0.66155321
0.66059444
0.65963567
0.65867689
0.65580058
0.65484180
0.65292426
0.65100671
0.65004794
0.64717162
0.64429530
0.64333653
0.64237776
0.64141898
0.63758389
0.63662512
0.63566635
0.63374880
0.63279003
0.63183126
0.63087248
0.62320230
0.62224353
0.62128476
0.62032598
0.61840844
0.61744966
0.61649089
0.61553212
0.61457335
0.61073826
0.60977948
0.60882071
0.60498562
0.60402685
0.60306807
0.60210930
0.60115053
0.59539789
0.59443912
0.59348035
0.59252157
0.59156280
0.59060403
0.58964525
0.58868648
0.58772771
0.58676894
0.58581016
0.58485139
0.58389262
0.57909875
0.57813998
0.57718121
0.57622244
0.57526366
0.57430489
0.57334612
0.57238734
0.57142857
0.57046980
0.56951103
0.56855225
0.56759348
0.56663471
0.56567593
0.56471716
0.56375839
0.56279962
0.55608821
0.55512943
0.55225312
0.55129434
0.55033557
0.54937680
0.54841802
0.54650048
0.54554171
0.54458293
0.54362416
0.54266539
0.54170662
0.53787152
0.53691275
0.53595398
0.53307766
0.53211889
0.53116012
0.51965484
0.51677852
0.51581975
0.51006711
0.50719080
0.50623202
0.50527325
0.50047939
0.49952061
0.49856184
0.49664430
0.49472675
0.49280920
0.48609779
0.48130393
0.47651007
0.47363375
0.47267498
0.46788111
0.46692234
0.46308725
0.46212848
0.46116970
0.45254075
0.45254075
0.44487057
0.44391179
0.44295302
0.43911793
0.43528284
0.43048897
0.42953020
0.42857143
0.42761266
0.42665388
0.42569511
0.42473634
0.42281879
0.42186002
0.41994247
0.41898370
0.41802493
0.41706616
0.41610738
0.41514861
0.41323106
0.41227229
0.40556088
0.39693193
0.39213806
0.39117929
0.39022052
0.39022052
0.38350911
0.38063279
0.37967402
0.37583893
0.36433365
0.36433365
0.36433365
0.30488974
0.29913710
0.29434324
0.29434324
0.29434324
0.29434324
0.29434324
0.29434324
0.29338447
0.28571429
0.28571429
0.28571429
0.28571429
0.27708533
0.27229147
0.26749760
0.26366251
0.26366251
0.26366251
0.26366251
0.25982742
0.25695110
0.25407478
0.25119847
0.25023969
0.24640460
0.24065197
0.23585810
0.23010547
0.23010547
0.22722915
0.22339406
0.21955896
0.21572387
0.20805369
0.13231064
0.12559923
0.10930010
0.07766059
0.07190796
0.06807287
0.06807287
0.06807287
0.06807287
0.06807287
0.06807287
0.06807287
0.03835091
0.03835091
0.03835091
0.03835091
0.03835091
0.03835091
0.03835091
0.03835091
0.03835091
0.03835091
0.03835091
0.03835091
0.03835091
0.03835091
0.03835091
0.03835091
0.03835091
0.02876318
0.02876318
0.02876318
0.02301055
0.02301055
0.02301055
0.02301055
0.02301055
0.02301055
0.02301055
0.02301055
0.02301055
0.01629914
0.01629914
0.01629914
0.01629914
0.01629914
0.01629914
0.01629914
0.01629914
0.01150527
0.01150527
0.01150527
0.01054650
0.01054650
0.01054650
0.01054650
0.01054650
0.01054650
0.00767018
0.00767018
0.00767018
0.00767018
0.00767018
0.00767018
0.00767018
0.00767018
0.00767018
0.00767018
0.00767018
0.00767018
0.00767018
0.00767018
0.00767018
0.00767018
0.00767018
0.00767018
0.00767018
0.00767018
0.00767018
0.00767018
0.00767018
0.00767018
0.00767018
0.00767018
0.00767018
0.00767018
0.00767018
0.00767018
0.00767018
0.00767018
0.00767018
0.00767018
0.00767018
0.00767018
0.00767018
0.00767018
0.00767018
0.00767018
0.00767018
0.00767018
0.00767018
0.00767018
0.00767018
0.00767018
0.00767018
0.00767018
0.00767018
0.00767018
0.00767018
0.00767018
0.00767018
0.00767018
0.00767018
0.00767018
0.00767018
0.00767018
0.00767018
0.00767018
0.00767018
0.00767018
0.00767018
0.00767018
0.00767018
0.00767018
0.00767018
0.00767018
0.00767018
0.00767018
0.00767018
0.00767018
0.00767018
0.00767018
0.00767018
0.00767018
0.00767018
0.00767018
0.00767018
0.00767018
0.00767018
0.00767018
0.00767018
0.00767018
0.00767018
0.00767018
0.00767018
0.00767018
0.00767018
0.00767018
0.00767018
0.00767018
0.00767018
0.00767018
0.00767018
0.00767018
0.00767018
0.00767018
0.00767018
0.00767018
0.00767018
0.00767018
0.00767018
0.00767018
0.00767018
0.00767018
0.00767018
0.00767018
0.00767018
0.00767018
0.00767018
0.00767018
0.00767018
0.00767018
0.00767018
0.00767018
0.00767018
0.00767018
0.00767018
0.00767018
0.00767018
0.00767018
0.00767018
0.00767018
0.00767018
0.00671141
0.00671141
0.00671141
0.00671141
0.00671141
0.00671141
0.00671141
0.00671141
0.00671141
0.00671141
0.00671141
0.00671141
0.00671141
0.00671141
0.00671141
0.00671141
0.00671141
0.00671141
0.00671141
0.00671141
0.00671141
0.00671141
0.00671141
0.00671141
0.00671141
0.00671141
0.00671141
0.00671141
0.00671141
0.00671141
0.00671141
0.00671141
0.00671141
0.00671141
0.00671141
0.00671141
0.00671141
0.00671141
0.00671141
0.00671141
0.00671141
0.00671141
0.00671141
0.00671141
0.00479386
0.00287632
0.00287632
0.00287632
0.00287632
0.00191755
0.00095877
0.00095877
0.00095877
0.00095877
0.00095877
0.00095877
0.00095877
0.00095877
0.00095877
0.00095877
0.00095877
0.00095877
0.00095877
0.00095877
0.00095877
0.00095877
0.00095877
0.00095877
0.00095877
0.00095877
0.00095877
0.00095877
0.00095877
0.00095877
0.00095877
0.00095877
0.00095877
0.00095877
0.00095877
0.00095877
0.00095877
0.00095877
0.00095877
0.00095877
0.00095877
0.00095877
0.00095877
0.00095877
0.00095877
0.00095877
0.00095877
0.00095877
0.00095877
0.00095877
0.00095877
0.00095877
0.00095877
0.00095877
0.00095877
0.00095877
0.00095877
0.00095877
0.00095877
0.00095877
0.00095877
0.00095877
0.00095877
0.00095877
0.00095877
0.00095877
0.00095877
0.00095877
0.00095877
0.00095877
0.00095877
0.00095877
0.00095877
0.00095877
0.00095877
0.00095877
0.00095877
0.00095877
0.00095877
0.00095877
0.00095877
0.00095877
0.00095877
0.00095877
0.00095877
0.00095877
0.00095877
0.00095877
0.00095877
0.00095877
0.00095877
0.00095877
0.00095877
0.00095877
0.00095877
0.00095877
0.00095877
0.00095877
0.00095877
0.00095877
0.00095877
0.00095877
0.00095877
0.00095877
0.00095877
0.00095877
0.00095877
0.00095877
0.00095877
0.00095877
0.00095877
0.00095877
0.00095877
0.00095877
0.00095877
0.00095877
0.00095877
0.00095877
0.00095877
0.00095877
0.00095877
0.00095877
0.00095877
0.00095877
0.00095877
0.00095877
0.00095877
0.00095877
0.00095877
0.00095877
0.00095877
0.00095877
0.00095877
0.00095877
0.00095877
0.00095877
0.00095877
0.00095877
0.00095877
0.00095877
0.00095877
0.00095877
0.00095877
0.00095877
0.00095877
0.00095877
0.00095877
0.00095877
0.00095877
0.00095877
0.00095877
0.00095877
0.00095877
0.00095877
0.00095877
0.00095877
0.00095877
0.00095877
0.00095877
0.00095877
0.00095877
0.00095877
0.00095877
0.00095877
0.00095877
0.00095877
0.00095877
0.00095877
0.00095877
0.00095877
0.00095877
0.00095877
0.00095877
0.00095877
0.00095877
0.00095877
0.00095877
0.00095877
0.00095877
0.00095877
0.00095877
0.00095877
0.00095877
0.00095877
0.00095877
0.00095877
0.00095877
0.00095877
0.00095877
0.00095877
0.00095877
0.00095877
0.00095877
0.00095877
0.00095877
0.00095877
0.00095877
0.00095877
0.00095877
0.00095877
0.00095877
0.00095877
0.00095877
0.00095877
0.00095877
0.00095877
0.00095877
0.00095877
0.00095877
0.00095877
0.00095877
0.00095877
0.00095877
0.00095877
0.00095877
0.00095877
0.00095877
0.00095877
0.00095877
0.00095877
0.00095877
0.00095877
0.00095877
0.00095877
0.00095877
0.00095877
0.00095877
0.00095877
0.00095877
0.00095877
0.00095877
0.00095877
0.00095877
0.00095877
0.00095877
0.00095877
0.00095877
0.00095877
0.00095877
0.00095877
0.00095877
0.00095877
0.00095877
0.00095877
0.00095877
0.00095877
0.00095877
0.00095877
0.00095877
0.00095877
0.00095877
0.00095877
0.00095877
0.00095877
0.00095877
0.00095877
0.00095877
0.00095877
0.00095877
0.00095877
0.00095877
0.00095877
0.00095877
0.00095877
0.00095877
0.00095877
0.00095877
0.00095877
0.00095877
0.00095877
0.00095877
0.00095877
0.00095877
0.00095877
0.00095877
0.00095877
0.00095877
0.00095877
0.00095877
0.00095877
0.00095877
0.00095877
0.00095877
0.00095877
0.00095877
0.00095877
0.00095877
0.00095877
0.00095877
0.00095877
0.00095877
0.00095877
0.00095877
0.00095877
0.00095877
0.00095877
0.00095877
0.00095877
0.00095877
0.00095877
0.00095877
0.00095877
0.00095877
0.00095877
0.00095877
0.00095877
0.00095877
0.00095877
0.00095877
0.00095877
0.00095877
0.00095877
0.00095877
0.00095877
0.00095877
0.00095877
0.00095877
0.00095877
0.00095877
