1.00000000
0.98443580
0.97276265
0.96887160
0.96108949
0.95330739
0.94552529
0.94163424
0.93385214
0.92217899
0.91828794
0.91439689
0.90661479
0.90272374
0.89883268
0.89494163
0.88326848
0.87937743
0.84046693
0.83657588
0.82879377
0.80933852
0.80544747
0.78988327
0.77431907
0.77042802
0.76653696
0.75486381
0.75097276
0.74319066
0.69649805
0.68482490
0.67704280
0.64980545
0.64591440
0.61089494
0.59533074
0.58365759
0.57198444
0.56809339
0.56031128
0.54863813
0.54474708
0.54085603
0.52918288
0.52140078
0.51361868
0.50972763
0.49805447
0.49416342
0.49027237
0.48249027
0.47470817
0.45914397
0.43579767
0.42801556
0.42412451
0.42023346
0.41634241
0.40077821
0.33852140
0.31906615
0.30350195
0.29961089
0.28793774
0.28404669
0.28015564
0.26459144
0.15175097
0.15175097
0.15175097
0.15175097
0.15175097
0.15175097
0.15175097
0.15175097
0.06614786
0.06614786
0.06614786
0.06614786
0.06614786
0.06614786
0.06614786
0.06614786
0.02723735
0.02723735
0.01556420
0.01556420
0.01556420
0.01556420
0.01556420
0.01556420
0.01556420
0.01556420
0.01167315
0.01167315
0.01167315
0.01167315
0.01167315
0.01167315
0.01167315
0.01167315
0.01167315
0.01167315
0.01167315
0.01167315
0.01167315
0.01167315
0.01167315
0.01167315
0.01167315
0.01167315
0.01167315
0.01167315
0.01167315
0.01167315
0.01167315
0.01167315
0.01167315
0.01167315
0.01167315
0.01167315
0.01167315
0.01167315
0.01167315
0.01167315
0.01167315
0.01167315
0.00389105
0.00389105
0.00389105
0.00389105
0.00389105
0.00389105
0.00389105
0.00389105
0.00389105
0.00389105
0.00389105
0.00389105
0.00389105
0.00389105
0.00389105
0.00389105
0.00389105
0.00389105
0.00389105
0.00389105
0.00389105
0.00389105
0.00389105
0.00389105
0.00389105
0.00389105
0.00389105
0.00389105
0.00389105
0.00389105
0.00389105
0.00389105
0.00389105
0.00389105
0.00389105
0.00389105
0.00389105
0.00389105
0.00389105
0.00389105
0.00389105
0.00389105
0.00389105
0.00389105
0.00389105
0.00389105
0.00389105
0.00389105
0.00389105
0.00389105
0.00389105
0.00389105
0.00389105
0.00389105
0.00389105
0.00389105
0.00389105
0.00389105
0.00389105
0.00389105
0.00389105
0.00389105
0.00389105
0.00389105
0.00389105
0.00389105
0.00389105
0.00389105
0.00389105
0.00389105
0.00389105
0.00389105
0.00389105
0.00389105
0.00389105
0.00389105
0.00389105
0.00389105
0.00389105
0.00389105
0.00389105
0.00389105
0.00389105
0.00389105
0.00389105
0.00389105
0.00389105
0.00389105
0.00389105
0.00389105
0.00389105
0.00389105
0.00389105
0.00389105
0.00389105
0.00389105
0.00389105
0.00389105
0.00389105
0.00389105
0.00389105
0.00389105
0.00389105
0.00389105
0.00389105
0.00389105
0.00389105
0.00389105
0.00389105
0.00389105
0.00389105
0.00389105
0.00389105
0.00389105
0.00389105
0.00389105
0.00389105
0.00389105
0.00389105
0.00389105
0.00389105
0.00389105
0.00389105
0.00389105
0.00389105
0.00389105
0.00389105
0.00389105
0.00389105
0.00389105
0.00389105
0.00389105
0.00389105
0.00389105
0.00389105
0.00389105
0.00389105
0.00389105
0.00389105
0.00389105
0.00389105
0.00389105
0.00389105
0.00389105
0.00389105
0.00389105
0.00389105
0.00389105
0.00389105
0.00389105
0.00389105
