1019
1944
258
390
1565
1056
626
723
513
601
2335
900
1533
468
58
985
925
1561
1895
374
184
1304
1615
1806
1872
670
769
951
1765
1820
524
221
1170
1926
1146
706
1653
1956
1740
1816
446
3610
2130
549
359
721
1867
1108
618
1327
1
600
3596
1263
1903
3637
663
2958
695
355
2902
792
1954
1961
1788
266
474
707
1134
508
718
237
1760
230
339
364
1268
1386
2195
1744
209
53
793
381
520
14
368
815
1413
1624
865
1807
1747
2509
108
1784
475
1538
478
1741
3669
449
1323
1748
2474
161
1838
722
660
2119
1654
83
1870
1522
226
101
530
111
326
656
657
1804
1859
1912
1712
973
1846
483
1133
95
1181
1745
1962
290
1650
88
797
0
382
1269
1285
1752
590
3630
1443
784
342
228
752
302
1139
697
764
569
2075
457
1100
249
321
272
993
1165
1792
301
2149
1179
1183
2960
1791
1555
874
796
895
791
1856
5
1174
2029
1810
1771
701
2278
807
401
1397
1151
289
25
615
1664
1288
164
678
4
605
3418
195
1598
1197
1022
191
781
124
3626
293
2901
218
1321
1136
197
349
485
1266
1887
1830
1737
688
13
1813
217
885
2074
1015
1201
599
345
1866
1135
1802
1281
3055
794
322
2
2971
484
1198
162
1113
535
146
44
496
133
1437
1184
1828
1783
1010
286
942
93
2170
1907
933
1905
1169
1626
566
586
1900
3620
3618
1330
3
275
1809
178
1864
1260
1173
1291
1274
2067
1325
1929
122
2035
2800
288
907
128
174
830
109
490
2358
1152
291
3035
1279
915
2016
1164
547
1259
532
1034
533
185
594
396
1928
1958
1847
208
171
300
2853
795
338
240
2060
24
352
1876
279
431
2030
287
402
1265
46
2882
1848
18
608
1276
2142
73
126
74
1536
2006
1302
2197
1821
1789
166
427
353
3038
1726
2772
1090
703
257
2917
2325
2811
1825
1724
1619
1915
1836
59
837
2943
2150
1009
1896
438
522
591
1608
1918
223
235
1775
1774
3633
934
1841
492
617
331
3622
1853
120
68
1018
1779
1988
3041
1414
507
1024
140
1343
298
8
89
33
177
219
292
494
151
1157
558
1046
34
1250
529
193
29
67
207
308
619
462
1529
