258
601
1019
390
626
1944
1056
723
1565
900
2335
468
58
1561
374
1533
1806
1816
513
925
985
670
3669
184
446
1304
1895
1615
792
1820
1327
769
1926
1170
951
1146
1
524
1872
600
221
706
618
3610
2130
549
1108
359
2195
1788
1956
1765
1653
1740
2902
1263
1903
355
1134
2958
3637
721
695
663
1867
1954
1961
209
266
3596
2509
339
508
3630
1712
368
1784
718
793
1650
449
1744
345
237
230
1747
520
14
1386
1413
364
784
2119
1760
478
474
1962
483
1624
83
1807
707
1748
1268
2474
1741
752
1323
457
722
108
865
815
1846
1654
475
1737
161
660
381
226
1522
101
1181
1538
1745
95
1912
1291
656
1870
530
326
185
1752
1791
797
657
993
228
1804
197
1802
300
1771
697
1859
382
111
1397
1746
1100
973
569
272
53
88
1555
2149
764
1269
1133
290
217
590
2075
3418
1809
1443
807
594
895
1285
0
302
342
1173
1179
1792
74
249
1810
1183
321
1139
171
1866
937
5
133
1151
1947
701
1197
93
349
1838
1022
484
1174
124
688
289
2030
1664
942
485
301
1184
1813
1726
1165
885
1940
4
876
794
1015
599
1437
1864
933
1828
1136
796
830
218
1830
2358
1779
1958
18
2
44
128
2971
1198
1279
1274
2800
1251
122
2035
2074
874
1325
288
791
605
146
164
1330
3055
1536
1113
1169
1907
1905
1152
287
1164
191
1281
795
1887
3
293
1856
275
533
1288
195
2278
496
338
2908
608
174
3626
1265
431
279
427
490
1266
1156
1009
1904
1010
286
331
13
32
1774
492
728
147
1069
1287
1929
173
617
1201
547
566
678
208
46
401
2882
2170
1724
353
265
3035
1915
2016
2943
25
535
2067
2210
109
120
1339
1366
126
2772
438
693
2917
162
915
393
291
166
1626
1034
781
322
546
1619
2300
352
1900
1873
59
1259
607
1722
1988
999
2888
264
140
1840
144
178
177
2995
2142
1821
1841
591
3618
2029
3041
1910
2024
67
257
1414
759
89
615
151
323
33
1045
1157
462
298
220
207
558
81
1529
7
167
437
1097
494
619
34
29
308
8
