68
553
35
41
774
39
14
232
743
54
1481
51
206
401
76
11280
386
3929
3930
3927
188
29
858
20
220
9
136
71
629
143
33
474
2325
262
248
9658
507
3490
81
56
1389
43
1868
3062
3764
1460
1254
149
3928
354
59
151
17914
7
379
10896
28796
593
29344
2658
355
621
64
6730
214
26
3917
842
1354
1390
4817
10132
80
249
460
2537
63
30
114
290
13242
4476
1
519
1276
77
171
6928
37
2058
1926
352
215
5816
796
4694
643
154
1152
3632
533
883
2705
328
2834
65
2613
746
547
7217
2273
426
427
15785
7252
7291
165
580
3283
1556
4524
885
397
3749
2614
1506
575
2666
1498
673
4820
6412
6155
2045
306
266
1553
69
1235
5157
104
737
1767
2585
3048
4094
394
1839
3223
787
6809
8487
350
9924
17699
11653
603
1507
13492
44
10875
3724
591
4969
471
8479
368
498
2019
2890
53
1516
946
116
3571
3838
1422
2778
8485
31485
1595
4045
20941
173
289
3004
3225
1334
195
12390
3247
2313
609
6905
444
8581
1812
182
8092
3264
781
10349
2324
1913
1919
11197
1587
2
25944
15194
8594
8577
236
5699
3874
6257
5402
6968
654
11
7821
923
8486
8168
25242
5004
504
6692
11461
8369
5347
3973
522
21318
25884
13345
12798
9688
33746
565
5611
161
10244
7128
14343
6886
16687
489
343
979
31575
7020
55
12971
2430
1326
93
26329
14561
5040
22574
4265
22026
1438
6283
492
5095
6078
3777
17604
7603
9362
1733
1737
240
678
28095
3883
14940
22362
32048
1245
19530
1564
1133
935
548
1441
2924
6323
2497
5308
115
7279
167
24461
3542
2949
6781
2942
6209
2344
1881
17854
2457
666
18517
3923
57
15273
9503
8952
17242
82
3503
230
988
2557
1417
6478
1129
36813
6632
34897
910
8098
8331
1744
3246
3248
1338
14223
2870
6260
6867
8495
1127
2708
413
4487
300
795
5787
4397
2391
29038
1634
6572
9491
467
2754
4674
17370
2766
218
7174
17088
90
29781
2663
2879
9094
8980
28354
23702
1151
3114
5457
7393
7910
9984
2577
6587
5237
763
3132
55720
6216
950
6924
5211
6201
8669
26529
7245
6205
1515
2025
22294
7193
27723
4686
949
1315
20282
43697
14126
24256
33728
15939
3245
24360
24610
3249
13447
1757
8809
7039
8878
272
2555
9579
1475
25807
38122
1139
60
44178
25960
6037
5385
2130
8601
48
25747
1695
10804
13241
2226
7564
16871
7629
7276
7613
21322
977
3988
27353
2762
682
4919
12227
993
36784
17399
23187
8367
85
16387
10185
10139
9623
4502
20441
2952
21975
20681
18255
25093
8876
7768
9372
1462
10156
24234
4534
3171
3835
4809
40077
2153
6486
5423
19604
32098
20798
6749
17209
1487
7192
8881
10482
29082
14076
1555
13638
21965
5659
24501
6457
374
2700
17306
29584
13396
700
11270
8182
4012
35909
42778
987
1699
45361
15892
436
4799
20540
12322
4541
9174
10063
22313
6643
1560
425
2225
8793
646
416
20646
2352
11337
9781
22897
19250
1098
1297
1940
1345
11769
12032
6311
470
537
5235
6097
34880
1668
25593
2696
4302
42409
36539
12695
7536
24653
7811
4495
5286
882
14306
32742
341
21122
5420
53363
11286
18724
35778
18224
2521
28826
35548
22047
17337
2639
5758
1920
13287
5961
51996
16050
11872
7635
8792
6699
5876
21423
4763
408
582
31961
1947
1994
4240
5652
7840
10282
7158
13093
7062
287
5481
10154
1539
31471
313
16088
6780
13002
43138
10041
777
6910
5461
42167
14340
441
10065
26410
667
21082
20770
27320
4478
49363
20279
1572
5645
2587
2858
28237
13156
11618
10164
2644
3791
15412
38453
15446
10802
33055
5056
3897
6497
27011
19845
39690
25292
14360
25502
4510
1208
47
4294
545
9578
38796
3786
3163
15259
4504
5439
20815
23888
35918
7472
8569
6915
18067
5943
9297
46863
9025
6844
6088
36078
4501
8282
30731
190
27050
1719
6408
34251
1943
8934
24914
18100
7727
53552
1260
3633
1449
22508
26062
37590
39839
47943
42335
21802
23579
50390
20344
8019
34652
6281
11496
25779
12081
3364
17530
938
3822
41727
3091
13358
11372
4321
4783
10346
9496
23409
44550
44776
10640
8014
40428
46577
7260
1730
9344
6471
7064
30718
13214
34429
8529
87
20863
15639
10750
7598
21780
6630
35486
15444
33767
46792
3389
16304
38472
3054
2564
5149
23571
15416
21359
46532
141
16115
1810
13082
5444
12586
8941
37089
44760
13210
6459
40339
3937
7169
13144
18626
5325
28001
9839
3938
12896
2680
4638
33714
4637
1823
3027
5817
42637
2810
37380
25933
14437
45141
40040
10812
3067
5342
29431
11077
2602
33667
37124
7501
26308
8162
10545
6686
17529
14208
8712
40005
4426
2937
14338
1374
3022
20080
12512
14376
211
18166
6733
18664
10233
8082
22176
18112
38897
6658
6579
820
55329
14324
12430
6618
5582
17033
14537
5164
39871
4720
7439
11884
721
22000
11899
23063
10574
12029
36880
20289
3839
6541
3623
8154
17822
5352
30166
52229
31835
5069
6052
14773
11738
34409
15542
51048
4429
25319
3356
17562
22081
11484
17096
47343
8152
27576
2477
45865
49388
24749
46591
33751
7482
48279
2139
2097
42649
5794
10614
6685
8513
6931
2295
6878
8439
8312
5301
21897
30432
5189
19407
34075
6035
33586
50117
11403
22585
4111
11638
9656
2558
5362
27641
7620
41601
8067
16299
16384
2004
7590
28124
22115
17349
39758
21191
30125
45574
24663
34627
51780
2906
12244
17633
35440
42058
46143
46032
38223
43883
19118
6262
14570
42775
17410
29256
2248
5228
15914
27565
15024
37978
5658
13281
1554
16140
14852
11756
18840
9197
10524
42830
2702
4782
2338
3657
47046
6835
34693
7085
4039
12507
6992
4344
5781
31606
11592
40735
52487
4403
25145
10921
18872
19353
879
20421
7656
3325
5763
25052
6143
31206
8180
11633
1996
15484
5014
17095
52065
48986
7858
11015
16446
38584
19501
7555
17785
9328
19122
7168
23138
35231
18525
28904
5025
1768
5463
30862
3436
53394
41251
28571
49263
6987
6240
610
13190
19138
1400
5895
523
8436
1990
6887
6211
22368
40026
15676
3856
8737
21719
27633
570
12141
17145
17857
42220
7010
50391
19191
5784
51001
18434
6351
35769
53405
7990
2427
42005
31071
18700
14905
4692
35283
12526
4836
5180
32548
14971
13663
4903
38708
22597
39229
20150
36515
1644
19214
17810
5374
37422
16337
6676
5567
3855
44639
5291
4630
8290
43685
15386
6875
7106
53978
10348
21212
21573
3030
30091
20299
6588
7879
48213
12271
9760
29379
11635
18254
43860
36214
6904
34361
44065
7175
31676
42151
22020
5930
14895
55766
626
1220
3170
40391
19345
11258
15620
19389
12211
21631
47954
16749
35755
8130
5783
21416
2933
17366
32520
27437
43330
49414
740
3008
20008
14448
7072
6070
22834
7197
10677
10495
19921
26307
5690
6417
6979
29905
1224
101
1765
14213
7336
27784
18730
37314
7856
28299
43170
8621
20881
15697
28829
9048
32529
8596
37004
11501
30945
13367
14761
45978
27932
33117
4047
5757
7251
35334
13587
852
51095
4608
14452
5309
6990
10664
47029
31489
38557
7792
5196
2969
2516
3273
14026
37512
3086
2181
3357
7161
8214
23882
22553
452
50246
14283
1308
12672
42199
25995
24258
14107
54523
18189
878
18507
8945
9068
34546
5713
44502
6556
32437
11094
24523
7878
10371
20574
7351
52314
1797
2335
22549
45892
35458
48294
27837
16165
10723
35096
45245
52577
7312
12655
9645
32754
14296
15786
16200
3435
9133
454
13930
17750
5428
9643
11672
8554
1335
2793
7180
27806
31888
10301
9777
28860
13368
21524
30388
55166
811
2883
14321
19468
42718
704
13692
1500
5638
9757
48282
1754
1628
2005
608
25455
31953
39880
13485
30685
41641
5009
42049
18522
10375
13487
18809
42512
9654
345
23276
8677
557
558
12940
13844
44522
44523
13221
1419
45402
11599
4145
5172
33242
2606
12172
55813
1939
766
4225
1637
24288
31958
38714
56300
12891
22639
32051
8759
6432
15721
7330
42877
6301
43365
1474
1466
13390
6297
16310
6640
37351
46068
6368
26585
11350
23238
12827
8038
24783
23410
35266
948
38139
23997
25408
11694
295
8608
1611
40526
390
27700
4517
