76
858
9
51
39
232
553
401
149
743
188
1
41
14
31118
215
33
5
774
37
797
20
214
673
56
81
3671
68
151
386
40
35
80
1742
10896
77
16757
59
474
220
171
1868
28354
54
5611
31120
379
355
43
820
2537
9924
7
2325
262
8866
3225
629
165
2685
9658
189
460
1390
746
1481
29185
61
1389
914
2273
248
114
2666
53
22309
182
354
10244
328
3917
2834
664
431
1690
2658
64
3223
547
8144
1767
1926
3490
26
69
206
154
1919
4112
6692
593
1733
621
12390
4817
44978
5157
2344
643
5816
519
3571
45071
12798
1564
6809
306
1839
3048
5407
1587
533
4476
6078
5287
2058
393
125
23702
706
35999
6478
471
988
8487
3764
216
2781
2457
3883
10875
6260
234
603
29
3777
21318
7336
28829
5402
36813
8594
11461
885
13492
266
3248
3043
9579
4397
33746
8168
8485
7217
381
492
1460
348
13276
22125
5481
20815
34499
2564
444
236
5308
35909
30
1553
5180
425
31575
4265
14678
1634
28796
2430
211
1663
570
7128
1024
968
2890
22981
2663
6905
26529
935
11197
4972
14905
4145
1644
5040
3246
22597
6587
36717
5659
6867
18575
1881
5699
8513
3923
10065
2225
3522
6699
15273
43069
1530
416
1933
19598
13446
8098
1516
17410
7312
136
3929
4051
42649
6257
6486
1757
10349
2497
4302
21463
6497
8229
3800
1737
8569
6201
5583
8934
787
13082
27562
16088
7098
6423
17908
666
16687
13362
6034
2942
823
13197
7436
6781
7473
60
1913
7203
295
12758
14076
17854
352
811
2313
3724
36052
1695
343
2851
22508
104
71
1996
3114
2500
1622
16387
8369
21082
13520
678
40040
15672
9819
979
35431
2557
13345
15804
3632
4610
1341
1369
24327
230
8669
1208
1443
7291
10802
1712
16561
6211
7020
6886
33429
3942
2660
3938
1507
1254
4799
5347
21897
4561
5422
2759
6632
2019
3550
4478
6184
2005
24234
15194
4873
16304
17750
10339
18724
6556
35548
6096
2182
16650
4332
987
3838
5149
507
3247
3786
10047
33593
27318
3930
39690
21573
4763
93
22574
7656
27723
47072
6910
3325
999
25242
13582
19040
2562
20279
13487
13872
5167
8902
6155
4775
17785
12305
1276
31781
21391
10327
5428
3855
18350
5908
37046
9678
5758
1595
6461
22861
790
3435
5134
6829
568
10020
14740
4836
34633
46601
102
4068
1315
11918
3066
116
5568
23842
6088
3170
31188
19642
923
22362
6283
10063
126
2356
3749
18471
32051
5664
2004
32980
390
12463
13604
6457
11496
25093
7158
12591
12619
4588
9767
1611
6487
10640
5783
631
3370
42448
26708
2705
609
46955
3398
667
7028
11886
1417
11122
37171
19985
383
17822
8363
6730
7858
9876
28096
4140
6659
15744
6593
6780
27946
6928
17857
12806
9763
946
50280
13183
7727
10684
57
18166
8237
13551
467
3095
20540
13389
15827
4502
27541
14611
29706
948
3171
8092
22294
7015
15954
14742
218
1133
38122
9578
8810
23883
4958
7295
3623
8624
38151
29173
5738
41669
14126
40898
12227
5189
9094
7064
5095
14360
5971
36048
240
38976
16528
37130
13711
11884
6216
13051
1127
18076
5537
8012
156
20935
31066
9545
1427
9069
51966
7039
34528
8096
16819
452
16697
3633
7276
32904
11423
20825
34693
14761
2644
27697
14986
46863
15809
6909
196
31953
13210
4240
4012
8737
10164
17914
21802
34859
33588
7260
690
6968
7472
17869
38563
6299
5283
16051
23040
22000
2263
21891
32117
38453
46008
47197
8554
2424
15154
1308
12828
18224
46306
50125
4270
2585
37314
4039
4637
5763
1422
11286
5784
20645
8312
6215
6660
12512
35048
9717
2433
7195
26624
9781
34314
18656
18676
12322
5423
4694
173
23105
23238
7094
13156
6210
17438
7169
5069
5211
26644
42220
4047
50430
9645
3245
44325
34348
7520
977
4383
5457
16488
36164
3135
37113
7085
35486
9567
1812
11679
46768
18077
31320
44776
35961
888
25611
52068
5218
8795
14063
58
1602
26594
6219
5154
42780
30687
13891
12314
812
9735
6087
836
7635
13565
6618
6488
2
8019
489
31179
5325
21637
1550
32448
1768
26005
1537
17810
5582
12232
11694
25751
51949
2935
5374
9315
25486
34565
4094
8016
24258
13139
842
5136
4783
23167
1506
1797
21812
6263
25376
780
5196
3560
21940
4939
24851
13473
41426
6052
48998
15436
4599
52718
8596
8152
23307
14321
19723
18689
11015
40980
4073
255
37478
25253
20882
25292
3988
737
24523
7613
38231
85
24461
27147
41014
6389
13090
7099
20575
20576
818
6844
190
28981
51394
34959
15666
5303
13485
3503
30039
4834
4988
6958
54325
12896
35081
418
25474
31471
19840
14956
51996
14338
11343
8346
6432
11672
4229
8156
9309
7459
46854
2338
34512
1943
19106
5427
26240
27837
3991
9132
8181
19908
12384
14722
6935
3591
50164
26410
29256
17627
23444
43216
35130
24759
20594
8479
5961
30122
1719
7689
3839
43853
24928
16851
49519
53031
31049
36524
5523
5691
44550
39949
44818
51744
4919
9122
20673
22081
34378
8791
1554
49488
17879
47343
5346
339
20292
22104
8516
27822
55989
22368
16337
7990
3947
35769
34483
12687
13396
6640
1743
20165
8946
37445
13599
24407
20770
14051
6992
43035
14822
24036
1314
7167
4493
5385
5803
1374
6835
5273
8162
15639
1670
22115
14165
8775
12449
53997
14208
27641
1131
894
1590
16550
6408
17465
44649
42548
3769
12029
32525
37123
14940
21064
24998
40245
46221
17096
20446
21918
18901
40101
48
17527
7221
6658
45413
1046
7358
39055
5004
31888
40522
39291
28860
31238
10301
50117
14537
45910
33453
2579
13907
4840
24814
7425
6686
46201
31
22312
31465
3086
1588
4666
7161
3357
38988
21270
24212
15074
28564
4930
34481
11921
7834
49637
28745
17005
37992
616
56439
49837
8638
52923
27805
40382
44796
5286
30652
14486
29864
6890
25720
37398
12915
273
7393
7588
10313
41748
3436
9442
31803
47627
28571
41184
18892
36549
6199
7998
1179
17529
53671
3713
10346
14545
44209
34207
23038
30439
20127
42128
8407
1725
28906
21191
960
12752
55321
9757
13734
9212
37679
29846
1348
20646
16191
37634
27796
24927
36438
35829
5868
26723
13271
52654
4544
4778
21199
33344
4991
49014
11566
7255
15375
472
6143
2708
5444
2924
27703
8270
47746
3937
1334
54995
15643
48022
32520
8190
16079
8451
40395
14696
2762
18525
23138
3739
35231
29302
1968
25243
950
420
14296
49194
35082
23888
18854
12081
25485
13522
37422
38928
46529
11779
29431
25434
1639
9950
48522
40026
5596
21280
54849
52702
51757
13358
37846
26962
26006
16140
8585
13221
15698
12050
24609
8219
27565
5228
7106
17611
55
42648
4687
11001
4283
27784
41410
11669
47543
20253
40209
22039
14043
26307
22739
33794
6208
457
24013
878
1685
7495
368
13636
9847
49240
5412
28385
11714
17756
2809
42005
37575
6209
46840
32050
9142
9712
1909
25438
25330
39014
35049
7757
25926
50977
17181
6518
55974
382
38754
9617
37512
23180
11821
50675
14459
14901
17337
52989
15024
3613
27903
48279
8030
34
14376
19478
20479
36891
2522
43028
34808
801
3150
12069
925
44866
8290
8722
37011
16945
34714
26108
45241
36610
36136
3956
16549
13588
17306
4510
9183
7076
51544
1235
2805
51044
28976
18112
17145
15040
3163
17324
5056
23580
1870
20481
5208
42335
51245
22128
8013
26138
42767
36050
24455
4975
43138
11992
42706
27985
8527
12956
25321
4917
33030
34075
161
10977
30152
992
53612
27752
36203
11859
19407
55036
4909
45865
39784
7112
27807
24663
15620
10662
23154
30478
33601
7742
36564
11729
22992
4111
4056
35811
12854
51886
41297
36645
641
38796
27653
17917
9443
7479
353
11592
39959
47814
37730
24000
7431
7507
38603
48607
2606
48843
39422
5573
42168
8059
46200
53542
28971
4429
27320
28124
44751
24777
9629
12211
40627
53875
42609
46143
18165
24610
4865
54766
345
18468
19466
49958
56361
48561
15987
571
15850
4798
6343
19439
10375
49248
15036
20476
52328
36415
21378
36966
47029
30824
42189
13214
20647
21139
9273
38665
10541
46050
36594
42903
22727
44363
27912
18082
1085
19699
5880
17394
28920
53083
40611
1418
15456
275
35005
6459
14194
12271
44135
26341
2448
9270
10092
28299
40338
45574
6808
20421
15546
18330
13560
49386
24064
12331
41999
28904
28229
50083
2153
35196
498
25776
29988
2700
5343
8852
12402
26941
26453
45098
31958
42167
12380
19191
3641
31961
13242
21432
23890
20863
43170
42910
12048
8067
42778
41727
14743
54254
1555
7835
34524
55813
24099
12478
40071
25088
30127
48213
42888
34418
9121
27174
19138
7629
17591
17232
41298
45960
12460
21783
15146
9290
28568
12171
1994
18666
7074
1098
28195
4906
23063
25336
13262
15149
15957
648
38839
44598
32079
10039
8525
31285
30126
40555
49803
20122
25658
7072
55775
32235
5941
38472
17530
8439
47064
10294
42816
47046
37056
35096
40533
22914
54452
10723
12867
28677
1291
22953
7555
24547
3636
35249
16183
18837
31614
10747
22873
15700
4336
17921
12176
8772
392
23815
9092
29092
8641
13930
43057
41641
4426
20982
26852
19510
13663
12511
4903
35755
29704
12252
12179
21148
41296
18326
25986
6979
6417
13637
8577
10233
5372
9439
32586
9648
34320
32067
6875
7210
22243
15386
14541
6490
1810
48504
33083
8014
34792
2800
19490
28649
47462
21612
39804
31233
50492
36078
38867
5814
28245
55700
19164
14285
1013
25673
17571
5235
2427
9331
18223
16913
11932
47561
50138
24032
5574
10714
8804
40731
2883
17548
43948
45261
32834
3074
9857
20753
4973
18074
33136
15087
19620
5609
15079
5212
32137
6942
39880
2696
7352
15894
52804
30119
25516
24933
48382
9211
18809
7505
36247
5464
2810
47342
15857
2123
20995
5358
5394
3030
30091
25322
33071
38535
5373
47959
32019
45085
13104
42713
30388
52267
38329
22927
21682
29551
27211
16937
20973
40954
16461
10663
7923
45655
5615
39758
25193
17569
4165
30315
10643
45385
25880
17889
11313
32986
32754
43665
18925
260
2508
41425
2566
36709
38960
20113
52701
48986
8222
8943
9760
31903
22717
54595
4805
7245
4578
8746
11832
17368
47918
24749
22321
293
23709
50587
15412
3971
41000
28691
7133
35977
17401
2248
18558
15689
13898
8964
51001
44718
7941
5164
2858
18255
15484
25559
40748
18356
25825
2516
414
12807
47001
23056
17399
11852
37428
38431
5649
43737
44353
40288
40577
51338
35271
7953
9510
41405
1940
34095
3927
22644
33621
12738
2604
33711
13692
35156
12655
54425
48282
2843
871
6987
5110
6481
25790
44585
56258
4504
51988
14637
645
14793
49813
14468
41784
7736
16981
47821
11155
3078
45652
30455
8923
18393
7192
6193
5329
48007
18599
12682
4467
12769
22126
23093
31220
44226
36783
24425
29401
44832
23633
48477
17348
5107
40165
29726
46761
13805
15607
9362
25747
35047
24002
5007
23439
14343
8241
19027
25169
2949
52353
36286
21092
19118
52072
30657
21860
21780
32252
5479
52065
9835
49474
35689
45245
25123
2212
48009
44003
24256
1273
43046
27250
28237
7499
5658
4541
4409
36539
6281
4463
8682
7095
32833
20983
16578
14325
4343
31838
19028
51099
45972
24593
37747
13007
29153
2912
7768
37184
18664
16446
2793
14015
41601
4907
12780
50632
25057
11194
30817
4782
29038
51260
3008
38907
441
43617
25866
1487
45271
33215
28404
30107
25593
9750
12430
46151
18232
18929
45035
1771
42521
54903
53361
28941
9530
46121
2134
20331
2268
3697
55210
32781
10048
8303
29744
13118
21823
44105
2512
4638
42173
12138
38557
1744
52183
48506
20354
15462
12272
22553
40640
40966
52127
17887
814
31479
7330
5502
33194
8044
31943
24469
19245
1637
41350
46577
20138
7501
27836
19956
15755
18495
23400
26276
18150
44693
5446
10524
1765
11756
6857
32548
7531
2304
54413
14452
39102
9496
15572
46115
141
28520
12669
5292
47437
4217
7506
23220
167
51863
38897
36402
30753
46616
51048
1152
28218
2515
3093
44502
29636
40273
9874
289
41940
21229
41249
4761
15430
39885
19349
22972
646
20593
15097
54403
35297
42449
12776
29923
19845
313
44031
47514
39857
52550
48907
39028
5146
25875
53500
13333
18581
19345
55568
29156
25608
30166
23843
12345
28780
10440
28037
17604
18919
55401
6993
41880
33783
7930
33537
2714
49928
43332
34779
37175
9344
31952
72
8621
47706
3210
14373
50390
28465
6298
129
4210
34596
41385
43598
26098
53885
7818
25050
32437
26692
40352
32339
6000
51322
9679
12053
10212
14148
12919
5420
16295
30025
14713
7194
53570
8677
21691
26759
56240
7251
12557
4947
28529
2937
11600
6513
33351
3856
48480
12162
455
1675
15785
19955
5859
7351
21358
8477
626
29958
53849
41043
8130
45892
9280
558
42830
6887
16307
35211
53750
39304
49772
13643
40515
19846
29168
44051
51573
5172
8385
5690
46851
17316
2614
17593
7252
16097
