1536
1
2
3
4
5
513
1538
520
10
524
13
14
15
18
531
20
21
22
23
24
532
533
535
537
1561
1565
1056
33
546
37
549
44
45
1069
1580
48
53
1080
569
58
1593
60
573
63
66
67
1092
2119
72
3145
74
81
2130
83
594
85
1108
599
88
89
600
91
601
93
2651
1111
96
97
1113
618
619
108
111
1136
626
115
120
632
127
128
1151
1664
1156
137
140
1164
656
657
146
1170
2197
150
663
670
161
162
163
164
2210
166
167
173
1197
688
177
178
1201
1712
693
695
184
185
186
697
1724
192
194
195
706
197
707
718
207
1744
721
722
723
1747
728
219
221
225
226
230
2278
234
1259
237
240
752
243
1269
249
250
1274
252
764
768
1281
258
1285
262
1288
265
266
780
781
1804
1807
272
273
274
275
278
791
792
793
794
795
796
797
286
287
288
289
290
1825
293
1830
807
1834
301
305
307
319
321
322
323
837
326
1353
1867
335
339
853
345
860
349
1887
865
355
358
359
874
364
365
1903
368
885
374
2426
1915
381
2943
896
1413
390
1414
1926
393
396
401
1433
925
1952
1954
1443
1956
933
422
1304
1961
1962
434
438
951
446
449
457
973
467
468
2006
985
474
475
3035
478
2016
485
1001
490
491
1624
496
1522
1016
508
6
7
8
9
11
12
17
19
30
31
36
38
39
40
41
42
47
49
50
51
52
54
56
59
62
65
69
70
71
73
80
82
84
86
87
94
99
100
103
105
106
107
110
112
113
114
118
123
125
126
131
132
135
136
138
139
141
142
143
145
148
149
151
152
153
157
158
159
160
165
170
171
172
174
175
176
179
180
181
182
183
187
188
189
190
191
193
196
199
200
201
203
206
208
210
214
215
222
224
227
231
232
233
235
236
238
242
244
253
255
256
257
259
260
261
277
280
282
283
284
285
294
295
297
302
303
304
306
308
310
315
317
318
320
324
325
328
329
330
331
333
336
343
344
350
351
356
361
363
367
369
372
377
378
380
382
384
386
387
388
389
391
394
395
403
404
406
407
409
411
412
414
415
416
417
418
419
420
421
423
426
427
428
433
435
436
439
440
441
442
443
444
445
450
451
452
453
454
455
458
459
460
461
466
469
470
472
473
476
477
480
481
486
488
489
492
494
495
497
498
499
501
502
505
509
510
511
512
514
515
516
517
518
519
526
528
529
534
536
538
539
540
541
542
544
545
547
548
550
551
555
557
559
560
561
563
564
565
571
572
574
575
577
579
580
581
582
583
584
585
586
588
589
593
595
597
602
603
604
606
607
609
610
612
613
614
615
616
617
622
625
628
631
633
634
635
636
637
638
639
648
649
650
651
652
653
654
655
658
661
664
666
667
668
669
672
673
674
675
676
678
679
680
681
682
683
684
689
691
694
698
699
702
703
704
705
708
709
710
713
716
717
719
720
727
729
730
731
732
733
734
735
739
740
741
742
745
747
750
751
754
755
756
757
760
762
763
765
766
767
775
777
778
782
783
786
788
789
790
798
799
800
801
802
803
804
805
806
808
809
812
814
816
817
818
819
820
821
823
824
825
826
828
829
831
838
839
840
841
842
843
844
845
846
847
848
849
850
854
855
857
858
859
861
862
863
867
869
870
872
875
878
879
880
881
882
883
884
886
887
888
889
890
892
893
895
897
898
899
903
904
905
908
909
910
911
913
914
915
916
917
918
919
920
921
922
923
924
926
927
928
929
931
932
934
935
938
939
940
941
942
943
944
945
946
948
949
950
952
953
956
957
958
960
961
962
963
964
965
966
967
968
969
970
971
972
974
975
976
977
978
979
980
981
982
984
986
987
989
991
992
993
994
996
997
998
1002
1005
1006
1007
1015
1017
1018
1021
1024
1027
1035
1036
1039
1041
1042
1043
1044
1045
1046
1048
1049
1050
1052
1053
1054
1059
1060
1063
1064
1066
1067
1068
1070
1079
1081
1082
1084
1085
1086
1090
1093
1096
1097
1100
1101
1102
1103
1104
1105
1106
1107
1109
1110
1112
1114
1115
1116
1119
1120
1123
1126
1130
1145
1154
1176
1182
1185
1189
1190
1195
1198
1200
1202
1203
1205
1208
1223
1224
1227
1229
1231
1232
1233
1234
1237
1249
1250
1253
1257
1262
1265
1266
1270
1272
1278
1280
1284
1286
1287
1289
1295
1296
1298
1303
1314
1315
1324
1325
1336
1340
1341
1342
1343
1344
1345
1346
1347
1348
1349
1350
1351
1352
1356
1357
1358
1359
1361
1367
1368
1370
1372
1375
1377
1378
1379
1380
1384
1385
1390
1392
1393
1408
1412
1415
1417
1418
1421
1422
1423
1435
1436
1440
1441
1442
1444
1445
1446
1447
1448
1449
1450
1451
1452
1453
1454
1455
1456
1457
1458
1459
1460
1461
1462
1463
1464
1465
1466
1467
1468
1469
1470
1471
1472
1473
1474
1475
1476
1477
1478
1479
1480
1481
1482
1483
1484
1485
1486
1487
1488
1489
1490
1491
1492
1493
1494
1495
1496
1497
1498
1499
1500
1501
1502
1503
1504
1505
1506
1507
1508
1509
1510
1511
1512
1513
1514
1515
1516
1520
1521
1526
1527
1530
1535
1541
1542
1544
1545
1546
1547
1551
1553
1554
1556
1557
1558
1559
1560
1562
1563
1564
1566
1567
1568
1569
1570
1571
1572
1573
1574
1575
1586
1589
1598
1599
1600
1601
1602
1603
1604
1605
1606
1607
1608
1609
1610
1612
1617
1619
1620
1621
1622
1623
1625
1626
1627
1629
1630
1631
1632
1633
1634
1635
1636
1637
1638
1639
1640
1641
1643
1645
1646
1652
1655
1665
1666
1668
1669
1671
1672
1673
1674
1676
1677
1678
1679
1680
1681
1682
1683
1684
1685
1686
1687
1688
1689
1690
1691
1692
1693
1694
1695
1696
1697
1698
1699
1700
1701
1702
1703
1704
1705
1706
1707
1708
1709
1710
1711
1713
1714
1715
1716
1717
1718
1719
1720
1729
1731
1736
1739
1742
1759
1780
1787
1815
1835
1838
1843
1856
1860
1870
1889
1890
1910
1918
1925
1930
1931
1942
1948
1949
1950
1951
1953
1955
1958
1963
1964
1965
1966
1967
1969
1970
1971
1972
1973
1974
1976
1977
1978
1979
1980
1981
1983
1986
1987
1988
1991
1992
1993
1994
1995
1996
1997
1998
1999
2000
2001
2002
2004
2008
2010
2025
2027
2029
2044
2050
2054
2058
2059
2065
2084
2088
2092
2097
2099
2100
2102
2136
2145
2151
2152
2153
2164
2179
2183
2187
2198
2214
2216
2219
2223
2226
2229
2244
2247
2283
2287
2289
2292
2293
2305
2309
2310
2321
2328
2337
2345
2347
2363
2380
2382
2383
2384
2385
2386
2387
2388
2389
2395
2398
2435
2437
2440
2443
2445
2446
2447
2448
2449
2450
2451
2454
2461
2462
2473
2487
2492
2493
2494
2497
2503
2510
2511
2512
2520
2524
2529
2530
2531
2537
2538
2539
2541
2542
2545
2547
2549
2551
2553
2556
2558
2559
2561
2564
2565
2566
2568
2572
2573
2575
2576
2578
2579
2580
2582
2583
2584
2585
2588
2589
2591
2592
2595
2597
2598
2599
2600
2603
2604
2607
2610
2611
2614
2616
2617
2619
2620
2621
2622
2625
2626
2627
2628
2629
2630
2631
2632
2633
2634
2635
2636
2637
2639
2640
2641
2642
2643
2645
2647
2648
2649
2650
2652
2653
2654
2655
2656
2657
2658
2660
2661
2662
2664
2665
2667
2668
2669
2670
2671
2672
2674
2677
2678
2683
2684
2686
2688
2691
2692
2693
2694
2695
2696
2697
2700
2701
2702
2703
2704
2705
2706
2707
2709
2710
2712
2713
2714
2715
2716
2717
2718
2719
2720
2721
2722
2723
2724
2725
2726
2727
2728
2729
2730
2731
2732
2733
2734
2735
2745
2746
2747
2767
2785
2786
2798
2824
2837
2839
2844
2862
2864
2873
2874
2876
2892
2893
2899
2906
2913
2923
2945
2952
2955
2982
3013
3020
3040
3043
3057
3060
3061
3068
3070
3071
3079
3082
3085
3088
3095
3100
3108
3114
3124
3136
3141
3146
3149
3153
3180
3202
3248
3269
3280
3317
3321
3331
3339
3384
3410
3431
3432
3437
3520
3546
3563
3578
3612
3615
3631
3638
3650
3654
3673
3678
3687
3689
3691
3692
3693
3695
3696
3697
3698
3699
3700
3702
3703
3704
3705
3707
3710
3712
3713
3714
3715
3716
3717
3718
3719
3721
3722
3723
3724
3725
3726
3727
3728
3729
3735
3741
3743
3751
3752
3758
3767
3769
3772
3773
3775
3778
3794
3800
3807
3808
3809
3811
3812
3813
3814
3815
3816
3817
3818
3819
3821
3822
3825
3827
3829
3830
3834
3835
3837
3838
3839
3840
3841
3842
3843
3844
3845
3846
3847
3848
3849
3850
3852
3854
3855
3856
3862
3863
3864
3870
3871
3872
3873
3874
3875
3882
3883
3887
3888
3889
3890
3891
3892
3893
3896
3897
3898
3900
3901
3902
3906
3909
3910
3911
3913
3914
3916
3917
3924
3926
3927
3928
3929
3931
3932
3933
3935
3936
3937
3938
3939
3940
3941
3942
3943
3944
3945
3946
3947
3949
3951
3952
3953
3954
3955
3956
3957
3958
3959
3960
3962
3963
3964
3965
3967
3968
3969
3970
3971
3972
3973
3975
3976
3979
3981
3982
3983
3985
3986
3989
3991
3992
3994
3997
3998
4000
4002
4007
4013
4014
4015
4027
4032
4037
4038
4039
4040
4042
4043
1023
1033
2060
3596
1038
530
2067
1555
25
26
2074
2075
2077
3610
32
34
1578
46
3630
3637
566
567
1089
68
1094
3067
78
590
1615
3669
605
2142
95
101
2149
104
109
1133
1134
1135
1649
1650
1139
1653
1654
2170
122
124
1146
1658
1661
1152
641
1667
134
1165
144
2195
660
1171
1173
1174
154
1179
1181
1183
1184
701
2238
1213
1726
1732
1735
1737
1740
1741
209
1745
211
1746
1748
2262
2774
1749
217
218
1752
1760
1765
2281
1771
2796
1260
1774
239
2800
241
1263
1779
1268
1782
1783
1784
2298
1788
254
1279
1791
769
1792
263
1799
1802
1291
1806
1809
1810
1301
1813
279
1816
1819
1820
2335
291
1828
3365
1321
298
1322
300
1323
1836
815
1327
1328
1330
1837
1844
1845
2358
1846
312
2366
3392
2882
1859
1861
3399
2888
1863
1354
1864
1866
334
1872
1873
338
1876
342
2902
1879
3418
1882
2908
2909
1883
2917
1895
360
1386
876
1900
1904
371
1907
1397
1912
1913
379
1407
900
1927
1928
907
2958
1934
1937
2962
2963
1940
1943
1944
2971
1947
2474
431
2995
955
2501
2504
2505
2509
990
2024
2030
3055
1009
1010
2035
3064
1019
1533
1022
