1.000000000000000000e+00
9.982014388489208745e-01
9.937050359712230607e-01
9.919064748201439352e-01
9.910071942446042614e-01
9.901079136690646987e-01
9.865107913669064477e-01
9.847122302158273222e-01
9.829136690647481966e-01
9.793165467625899456e-01
9.784172661870503829e-01
9.766187050359712574e-01
9.757194244604316946e-01
9.316546762589927866e-01
9.298561151079136611e-01
9.289568345323740983e-01
9.280575539568345356e-01
9.271582733812949728e-01
9.262589928057554101e-01
9.208633093525180335e-01
9.208633093525180335e-01
9.181654676258992342e-01
9.172661870503596715e-01
9.163669064748201087e-01
9.154676258992805460e-01
9.145683453237409832e-01
9.118705035971222950e-01
9.082733812949640440e-01
9.064748201438849184e-01
9.046762589928057929e-01
9.037769784172662302e-01
9.037769784172662302e-01
9.019784172661871047e-01
9.010791366906474309e-01
8.974820143884891799e-01
8.965827338129496171e-01
8.965827338129496171e-01
8.947841726618704916e-01
8.938848920863309289e-01
8.920863309352518034e-01
8.911870503597122406e-01
8.911870503597122406e-01
8.893884892086331151e-01
8.857913669064748641e-01
8.857913669064748641e-01
8.812949640287769393e-01
8.794964028776978138e-01
8.767985611510791255e-01
8.758992805755395628e-01
8.732014388489208745e-01
8.687050359712230607e-01
8.687050359712230607e-01
8.678057553956834980e-01
8.660071942446042614e-01
8.633093525179855732e-01
8.606115107913668849e-01
8.570143884892086339e-01
8.570143884892086339e-01
8.534172661870503829e-01
8.525179856115108201e-01
8.462230215827337698e-01
8.435251798561150816e-01
8.408273381294963933e-01
8.399280575539568305e-01
8.309352517985612030e-01
8.291366906474819665e-01
8.273381294964028410e-01
8.264388489208632782e-01
8.246402877697841527e-01
8.210431654676259017e-01
8.201438848920863389e-01
8.183453237410072134e-01
8.138489208633093996e-01
8.075539568345323493e-01
8.075539568345323493e-01
8.066546762589927866e-01
7.976618705035971590e-01
7.886690647482014205e-01
7.868705035971222950e-01
7.859712230215827322e-01
7.850719424460431695e-01
7.733812949640287426e-01
7.724820143884891799e-01
7.706834532374100544e-01
7.688848920863309289e-01
7.670863309352518034e-01
7.652877697841726778e-01
7.634892086330935523e-01
7.625899280575539896e-01
7.607913669064748641e-01
7.589928057553957386e-01
7.544964028776978138e-01
7.517985611510791255e-01
7.491007194244604372e-01
7.473021582733813117e-01
7.446043165467626235e-01
7.410071942446042614e-01
7.374100719424460104e-01
7.365107913669064477e-01
7.329136690647481966e-01
7.320143884892086339e-01
7.320143884892086339e-01
7.311151079136690711e-01
7.302158273381295084e-01
7.284172661870503829e-01
7.284172661870503829e-01
7.248201438848921319e-01
7.230215827338128953e-01
7.230215827338128953e-01
7.230215827338128953e-01
7.221223021582733326e-01
7.194244604316546443e-01
7.158273381294963933e-01
7.149280575539568305e-01
7.149280575539568305e-01
6.987410071942445899e-01
6.978417266187050272e-01
6.942446043165467762e-01
6.924460431654676507e-01
6.915467625899280879e-01
6.879496402877698369e-01
6.870503597122301631e-01
6.834532374100719121e-01
6.834532374100719121e-01
6.825539568345323493e-01
6.780575539568345356e-01
6.771582733812949728e-01
6.753597122302158473e-01
6.690647482014387970e-01
6.672661870503596715e-01
6.672661870503596715e-01
6.645683453237409832e-01
6.618705035971222950e-01
6.573741007194244812e-01
6.555755395683453557e-01
6.483812949640287426e-01
6.465827338129496171e-01
6.420863309352518034e-01
6.366906474820144268e-01
6.294964028776978138e-01
6.285971223021582510e-01
6.285971223021582510e-01
5.386690647482014205e-01
5.386690647482014205e-01
5.386690647482014205e-01
5.386690647482014205e-01
5.368705035971222950e-01
5.359712230215827322e-01
5.359712230215827322e-01
5.359712230215827322e-01
5.359712230215827322e-01
5.242805755395683054e-01
5.233812949640287426e-01
5.206834532374100544e-01
5.197841726618704916e-01
5.188848920863309289e-01
5.170863309352518034e-01
5.161870503597122406e-01
5.134892086330935523e-01
5.116906474820144268e-01
5.089928057553957386e-01
5.071942446043165020e-01
5.053956834532373765e-01
5.044964028776978138e-01
5.026978417266186883e-01
5.017985611510791255e-01
5.008992805755395628e-01
4.964028776978417490e-01
4.838129496402877594e-01
4.649280575539568305e-01
4.649280575539568305e-01
4.649280575539568305e-01
4.649280575539568305e-01
4.487410071942445899e-01
4.451438848920863389e-01
4.433453237410072134e-01
4.406474820143884696e-01
3.228417266187050272e-01
3.219424460431654644e-01
3.219424460431654644e-01
3.201438848920863389e-01
3.192446043165467762e-01
3.192446043165467762e-01
3.174460431654676507e-01
3.174460431654676507e-01
3.174460431654676507e-01
2.832733812949640440e-01
2.832733812949640440e-01
2.823741007194244812e-01
2.823741007194244812e-01
2.814748201438849184e-01
2.634892086330935523e-01
2.634892086330935523e-01
2.553956834532374320e-01
2.553956834532374320e-01
2.553956834532374320e-01
2.535971223021582510e-01
2.356115107913669127e-01
2.338129496402877594e-01
2.266187050359712296e-01
2.257194244604316669e-01
2.257194244604316669e-01
2.257194244604316669e-01
2.212230215827338253e-01
2.059352517985611475e-01
2.059352517985611475e-01
2.059352517985611475e-01
2.032374100719424592e-01
2.032374100719424592e-01
2.005395683453237432e-01
2.005395683453237432e-01
2.005395683453237432e-01
2.005395683453237432e-01
1.987410071942446177e-01
1.987410071942446177e-01
1.978417266187050272e-01
1.933453237410071857e-01
1.178057553956834563e-01
9.082733812949640717e-02
9.082733812949640717e-02
9.082733812949640717e-02
8.992805755395683054e-03
8.992805755395683054e-03
8.992805755395683054e-03
8.992805755395683054e-03
8.992805755395683054e-03
8.992805755395683054e-03
8.992805755395683054e-03
8.992805755395683054e-03
8.992805755395683054e-03
8.992805755395683054e-03
8.093525179856115095e-03
8.093525179856115095e-03
8.093525179856115095e-03
8.093525179856115095e-03
7.194244604316547137e-03
7.194244604316547137e-03
7.194244604316547137e-03
7.194244604316547137e-03
7.194244604316547137e-03
7.194244604316547137e-03
7.194244604316547137e-03
7.194244604316547137e-03
7.194244604316547137e-03
7.194244604316547137e-03
7.194244604316547137e-03
7.194244604316547137e-03
7.194244604316547137e-03
7.194244604316547137e-03
7.194244604316547137e-03
7.194244604316547137e-03
7.194244604316547137e-03
7.194244604316547137e-03
7.194244604316547137e-03
7.194244604316547137e-03
7.194244604316547137e-03
7.194244604316547137e-03
7.194244604316547137e-03
7.194244604316547137e-03
7.194244604316547137e-03
7.194244604316547137e-03
7.194244604316547137e-03
7.194244604316547137e-03
7.194244604316547137e-03
7.194244604316547137e-03
7.194244604316547137e-03
7.194244604316547137e-03
7.194244604316547137e-03
7.194244604316547137e-03
7.194244604316547137e-03
7.194244604316547137e-03
7.194244604316547137e-03
7.194244604316547137e-03
7.194244604316547137e-03
7.194244604316547137e-03
7.194244604316547137e-03
7.194244604316547137e-03
7.194244604316547137e-03
7.194244604316547137e-03
7.194244604316547137e-03
7.194244604316547137e-03
7.194244604316547137e-03
7.194244604316547137e-03
7.194244604316547137e-03
7.194244604316547137e-03
7.194244604316547137e-03
7.194244604316547137e-03
7.194244604316547137e-03
7.194244604316547137e-03
7.194244604316547137e-03
7.194244604316547137e-03
7.194244604316547137e-03
7.194244604316547137e-03
7.194244604316547137e-03
7.194244604316547137e-03
7.194244604316547137e-03
7.194244604316547137e-03
7.194244604316547137e-03
7.194244604316547137e-03
7.194244604316547137e-03
7.194244604316547137e-03
7.194244604316547137e-03
7.194244604316547137e-03
7.194244604316547137e-03
7.194244604316547137e-03
7.194244604316547137e-03
7.194244604316547137e-03
7.194244604316547137e-03
7.194244604316547137e-03
7.194244604316547137e-03
7.194244604316547137e-03
7.194244604316547137e-03
6.294964028776978311e-03
5.395683453237410353e-03
5.395683453237410353e-03
5.395683453237410353e-03
5.395683453237410353e-03
5.395683453237410353e-03
5.395683453237410353e-03
5.395683453237410353e-03
5.395683453237410353e-03
5.395683453237410353e-03
5.395683453237410353e-03
5.395683453237410353e-03
5.395683453237410353e-03
5.395683453237410353e-03
5.395683453237410353e-03
5.395683453237410353e-03
5.395683453237410353e-03
5.395683453237410353e-03
5.395683453237410353e-03
5.395683453237410353e-03
5.395683453237410353e-03
5.395683453237410353e-03
5.395683453237410353e-03
5.395683453237410353e-03
5.395683453237410353e-03
5.395683453237410353e-03
5.395683453237410353e-03
5.395683453237410353e-03
5.395683453237410353e-03
5.395683453237410353e-03
5.395683453237410353e-03
5.395683453237410353e-03
5.395683453237410353e-03
5.395683453237410353e-03
5.395683453237410353e-03
5.395683453237410353e-03
5.395683453237410353e-03
3.597122302158273568e-03
3.597122302158273568e-03
3.597122302158273568e-03
3.597122302158273568e-03
3.597122302158273568e-03
3.597122302158273568e-03
3.597122302158273568e-03
3.597122302158273568e-03
3.597122302158273568e-03
3.597122302158273568e-03
3.597122302158273568e-03
3.597122302158273568e-03
3.597122302158273568e-03
3.597122302158273568e-03
3.597122302158273568e-03
3.597122302158273568e-03
3.597122302158273568e-03
3.597122302158273568e-03
3.597122302158273568e-03
3.597122302158273568e-03
3.597122302158273568e-03
3.597122302158273568e-03
3.597122302158273568e-03
3.597122302158273568e-03
3.597122302158273568e-03
3.597122302158273568e-03
3.597122302158273568e-03
3.597122302158273568e-03
3.597122302158273568e-03
3.597122302158273568e-03
3.597122302158273568e-03
3.597122302158273568e-03
3.597122302158273568e-03
3.597122302158273568e-03
3.597122302158273568e-03
3.597122302158273568e-03
3.597122302158273568e-03
3.597122302158273568e-03
3.597122302158273568e-03
3.597122302158273568e-03
3.597122302158273568e-03
3.597122302158273568e-03
3.597122302158273568e-03
3.597122302158273568e-03
3.597122302158273568e-03
3.597122302158273568e-03
3.597122302158273568e-03
3.597122302158273568e-03
3.597122302158273568e-03
3.597122302158273568e-03
3.597122302158273568e-03
3.597122302158273568e-03
3.597122302158273568e-03
3.597122302158273568e-03
3.597122302158273568e-03
3.597122302158273568e-03
3.597122302158273568e-03
3.597122302158273568e-03
3.597122302158273568e-03
3.597122302158273568e-03
3.597122302158273568e-03
3.597122302158273568e-03
3.597122302158273568e-03
3.597122302158273568e-03
3.597122302158273568e-03
3.597122302158273568e-03
3.597122302158273568e-03
3.597122302158273568e-03
3.597122302158273568e-03
3.597122302158273568e-03
3.597122302158273568e-03
3.597122302158273568e-03
3.597122302158273568e-03
3.597122302158273568e-03
3.597122302158273568e-03
3.597122302158273568e-03
3.597122302158273568e-03
3.597122302158273568e-03
3.597122302158273568e-03
3.597122302158273568e-03
3.597122302158273568e-03
3.597122302158273568e-03
3.597122302158273568e-03
3.597122302158273568e-03
3.597122302158273568e-03
3.597122302158273568e-03
3.597122302158273568e-03
3.597122302158273568e-03
3.597122302158273568e-03
3.597122302158273568e-03
3.597122302158273568e-03
3.597122302158273568e-03
3.597122302158273568e-03
3.597122302158273568e-03
3.597122302158273568e-03
3.597122302158273568e-03
3.597122302158273568e-03
3.597122302158273568e-03
3.597122302158273568e-03
3.597122302158273568e-03
3.597122302158273568e-03
3.597122302158273568e-03
3.597122302158273568e-03
3.597122302158273568e-03
3.597122302158273568e-03
3.597122302158273568e-03
3.597122302158273568e-03
3.597122302158273568e-03
3.597122302158273568e-03
3.597122302158273568e-03
3.597122302158273568e-03
3.597122302158273568e-03
3.597122302158273568e-03
3.597122302158273568e-03
3.597122302158273568e-03
3.597122302158273568e-03
3.597122302158273568e-03
3.597122302158273568e-03
3.597122302158273568e-03
3.597122302158273568e-03
3.597122302158273568e-03
3.597122302158273568e-03
3.597122302158273568e-03
3.597122302158273568e-03
3.597122302158273568e-03
3.597122302158273568e-03
3.597122302158273568e-03
3.597122302158273568e-03
3.597122302158273568e-03
3.597122302158273568e-03
3.597122302158273568e-03
3.597122302158273568e-03
3.597122302158273568e-03
3.597122302158273568e-03
3.597122302158273568e-03
3.597122302158273568e-03
3.597122302158273568e-03
3.597122302158273568e-03
3.597122302158273568e-03
3.597122302158273568e-03
3.597122302158273568e-03
3.597122302158273568e-03
3.597122302158273568e-03
3.597122302158273568e-03
3.597122302158273568e-03
3.597122302158273568e-03
3.597122302158273568e-03
3.597122302158273568e-03
3.597122302158273568e-03
3.597122302158273568e-03
3.597122302158273568e-03
3.597122302158273568e-03
3.597122302158273568e-03
3.597122302158273568e-03
3.597122302158273568e-03
3.597122302158273568e-03
3.597122302158273568e-03
3.597122302158273568e-03
3.597122302158273568e-03
3.597122302158273568e-03
3.597122302158273568e-03
3.597122302158273568e-03
3.597122302158273568e-03
3.597122302158273568e-03
2.697841726618705176e-03
2.697841726618705176e-03
2.697841726618705176e-03
2.697841726618705176e-03
2.697841726618705176e-03
2.697841726618705176e-03
2.697841726618705176e-03
2.697841726618705176e-03
2.697841726618705176e-03
2.697841726618705176e-03
2.697841726618705176e-03
2.697841726618705176e-03
2.697841726618705176e-03
2.697841726618705176e-03
2.697841726618705176e-03
2.697841726618705176e-03
2.697841726618705176e-03
2.697841726618705176e-03
2.697841726618705176e-03
2.697841726618705176e-03
2.697841726618705176e-03
2.697841726618705176e-03
2.697841726618705176e-03
2.697841726618705176e-03
2.697841726618705176e-03
2.697841726618705176e-03
2.697841726618705176e-03
2.697841726618705176e-03
2.697841726618705176e-03
2.697841726618705176e-03
2.697841726618705176e-03
2.697841726618705176e-03
2.697841726618705176e-03
2.697841726618705176e-03
2.697841726618705176e-03
2.697841726618705176e-03
2.697841726618705176e-03
2.697841726618705176e-03
2.697841726618705176e-03
2.697841726618705176e-03
2.697841726618705176e-03
2.697841726618705176e-03
2.697841726618705176e-03
2.697841726618705176e-03
2.697841726618705176e-03
2.697841726618705176e-03
2.697841726618705176e-03
2.697841726618705176e-03
2.697841726618705176e-03
2.697841726618705176e-03
2.697841726618705176e-03
2.697841726618705176e-03
2.697841726618705176e-03
2.697841726618705176e-03
2.697841726618705176e-03
2.697841726618705176e-03
2.697841726618705176e-03
2.697841726618705176e-03
2.697841726618705176e-03
2.697841726618705176e-03
2.697841726618705176e-03
2.697841726618705176e-03
2.697841726618705176e-03
2.697841726618705176e-03
2.697841726618705176e-03
2.697841726618705176e-03
2.697841726618705176e-03
2.697841726618705176e-03
2.697841726618705176e-03
2.697841726618705176e-03
2.697841726618705176e-03
2.697841726618705176e-03
2.697841726618705176e-03
2.697841726618705176e-03
2.697841726618705176e-03
2.697841726618705176e-03
2.697841726618705176e-03
2.697841726618705176e-03
2.697841726618705176e-03
2.697841726618705176e-03
2.697841726618705176e-03
2.697841726618705176e-03
2.697841726618705176e-03
2.697841726618705176e-03
2.697841726618705176e-03
2.697841726618705176e-03
2.697841726618705176e-03
2.697841726618705176e-03
2.697841726618705176e-03
2.697841726618705176e-03
2.697841726618705176e-03
2.697841726618705176e-03
2.697841726618705176e-03
2.697841726618705176e-03
2.697841726618705176e-03
2.697841726618705176e-03
2.697841726618705176e-03
2.697841726618705176e-03
2.697841726618705176e-03
2.697841726618705176e-03
2.697841726618705176e-03
2.697841726618705176e-03
2.697841726618705176e-03
2.697841726618705176e-03
2.697841726618705176e-03
2.697841726618705176e-03
2.697841726618705176e-03
2.697841726618705176e-03
2.697841726618705176e-03
2.697841726618705176e-03
2.697841726618705176e-03
2.697841726618705176e-03
2.697841726618705176e-03
2.697841726618705176e-03
2.697841726618705176e-03
2.697841726618705176e-03
2.697841726618705176e-03
2.697841726618705176e-03
2.697841726618705176e-03
2.697841726618705176e-03
2.697841726618705176e-03
2.697841726618705176e-03
2.697841726618705176e-03
2.697841726618705176e-03
2.697841726618705176e-03
2.697841726618705176e-03
2.697841726618705176e-03
2.697841726618705176e-03
2.697841726618705176e-03
2.697841726618705176e-03
2.697841726618705176e-03
2.697841726618705176e-03
2.697841726618705176e-03
2.697841726618705176e-03
2.697841726618705176e-03
2.697841726618705176e-03
2.697841726618705176e-03
2.697841726618705176e-03
2.697841726618705176e-03
2.697841726618705176e-03
2.697841726618705176e-03
2.697841726618705176e-03
2.697841726618705176e-03
2.697841726618705176e-03
2.697841726618705176e-03
2.697841726618705176e-03
2.697841726618705176e-03
2.697841726618705176e-03
2.697841726618705176e-03
2.697841726618705176e-03
2.697841726618705176e-03
2.697841726618705176e-03
2.697841726618705176e-03
2.697841726618705176e-03
2.697841726618705176e-03
2.697841726618705176e-03
2.697841726618705176e-03
2.697841726618705176e-03
2.697841726618705176e-03
2.697841726618705176e-03
2.697841726618705176e-03
2.697841726618705176e-03
2.697841726618705176e-03
2.697841726618705176e-03
2.697841726618705176e-03
2.697841726618705176e-03
2.697841726618705176e-03
2.697841726618705176e-03
2.697841726618705176e-03
2.697841726618705176e-03
2.697841726618705176e-03
2.697841726618705176e-03
2.697841726618705176e-03
2.697841726618705176e-03
2.697841726618705176e-03
2.697841726618705176e-03
2.697841726618705176e-03
2.697841726618705176e-03
2.697841726618705176e-03
2.697841726618705176e-03
2.697841726618705176e-03
2.697841726618705176e-03
2.697841726618705176e-03
2.697841726618705176e-03
2.697841726618705176e-03
2.697841726618705176e-03
2.697841726618705176e-03
2.697841726618705176e-03
2.697841726618705176e-03
2.697841726618705176e-03
2.697841726618705176e-03
2.697841726618705176e-03
2.697841726618705176e-03
2.697841726618705176e-03
2.697841726618705176e-03
2.697841726618705176e-03
2.697841726618705176e-03
2.697841726618705176e-03
2.697841726618705176e-03
2.697841726618705176e-03
2.697841726618705176e-03
2.697841726618705176e-03
2.697841726618705176e-03
2.697841726618705176e-03
2.697841726618705176e-03
2.697841726618705176e-03
2.697841726618705176e-03
2.697841726618705176e-03
2.697841726618705176e-03
2.697841726618705176e-03
2.697841726618705176e-03
2.697841726618705176e-03
2.697841726618705176e-03
2.697841726618705176e-03
2.697841726618705176e-03
2.697841726618705176e-03
2.697841726618705176e-03
2.697841726618705176e-03
2.697841726618705176e-03
2.697841726618705176e-03
2.697841726618705176e-03
2.697841726618705176e-03
2.697841726618705176e-03
2.697841726618705176e-03
2.697841726618705176e-03
2.697841726618705176e-03
2.697841726618705176e-03
2.697841726618705176e-03
2.697841726618705176e-03
2.697841726618705176e-03
2.697841726618705176e-03
2.697841726618705176e-03
2.697841726618705176e-03
2.697841726618705176e-03
2.697841726618705176e-03
2.697841726618705176e-03
2.697841726618705176e-03
2.697841726618705176e-03
2.697841726618705176e-03
2.697841726618705176e-03
2.697841726618705176e-03
2.697841726618705176e-03
2.697841726618705176e-03
2.697841726618705176e-03
2.697841726618705176e-03
2.697841726618705176e-03
2.697841726618705176e-03
2.697841726618705176e-03
2.697841726618705176e-03
2.697841726618705176e-03
2.697841726618705176e-03
2.697841726618705176e-03
2.697841726618705176e-03
2.697841726618705176e-03
2.697841726618705176e-03
2.697841726618705176e-03
2.697841726618705176e-03
2.697841726618705176e-03
2.697841726618705176e-03
2.697841726618705176e-03
2.697841726618705176e-03
2.697841726618705176e-03
2.697841726618705176e-03
2.697841726618705176e-03
2.697841726618705176e-03
2.697841726618705176e-03
2.697841726618705176e-03
2.697841726618705176e-03
2.697841726618705176e-03
2.697841726618705176e-03
2.697841726618705176e-03
2.697841726618705176e-03
2.697841726618705176e-03
2.697841726618705176e-03
2.697841726618705176e-03
2.697841726618705176e-03
2.697841726618705176e-03
2.697841726618705176e-03
2.697841726618705176e-03
2.697841726618705176e-03
2.697841726618705176e-03
2.697841726618705176e-03
2.697841726618705176e-03
2.697841726618705176e-03
2.697841726618705176e-03
2.697841726618705176e-03
2.697841726618705176e-03
2.697841726618705176e-03
2.697841726618705176e-03
2.697841726618705176e-03
2.697841726618705176e-03
2.697841726618705176e-03
2.697841726618705176e-03
2.697841726618705176e-03
2.697841726618705176e-03
2.697841726618705176e-03
2.697841726618705176e-03
2.697841726618705176e-03
2.697841726618705176e-03
2.697841726618705176e-03
2.697841726618705176e-03
2.697841726618705176e-03
2.697841726618705176e-03
2.697841726618705176e-03
2.697841726618705176e-03
2.697841726618705176e-03
2.697841726618705176e-03
2.697841726618705176e-03
2.697841726618705176e-03
2.697841726618705176e-03
2.697841726618705176e-03
2.697841726618705176e-03
2.697841726618705176e-03
2.697841726618705176e-03
2.697841726618705176e-03
2.697841726618705176e-03
2.697841726618705176e-03
2.697841726618705176e-03
2.697841726618705176e-03
2.697841726618705176e-03
2.697841726618705176e-03
2.697841726618705176e-03
2.697841726618705176e-03
2.697841726618705176e-03
2.697841726618705176e-03
2.697841726618705176e-03
2.697841726618705176e-03
2.697841726618705176e-03
2.697841726618705176e-03
2.697841726618705176e-03
2.697841726618705176e-03
2.697841726618705176e-03
2.697841726618705176e-03
2.697841726618705176e-03
2.697841726618705176e-03
2.697841726618705176e-03
2.697841726618705176e-03
2.697841726618705176e-03
2.697841726618705176e-03
2.697841726618705176e-03
2.697841726618705176e-03
2.697841726618705176e-03
2.697841726618705176e-03
2.697841726618705176e-03
2.697841726618705176e-03
2.697841726618705176e-03
2.697841726618705176e-03
2.697841726618705176e-03
2.697841726618705176e-03
2.697841726618705176e-03
2.697841726618705176e-03
2.697841726618705176e-03
2.697841726618705176e-03
2.697841726618705176e-03
2.697841726618705176e-03
2.697841726618705176e-03
2.697841726618705176e-03
2.697841726618705176e-03
2.697841726618705176e-03
2.697841726618705176e-03
2.697841726618705176e-03
2.697841726618705176e-03
2.697841726618705176e-03
2.697841726618705176e-03
2.697841726618705176e-03
2.697841726618705176e-03
2.697841726618705176e-03
2.697841726618705176e-03
2.697841726618705176e-03
2.697841726618705176e-03
2.697841726618705176e-03
2.697841726618705176e-03
2.697841726618705176e-03
2.697841726618705176e-03
2.697841726618705176e-03
2.697841726618705176e-03
2.697841726618705176e-03
2.697841726618705176e-03
2.697841726618705176e-03
2.697841726618705176e-03
2.697841726618705176e-03
2.697841726618705176e-03
2.697841726618705176e-03
2.697841726618705176e-03
2.697841726618705176e-03
2.697841726618705176e-03
2.697841726618705176e-03
2.697841726618705176e-03
2.697841726618705176e-03
2.697841726618705176e-03
2.697841726618705176e-03
2.697841726618705176e-03
2.697841726618705176e-03
2.697841726618705176e-03
2.697841726618705176e-03
2.697841726618705176e-03
2.697841726618705176e-03
2.697841726618705176e-03
2.697841726618705176e-03
2.697841726618705176e-03
2.697841726618705176e-03
2.697841726618705176e-03
2.697841726618705176e-03
2.697841726618705176e-03
2.697841726618705176e-03
2.697841726618705176e-03
2.697841726618705176e-03
2.697841726618705176e-03
2.697841726618705176e-03
2.697841726618705176e-03
2.697841726618705176e-03
2.697841726618705176e-03
2.697841726618705176e-03
2.697841726618705176e-03
2.697841726618705176e-03
2.697841726618705176e-03
2.697841726618705176e-03
2.697841726618705176e-03
2.697841726618705176e-03
2.697841726618705176e-03
2.697841726618705176e-03
2.697841726618705176e-03
2.697841726618705176e-03
2.697841726618705176e-03
2.697841726618705176e-03
2.697841726618705176e-03
2.697841726618705176e-03
2.697841726618705176e-03
2.697841726618705176e-03
2.697841726618705176e-03
2.697841726618705176e-03
2.697841726618705176e-03
2.697841726618705176e-03
2.697841726618705176e-03
2.697841726618705176e-03
2.697841726618705176e-03
2.697841726618705176e-03
2.697841726618705176e-03
2.697841726618705176e-03
2.697841726618705176e-03
2.697841726618705176e-03
2.697841726618705176e-03
2.697841726618705176e-03
2.697841726618705176e-03
2.697841726618705176e-03
2.697841726618705176e-03
2.697841726618705176e-03
2.697841726618705176e-03
2.697841726618705176e-03
2.697841726618705176e-03
2.697841726618705176e-03
2.697841726618705176e-03
2.697841726618705176e-03
2.697841726618705176e-03
2.697841726618705176e-03
2.697841726618705176e-03
2.697841726618705176e-03
2.697841726618705176e-03
2.697841726618705176e-03
2.697841726618705176e-03
2.697841726618705176e-03
2.697841726618705176e-03
2.697841726618705176e-03
2.697841726618705176e-03
2.697841726618705176e-03
2.697841726618705176e-03
2.697841726618705176e-03
2.697841726618705176e-03
2.697841726618705176e-03
2.697841726618705176e-03
2.697841726618705176e-03
2.697841726618705176e-03
2.697841726618705176e-03
2.697841726618705176e-03
2.697841726618705176e-03
2.697841726618705176e-03
2.697841726618705176e-03
2.697841726618705176e-03
2.697841726618705176e-03
2.697841726618705176e-03
2.697841726618705176e-03
2.697841726618705176e-03
2.697841726618705176e-03
2.697841726618705176e-03
2.697841726618705176e-03
2.697841726618705176e-03
2.697841726618705176e-03
2.697841726618705176e-03
2.697841726618705176e-03
2.697841726618705176e-03
2.697841726618705176e-03
2.697841726618705176e-03
2.697841726618705176e-03
2.697841726618705176e-03
2.697841726618705176e-03
2.697841726618705176e-03
2.697841726618705176e-03
2.697841726618705176e-03
2.697841726618705176e-03
2.697841726618705176e-03
2.697841726618705176e-03
2.697841726618705176e-03
2.697841726618705176e-03
2.697841726618705176e-03
2.697841726618705176e-03
2.697841726618705176e-03
2.697841726618705176e-03
2.697841726618705176e-03
2.697841726618705176e-03
2.697841726618705176e-03
2.697841726618705176e-03
2.697841726618705176e-03
2.697841726618705176e-03
2.697841726618705176e-03
2.697841726618705176e-03
2.697841726618705176e-03
2.697841726618705176e-03
2.697841726618705176e-03
2.697841726618705176e-03
2.697841726618705176e-03
2.697841726618705176e-03
2.697841726618705176e-03
2.697841726618705176e-03
2.697841726618705176e-03
2.697841726618705176e-03
2.697841726618705176e-03
2.697841726618705176e-03
2.697841726618705176e-03
2.697841726618705176e-03
2.697841726618705176e-03
2.697841726618705176e-03
2.697841726618705176e-03
2.697841726618705176e-03
2.697841726618705176e-03
2.697841726618705176e-03
2.697841726618705176e-03
2.697841726618705176e-03
2.697841726618705176e-03
2.697841726618705176e-03
2.697841726618705176e-03
2.697841726618705176e-03
2.697841726618705176e-03
2.697841726618705176e-03
2.697841726618705176e-03
2.697841726618705176e-03
2.697841726618705176e-03
2.697841726618705176e-03
2.697841726618705176e-03
2.697841726618705176e-03
2.697841726618705176e-03
2.697841726618705176e-03
2.697841726618705176e-03
2.697841726618705176e-03
2.697841726618705176e-03
2.697841726618705176e-03
2.697841726618705176e-03
2.697841726618705176e-03
2.697841726618705176e-03
2.697841726618705176e-03
2.697841726618705176e-03
2.697841726618705176e-03
2.697841726618705176e-03
2.697841726618705176e-03
2.697841726618705176e-03
2.697841726618705176e-03
2.697841726618705176e-03
2.697841726618705176e-03
2.697841726618705176e-03
2.697841726618705176e-03
2.697841726618705176e-03
2.697841726618705176e-03
2.697841726618705176e-03
2.697841726618705176e-03
2.697841726618705176e-03
2.697841726618705176e-03
2.697841726618705176e-03
2.697841726618705176e-03
2.697841726618705176e-03
2.697841726618705176e-03
2.697841726618705176e-03
2.697841726618705176e-03
2.697841726618705176e-03
2.697841726618705176e-03
2.697841726618705176e-03
2.697841726618705176e-03
2.697841726618705176e-03
2.697841726618705176e-03
2.697841726618705176e-03
2.697841726618705176e-03
2.697841726618705176e-03
2.697841726618705176e-03
2.697841726618705176e-03
2.697841726618705176e-03
2.697841726618705176e-03
2.697841726618705176e-03
2.697841726618705176e-03
2.697841726618705176e-03
2.697841726618705176e-03
2.697841726618705176e-03
2.697841726618705176e-03
2.697841726618705176e-03
2.697841726618705176e-03
2.697841726618705176e-03
2.697841726618705176e-03
2.697841726618705176e-03
2.697841726618705176e-03
2.697841726618705176e-03
2.697841726618705176e-03
2.697841726618705176e-03
2.697841726618705176e-03
2.697841726618705176e-03
2.697841726618705176e-03
2.697841726618705176e-03
2.697841726618705176e-03
2.697841726618705176e-03
2.697841726618705176e-03
2.697841726618705176e-03
2.697841726618705176e-03
2.697841726618705176e-03
2.697841726618705176e-03
2.697841726618705176e-03
2.697841726618705176e-03
2.697841726618705176e-03
2.697841726618705176e-03
2.697841726618705176e-03
2.697841726618705176e-03
2.697841726618705176e-03
2.697841726618705176e-03
2.697841726618705176e-03
2.697841726618705176e-03
2.697841726618705176e-03
2.697841726618705176e-03
2.697841726618705176e-03
2.697841726618705176e-03
2.697841726618705176e-03
2.697841726618705176e-03
2.697841726618705176e-03
2.697841726618705176e-03
2.697841726618705176e-03
2.697841726618705176e-03
2.697841726618705176e-03
2.697841726618705176e-03
2.697841726618705176e-03
2.697841726618705176e-03
2.697841726618705176e-03
2.697841726618705176e-03
2.697841726618705176e-03
2.697841726618705176e-03
2.697841726618705176e-03
2.697841726618705176e-03
2.697841726618705176e-03
2.697841726618705176e-03
2.697841726618705176e-03
2.697841726618705176e-03
2.697841726618705176e-03
2.697841726618705176e-03
2.697841726618705176e-03
2.697841726618705176e-03
2.697841726618705176e-03
2.697841726618705176e-03
2.697841726618705176e-03
2.697841726618705176e-03
2.697841726618705176e-03
2.697841726618705176e-03
2.697841726618705176e-03
2.697841726618705176e-03
2.697841726618705176e-03
2.697841726618705176e-03
2.697841726618705176e-03
2.697841726618705176e-03
2.697841726618705176e-03
2.697841726618705176e-03
2.697841726618705176e-03
2.697841726618705176e-03
2.697841726618705176e-03
2.697841726618705176e-03
2.697841726618705176e-03
2.697841726618705176e-03
2.697841726618705176e-03
2.697841726618705176e-03
2.697841726618705176e-03
2.697841726618705176e-03
2.697841726618705176e-03
2.697841726618705176e-03
2.697841726618705176e-03
2.697841726618705176e-03
2.697841726618705176e-03
2.697841726618705176e-03
2.697841726618705176e-03
2.697841726618705176e-03
2.697841726618705176e-03
2.697841726618705176e-03
2.697841726618705176e-03
2.697841726618705176e-03
2.697841726618705176e-03
2.697841726618705176e-03
2.697841726618705176e-03
2.697841726618705176e-03
2.697841726618705176e-03
2.697841726618705176e-03
2.697841726618705176e-03
2.697841726618705176e-03
2.697841726618705176e-03
2.697841726618705176e-03
2.697841726618705176e-03
2.697841726618705176e-03
2.697841726618705176e-03
2.697841726618705176e-03
2.697841726618705176e-03
2.697841726618705176e-03
2.697841726618705176e-03
2.697841726618705176e-03
2.697841726618705176e-03
2.697841726618705176e-03
2.697841726618705176e-03
2.697841726618705176e-03
2.697841726618705176e-03
2.697841726618705176e-03
2.697841726618705176e-03
2.697841726618705176e-03
2.697841726618705176e-03
2.697841726618705176e-03
2.697841726618705176e-03
2.697841726618705176e-03
2.697841726618705176e-03
2.697841726618705176e-03
2.697841726618705176e-03
2.697841726618705176e-03
2.697841726618705176e-03
2.697841726618705176e-03
2.697841726618705176e-03
2.697841726618705176e-03
2.697841726618705176e-03
2.697841726618705176e-03
2.697841726618705176e-03
2.697841726618705176e-03
2.697841726618705176e-03
2.697841726618705176e-03
2.697841726618705176e-03
2.697841726618705176e-03
2.697841726618705176e-03
2.697841726618705176e-03
2.697841726618705176e-03
2.697841726618705176e-03
2.697841726618705176e-03
2.697841726618705176e-03
2.697841726618705176e-03
2.697841726618705176e-03
2.697841726618705176e-03
2.697841726618705176e-03
2.697841726618705176e-03
2.697841726618705176e-03
2.697841726618705176e-03
2.697841726618705176e-03
2.697841726618705176e-03
2.697841726618705176e-03
2.697841726618705176e-03
2.697841726618705176e-03
2.697841726618705176e-03
2.697841726618705176e-03
2.697841726618705176e-03
2.697841726618705176e-03
2.697841726618705176e-03
2.697841726618705176e-03
2.697841726618705176e-03
2.697841726618705176e-03
2.697841726618705176e-03
2.697841726618705176e-03
2.697841726618705176e-03
2.697841726618705176e-03
2.697841726618705176e-03
2.697841726618705176e-03
2.697841726618705176e-03
2.697841726618705176e-03
2.697841726618705176e-03
2.697841726618705176e-03
2.697841726618705176e-03
2.697841726618705176e-03
2.697841726618705176e-03
2.697841726618705176e-03
2.697841726618705176e-03
2.697841726618705176e-03
2.697841726618705176e-03
2.697841726618705176e-03
2.697841726618705176e-03
2.697841726618705176e-03
2.697841726618705176e-03
2.697841726618705176e-03
2.697841726618705176e-03
2.697841726618705176e-03
2.697841726618705176e-03
2.697841726618705176e-03
2.697841726618705176e-03
2.697841726618705176e-03
2.697841726618705176e-03
2.697841726618705176e-03
2.697841726618705176e-03
2.697841726618705176e-03
2.697841726618705176e-03
2.697841726618705176e-03
2.697841726618705176e-03
2.697841726618705176e-03
2.697841726618705176e-03
2.697841726618705176e-03
2.697841726618705176e-03
2.697841726618705176e-03
2.697841726618705176e-03
2.697841726618705176e-03
2.697841726618705176e-03
2.697841726618705176e-03
2.697841726618705176e-03
2.697841726618705176e-03
2.697841726618705176e-03
2.697841726618705176e-03
2.697841726618705176e-03
2.697841726618705176e-03
2.697841726618705176e-03
2.697841726618705176e-03
2.697841726618705176e-03
2.697841726618705176e-03
2.697841726618705176e-03
2.697841726618705176e-03
2.697841726618705176e-03
2.697841726618705176e-03
2.697841726618705176e-03
2.697841726618705176e-03
2.697841726618705176e-03
2.697841726618705176e-03
2.697841726618705176e-03
2.697841726618705176e-03
2.697841726618705176e-03
2.697841726618705176e-03
2.697841726618705176e-03
2.697841726618705176e-03
2.697841726618705176e-03
2.697841726618705176e-03
2.697841726618705176e-03
2.697841726618705176e-03
2.697841726618705176e-03
2.697841726618705176e-03
2.697841726618705176e-03
2.697841726618705176e-03
2.697841726618705176e-03
2.697841726618705176e-03
2.697841726618705176e-03
2.697841726618705176e-03
2.697841726618705176e-03
2.697841726618705176e-03
2.697841726618705176e-03
2.697841726618705176e-03
2.697841726618705176e-03
2.697841726618705176e-03
2.697841726618705176e-03
2.697841726618705176e-03
2.697841726618705176e-03
2.697841726618705176e-03
2.697841726618705176e-03
2.697841726618705176e-03
2.697841726618705176e-03
2.697841726618705176e-03
2.697841726618705176e-03
2.697841726618705176e-03
2.697841726618705176e-03
2.697841726618705176e-03
2.697841726618705176e-03
2.697841726618705176e-03
2.697841726618705176e-03
2.697841726618705176e-03
2.697841726618705176e-03
2.697841726618705176e-03
2.697841726618705176e-03
2.697841726618705176e-03
2.697841726618705176e-03
2.697841726618705176e-03
2.697841726618705176e-03
2.697841726618705176e-03
2.697841726618705176e-03
2.697841726618705176e-03
2.697841726618705176e-03
2.697841726618705176e-03
2.697841726618705176e-03
2.697841726618705176e-03
2.697841726618705176e-03
2.697841726618705176e-03
2.697841726618705176e-03
2.697841726618705176e-03
2.697841726618705176e-03
2.697841726618705176e-03
2.697841726618705176e-03
2.697841726618705176e-03
2.697841726618705176e-03
2.697841726618705176e-03
2.697841726618705176e-03
2.697841726618705176e-03
2.697841726618705176e-03
2.697841726618705176e-03
2.697841726618705176e-03
2.697841726618705176e-03
2.697841726618705176e-03
2.697841726618705176e-03
2.697841726618705176e-03
2.697841726618705176e-03
2.697841726618705176e-03
2.697841726618705176e-03
2.697841726618705176e-03
2.697841726618705176e-03
2.697841726618705176e-03
2.697841726618705176e-03
2.697841726618705176e-03
2.697841726618705176e-03
2.697841726618705176e-03
2.697841726618705176e-03
2.697841726618705176e-03
2.697841726618705176e-03
2.697841726618705176e-03
2.697841726618705176e-03
2.697841726618705176e-03
2.697841726618705176e-03
2.697841726618705176e-03
2.697841726618705176e-03
2.697841726618705176e-03
2.697841726618705176e-03
2.697841726618705176e-03
2.697841726618705176e-03
2.697841726618705176e-03
2.697841726618705176e-03
2.697841726618705176e-03
2.697841726618705176e-03
2.697841726618705176e-03
2.697841726618705176e-03
2.697841726618705176e-03
2.697841726618705176e-03
2.697841726618705176e-03
2.697841726618705176e-03
2.697841726618705176e-03
2.697841726618705176e-03
2.697841726618705176e-03
2.697841726618705176e-03
2.697841726618705176e-03
2.697841726618705176e-03
2.697841726618705176e-03
2.697841726618705176e-03
2.697841726618705176e-03
2.697841726618705176e-03
2.697841726618705176e-03
2.697841726618705176e-03
2.697841726618705176e-03
2.697841726618705176e-03
2.697841726618705176e-03
2.697841726618705176e-03
2.697841726618705176e-03
2.697841726618705176e-03
2.697841726618705176e-03
2.697841726618705176e-03
2.697841726618705176e-03
2.697841726618705176e-03
2.697841726618705176e-03
2.697841726618705176e-03
2.697841726618705176e-03
2.697841726618705176e-03
2.697841726618705176e-03
2.697841726618705176e-03
2.697841726618705176e-03
2.697841726618705176e-03
2.697841726618705176e-03
2.697841726618705176e-03
2.697841726618705176e-03
2.697841726618705176e-03
2.697841726618705176e-03
2.697841726618705176e-03
2.697841726618705176e-03
2.697841726618705176e-03
2.697841726618705176e-03
2.697841726618705176e-03
2.697841726618705176e-03
2.697841726618705176e-03
2.697841726618705176e-03
2.697841726618705176e-03
2.697841726618705176e-03
2.697841726618705176e-03
2.697841726618705176e-03
2.697841726618705176e-03
2.697841726618705176e-03
2.697841726618705176e-03
2.697841726618705176e-03
2.697841726618705176e-03
2.697841726618705176e-03
2.697841726618705176e-03
2.697841726618705176e-03
2.697841726618705176e-03
2.697841726618705176e-03
2.697841726618705176e-03
2.697841726618705176e-03
2.697841726618705176e-03
2.697841726618705176e-03
2.697841726618705176e-03
2.697841726618705176e-03
2.697841726618705176e-03
2.697841726618705176e-03
2.697841726618705176e-03
2.697841726618705176e-03
2.697841726618705176e-03
2.697841726618705176e-03
2.697841726618705176e-03
2.697841726618705176e-03
2.697841726618705176e-03
2.697841726618705176e-03
2.697841726618705176e-03
2.697841726618705176e-03
2.697841726618705176e-03
2.697841726618705176e-03
2.697841726618705176e-03
2.697841726618705176e-03
2.697841726618705176e-03
2.697841726618705176e-03
2.697841726618705176e-03
2.697841726618705176e-03
2.697841726618705176e-03
2.697841726618705176e-03
2.697841726618705176e-03
2.697841726618705176e-03
2.697841726618705176e-03
2.697841726618705176e-03
2.697841726618705176e-03
2.697841726618705176e-03
2.697841726618705176e-03
2.697841726618705176e-03
2.697841726618705176e-03
2.697841726618705176e-03
2.697841726618705176e-03
2.697841726618705176e-03
2.697841726618705176e-03
2.697841726618705176e-03
2.697841726618705176e-03
2.697841726618705176e-03
2.697841726618705176e-03
2.697841726618705176e-03
2.697841726618705176e-03
2.697841726618705176e-03
2.697841726618705176e-03
2.697841726618705176e-03
2.697841726618705176e-03
2.697841726618705176e-03
2.697841726618705176e-03
2.697841726618705176e-03
2.697841726618705176e-03
2.697841726618705176e-03
2.697841726618705176e-03
2.697841726618705176e-03
2.697841726618705176e-03
2.697841726618705176e-03
2.697841726618705176e-03
2.697841726618705176e-03
2.697841726618705176e-03
2.697841726618705176e-03
2.697841726618705176e-03
2.697841726618705176e-03
2.697841726618705176e-03
2.697841726618705176e-03
2.697841726618705176e-03
2.697841726618705176e-03
2.697841726618705176e-03
2.697841726618705176e-03
2.697841726618705176e-03
2.697841726618705176e-03
2.697841726618705176e-03
2.697841726618705176e-03
2.697841726618705176e-03
2.697841726618705176e-03
2.697841726618705176e-03
2.697841726618705176e-03
2.697841726618705176e-03
2.697841726618705176e-03
2.697841726618705176e-03
2.697841726618705176e-03
2.697841726618705176e-03
2.697841726618705176e-03
2.697841726618705176e-03
2.697841726618705176e-03
2.697841726618705176e-03
2.697841726618705176e-03
2.697841726618705176e-03
2.697841726618705176e-03
2.697841726618705176e-03
2.697841726618705176e-03
2.697841726618705176e-03
2.697841726618705176e-03
2.697841726618705176e-03
2.697841726618705176e-03
2.697841726618705176e-03
2.697841726618705176e-03
2.697841726618705176e-03
2.697841726618705176e-03
2.697841726618705176e-03
2.697841726618705176e-03
2.697841726618705176e-03
2.697841726618705176e-03
2.697841726618705176e-03
2.697841726618705176e-03
2.697841726618705176e-03
2.697841726618705176e-03
2.697841726618705176e-03
2.697841726618705176e-03
2.697841726618705176e-03
2.697841726618705176e-03
2.697841726618705176e-03
2.697841726618705176e-03
2.697841726618705176e-03
2.697841726618705176e-03
2.697841726618705176e-03
2.697841726618705176e-03
2.697841726618705176e-03
2.697841726618705176e-03
2.697841726618705176e-03
2.697841726618705176e-03
2.697841726618705176e-03
2.697841726618705176e-03
2.697841726618705176e-03
2.697841726618705176e-03
2.697841726618705176e-03
2.697841726618705176e-03
2.697841726618705176e-03
2.697841726618705176e-03
2.697841726618705176e-03
2.697841726618705176e-03
2.697841726618705176e-03
2.697841726618705176e-03
2.697841726618705176e-03
2.697841726618705176e-03
2.697841726618705176e-03
2.697841726618705176e-03
2.697841726618705176e-03
2.697841726618705176e-03
2.697841726618705176e-03
2.697841726618705176e-03
2.697841726618705176e-03
2.697841726618705176e-03
2.697841726618705176e-03
2.697841726618705176e-03
2.697841726618705176e-03
2.697841726618705176e-03
2.697841726618705176e-03
2.697841726618705176e-03
2.697841726618705176e-03
2.697841726618705176e-03
2.697841726618705176e-03
2.697841726618705176e-03
2.697841726618705176e-03
2.697841726618705176e-03
2.697841726618705176e-03
2.697841726618705176e-03
2.697841726618705176e-03
2.697841726618705176e-03
2.697841726618705176e-03
2.697841726618705176e-03
2.697841726618705176e-03
2.697841726618705176e-03
2.697841726618705176e-03
2.697841726618705176e-03
2.697841726618705176e-03
2.697841726618705176e-03
2.697841726618705176e-03
2.697841726618705176e-03
2.697841726618705176e-03
2.697841726618705176e-03
2.697841726618705176e-03
2.697841726618705176e-03
2.697841726618705176e-03
2.697841726618705176e-03
2.697841726618705176e-03
2.697841726618705176e-03
2.697841726618705176e-03
2.697841726618705176e-03
2.697841726618705176e-03
2.697841726618705176e-03
2.697841726618705176e-03
2.697841726618705176e-03
2.697841726618705176e-03
2.697841726618705176e-03
2.697841726618705176e-03
2.697841726618705176e-03
2.697841726618705176e-03
2.697841726618705176e-03
2.697841726618705176e-03
2.697841726618705176e-03
2.697841726618705176e-03
2.697841726618705176e-03
2.697841726618705176e-03
2.697841726618705176e-03
2.697841726618705176e-03
2.697841726618705176e-03
1.798561151079136784e-03
1.798561151079136784e-03
1.798561151079136784e-03
1.798561151079136784e-03
1.798561151079136784e-03
1.798561151079136784e-03
1.798561151079136784e-03
1.798561151079136784e-03
1.798561151079136784e-03
1.798561151079136784e-03
1.798561151079136784e-03
1.798561151079136784e-03
1.798561151079136784e-03
1.798561151079136784e-03
1.798561151079136784e-03
1.798561151079136784e-03
1.798561151079136784e-03
1.798561151079136784e-03
1.798561151079136784e-03
1.798561151079136784e-03
1.798561151079136784e-03
1.798561151079136784e-03
1.798561151079136784e-03
1.798561151079136784e-03
1.798561151079136784e-03
1.798561151079136784e-03
1.798561151079136784e-03
1.798561151079136784e-03
1.798561151079136784e-03
1.798561151079136784e-03
1.798561151079136784e-03
1.798561151079136784e-03
1.798561151079136784e-03
1.798561151079136784e-03
1.798561151079136784e-03
1.798561151079136784e-03
1.798561151079136784e-03
1.798561151079136784e-03
1.798561151079136784e-03
1.798561151079136784e-03
1.798561151079136784e-03
1.798561151079136784e-03
1.798561151079136784e-03
1.798561151079136784e-03
1.798561151079136784e-03
1.798561151079136784e-03
1.798561151079136784e-03
1.798561151079136784e-03
1.798561151079136784e-03
1.798561151079136784e-03
1.798561151079136784e-03
1.798561151079136784e-03
1.798561151079136784e-03
1.798561151079136784e-03
1.798561151079136784e-03
1.798561151079136784e-03
1.798561151079136784e-03
1.798561151079136784e-03
1.798561151079136784e-03
1.798561151079136784e-03
1.798561151079136784e-03
1.798561151079136784e-03
1.798561151079136784e-03
1.798561151079136784e-03
1.798561151079136784e-03
1.798561151079136784e-03
1.798561151079136784e-03
1.798561151079136784e-03
1.798561151079136784e-03
1.798561151079136784e-03
1.798561151079136784e-03
1.798561151079136784e-03
1.798561151079136784e-03
1.798561151079136784e-03
1.798561151079136784e-03
1.798561151079136784e-03
1.798561151079136784e-03
1.798561151079136784e-03
1.798561151079136784e-03
1.798561151079136784e-03
1.798561151079136784e-03
1.798561151079136784e-03
1.798561151079136784e-03
1.798561151079136784e-03
1.798561151079136784e-03
1.798561151079136784e-03
1.798561151079136784e-03
1.798561151079136784e-03
1.798561151079136784e-03
1.798561151079136784e-03
1.798561151079136784e-03
1.798561151079136784e-03
1.798561151079136784e-03
1.798561151079136784e-03
1.798561151079136784e-03
1.798561151079136784e-03
1.798561151079136784e-03
1.798561151079136784e-03
1.798561151079136784e-03
1.798561151079136784e-03
1.798561151079136784e-03
1.798561151079136784e-03
1.798561151079136784e-03
1.798561151079136784e-03
1.798561151079136784e-03
1.798561151079136784e-03
1.798561151079136784e-03
1.798561151079136784e-03
1.798561151079136784e-03
1.798561151079136784e-03
1.798561151079136784e-03
1.798561151079136784e-03
1.798561151079136784e-03
1.798561151079136784e-03
1.798561151079136784e-03
1.798561151079136784e-03
1.798561151079136784e-03
1.798561151079136784e-03
1.798561151079136784e-03
1.798561151079136784e-03
1.798561151079136784e-03
1.798561151079136784e-03
1.798561151079136784e-03
1.798561151079136784e-03
1.798561151079136784e-03
1.798561151079136784e-03
1.798561151079136784e-03
1.798561151079136784e-03
1.798561151079136784e-03
1.798561151079136784e-03
1.798561151079136784e-03
1.798561151079136784e-03
1.798561151079136784e-03
1.798561151079136784e-03
1.798561151079136784e-03
1.798561151079136784e-03
1.798561151079136784e-03
1.798561151079136784e-03
1.798561151079136784e-03
1.798561151079136784e-03
1.798561151079136784e-03
1.798561151079136784e-03
1.798561151079136784e-03
1.798561151079136784e-03
1.798561151079136784e-03
1.798561151079136784e-03
1.798561151079136784e-03
1.798561151079136784e-03
1.798561151079136784e-03
1.798561151079136784e-03
1.798561151079136784e-03
1.798561151079136784e-03
1.798561151079136784e-03
1.798561151079136784e-03
1.798561151079136784e-03
1.798561151079136784e-03
1.798561151079136784e-03
1.798561151079136784e-03
1.798561151079136784e-03
1.798561151079136784e-03
1.798561151079136784e-03
1.798561151079136784e-03
1.798561151079136784e-03
1.798561151079136784e-03
1.798561151079136784e-03
1.798561151079136784e-03
1.798561151079136784e-03
1.798561151079136784e-03
1.798561151079136784e-03
1.798561151079136784e-03
1.798561151079136784e-03
1.798561151079136784e-03
1.798561151079136784e-03
1.798561151079136784e-03
1.798561151079136784e-03
1.798561151079136784e-03
1.798561151079136784e-03
1.798561151079136784e-03
1.798561151079136784e-03
1.798561151079136784e-03
1.798561151079136784e-03
1.798561151079136784e-03
1.798561151079136784e-03
1.798561151079136784e-03
1.798561151079136784e-03
1.798561151079136784e-03
1.798561151079136784e-03
1.798561151079136784e-03
1.798561151079136784e-03
1.798561151079136784e-03
1.798561151079136784e-03
1.798561151079136784e-03
1.798561151079136784e-03
1.798561151079136784e-03
1.798561151079136784e-03
1.798561151079136784e-03
1.798561151079136784e-03
1.798561151079136784e-03
1.798561151079136784e-03
1.798561151079136784e-03
1.798561151079136784e-03
1.798561151079136784e-03
1.798561151079136784e-03
1.798561151079136784e-03
1.798561151079136784e-03
1.798561151079136784e-03
1.798561151079136784e-03
1.798561151079136784e-03
1.798561151079136784e-03
