0.00000000
0.07719931
0.12363201
0.17500175
0.22127661
0.26222859
0.28403750
0.30221158
0.31699200
0.33274141
0.33718299
0.34865306
0.36884843
0.37676260
0.39429215
0.39849258
0.41093164
0.42175716
0.43209600
0.44186923
0.45051124
0.45204585
0.46416483
0.46973763
0.47240345
0.48023870
0.48936739
0.49203322
0.49566803
0.49720264
0.50406889
0.50907608
0.51949823
0.55407941
0.56240135
0.56660177
0.57136781
0.57290242
0.58453471
0.58606931
0.58970413
0.59293556
0.59939844
0.60190203
0.60763706
0.61127188
0.62209741
0.63316409
0.63526430
0.64309955
0.64560314
0.65642867
0.66216370
0.66466730
0.67476499
0.68195570
0.68962871
0.70578589
0.72485005
0.72791925
0.74237960
0.74795240
0.74948700
0.75352520
0.75958469
0.76111930
0.77501403
0.77961784
0.79464380
0.80522379
0.80675839
0.81782507
0.82994405
0.83931390
0.84957382
0.85223964
0.86160949
0.86467870
0.89231032
0.90216248
0.91080448
0.91540829
0.94562682
0.99386159
0.21487748
