0.00000000
0.00330812
0.00608535
0.01019499
0.01343545
0.01542261
0.01750034
0.01955516
0.02156524
0.02460165
0.02658881
0.02833863
0.03076611
0.03296770
0.03529423
0.03878242
0.04099547
0.04464295
0.04707043
0.05037962
0.05409369
0.05526787
0.05748199
0.05916415
0.06216727
0.06710135
0.07011592
0.07299410
0.07884211
0.08085218
0.08295175
0.08471303
0.08708323
0.08957730
0.09272612
0.09429480
0.09795374
0.10113800
0.10201864
0.10357693
0.10628544
0.10823930
0.11041799
0.11200958
0.11436833
0.11855709
0.12158204
0.12466427
0.12711466
0.12934955
0.13229647
0.13391097
0.13553693
0.13912713
0.14148696
0.14597964
0.14716528
0.15248240
0.15590293
0.15758509
0.16155941
0.16656008
0.17342404
0.17516240
0.17813116
0.18366271
0.18978135
0.19421783
0.19713038
0.19903843
0.20037084
0.20223307
0.20339580
0.20495302
0.20690582
0.20946862
0.21124135
0.21424447
0.21541865
0.21708936
0.21826354
0.22034020
0.22194325
0.22485580
0.22868228
0.23000323
0.23300635
0.23422528
0.23580542
0.23781442
0.23919158
0.23992545
0.24212704
0.24479079
0.24581820
0.24677795
0.24772625
0.24860689
0.24948753
0.25066171
0.25219710
0.25337128
0.25578731
0.25705206
0.25865511
0.25973872
0.26063081
0.27038441
0.27668312
0.28018276
0.28271120
0.28424659
0.28535311
0.28652729
0.28816364
0.28889750
0.28999257
0.29079409
0.29138119
0.29196828
0.29366189
0.29424899
0.29567197
0.29894572
0.30013136
0.30167820
0.30241206
0.30452202
0.30510911
0.30723159
0.30894812
0.31004319
0.31092382
0.31224478
0.31327219
0.31562056
0.31827392
0.31886102
0.31995609
0.32076906
0.32135616
0.32309452
0.32368161
0.32557821
0.32616530
0.32676384
0.32763303
0.32880721
0.32939430
0.33004905
0.33092969
0.33211533
0.33375274
0.33463338
0.33543490
0.33602199
0.33720763
0.33830270
0.33918334
0.34012018
0.34146405
0.34227703
0.34323678
0.34411741
0.34529160
0.34644287
0.34717674
0.34847478
0.34928776
0.35060872
0.35163613
0.35379190
0.35528147
0.35637654
0.35718952
0.35876966
0.35957118
0.36077973
0.36216834
0.36382759
0.36449380
0.36522766
0.36643514
0.36749692
0.36878458
0.37041054
0.37099763
0.37143795
0.37261213
0.37435050
0.37531025
0.37582968
0.37641677
0.37736507
0.37948755
0.38028907
0.38116971
0.38261453
0.38326928
0.38407080
0.38521062
0.38695937
0.38853951
0.38976990
0.39006344
0.39035699
0.39065053
0.39207244
0.39295308
0.39394720
0.39520049
0.39609259
0.39792152
0.40077679
0.40193952
0.40239130
0.40319282
0.40442321
0.40486353
0.40530384
0.40595860
0.40840684
0.40987457
0.41054078
0.41098110
0.41182737
0.41226769
0.41270801
0.41322744
0.41391656
0.41450365
0.41516985
0.41590372
0.41670524
0.41901817
0.42040679
0.42223572
0.42299250
0.42413232
0.42512536
0.42585923
0.42644632
0.42703341
0.42783493
0.42880614
0.42947235
0.43019476
0.43135748
0.43238489
0.43355908
0.43421383
0.43501535
0.43568156
0.43662985
0.43765726
0.43824436
0.43868467
0.43912499
0.43956531
0.44000563
0.44107779
0.44221761
0.44295147
0.44383211
0.44489282
0.44596498
0.44640529
0.44684561
0.44901284
0.44945316
0.45004025
0.45113532
0.45201596
0.45274982
0.45361901
0.45449964
0.45542503
0.45636187
0.45694896
0.45816790
0.45947740
0.46021126
0.46065158
0.46153222
0.46270640
0.46314672
0.46402736
0.46490800
0.46534832
0.46578863
0.46622895
0.46666927
0.46710959
0.46754991
0.46799023
0.46843055
0.46887087
0.46931118
0.46995448
0.47089132
0.47162519
0.47221228
0.47279937
0.47408596
0.47481983
0.47555369
0.47644578
0.47748465
0.47841003
0.47941454
0.48030663
0.48152556
0.48247386
0.48379481
0.48468691
0.48548843
0.48660641
0.48813034
0.48893187
0.48985725
0.49090757
0.49156232
0.49336835
0.49395544
0.49454253
0.49553558
0.49615703
0.49683469
0.49960047
0.50019902
0.50063933
0.50119206
0.50167713
0.50376524
0.50443145
0.50506329
0.50565038
0.50662159
0.50712957
0.50782907
0.50824648
0.50961218
0.50991718
0.51022218
0.51052718
0.51083218
0.51113719
0.51144219
0.51173573
0.51223225
0.51260491
0.51398100
0.51459101
0.51495221
0.51564133
0.51592342
0.51620551
0.51648760
0.51676969
0.51730058
0.51787621
0.51866628
0.51905040
0.51997685
0.52033806
0.52069926
0.52126345
0.52170376
0.52295706
0.52338593
0.52381479
0.52404068
0.52426656
0.52449245
0.52471834
0.52494422
0.52517011
0.52573429
0.52712291
0.52780057
0.52857918
0.52879361
0.52900805
0.52922248
0.53020407
0.53189661
0.53253991
0.53318321
0.53406384
0.53436884
0.53493303
0.53530569
0.53567835
0.53605101
0.53642367
0.53773317
0.53832026
0.53916760
0.54053331
0.54110894
0.54168458
0.54233933
0.54298263
0.54366029
0.54433795
0.54477827
0.54533099
0.54680911
0.54746386
0.54789272
0.54852456
0.54922406
0.54965293
0.54979970
0.54994647
0.55009325
0.55024002
0.55038679
0.55053356
0.55068034
0.55082711
0.55097388
0.55112066
0.55126743
0.55141420
0.55156097
0.55170775
0.55185452
0.55200129
0.55214807
0.55229484
0.55244161
0.55258838
0.55273516
0.55288193
0.55302870
0.55317548
0.55332225
0.55346902
0.55361580
0.55376257
0.55390934
0.55405611
0.55420289
0.55434966
0.55449643
0.55464321
0.55478998
0.55596416
0.55647214
0.55698012
0.55748810
0.55770253
0.55792841
0.55815430
0.55844785
0.55874139
0.55903494
0.55932848
0.55962203
0.55991558
0.56020912
0.56050267
0.56079621
0.56108976
0.56138331
0.56239926
0.56297490
0.56325699
0.56384408
0.56492769
0.56635067
0.56670042
0.56727606
0.56771638
0.56870943
0.56980450
0.57024481
0.57068513
0.57112545
0.57156577
0.57200609
0.57244641
0.57288673
0.57332705
0.57376736
0.57420768
0.57464800
0.57508832
0.57552864
0.57596896
0.57690580
0.57854214
0.57905012
0.57943423
0.57981835
0.58055221
0.58138703
0.58190646
0.58261742
0.58346369
0.58408408
0.58475028
0.58533737
0.58592447
0.58651156
0.58721106
0.58784290
0.58916385
0.59010070
0.59075545
0.59178286
0.59259584
0.59447990
0.59521377
0.59621827
0.59708745
0.59782132
0.59855518
0.59935670
0.60023734
0.60152393
0.60277723
0.60357875
0.60539623
0.60654751
0.60765403
0.60952771
0.60982126
0.61107456
0.61136810
0.61179697
0.61209051
0.61279001
0.61308356
0.61337710
0.61367065
0.61396420
0.61425774
0.61455129
0.61484483
0.61513838
0.61543193
0.61572547
0.61601902
0.61631256
0.61660611
0.61689965
0.61719320
0.61748675
0.61778029
0.61807384
0.61836738
0.61866093
0.61895448
0.61924802
0.61954157
0.61983511
0.62012866
0.62042220
0.62071575
0.62100930
0.62130284
0.62159639
0.62188993
0.62218348
0.62247703
0.62277057
0.62306412
0.62335766
0.62371887
0.62450894
0.62480248
0.62536666
0.62566021
0.62602142
0.62631496
0.62667617
0.62696971
0.62739858
0.62769212
0.62806478
0.62835833
0.62895687
0.62925042
0.62974694
0.63004049
0.63046935
0.63083056
0.63139474
0.63191417
0.63259183
0.63317892
0.63496204
0.63554913
0.63667749
0.63697104
0.63762579
0.63806611
0.63891238
0.63928504
0.64007511
0.64057163
0.64133879
0.64171145
0.64231000
0.64304386
0.64391305
0.64435336
0.64521109
0.64571907
0.64672357
0.64716389
0.64790921
0.64871073
0.64985055
0.65029087
0.65109239
0.65153271
0.65233424
0.65277455
0.65321487
0.65365519
0.65409551
0.65453583
0.65497615
0.65541647
0.65585679
0.65629710
0.65673742
0.65717774
0.65761806
0.65805838
0.65849870
0.65893902
0.65937934
0.65981965
0.66025997
0.66070029
0.66114061
0.66158093
0.66202125
0.66246157
0.66290189
0.66334220
0.66398550
0.66442582
0.66493380
0.66537412
0.66588209
0.66632241
0.66683039
0.66727071
0.66799312
0.66843344
0.66900907
0.66944939
0.67003648
0.67047680
0.67098478
0.67157187
0.67247542
0.67306251
0.67402226
0.67490290
0.67612183
0.67657361
0.67722836
0.67781545
0.67874084
0.67924881
0.67975679
0.68071654
0.68190218
0.68278282
0.68373112
0.68446498
0.68535707
0.68594416
0.68666657
0.68725367
0.68784076
0.68842785
0.68901494
0.68960203
0.69018912
0.69077622
0.69136331
0.69195040
0.69260515
0.69319224
0.69384699
0.69480674
0.69594763
0.69682827
0.69770891
0.69858955
0.69947018
0.70020405
0.70093791
0.70196532
0.70360166
0.70456142
0.70575851
0.70678592
0.70836606
0.70926960
0.71017315
0.71134733
0.71274740
0.71399963
0.71550066
0.71622306
0.71708079
0.71858289
0.72008391
0.72023068
0.72098746
0.72113423
0.72142778
0.72150689
0.72178898
0.72185664
0.72229696
0.72273728
0.72324526
0.72434032
0.72462242
0.72483685
0.72498362
0.72534483
0.72578514
0.72607869
0.72666578
0.72709465
0.72722996
0.72795237
0.72817826
0.72861858
0.72876535
0.72920567
0.73052663
0.73096695
0.73155404
0.73163315
0.73200581
0.73215258
0.73237847
0.73289790
0.73319145
0.73413975
0.73471538
0.73530247
0.73559602
0.73603634
0.73611545
0.73655577
0.73684932
0.73699609
0.73792255
0.73836287
0.73836287
0.73899471
0.73979623
0.74023655
0.74038332
0.74074453
0.74103807
0.74147839
0.74177194
0.74214460
0.74273169
0.74287846
0.74317201
0.74465012
0.74502278
0.74516955
0.74531633
0.74551930
0.74566608
0.74595962
0.74646760
0.74661437
0.74705469
0.74726912
0.74756267
0.74805919
0.74834128
0.74893983
0.74974135
0.75010256
0.75039610
0.75068965
0.75194295
0.75194295
0.75266536
0.75282359
0.75338777
0.75382809
0.75404252
0.75492316
0.75551025
0.75609734
0.75668443
0.75697798
0.75742975
0.75757652
0.75882875
0.75949496
0.75978850
0.76002584
0.76017262
0.76046616
0.76104180
0.76133534
0.76178712
0.76208066
0.76302896
0.76316428
0.76331105
0.76375137
0.76404492
0.76463201
0.76507233
0.76523055
0.76581765
0.76663062
0.76716151
0.76722917
0.76796304
0.76841481
0.76856158
0.76870836
0.76929545
0.76999495
0.77043527
0.77058204
0.77095470
0.77110147
0.77124824
0.77154179
0.77168856
0.77204977
0.77211743
0.77241097
0.77293041
0.77365282
0.77409313
0.77454491
0.77475934
0.77490611
0.77535789
0.77579820
0.77609175
0.77749289
0.77763966
0.77779789
0.77823821
0.77900644
0.77945821
0.78033885
0.78070006
0.78108417
0.78137772
0.78152449
0.78167126
0.78181804
0.78254045
0.78317229
0.78361261
0.78377083
0.78391761
0.78406438
0.78435792
0.78465147
0.78522711
0.78553211
0.78597243
0.78641275
0.78662718
0.78878188
0.78886100
0.78930131
0.78936897
0.78980929
0.79053170
0.79082525
0.79127702
0.79163823
0.79209000
0.79222532
0.79360248
0.79432489
0.79432489
0.79453932
0.79538559
0.79560002
0.79566768
0.79581446
0.79640155
0.79671800
0.79701155
0.79730509
0.79730509
0.79761010
0.79775687
0.79865935
0.79879466
0.79879466
0.79923498
0.79923498
0.79959619
0.79974296
0.80031860
0.80062360
0.80098480
0.80150424
0.80202367
0.80231721
0.80254310
0.80310728
0.80326551
0.80382969
0.80492476
0.80507153
0.80551185
0.80609894
0.80616660
0.80616660
0.80630192
0.80644869
0.80652781
0.80680990
0.80756667
0.80771345
0.80771345
0.80808611
0.80881997
0.80919263
0.80963295
0.81014093
0.81087479
0.81116834
0.81196986
0.81259025
0.81300766
0.81330120
0.81371861
0.81415893
0.81454304
0.81490425
0.81534457
0.81619084
0.81633761
0.81649584
0.81699236
0.81760237
0.81789591
0.81803123
0.81861832
0.81914921
0.81929598
0.81952187
0.81996219
0.82032339
0.82061694
0.82076371
0.82104580
0.82119258
0.82177967
0.82266030
0.82399165
0.82399165
0.82443196
0.82457874
0.82507526
0.82672413
0.82707388
0.82810129
0.82854161
0.83021231
0.83092327
0.83120536
0.83135213
0.83156656
0.83171334
0.83200688
0.83215365
0.83251486
0.83310195
0.83465918
0.83487361
0.83502038
0.83567513
0.83604779
0.83678166
0.83722198
0.83736875
0.83751552
0.83795584
0.83815882
0.83823793
0.83882502
0.83997630
0.84041662
0.84078928
0.84078928
0.84116194
0.84145548
0.84189580
0.84204257
0.84364562
0.84379239
0.84379239
0.84387151
0.84408594
0.84436803
0.84436803
0.84524867
0.84539544
0.84598253
0.84627608
0.84649051
0.84705469
0.84741590
0.84792388
0.84821742
0.84851097
0.84865774
0.84910951
0.85018167
0.85075731
0.85125383
0.85140061
0.85162649
0.85192004
0.85250713
0.85280068
0.85309422
0.85324099
0.85445993
0.85490025
0.85558936
0.85572468
0.85645854
0.85689886
0.85721532
0.85737355
0.85752032
0.85774621
0.85825418
0.85854773
0.85928159
0.85942837
0.85972191
0.86030900
0.86073787
0.86132496
0.86132496
0.86161851
0.86190060
0.86204737
0.86239712
0.86348073
0.86449669
0.86492555
0.86530967
0.86641619
0.86700328
0.86729683
0.86773715
0.86808690
0.86912576
0.86941931
0.86971286
0.87006261
0.87020938
0.87121388
0.87165420
0.87194774
0.87224129
0.87260249
0.87304281
0.87353934
0.87383288
0.87405877
0.87420554
0.87449909
0.87464586
0.87479263
0.87695986
0.87741164
0.87779575
0.87808930
0.87824752
0.87868784
0.87898139
0.87919582
0.87997444
0.88053862
0.88068539
0.88112571
0.88156603
0.88171280
0.88171280
0.88193869
0.88223223
0.88252578
0.88267255
0.88296610
0.88340642
0.88384674
0.88414028
0.88414028
0.88428705
0.88480649
0.88510003
0.88568712
0.88686024
0.88730056
0.88774087
0.88787619
0.88823740
0.88851949
0.88858715
0.88866626
0.88895981
0.88968222
0.89034842
0.89116140
0.89159026
0.89188381
0.89203058
0.89232413
0.89276445
0.89304654
0.89368983
0.89399484
0.89414161
0.89428838
0.89472870
0.89515756
0.89581231
0.89619643
0.89668150
0.89764125
0.89778802
0.89878107
0.89943582
0.90001145
0.90030500
0.90051943
0.90103887
0.90126475
0.90224634
0.90253989
0.90327375
0.90371407
0.90386085
0.90451560
0.90495591
0.90574598
0.90698676
0.90720119
0.90734796
0.90764151
0.90793505
0.90837537
0.90895101
0.90915398
0.90931221
0.90975253
0.91019285
0.91033962
0.91077994
0.91077994
0.91092671
0.91122026
0.91151381
0.91210090
0.91246210
0.91260888
0.91298154
0.91378306
0.91407660
0.91422338
0.91460749
0.91504781
0.91519458
0.91534136
0.91562345
0.91590554
0.91667377
0.91675288
0.91719320
0.91733997
0.91748675
0.91763352
0.91792707
0.91807384
0.91836738
0.91866093
0.91880770
0.91916891
0.91938334
0.91987986
0.91995898
0.92062518
0.92135905
0.92142671
0.92186702
0.92186702
0.92201380
0.92326709
0.92349298
0.92363975
0.92393330
0.92463280
0.92523135
0.92552489
0.92596521
0.92611198
0.92624730
0.92639408
0.92698117
0.92727471
0.92756826
0.92795237
0.92895687
0.92910365
0.93006340
0.93028929
0.93052663
0.93096695
0.93140726
0.93184758
0.93228790
0.93264911
0.93279588
0.93294265
0.93341734
0.93371088
0.93400443
0.93429797
0.93485070
0.93522336
0.93551691
0.93628407
0.93666818
0.93696173
0.93740204
0.93754882
0.93798914
0.93828268
0.93885832
0.93908421
0.93937775
0.94011162
0.94055193
0.94077782
0.94121814
0.94192910
0.94222264
0.94266296
0.94310328
0.94318239
0.94366746
0.94396101
0.94440132
0.94530487
0.94530487
0.94687355
0.94716710
0.94766362
0.94836312
0.94914281
0.94914281
0.94928958
0.94959458
0.94974135
0.94995579
0.95039610
0.95091554
0.95172852
0.95280068
0.95302656
0.95360220
0.95526145
0.95570177
0.95614209
0.95628886
0.95672918
0.95687595
0.95716950
0.95777950
0.95838950
0.95860393
0.95889748
0.95967609
0.95967609
0.95996964
0.96055673
0.96133534
0.96176421
0.96212541
0.96299460
0.96314137
0.96358169
0.96372846
0.96454144
0.96491410
0.96528676
0.96535442
0.96579474
0.96594151
0.96623506
0.96668683
0.96777044
0.97023122
0.97080685
0.97146161
0.97160838
0.97219547
0.97292933
0.97417011
0.97423777
0.97481340
0.97496018
0.97518606
0.97533284
0.97547961
0.97577315
0.97597613
0.97625822
0.97655177
0.97684531
0.97787272
0.97845982
0.97860659
0.97882102
0.97939666
0.97946432
0.98005141
0.98019818
0.98063850
0.98092059
0.98148477
0.98171066
0.98221864
0.98265896
0.98295250
0.98325750
0.98348339
0.98363016
0.98420580
0.98495112
0.98517701
0.98562878
0.98613676
0.98621587
0.98658853
0.98716417
0.98769505
0.98798860
0.98814683
0.98867772
0.98882449
0.98911803
0.98911803
0.98955835
0.98999867
0.99029222
0.99058576
0.99095842
0.99125197
0.99139874
0.99161317
0.99196292
0.99217736
0.99247090
0.99261768
0.99276445
0.99299034
0.99328388
0.99343065
0.99371274
0.99385952
0.99414161
0.99513465
0.99529288
0.99655656
0.99685011
0.99736954
0.99751632
0.99792227
0.99808050
0.99890493
0.99911936
0.99970645
0.99977411
0.18652015
