1.00000000
0.99610895
0.99221790
0.98443580
0.97276265
0.96887160
0.96498054
0.96108949
0.95719844
0.94941634
0.94552529
0.94163424
0.93774319
0.93385214
0.92996109
0.91828794
0.91439689
0.91050584
0.90661479
0.89494163
0.89105058
0.87937743
0.86770428
0.86381323
0.85603113
0.85214008
0.84824903
0.84435798
0.83657588
0.82879377
0.82490272
0.81712062
0.80155642
0.78988327
0.78599222
0.78210117
0.77821012
0.77431907
0.76264591
0.75875486
0.75486381
0.75097276
0.74319066
0.73929961
0.73540856
0.73151751
0.72373541
0.71984436
0.71595331
0.70428016
0.69649805
0.68871595
0.67704280
0.65369650
0.58754864
0.58365759
0.57587549
0.56031128
0.54474708
0.52140078
0.50972763
0.41634241
0.39688716
0.38132296
0.37743191
0.36575875
0.35797665
0.34241245
0.32684825
0.31517510
0.31128405
0.29961089
0.29182879
0.24902724
0.21400778
0.21400778
0.20233463
0.19066148
0.16731518
0.10116732
0.08560311
0.08560311
0.08560311
0.08560311
0.08560311
0.03501946
0.03501946
0.03501946
0.03501946
0.03501946
0.02723735
0.02723735
0.02723735
0.02723735
0.02723735
0.02723735
0.02723735
0.02723735
0.02723735
0.02723735
0.01945525
0.01945525
0.01945525
0.01945525
0.01945525
0.01945525
0.01945525
0.01945525
0.01945525
0.01945525
0.01945525
0.01945525
0.01945525
0.01945525
0.01945525
0.01945525
0.01945525
0.01945525
0.01945525
0.01945525
0.01945525
0.01945525
0.01945525
0.01945525
0.01945525
0.01945525
0.01945525
0.01945525
0.01167315
0.00389105
0.00389105
0.00389105
0.00389105
0.00389105
0.00389105
0.00389105
0.00389105
0.00389105
0.00389105
0.00389105
0.00389105
0.00389105
0.00389105
0.00389105
0.00389105
0.00389105
0.00389105
0.00389105
0.00389105
0.00389105
0.00389105
0.00389105
0.00389105
0.00389105
0.00389105
0.00389105
0.00389105
0.00389105
0.00389105
0.00389105
0.00389105
0.00389105
0.00389105
0.00389105
0.00389105
0.00389105
0.00389105
0.00389105
0.00389105
0.00389105
0.00389105
0.00389105
0.00389105
0.00389105
0.00389105
0.00389105
0.00389105
0.00389105
0.00389105
0.00389105
0.00389105
0.00389105
0.00389105
0.00389105
0.00389105
0.00389105
0.00389105
0.00389105
0.00389105
0.00389105
0.00389105
0.00389105
0.00389105
0.00389105
0.00389105
0.00389105
0.00389105
0.00389105
0.00389105
0.00389105
0.00389105
0.00389105
0.00389105
0.00389105
0.00389105
0.00389105
0.00389105
0.00389105
0.00389105
0.00389105
0.00389105
0.00389105
0.00389105
0.00389105
0.00389105
0.00389105
0.00389105
0.00389105
0.00389105
0.00389105
0.00389105
0.00389105
0.00389105
0.00389105
0.00389105
0.00389105
0.00389105
0.00389105
0.00389105
0.00389105
0.00389105
0.00389105
0.00389105
0.00389105
0.00389105
0.00389105
0.00389105
0.00389105
0.00389105
0.00389105
0.00389105
0.00389105
0.00389105
0.00389105
0.00389105
0.00389105
0.00389105
0.00389105
0.00389105
0.00389105
0.00389105
0.00389105
0.00389105
0.00389105
0.00389105
0.00389105
0.00389105
0.00389105
0.00389105
0.00389105
0.00389105
0.00389105
0.00389105
0.00389105
0.00389105
0.00389105
0.00389105
0.00389105
0.00389105
0.00389105
0.00389105
0.00389105
0.00389105
0.00389105
0.00389105
0.00389105
0.00389105
0.00389105
0.00389105
