1.00000000
0.85714286
0.78571429
0.66666667
0.59523810
0.51190476
0.46428571
0.39285714
0.34523810
0.16666667
0.11904762
0.08333333
0.04761905
0.04761905
0.02380952
0.02380952
0.02380952
0.02380952
0.02380952
0.02380952
0.01190476
0.01190476
0.01190476
0.01190476
0.01190476
0.01190476
0.01190476
0.01190476
0.01190476
0.01190476
0.01190476
0.01190476
0.01190476
0.01190476
0.01190476
0.01190476
0.01190476
0.01190476
0.01190476
0.01190476
0.01190476
0.01190476
0.01190476
0.01190476
0.01190476
0.01190476
0.01190476
0.01190476
0.01190476
0.01190476
0.01190476
0.01190476
0.01190476
0.01190476
0.01190476
0.01190476
0.01190476
0.01190476
0.01190476
0.01190476
0.01190476
0.01190476
0.01190476
0.01190476
0.01190476
0.01190476
0.01190476
0.01190476
0.01190476
0.01190476
0.01190476
0.01190476
0.01190476
0.01190476
0.01190476
0.01190476
0.01190476
0.01190476
0.01190476
0.01190476
0.01190476
0.01190476
0.01190476
0.01190476
