523
1041
63
952
380
423
416
1068
27
787
254
1297
472
365
616
900
1175
584
1046
1129
932
1151
457
1388
1017
368
303
123
384
1033
1243
590
280
711
124
1131
255
602
1290
383
659
494
898
936
715
372
93
895
665
198
1055
798
1231
832
508
148
477
549
628
511
14
1291
1048
347
108
429
564
1190
1109
1322
614
931
571
487
107
1110
687
497
146
1108
338
526
841
1396
1088
1332
0
791
392
11
1113
668
343
223
803
822
517
222
1397
1359
725
795
876
864
1005
719
1352
46
1198
1222
1375
1302
760
990
1095
17
601
10
751
748
860
1080
157
1226
702
44
156
827
396
545
231
1312
1268
764
325
506
980
518
101
1097
471
1106
1140
904
970
408
851
404
208
706
66
1307
266
826
605
1061
1124
61
1065
1343
412
768
1323
906
419
862
39
245
606
780
1127
375
1107
1098
1362
349
3
1031
261
853
512
331
54
393
513
113
626
1265
620
621
279
395
1002
811
699
892
965
660
916
627
283
1172
152
1042
1102
539
790
285
234
1123
1090
295
824
26
800
1156
1217
578
1188
1137
636
69
1337
1007
979
332
304
336
476
1059
1045
81
294
1189
451
1345
1317
224
132
1079
926
691
991
1094
774
595
1245
651
445
630
1255
842
9
733
1353
147
533
770
243
1380
871
126
207
817
1394
450
182
238
777
1060
1141
397
1334
646
959
1118
863
1369
1104
13
843
1346
1281
265
554
115
1236
588
77
59
99
555
591
386
212
452
1134
939
211
1191
190
72
312
1161
933
205
436
204
1128
1159
376
703
221
1133
598
209
1150
857
444
961
732
468
1228
707
945
1240
815
25
1212
342
656
1037
704
188
558
766
806
37
1241
1154
949
1056
1313
387
726
983
288
480
92
410
761
1221
525
314
1018
984
574
866
617
502
100
742
509
302
540
1315
981
1295
1279
300
270
976
968
521
1368
709
262
720
1115
1374
170
1350
576
178
1170
351
950
994
73
1148
431
1089
1298
1120
30
1145
844
776
1180
16
58
581
845
1379
1087
1304
1096
1132
727
415
1194
119
405
282
893
1244
296
1370
95
24
33
507
541
1138
788
881
1224
1283
167
481
778
532
1378
1306
917
112
214
721
57
121
53
556
1234
1070
362
658
741
48
1285
420
1146
1363
1267
65
88
217
977
747
90
1328
168
358
369
287
1187
814
1220
592
185
350
1248
226
89
889
1286
42
437
1229
459
210
1381
1377
1142
503
378
1227
947
655
180
759
807
870
1270
1275
730
683
52
1223
684
1024
1083
585
1246
1084
739
969
1314
196
946
28
608
159
934
195
134
667
1021
775
729
1319
329
118
1305
785
31
520
216
902
951
120
964
708
78
938
1333
1271
181
289
426
18
466
309
834
1195
534
1364
86
194
257
348
547
441
577
240
465
746
345
717
1192
765
165
647
155
666
914
138
918
962
1063
461
1073
215
662
813
858
639
125
1015
1395
757
417
219
1386
163
996
1347
440
111
1360
334
200
587
1178
1357
750
500
792
542
1160
855
1266
633
360
1389
833
505
550
1052
496
131
1116
259
821
130
888
546
322
45
623
179
1029
894
311
1252
1254
193
915
1260
697
213
909
1382
1341
274
145
276
443
1051
808
504
339
1009
327
22
485
227
1026
1185
1050
478
1211
1072
974
316
1383
538
594
530
531
1012
1078
281
731
15
297
610
972
963
1269
23
20
382
1257
1311
923
298
422
41
1028
34
1253
690
250
701
652
653
818
1320
128
856
1225
944
400
1309
907
1276
868
723
960
1038
710
955
424
978
1296
1338
678
1371
1249
1069
189
848
1330
495
1215
