0.00000000
0.00313305
0.00626610
0.00939915
0.01325413
0.01824731
0.02097617
0.02398655
0.02612821
0.02883293
0.03169652
0.03355664
0.03612663
0.03928382
0.04085034
0.04629598
0.04900070
0.05186429
0.05587814
0.05860700
0.06076072
0.06707509
0.07266754
0.07409933
0.07908044
0.08196816
0.08800100
0.09186805
0.10275934
0.11309963
0.11697875
0.12199606
0.12802890
0.13997192
0.14469564
0.14955408
0.15388566
0.15632092
0.16219489
0.17030905
0.17502070
0.18029540
0.18744231
0.19456507
0.20184670
0.20669308
0.21158773
0.21691070
0.21921123
0.22451007
0.23870535
0.25402674
0.25987658
0.28457101
0.30840878
0.32063334
0.33201329
0.34137426
0.35400300
0.36845567
0.37663017
0.38803427
0.39362671
0.39865609
0.40355074
0.41032964
0.41839355
0.42326406
0.42671485
0.43231936
0.43807067
0.44443331
0.44872869
0.45448000
0.45851799
0.46151631
0.46598263
0.46942134
0.47229700
0.47952838
0.48225723
0.48781347
0.49081179
0.49744390
0.49957349
0.50461493
0.50603466
0.51067191
0.51652175
0.51895701
0.52155113
0.52486719
0.52732658
0.53115742
0.53274808
0.53618680
0.53876886
0.54077578
0.54410391
0.54611083
0.54984315
0.55158061
0.55489666
0.55674472
0.55833538
0.56222657
0.56424556
0.56797788
0.56997274
0.57481911
0.57824576
0.58281061
0.58638406
0.58952918
0.59142551
0.59455856
0.59772781
0.60075027
0.60434785
0.60794544
0.61181249
0.61600934
0.62019413
0.62248258
0.62926149
0.63443767
0.64032371
0.64666222
0.64941521
0.65362414
0.65782099
0.66130798
0.66390210
0.66808689
0.67224754
0.67397293
0.67715425
0.67933211
0.68077598
0.68365163
0.68521816
0.68595216
0.68739602
0.69158080
0.69444439
0.69828730
0.70112675
0.70510440
0.70695246
0.70809065
0.70880051
0.70979191
0.71107690
0.71223923
0.71409936
0.71743955
0.71929967
0.72031520
0.72219946
0.72379013
0.72694731
0.73140156
0.73532895
0.73851027
0.74240146
0.74412685
0.74643944
0.75002496
0.75332895
0.75745339
0.76145518
0.76431876
0.76461236
0.76747595
0.77090260
0.77403565
0.77589578
0.77731550
0.77902883
0.78090102
0.78564887
0.78911172
0.79272138
0.79805642
0.79994068
0.80124981
0.80314614
0.80620480
0.80780753
0.80983859
0.81115979
0.81419431
0.81622537
0.81782810
0.82284542
0.82514594
0.82745853
0.82862086
0.82933073
0.83191278
0.83421331
0.83624437
0.83756556
0.83932716
0.84078309
0.84209222
0.84237375
0.84453954
0.84511468
0.84568981
0.84784353
0.84943419
0.85130639
0.85593157
0.86253954
0.86687113
0.86819233
0.86920786
0.87525277
0.87958435
0.88149275
0.88469821
0.88991059
0.89281038
0.89771710
0.89945456
0.90233021
0.90709013
0.91084658
0.91172738
0.91333011
0.91553211
0.91799150
0.92003463
0.92163736
0.92525908
0.92628668
0.92788941
0.93005520
0.93263726
0.93409319
0.93497399
0.93700505
0.93860778
0.93932971
0.94005164
0.94106717
0.94180117
0.94194797
0.94253517
0.94326916
0.94400316
0.94631576
0.94850568
0.95196854
0.95327767
0.95459887
0.95547966
0.95650726
0.95895459
0.96268691
0.96485270
0.96674903
0.96879216
0.97051755
0.97336907
0.97493559
0.97551072
0.97850904
0.97979404
0.98193569
0.98350222
0.98464041
0.98592541
0.98821386
0.99377010
0.99645069
0.99730735
0.99844554
0.31507907
