0.00000000
0.00330812
0.00608535
0.01019499
0.01343545
0.01542261
0.01750034
0.01955516
0.02156524
0.02460165
0.02658881
0.02833863
0.03076611
0.03296770
0.03529423
0.03878242
0.04099547
0.04464295
0.04707043
0.05037962
0.05409369
0.05526787
0.05748199
0.05916415
0.06216727
0.06710135
0.07011592
0.07299410
0.07884211
0.08085218
0.08295175
0.08471303
0.08708323
0.08957730
0.09272612
0.09429480
0.09795374
0.10113800
0.10201864
0.10357693
0.10628544
0.10823930
0.11041799
0.11200958
0.11436833
0.11855709
0.12158204
0.12466427
0.12711466
0.12934955
0.13229647
0.13391097
0.13553693
0.13912713
0.14148696
0.14597964
0.14716528
0.15248240
0.15590293
0.15758509
0.16155941
0.16656008
0.17342404
0.17516240
0.17813116
0.18366271
0.18978135
0.19421783
0.19713038
0.19903843
0.20037084
0.20223307
0.20339580
0.20495302
0.20690582
0.20946862
0.21124135
0.21424447
0.21541865
0.21708936
0.21826354
0.22034020
0.22194325
0.22485580
0.22868228
0.23000323
0.23300635
0.23422528
0.23580542
0.23781442
0.23919158
0.23992545
0.24212704
0.24479079
0.24581820
0.24677795
0.24772625
0.24860689
0.24948753
0.25066171
0.25219710
0.25337128
0.25578731
0.25705206
0.25865511
0.25973872
0.26063081
0.27038441
0.27668312
0.28018276
0.28271120
0.28424659
0.28535311
0.28652729
0.28816364
0.28889750
0.28999257
0.29079409
0.29138119
0.29196828
0.29366189
0.29424899
0.29567197
0.29894572
0.30013136
0.30167820
0.30241206
0.30452202
0.30510911
0.30723159
0.30894812
0.31004319
0.31092382
0.31224478
0.31327219
0.31562056
0.31827392
0.31886102
0.31995609
0.32076906
0.32135616
0.32309452
0.32368161
0.32557821
0.32616530
0.32676384
0.32763303
0.32880721
0.32939430
0.33004905
0.33092969
0.33211533
0.33375274
0.33463338
0.33543490
0.33602199
0.33720763
0.33830270
0.33918334
0.34012018
0.34146405
0.34227703
0.34323678
0.34411741
0.34529160
0.34644287
0.34717674
0.34847478
0.34928776
0.35060872
0.35163613
0.35379190
0.35528147
0.35637654
0.35718952
0.35876966
0.35957118
0.36077973
0.36216834
0.36382759
0.36449380
0.36522766
0.36643514
0.36749692
0.36878458
0.37041054
0.37099763
0.37143795
0.37261213
0.37435050
0.37531025
0.37582968
0.37641677
0.37736507
0.37948755
0.38028907
0.38116971
0.38261453
0.38326928
0.38407080
0.38521062
0.38695937
0.38853951
0.38976990
0.39006344
0.39035699
0.39065053
0.39207244
0.39295308
0.39394720
0.39520049
0.39609259
0.39792152
0.40077679
0.40193952
0.40239130
0.40319282
0.40442321
0.40486353
0.40530384
0.40595860
0.40840684
0.40987457
0.41054078
0.41098110
0.41182737
0.41226769
0.41270801
0.41322744
0.41391656
0.41450365
0.41516985
0.41590372
0.41670524
0.41901817
0.42040679
0.42223572
0.42299250
0.42413232
0.42512536
0.42585923
0.42644632
0.42703341
0.42783493
0.42880614
0.42947235
0.43019476
0.43135748
0.43238489
0.43355908
0.43421383
0.43501535
0.43568156
0.43662985
0.43765726
0.43824436
0.43868467
0.43912499
0.43956531
0.44000563
0.44107779
0.44221761
0.44295147
0.44383211
0.44489282
0.44596498
0.44640529
0.44684561
0.44901284
0.44945316
0.45004025
0.45113532
0.45201596
0.45274982
0.45361901
0.45449964
0.45542503
0.45636187
0.45694896
0.45816790
0.45947740
0.46021126
0.46065158
0.46153222
0.46270640
0.46314672
0.46402736
0.46490800
0.46534832
0.46578863
0.46622895
0.46666927
0.46710959
0.46754991
0.46799023
0.46843055
0.46887087
0.46931118
0.46995448
0.47089132
0.47162519
0.47221228
0.47279937
0.47408596
0.47481983
0.47555369
0.47644578
0.47748465
0.47841003
0.47941454
0.48030663
0.48152556
0.48247386
0.48379481
0.48468691
0.48548843
0.48660641
0.48813034
0.48893187
0.48985725
0.49090757
0.49156232
0.49336835
0.49395544
0.49454253
0.49553558
0.49615703
0.49683469
0.49960047
0.50019902
0.50063933
0.50119206
0.50167713
0.50376524
0.50443145
0.50506329
0.50565038
0.50662159
0.50712957
0.50782907
0.50824648
0.50961218
0.50991718
0.51022218
0.51052718
0.51083218
0.51113719
0.51144219
0.51173573
0.51223225
0.51260491
0.51398100
0.51459101
0.51495221
0.51564133
0.51592342
0.51620551
0.51648760
0.51676969
0.51730058
0.51787621
0.51866628
0.51905040
0.51997685
0.52033806
0.52069926
0.52126345
0.52170376
0.52295706
0.52338593
0.52381479
0.52404068
0.52426656
0.52449245
0.52471834
0.52494422
0.52517011
0.52573429
0.52712291
0.52780057
0.52857918
0.52879361
0.52900805
0.52922248
0.53020407
0.53189661
0.53253991
0.53318321
0.53406384
0.53436884
0.53493303
0.53530569
0.53567835
0.53605101
0.53642367
0.53773317
0.53832026
0.53916760
0.54053331
0.54110894
0.54168458
0.54233933
0.54298263
0.54366029
0.54433795
0.54477827
0.54533099
0.54680911
0.54723797
0.54789272
0.54852456
0.54922406
0.54965293
0.54979970
0.54994647
0.55009325
0.55024002
0.55038679
0.55053356
0.55068034
0.55082711
0.55097388
0.55112066
0.55126743
0.55141420
0.55156097
0.55170775
0.55185452
0.55200129
0.55214807
0.55229484
0.55244161
0.55258838
0.55273516
0.55288193
0.55302870
0.55317548
0.55332225
0.55346902
0.55361580
0.55376257
0.55390934
0.55405611
0.55420289
0.55434966
0.55449643
0.55464321
0.55478998
0.55596416
0.55647214
0.55698012
0.55748810
0.55770253
0.55792841
0.55815430
0.55844785
0.55874139
0.55903494
0.55932848
0.55962203
0.55991558
0.56020912
0.56050267
0.56079621
0.56108976
0.56138331
0.56239926
0.56297490
0.56325699
0.56384408
0.56492769
0.56635067
0.56670042
0.56727606
0.56771638
0.56870943
0.56980450
0.57024481
0.57068513
0.57112545
0.57156577
0.57200609
0.57244641
0.57288673
0.57332705
0.57376736
0.57420768
0.57464800
0.57508832
0.57552864
0.57596896
0.57690580
0.57854214
0.57905012
0.57943423
0.57981835
0.58055221
0.58138703
0.58190646
0.58261742
0.58346369
0.58408408
0.58475028
0.58533737
0.58592447
0.58651156
0.58721106
0.58784290
0.58916385
0.59010070
0.59075545
0.59178286
0.59259584
0.59447990
0.59521377
0.59621827
0.59708745
0.59782132
0.59855518
0.59935670
0.60023734
0.60152393
0.60277723
0.60357875
0.60539623
0.60654751
0.60765403
0.60952771
0.60982126
0.61107456
0.61136810
0.61179697
0.61209051
0.61279001
0.61308356
0.61337710
0.61367065
0.61396420
0.61425774
0.61455129
0.61484483
0.61513838
0.61543193
0.61572547
0.61601902
0.61631256
0.61660611
0.61689965
0.61719320
0.61748675
0.61778029
0.61807384
0.61836738
0.61866093
0.61895448
0.61924802
0.61954157
0.61983511
0.62012866
0.62042220
0.62071575
0.62100930
0.62130284
0.62159639
0.62188993
0.62218348
0.62247703
0.62277057
0.62306412
0.62335766
0.62371887
0.62450894
0.62480248
0.62536666
0.62566021
0.62602142
0.62631496
0.62667617
0.62696971
0.62739858
0.62769212
0.62806478
0.62835833
0.62895687
0.62925042
0.62974694
0.63004049
0.63046935
0.63083056
0.63139474
0.63191417
0.63259183
0.63317892
0.63496204
0.63554913
0.63667749
0.63697104
0.63762579
0.63806611
0.63891238
0.63928504
0.64007511
0.64057163
0.64133879
0.64171145
0.64231000
0.64304386
0.64391305
0.64435336
0.64521109
0.64571907
0.64672357
0.64716389
0.64790921
0.64871073
0.64985055
0.65029087
0.65109239
0.65153271
0.65233424
0.65277455
0.65321487
0.65365519
0.65409551
0.65453583
0.65497615
0.65541647
0.65585679
0.65629710
0.65673742
0.65717774
0.65761806
0.65805838
0.65849870
0.65893902
0.65937934
0.65981965
0.66025997
0.66070029
0.66114061
0.66158093
0.66202125
0.66246157
0.66290189
0.66334220
0.66398550
0.66442582
0.66493380
0.66537412
0.66588209
0.66632241
0.66683039
0.66727071
0.66799312
0.66843344
0.66900907
0.66944939
0.67003648
0.67047680
0.67098478
0.67157187
0.67247542
0.67306251
0.67402226
0.67490290
0.67612183
0.67657361
0.67722836
0.67781545
0.67874084
0.67924881
0.67975679
0.68071654
0.68190218
0.68278282
0.68373112
0.68446498
0.68535707
0.68594416
0.68666657
0.68725367
0.68784076
0.68842785
0.68901494
0.68960203
0.69018912
0.69077622
0.69136331
0.69195040
0.69260515
0.69319224
0.69384699
0.69480674
0.69594763
0.69682827
0.69770891
0.69858955
0.69947018
0.70020405
0.70093791
0.70196532
0.70360166
0.70456142
0.70575851
0.70678592
0.70836606
0.70926960
0.71017315
0.71134733
0.71274740
0.71399963
0.71550066
0.71622306
0.71708079
0.71858289
0.72008391
0.72023068
0.72098746
0.72113423
0.72121334
0.72149544
0.72156309
0.72200341
0.72244373
0.72295171
0.72309848
0.72375323
0.72484830
0.72513039
0.72534483
0.72549160
0.72585280
0.72629312
0.72688021
0.72717376
0.72776085
0.72818971
0.72832503
0.72904744
0.72927333
0.72971365
0.72986042
0.73008631
0.73052663
0.73060574
0.73097840
0.73120429
0.73172372
0.73216404
0.73311234
0.73368797
0.73398152
0.73442184
0.73471538
0.73479450
0.73508804
0.73538159
0.73567513
0.73582191
0.73596868
0.73689514
0.73733546
0.73733546
0.73796730
0.73876882
0.73920914
0.73935591
0.73971712
0.74001066
0.74045098
0.74074453
0.74111719
0.74126396
0.74155751
0.74206548
0.74354360
0.74391626
0.74406303
0.74426601
0.74441278
0.74470633
0.74521430
0.74536108
0.74557551
0.74586905
0.74636558
0.74664767
0.74724621
0.74804774
0.74840894
0.74870249
0.74899603
0.75024933
0.75054288
0.75054288
0.75083642
0.75155883
0.75171706
0.75228124
0.75272156
0.75293599
0.75381663
0.75440372
0.75469727
0.75514904
0.75529582
0.75588291
0.75713513
0.75780134
0.75809489
0.75941584
0.75965318
0.75979996
0.76009350
0.76066914
0.76096268
0.76125623
0.76154978
0.76200155
0.76294985
0.76329960
0.76373992
0.76387523
0.76402201
0.76446233
0.76475587
0.76534296
0.76578328
0.76594151
0.76652860
0.76734158
0.76787247
0.76794013
0.76839190
0.76853867
0.76868545
0.76927254
0.76997204
0.77041236
0.77078502
0.77122533
0.77137211
0.77166565
0.77181243
0.77217363
0.77224129
0.77253484
0.77305427
0.77377668
0.77421700
0.77466877
0.77510909
0.77532352
0.77547029
0.77605739
0.77650916
0.77694948
0.77724302
0.77864417
0.77879094
0.77894917
0.77909594
0.77986417
0.78031594
0.78067715
0.78106126
0.78135481
0.78164835
0.78179513
0.78194190
0.78208867
0.78281108
0.78344292
0.78388324
0.78404147
0.78418824
0.78433501
0.78462856
0.78492211
0.78549774
0.78580274
0.78624306
0.78668338
0.78689781
0.78905252
0.78913163
0.78957195
0.78963961
0.79036202
0.79065556
0.79110734
0.79146854
0.79192032
0.79205563
0.79220241
0.79357957
0.79430198
0.79430198
0.79451641
0.79536268
0.79557711
0.79564477
0.79579155
0.79637864
0.79681896
0.79713541
0.79742896
0.79772250
0.79816282
0.79816282
0.79846782
0.79861460
0.79951707
0.79965239
0.79965239
0.80009271
0.80009271
0.80045391
0.80060069
0.80074746
0.80132310
0.80162810
0.80198930
0.80250874
0.80302817
0.80332171
0.80354760
0.80411178
0.80427001
0.80536508
0.80551185
0.80595217
0.80653926
0.80660692
0.80660692
0.80674224
0.80688901
0.80696813
0.80725022
0.80800699
0.80815377
0.80815377
0.80852643
0.80926029
0.80963295
0.81007327
0.81080713
0.81110068
0.81190220
0.81252259
0.81294000
0.81323354
0.81365095
0.81409127
0.81447539
0.81483659
0.81527691
0.81571723
0.81586400
0.81671027
0.81685705
0.81701527
0.81751180
0.81812180
0.81841534
0.81855066
0.81908155
0.81922832
0.81966864
0.82002985
0.82017662
0.82047017
0.82061694
0.82089903
0.82104580
0.82192644
0.82325778
0.82325778
0.82340455
0.82355133
0.82404785
0.82569672
0.82604647
0.82619324
0.82722065
0.82766097
0.82810129
0.82839483
0.83006554
0.83077649
0.83105858
0.83120536
0.83164568
0.83179245
0.83200688
0.83236809
0.83392531
0.83413975
0.83428652
0.83494127
0.83531393
0.83546070
0.83560748
0.83604779
0.83625077
0.83632988
0.83691698
0.83806825
0.83850857
0.83888123
0.83888123
0.83925389
0.83954743
0.83998775
0.84013453
0.84173757
0.84173757
0.84181669
0.84203112
0.84231321
0.84231321
0.84319385
0.84334062
0.84363417
0.84384860
0.84441278
0.84477398
0.84528196
0.84577849
0.84607203
0.84621880
0.84667058
0.84774274
0.84831837
0.84881490
0.84896167
0.84918756
0.84948110
0.84977465
0.85006819
0.85065529
0.85187422
0.85202099
0.85246131
0.85315043
0.85328574
0.85357929
0.85401961
0.85433606
0.85449429
0.85464106
0.85486695
0.85537493
0.85610879
0.85701234
0.85715911
0.85774621
0.85817507
0.85876216
0.85876216
0.85905571
0.85933780
0.85948457
0.85983432
0.86091794
0.86193389
0.86236276
0.86346928
0.86405637
0.86464346
0.86493701
0.86523055
0.86567087
0.86602062
0.86705949
0.86735303
0.86749981
0.86779335
0.86852722
0.86887697
0.86902374
0.86940786
0.87041236
0.87085267
0.87114622
0.87143977
0.87180097
0.87238806
0.87288459
0.87317813
0.87340402
0.87355079
0.87384434
0.87399111
0.87413788
0.87630511
0.87675689
0.87714100
0.87758132
0.87787487
0.87803309
0.87847341
0.87876696
0.87898139
0.87976000
0.88032419
0.88105805
0.88149837
0.88164514
0.88179191
0.88179191
0.88201780
0.88231135
0.88260489
0.88275167
0.88319198
0.88348553
0.88348553
0.88363230
0.88415174
0.88459205
0.88488560
0.88547269
0.88664581
0.88708612
0.88752644
0.88766176
0.88802297
0.88830506
0.88837272
0.88845183
0.88874538
0.88946778
0.89013399
0.89094697
0.89137583
0.89166938
0.89196292
0.89224502
0.89288831
0.89319331
0.89334008
0.89378040
0.89420927
0.89486402
0.89524813
0.89573320
0.89669295
0.89683973
0.89783277
0.89840841
0.89870195
0.89891639
0.89943582
0.89958259
0.89980848
0.90079007
0.90108361
0.90181748
0.90247223
0.90291255
0.90305932
0.90349964
0.90428971
0.90553048
0.90574491
0.90589169
0.90618523
0.90647878
0.90677232
0.90765296
0.90809328
0.90866892
0.90887189
0.90903012
0.90932367
0.90976399
0.90991076
0.91035108
0.91035108
0.91049785
0.91079140
0.91137849
0.91173969
0.91211235
0.91291388
0.91320742
0.91350097
0.91364774
0.91379451
0.91394129
0.91422338
0.91450547
0.91527370
0.91535281
0.91593990
0.91608668
0.91623345
0.91652700
0.91682054
0.91696731
0.91732852
0.91754295
0.91762206
0.91828827
0.91902213
0.91908979
0.91953011
0.91953011
0.91967689
0.92093018
0.92115607
0.92130284
0.92159639
0.92203671
0.92273621
0.92333475
0.92362830
0.92377507
0.92391039
0.92405716
0.92479103
0.92537812
0.92567167
0.92605578
0.92649610
0.92750060
0.92764737
0.92860712
0.92883301
0.92907035
0.92951067
0.92995099
0.93039131
0.93075251
0.93119283
0.93133961
0.93181429
0.93210783
0.93240138
0.93269493
0.93324765
0.93362031
0.93391386
0.93468102
0.93506513
0.93535868
0.93579900
0.93594577
0.93638609
0.93697318
0.93754882
0.93777470
0.93806825
0.93880211
0.93924243
0.93946832
0.93990864
0.94061959
0.94091314
0.94099225
0.94147732
0.94177087
0.94221119
0.94221119
0.94377987
0.94407341
0.94456994
0.94526944
0.94604912
0.94604912
0.94635412
0.94650089
0.94694121
0.94746065
0.94827362
0.94934578
0.94957167
0.95014731
0.95180656
0.95224688
0.95268720
0.95312752
0.95327429
0.95388429
0.95449429
0.95470872
0.95548734
0.95548734
0.95578088
0.95636798
0.95714659
0.95757545
0.95801577
0.95837698
0.95911084
0.95998002
0.96027357
0.96071389
0.96086066
0.96167364
0.96204630
0.96241896
0.96248662
0.96292694
0.96307371
0.96336726
0.96381903
0.96490264
0.96736342
0.96793906
0.96859381
0.96874058
0.96932767
0.97056844
0.97071522
0.97115553
0.97122319
0.97179883
0.97194560
0.97209238
0.97231826
0.97246504
0.97261181
0.97290535
0.97310833
0.97339042
0.97368397
0.97397751
0.97456461
0.97559202
0.97617911
0.97632588
0.97654031
0.97711595
0.97718361
0.97777070
0.97799659
0.97814336
0.97858368
0.97886577
0.97924988
0.97981407
0.98032204
0.98076236
0.98090914
0.98120268
0.98150768
0.98173357
0.98188034
0.98245598
0.98320130
0.98342719
0.98387896
0.98438694
0.98446605
0.98483871
0.98541435
0.98594523
0.98623878
0.98639701
0.98692790
0.98707467
0.98707467
0.98751499
0.98795531
0.98824885
0.98854240
0.98891506
0.98920860
0.98942304
0.98986335
0.99007779
0.99037133
0.99051811
0.99066488
0.99089076
0.99118431
0.99133108
0.99189527
0.99217736
0.99239179
0.99253856
0.99282065
0.99381370
0.99440079
0.99454756
0.99470579
0.99596947
0.99626302
0.99640979
0.99685011
0.99736954
0.99751632
0.99792227
0.99808050
0.99890493
0.99911936
0.99970645
0.99977411
0.18652015
