1.00000000
0.99904123
0.99808245
0.99712368
0.99616491
0.99520614
0.99424736
0.99137105
0.99041227
0.98945350
0.98849473
0.98753595
0.98657718
0.98561841
0.98465964
0.98370086
0.98274209
0.98178332
0.98082454
0.97986577
0.97890700
0.97794823
0.97698945
0.97603068
0.97507191
0.97411314
0.97315436
0.97219559
0.97123682
0.97027804
0.96931927
0.96836050
0.96740173
0.96644295
0.96548418
0.96452541
0.96356663
0.96260786
0.96164909
0.96069032
0.95973154
0.95877277
0.95781400
0.95685523
0.95589645
0.95493768
0.95397891
0.95302013
0.95206136
0.95110259
0.95014382
0.94918504
0.94726750
0.94630872
0.94534995
0.94439118
0.94343241
0.94247363
0.94151486
0.94055609
0.93959732
0.93863854
0.93767977
0.93576222
0.93480345
0.93384468
0.93288591
0.93192713
0.93096836
0.93000959
0.92905081
0.92809204
0.92713327
0.92617450
0.92521572
0.92425695
0.92329818
0.92233941
0.92138063
0.92042186
0.91946309
0.91850431
0.91754554
0.91658677
0.91562800
0.91466922
0.91371045
0.91275168
0.91179291
0.91083413
0.90987536
0.90891659
0.90795781
0.90699904
0.90604027
0.90508150
0.90412272
0.90316395
0.90220518
0.90124640
0.90028763
0.89932886
0.89837009
0.89741131
0.89453500
0.89357622
0.89261745
0.89165868
0.89069990
0.88974113
0.88878236
0.88782359
0.88686481
0.88590604
0.88494727
0.88398849
0.88302972
0.88015340
0.87919463
0.87727709
0.87631831
0.87535954
0.87440077
0.87344199
0.87248322
0.87152445
0.87056568
0.86960690
0.86864813
0.86768936
0.86673058
0.86577181
0.86481304
0.86385427
0.86289549
0.86193672
0.86097795
0.85714286
0.85426654
0.85330777
0.85234899
0.85139022
0.84851390
0.84755513
0.84659636
0.84563758
0.84467881
0.84372004
0.84276127
0.84084372
0.83988495
0.83892617
0.83796740
0.83604986
0.83509108
0.83413231
0.83317354
0.83221477
0.83125599
0.83029722
0.82646213
0.82454458
0.82358581
0.82262704
0.82070949
0.81975072
0.81879195
0.81783317
0.81495686
0.81399808
0.81208054
0.81112176
0.81016299
0.80920422
0.80824545
0.80632790
0.80536913
0.80441035
0.80345158
0.80249281
0.80153404
0.80057526
0.79961649
0.79769895
0.79578140
0.79482263
0.79386385
0.79194631
0.79098754
0.79002876
0.78906999
0.78811122
0.78715244
0.78619367
0.78523490
0.78427613
0.78331735
0.78235858
0.78139981
0.78044104
0.77948226
0.77852349
0.77660594
0.77468840
0.77372963
0.77277085
0.77181208
0.77085331
0.76989453
0.76893576
0.76797699
0.76701822
0.76605944
0.76510067
0.76414190
0.76318313
0.76222435
0.76126558
0.76030681
0.75838926
0.75743049
0.75647172
0.75551294
0.75455417
0.75359540
0.75263663
0.75167785
0.75071908
0.74976031
0.74880153
0.74784276
0.74688399
0.74592522
0.74496644
0.74400767
0.74209012
0.74113135
0.74017258
0.73825503
0.73729626
0.73633749
0.73346117
0.73058485
0.72962608
0.72866731
0.72770853
0.72674976
0.72579099
0.72483221
0.72387344
0.72291467
0.72195590
0.72099712
0.72003835
0.71812081
0.71716203
0.71620326
0.71332694
0.71236817
0.71140940
0.71045062
0.70949185
0.70853308
0.70757430
0.70565676
0.70469799
0.70373921
0.70278044
0.70182167
0.69990412
0.69894535
0.69798658
0.69702780
0.69606903
0.69511026
0.68839885
0.68744008
0.68648130
0.68552253
0.68456376
0.68360499
0.68168744
0.67497603
0.67305849
0.67114094
0.67018217
0.66922339
0.66826462
0.66730585
0.66538830
0.66347076
0.66251198
0.66155321
0.66059444
0.65771812
0.65675935
0.65580058
0.65484180
0.65388303
0.65292426
0.65196548
0.65100671
0.65004794
0.64908917
0.64813039
0.64717162
0.64621285
0.64525407
0.64429530
0.64333653
0.64237776
0.64141898
0.64046021
0.63950144
0.63854267
0.63662512
0.63566635
0.63470757
0.63374880
0.63279003
0.63183126
0.63087248
0.62991371
0.62799616
0.62703739
0.62511985
0.62320230
0.62224353
0.62128476
0.61840844
0.61744966
0.61649089
0.61553212
0.61457335
0.61361457
0.61265580
0.61169703
0.61073826
0.60977948
0.60882071
0.60786194
0.60690316
0.60594439
0.60498562
0.60402685
0.60306807
0.60210930
0.60019175
0.59923298
0.59827421
0.59443912
0.59348035
0.59156280
0.58964525
0.58772771
0.58676894
0.58485139
0.58293384
0.58197507
0.58101630
0.57718121
0.57622244
0.57526366
0.57430489
0.57334612
0.57238734
0.57142857
0.57046980
0.56855225
0.56663471
0.56471716
0.56088207
0.55896453
0.55800575
0.55417066
0.55321189
0.54937680
0.54841802
0.54745925
0.54458293
0.54362416
0.54266539
0.53978907
0.53883030
0.53787152
0.53691275
0.53499521
0.52732502
0.52444871
0.52348993
0.52157239
0.51869607
0.51486098
0.51198466
0.51102589
0.51006711
0.50719080
0.50623202
0.50527325
0.49664430
0.49568552
0.49472675
0.49376798
0.49185043
0.48897411
0.48418025
0.48322148
0.48226270
0.48034516
0.47555129
0.47363375
0.44295302
0.43911793
0.42377756
0.42377756
0.42377756
0.42281879
0.41418984
0.41323106
0.41131352
0.40747843
0.40651965
0.40556088
0.40460211
0.40364334
0.40172579
0.40076702
0.39980825
0.39022052
0.39022052
0.38926174
0.38638543
0.38350911
0.38255034
0.38159156
0.36720997
0.36720997
0.36625120
0.36529243
0.34707574
0.34707574
0.34419942
0.34324065
0.33365292
0.32310642
0.32310642
0.32310642
0.32310642
0.32310642
0.32310642
0.32214765
0.32023011
0.31927133
0.31831256
0.30488974
0.29913710
0.29338447
0.29242570
0.28954938
0.28092042
0.28092042
0.28092042
0.27996165
0.27516779
0.27133269
0.27037392
0.26845638
0.26462128
0.26366251
0.26270374
0.26174497
0.25599233
0.25599233
0.25215724
0.25119847
0.23873442
0.22147651
0.21764142
0.21764142
0.21380633
0.21380633
0.21284756
0.21188878
0.20613615
0.18887824
0.18887824
0.18887824
0.18887824
0.18600192
0.18504314
0.17353787
0.13422819
0.13422819
0.13326942
0.13231064
0.13231064
0.13231064
0.10258869
0.10258869
0.09779482
0.09491850
0.09491850
0.09491850
0.09491850
0.09491850
0.07766059
0.06903164
0.06615532
0.06327900
0.06327900
0.06327900
0.06327900
0.06327900
0.06040268
0.05656759
0.02972196
0.02972196
0.02780441
0.02780441
0.02780441
0.01629914
0.01629914
0.01629914
0.01629914
0.01629914
0.01629914
0.01629914
0.01629914
0.01629914
0.01629914
0.01629914
0.01629914
0.01629914
0.01629914
0.01629914
0.01629914
0.01629914
0.01629914
0.01629914
0.01629914
0.01629914
0.01629914
0.01629914
0.01629914
0.01629914
0.01629914
0.01629914
0.01054650
0.01054650
0.01054650
0.01054650
0.00862895
0.00862895
0.00862895
0.00862895
0.00862895
0.00862895
0.00862895
0.00862895
0.00862895
0.00862895
0.00862895
0.00862895
0.00862895
0.00862895
0.00862895
0.00862895
0.00862895
0.00862895
0.00862895
0.00862895
0.00862895
0.00862895
0.00862895
0.00862895
0.00862895
0.00862895
0.00862895
0.00862895
0.00862895
0.00862895
0.00862895
0.00862895
0.00862895
0.00862895
0.00862895
0.00862895
0.00862895
0.00862895
0.00862895
0.00862895
0.00862895
0.00862895
0.00862895
0.00862895
0.00862895
0.00862895
0.00862895
0.00862895
0.00862895
0.00862895
0.00862895
0.00862895
0.00862895
0.00862895
0.00862895
0.00862895
0.00862895
0.00862895
0.00862895
0.00862895
0.00862895
0.00862895
0.00862895
0.00862895
0.00862895
0.00862895
0.00862895
0.00862895
0.00862895
0.00862895
0.00862895
0.00862895
0.00862895
0.00862895
0.00862895
0.00862895
0.00862895
0.00862895
0.00862895
0.00862895
0.00862895
0.00862895
0.00862895
0.00862895
0.00862895
0.00862895
0.00862895
0.00862895
0.00862895
0.00862895
0.00862895
0.00862895
0.00862895
0.00862895
0.00862895
0.00862895
0.00862895
0.00862895
0.00862895
0.00862895
0.00862895
0.00862895
0.00862895
0.00862895
0.00862895
0.00862895
0.00862895
0.00862895
0.00862895
0.00862895
0.00862895
0.00862895
0.00767018
0.00767018
0.00767018
0.00767018
0.00767018
0.00767018
0.00767018
0.00767018
0.00767018
0.00767018
0.00767018
0.00767018
0.00767018
0.00767018
0.00767018
0.00767018
0.00767018
0.00767018
0.00767018
0.00767018
0.00767018
0.00767018
0.00767018
0.00767018
0.00767018
0.00767018
0.00767018
0.00767018
0.00767018
0.00767018
0.00767018
0.00767018
0.00767018
0.00767018
0.00767018
0.00767018
0.00767018
0.00767018
0.00767018
0.00767018
0.00767018
0.00767018
0.00767018
0.00767018
0.00767018
0.00767018
0.00767018
0.00767018
0.00767018
0.00767018
0.00767018
0.00575264
0.00287632
0.00287632
0.00287632
0.00287632
0.00287632
0.00287632
0.00287632
0.00287632
0.00287632
0.00287632
0.00191755
0.00191755
0.00191755
0.00191755
0.00191755
0.00191755
0.00191755
0.00095877
0.00095877
0.00095877
0.00095877
0.00095877
0.00095877
0.00095877
0.00095877
0.00095877
0.00095877
0.00095877
0.00095877
0.00095877
0.00095877
0.00095877
0.00095877
0.00095877
0.00095877
0.00095877
0.00095877
0.00095877
0.00095877
0.00095877
0.00095877
0.00095877
0.00095877
0.00095877
0.00095877
0.00095877
0.00095877
0.00095877
0.00095877
0.00095877
0.00095877
0.00095877
0.00095877
0.00095877
0.00095877
0.00095877
0.00095877
0.00095877
0.00095877
0.00095877
0.00095877
0.00095877
0.00095877
0.00095877
0.00095877
0.00095877
0.00095877
0.00095877
0.00095877
0.00095877
0.00095877
0.00095877
0.00095877
0.00095877
0.00095877
0.00095877
0.00095877
0.00095877
0.00095877
0.00095877
0.00095877
0.00095877
0.00095877
0.00095877
0.00095877
0.00095877
0.00095877
0.00095877
0.00095877
0.00095877
0.00095877
0.00095877
0.00095877
0.00095877
0.00095877
0.00095877
0.00095877
0.00095877
0.00095877
0.00095877
0.00095877
0.00095877
0.00095877
0.00095877
0.00095877
0.00095877
0.00095877
0.00095877
0.00095877
0.00095877
0.00095877
0.00095877
0.00095877
0.00095877
0.00095877
0.00095877
0.00095877
0.00095877
0.00095877
0.00095877
0.00095877
0.00095877
0.00095877
0.00095877
0.00095877
0.00095877
0.00095877
0.00095877
0.00095877
0.00095877
0.00095877
0.00095877
0.00095877
0.00095877
0.00095877
0.00095877
0.00095877
0.00095877
0.00095877
0.00095877
0.00095877
0.00095877
0.00095877
0.00095877
0.00095877
0.00095877
0.00095877
0.00095877
0.00095877
0.00095877
0.00095877
0.00095877
0.00095877
0.00095877
0.00095877
0.00095877
0.00095877
0.00095877
0.00095877
0.00095877
0.00095877
0.00095877
0.00095877
0.00095877
0.00095877
0.00095877
0.00095877
0.00095877
0.00095877
0.00095877
0.00095877
0.00095877
0.00095877
0.00095877
0.00095877
0.00095877
0.00095877
0.00095877
0.00095877
0.00095877
0.00095877
0.00095877
0.00095877
0.00095877
0.00095877
0.00095877
0.00095877
0.00095877
0.00095877
0.00095877
0.00095877
0.00095877
0.00095877
0.00095877
0.00095877
0.00095877
0.00095877
0.00095877
0.00095877
0.00095877
0.00095877
0.00095877
0.00095877
0.00095877
0.00095877
0.00095877
0.00095877
0.00095877
0.00095877
0.00095877
0.00095877
0.00095877
0.00095877
0.00095877
0.00095877
0.00095877
0.00095877
0.00095877
0.00095877
0.00095877
0.00095877
0.00095877
0.00095877
0.00095877
0.00095877
0.00095877
0.00095877
0.00095877
0.00095877
0.00095877
0.00095877
0.00095877
0.00095877
0.00095877
0.00095877
0.00095877
0.00095877
0.00095877
0.00095877
0.00095877
0.00095877
0.00095877
0.00095877
0.00095877
0.00095877
0.00095877
0.00095877
0.00095877
0.00095877
0.00095877
0.00095877
0.00095877
0.00095877
0.00095877
0.00095877
0.00095877
0.00095877
0.00095877
0.00095877
0.00095877
0.00095877
0.00095877
0.00095877
0.00095877
0.00095877
0.00095877
0.00095877
0.00095877
0.00095877
0.00095877
0.00095877
0.00095877
0.00095877
0.00095877
0.00095877
0.00095877
0.00095877
0.00095877
0.00095877
0.00095877
0.00095877
0.00095877
0.00095877
0.00095877
0.00095877
0.00095877
0.00095877
0.00095877
0.00095877
0.00095877
0.00095877
0.00095877
0.00095877
0.00095877
0.00095877
0.00095877
0.00095877
0.00095877
0.00095877
0.00095877
0.00095877
0.00095877
0.00095877
0.00095877
0.00095877
0.00095877
0.00095877
0.00095877
0.00095877
0.00095877
0.00095877
0.00095877
0.00095877
0.00095877
0.00095877
0.00095877
0.00095877
0.00095877
0.00095877
0.00095877
0.00095877
0.00095877
0.00095877
0.00095877
0.00095877
0.00095877
0.00095877
0.00095877
