1.00000000
0.99481865
0.98963731
0.97409326
0.96373057
0.95854922
0.94818653
0.93264249
0.92746114
0.91709845
0.91191710
0.90673575
0.89637306
0.88601036
0.87564767
0.86528497
0.86010363
0.84974093
0.83937824
0.83419689
0.82901554
0.81865285
0.80829016
0.79792746
0.79274611
0.78756477
0.78238342
0.77720207
0.76165803
0.74611399
0.73056995
0.71502591
0.70466321
0.69948187
0.68911917
0.67875648
0.66839378
0.66321244
0.65803109
0.65284974
0.64248705
0.63730570
0.62694301
0.62176166
0.61658031
0.61139896
0.60621762
0.60103627
0.58031088
0.56994819
0.56476684
0.55958549
0.54922280
0.54404145
0.53886010
0.53367876
0.52331606
0.51295337
0.50777202
0.49740933
0.47668394
0.47150259
0.46632124
0.46113990
0.45595855
0.45077720
0.44041451
0.41968912
0.40932642
0.39896373
0.38341969
0.37305699
0.35751295
0.34715026
0.33678756
0.32642487
0.31606218
0.31088083
0.29533679
0.28497409
0.27979275
0.26424870
0.25388601
0.22797927
0.21761658
0.20207254
0.18134715
0.16580311
0.15025907
0.13989637
0.13471503
0.12435233
0.11917098
0.10880829
0.08808290
0.07772021
0.06735751
0.04145078
0.02590674
0.01554404
0.01554404
0.01036269
0.01036269
0.01036269
0.01036269
0.01036269
0.01036269
0.01036269
0.00518135
0.00518135
0.00518135
0.00518135
0.00518135
0.00518135
0.00518135
0.00518135
0.00518135
0.00518135
0.00518135
0.00518135
0.00518135
0.00518135
0.00518135
0.00518135
0.00518135
0.00518135
0.00518135
0.00518135
0.00518135
0.00518135
0.00518135
0.00518135
0.00518135
0.00518135
0.00518135
0.00518135
0.00518135
0.00518135
0.00518135
0.00518135
0.00518135
0.00518135
0.00518135
0.00518135
0.00518135
0.00518135
0.00518135
0.00518135
0.00518135
0.00518135
0.00518135
0.00518135
0.00518135
0.00518135
0.00518135
0.00518135
0.00518135
0.00518135
0.00518135
0.00518135
0.00518135
0.00518135
0.00518135
0.00518135
0.00518135
0.00518135
0.00518135
0.00518135
0.00518135
0.00518135
0.00518135
0.00518135
0.00518135
0.00518135
0.00518135
0.00518135
0.00518135
0.00518135
0.00518135
0.00518135
0.00518135
0.00518135
0.00518135
0.00518135
0.00518135
0.00518135
0.00518135
0.00518135
0.00518135
0.00518135
0.00518135
0.00518135
0.00518135
0.00518135
0.00518135
0.00518135
0.00518135
0.00518135
0.00518135
0.00518135
0.00518135
0.00518135
0.00518135
0.00518135
0.00518135
0.00518135
0.00518135
0.00518135
0.00518135
0.00518135
0.00518135
0.00518135
0.00518135
0.00518135
