523
1041
63
952
380
423
416
1068
27
787
254
1297
472
365
616
900
1175
584
1046
1129
932
1151
457
1388
1017
368
303
123
384
1033
1243
590
280
711
124
1131
255
602
1290
383
659
494
898
936
715
372
93
895
665
198
1055
798
1231
832
508
148
477
549
628
511
14
1291
1048
347
108
429
564
1190
1109
1322
614
931
571
487
107
1110
687
497
146
1108
338
526
841
1396
1088
1332
0
791
392
11
1113
668
343
223
803
822
517
222
1371
1359
725
795
876
864
1005
719
1352
46
1198
1222
1375
1302
760
990
81
17
601
10
751
748
860
1080
157
1226
702
44
156
827
396
545
231
1312
1268
764
325
506
980
518
101
1097
471
690
1140
904
970
408
851
404
208
1236
66
1307
397
826
605
1061
1124
61
1065
1343
412
768
1323
1397
419
862
39
245
606
780
1127
375
1107
1098
1362
349
3
1031
261
842
512
331
54
393
513
113
626
1265
620
621
279
395
1002
811
699
892
965
660
916
627
283
1172
152
1102
1042
539
790
285
234
1123
1090
295
824
26
800
1156
1217
578
1188
1137
636
69
1337
1007
979
332
304
336
476
1059
1045
1095
294
1189
451
1345
1317
224
132
1079
926
691
991
1094
774
595
1245
978
906
630
1255
853
9
733
1353
147
533
770
243
1380
871
126
207
817
1394
182
450
238
655
1060
1141
266
1334
646
959
1118
863
491
1104
13
843
62
1311
265
554
115
706
1260
59
299
193
145
213
1382
212
452
1134
939
211
570
818
1106
312
1161
933
205
436
204
1128
1159
376
703
221
1133
598
209
1150
857
444
961
732
468
1228
707
945
1240
815
25
1212
342
656
1037
704
188
558
766
806
37
1241
1154
949
387
288
983
1056
1313
726
480
92
410
761
1221
525
314
866
574
1018
984
617
502
100
742
509
540
302
1315
981
1295
1279
300
270
968
709
521
1368
976
262
720
1115
1374
1350
576
170
178
1170
351
950
994
73
1148
1089
431
1298
1120
30
1145
844
776
1180
16
58
581
845
1379
1087
1304
1096
727
1132
415
1194
119
788
1049
282
136
854
253
654
112
1143
121
1244
1166
973
561
53
214
741
930
607
167
559
33
57
839
1306
917
74
1070
1196
1138
778
887
1340
258
967
48
1146
420
1285
1149
1278
498
1328
747
635
680
358
287
1013
977
369
1187
676
814
1220
592
185
350
1248
1344
89
889
1286
42
1043
572
210
1377
437
503
528
781
1142
799
180
947
1229
1105
807
870
1270
942
698
683
52
1223
684
1024
1083
585
1246
648
83
969
1314
64
946
875
608
159
934
195
134
667
244
1218
729
1319
329
118
1305
785
31
520
216
650
951
120
964
5
78
1082
914
1025
155
466
18
465
240
577
441
348
1169
560
1333
345
746
834
927
1364
1176
534
796
257
220
765
197
138
718
289
426
1192
79
962
1063
181
1271
461
1073
975
662
813
858
639
125
1325
1395
757
417
219
1386
163
996
1347
440
111
427
334
200
587
1178
1357
750
500
792
542
1160
855
1266
992
360
1389
833
505
550
1111
496
458
1116
1014
821
130
888
45
623
913
322
740
1341
886
327
915
144
99
697
591
1051
179
456
1252
1254
311
782
966
909
339
504
274
91
443
846
22
485
943
1211
353
1026
589
1050
1072
974
316
1383
538
594
530
531
1012
1078
563
731
15
297
610
972
622
1269
20
23
382
1257
1281
923
298
422
68
1028
250
183
72
176
122
652
519
34
1320
128
856
1225
944
400
868
1276
306
1309
960
669
1038
710
955
424
651
1296
1121
1338
445
1249
1069
189
848
1330
495
1215
