1.000000000000000000e+00
9.347826086956522174e-01
8.913043478260869179e-01
8.260869565217391353e-01
5.652173913043477826e-01
5.217391304347825942e-01
5.000000000000000000e-01
4.565217391304347561e-01
4.565217391304347561e-01
4.130434782608695676e-01
3.695652173913043237e-01
1.304347826086956486e-01
1.304347826086956486e-01
1.304347826086956486e-01
1.304347826086956486e-01
1.304347826086956486e-01
1.304347826086956486e-01
1.304347826086956486e-01
1.086956521739130405e-01
1.086956521739130405e-01
1.086956521739130405e-01
1.086956521739130405e-01
1.086956521739130405e-01
1.086956521739130405e-01
4.347826086956521618e-02
4.347826086956521618e-02
4.347826086956521618e-02
