231
117
493
8
181
178
115
254
182
467
417
113
408
89
106
213
285
287
27
326
2
349
130
99
396
474
75
420
60
88
242
363
338
68
497
250
282
3
32
264
309
333
385
402
411
129
0
6
12
16
18
35
36
48
59
66
90
110
135
186
208
239
269
21
168
183
327
416
453
465
7
10
24
30
33
37
38
43
46
52
53
55
63
67
72
73
78
80
83
86
91
97
116
126
128
132
139
145
147
167
173
185
194
195
199
206
216
222
224
229
233
248
253
272
286
288
293
307
310
353
394
422
127
9
11
13
14
17
26
28
29
31
45
57
61
62
64
69
70
74
84
85
87
92
95
100
102
109
111
112
118
121
122
123
124
133
134
136
138
140
143
146
152
153
156
157
159
161
162
164
170
174
175
177
189
198
200
201
210
211
212
215
225
227
228
234
237
240
241
243
244
245
257
259
260
261
266
275
276
298
299
306
314
319
322
323
325
334
336
341
343
345
352
355
356
360
364
372
373
374
377
390
393
400
407
410
418
425
430
433
455
459
472
