1.000000000000000000e+00
2.891566265060240837e-01
2.891566265060240837e-01
2.891566265060240837e-01
2.891566265060240837e-01
2.891566265060240837e-01
2.891566265060240837e-01
1.927710843373494076e-01
1.927710843373494076e-01
1.927710843373494076e-01
1.927710843373494076e-01
1.927710843373494076e-01
1.927710843373494076e-01
1.204819277108433728e-01
1.204819277108433728e-01
1.204819277108433728e-01
1.084337349397590383e-01
1.084337349397590383e-01
8.433734939759035543e-02
8.433734939759035543e-02
8.433734939759035543e-02
7.228915662650602092e-02
7.228915662650602092e-02
7.228915662650602092e-02
7.228915662650602092e-02
7.228915662650602092e-02
7.228915662650602092e-02
7.228915662650602092e-02
7.228915662650602092e-02
7.228915662650602092e-02
7.228915662650602092e-02
7.228915662650602092e-02
7.228915662650602092e-02
7.228915662650602092e-02
7.228915662650602092e-02
7.228915662650602092e-02
7.228915662650602092e-02
7.228915662650602092e-02
7.228915662650602092e-02
7.228915662650602092e-02
7.228915662650602092e-02
7.228915662650602092e-02
7.228915662650602092e-02
7.228915662650602092e-02
7.228915662650602092e-02
7.228915662650602092e-02
4.819277108433735191e-02
4.819277108433735191e-02
4.819277108433735191e-02
4.819277108433735191e-02
4.819277108433735191e-02
4.819277108433735191e-02
4.819277108433735191e-02
4.819277108433735191e-02
4.819277108433735191e-02
4.819277108433735191e-02
4.819277108433735191e-02
4.819277108433735191e-02
4.819277108433735191e-02
4.819277108433735191e-02
4.819277108433735191e-02
4.819277108433735191e-02
4.819277108433735191e-02
3.614457831325301046e-02
3.614457831325301046e-02
3.614457831325301046e-02
3.614457831325301046e-02
3.614457831325301046e-02
3.614457831325301046e-02
3.614457831325301046e-02
3.614457831325301046e-02
3.614457831325301046e-02
3.614457831325301046e-02
3.614457831325301046e-02
3.614457831325301046e-02
3.614457831325301046e-02
3.614457831325301046e-02
3.614457831325301046e-02
3.614457831325301046e-02
3.614457831325301046e-02
3.614457831325301046e-02
3.614457831325301046e-02
3.614457831325301046e-02
3.614457831325301046e-02
3.614457831325301046e-02
3.614457831325301046e-02
3.614457831325301046e-02
3.614457831325301046e-02
3.614457831325301046e-02
3.614457831325301046e-02
3.614457831325301046e-02
3.614457831325301046e-02
3.614457831325301046e-02
3.614457831325301046e-02
3.614457831325301046e-02
3.614457831325301046e-02
3.614457831325301046e-02
3.614457831325301046e-02
3.614457831325301046e-02
3.614457831325301046e-02
3.614457831325301046e-02
3.614457831325301046e-02
3.614457831325301046e-02
3.614457831325301046e-02
3.614457831325301046e-02
3.614457831325301046e-02
3.614457831325301046e-02
3.614457831325301046e-02
3.614457831325301046e-02
3.614457831325301046e-02
3.614457831325301046e-02
3.614457831325301046e-02
3.614457831325301046e-02
3.614457831325301046e-02
3.614457831325301046e-02
3.614457831325301046e-02
3.614457831325301046e-02
3.614457831325301046e-02
3.614457831325301046e-02
3.614457831325301046e-02
3.614457831325301046e-02
3.614457831325301046e-02
2.409638554216867595e-02
2.409638554216867595e-02
2.409638554216867595e-02
2.409638554216867595e-02
2.409638554216867595e-02
2.409638554216867595e-02
2.409638554216867595e-02
2.409638554216867595e-02
2.409638554216867595e-02
2.409638554216867595e-02
2.409638554216867595e-02
2.409638554216867595e-02
2.409638554216867595e-02
2.409638554216867595e-02
2.409638554216867595e-02
2.409638554216867595e-02
2.409638554216867595e-02
2.409638554216867595e-02
2.409638554216867595e-02
2.409638554216867595e-02
2.409638554216867595e-02
2.409638554216867595e-02
2.409638554216867595e-02
2.409638554216867595e-02
2.409638554216867595e-02
2.409638554216867595e-02
2.409638554216867595e-02
2.409638554216867595e-02
2.409638554216867595e-02
2.409638554216867595e-02
2.409638554216867595e-02
2.409638554216867595e-02
2.409638554216867595e-02
2.409638554216867595e-02
2.409638554216867595e-02
2.409638554216867595e-02
2.409638554216867595e-02
2.409638554216867595e-02
2.409638554216867595e-02
2.409638554216867595e-02
2.409638554216867595e-02
2.409638554216867595e-02
2.409638554216867595e-02
2.409638554216867595e-02
2.409638554216867595e-02
2.409638554216867595e-02
2.409638554216867595e-02
2.409638554216867595e-02
2.409638554216867595e-02
2.409638554216867595e-02
2.409638554216867595e-02
2.409638554216867595e-02
2.409638554216867595e-02
2.409638554216867595e-02
2.409638554216867595e-02
2.409638554216867595e-02
2.409638554216867595e-02
2.409638554216867595e-02
2.409638554216867595e-02
2.409638554216867595e-02
2.409638554216867595e-02
2.409638554216867595e-02
2.409638554216867595e-02
2.409638554216867595e-02
2.409638554216867595e-02
2.409638554216867595e-02
2.409638554216867595e-02
2.409638554216867595e-02
2.409638554216867595e-02
2.409638554216867595e-02
2.409638554216867595e-02
2.409638554216867595e-02
2.409638554216867595e-02
2.409638554216867595e-02
2.409638554216867595e-02
2.409638554216867595e-02
2.409638554216867595e-02
2.409638554216867595e-02
2.409638554216867595e-02
2.409638554216867595e-02
2.409638554216867595e-02
2.409638554216867595e-02
2.409638554216867595e-02
2.409638554216867595e-02
2.409638554216867595e-02
2.409638554216867595e-02
2.409638554216867595e-02
2.409638554216867595e-02
2.409638554216867595e-02
2.409638554216867595e-02
2.409638554216867595e-02
2.409638554216867595e-02
2.409638554216867595e-02
2.409638554216867595e-02
2.409638554216867595e-02
2.409638554216867595e-02
2.409638554216867595e-02
2.409638554216867595e-02
2.409638554216867595e-02
2.409638554216867595e-02
2.409638554216867595e-02
2.409638554216867595e-02
2.409638554216867595e-02
2.409638554216867595e-02
2.409638554216867595e-02
2.409638554216867595e-02
2.409638554216867595e-02
2.409638554216867595e-02
2.409638554216867595e-02
2.409638554216867595e-02
2.409638554216867595e-02
1.204819277108433798e-02
