143
144
209
247
128
206
211
164
109
41
235
127
1
234
186
80
154
194
129
185
107
277
138
200
173
196
254
177
249
260
93
153
13
222
6
4
22
101
36
48
113
201
218
204
69
182
208
76
46
77
18
74
255
24
42
5
224
26
244
273
274
231
198
65
181
68
137
81
3
71
112
2
174
94
100
72
20
0
233
73
78
52
79
188
23
34
276
248
259
223
44
178
12
111
140
139
175
230
232
265
158
146
37
245
105
256
108
27
168
66
35
15
155
62
45
184
205
272
170
210
189
165
135
120
85
271
33
104
171
99
253
212
149
157
106
124
187
126
190
133
225
131
117
270
269
268
95
267
103
30
91
251
250
102
240
38
31
266
243
28
86
239
115
226
179
121
169
132
84
32
96
242
29
192
110
264
261
263
19
180
262
176
241
252
82
83
130
203
98
70
162
246
21
87
159
49
88
97
89
51
114
90
278
61
167
14
63
156
59
161
7
43
57
60
58
67
197
55
56
39
152
166
202
160
11
257
54
151
150
16
40
8
148
258
147
