0.00000000
0.00145593
0.00276506
0.00436779
0.00494292
0.00654565
0.00800158
0.00872351
0.00973904
0.01161123
0.01277356
0.01451102
0.01654209
0.02002908
0.02219487
0.02579245
0.02866811
0.03095657
0.03341596
0.03714828
0.04118626
0.04376832
0.04577524
0.04807577
0.04967850
0.05288395
0.05448668
0.05605321
0.06126559
0.06757997
0.06986842
0.07216895
0.07404114
0.08127252
0.08473537
0.08892016
0.09151428
0.09295814
0.09467147
0.09566286
0.09709465
0.10242970
0.10544009
0.10775268
0.10990641
0.11308773
0.11772498
0.11975604
0.12334156
0.12520168
0.12865247
0.13238479
0.13524838
0.13795310
0.13951962
0.14137975
0.14527093
0.14842812
0.14987198
0.15143851
0.15229517
0.15343336
0.15588069
0.15950241
0.16371133
0.16861805
0.17364743
0.17622948
0.18009653
0.18598257
0.18987376
0.19348341
0.19982192
0.20541437
0.20827795
0.20969768
0.21142307
0.21745591
0.22165277
0.22553188
0.22841961
0.23185833
0.23501551
0.23818477
0.24294468
0.24582034
0.24695853
0.24851299
0.25165811
0.25436283
0.25882915
0.26301393
0.26979284
0.27785674
0.28131960
0.28333859
0.28536965
0.28966503
0.29210029
0.29583261
0.29851319
0.30271004
0.30487584
0.30616083
0.30929388
0.31229220
0.31343039
0.32537341
0.32955820
0.33473438
0.34109702
0.34180689
0.34455988
0.34918506
0.35363931
0.35578097
0.35865662
0.36123868
0.36323354
0.36756512
0.36828705
0.37160311
0.38249439
0.38365672
0.38568778
0.39001937
0.39500048
0.39684853
0.40184171
0.40570876
0.40756888
0.40971054
0.41072607
0.41287979
0.41647738
0.41860697
0.42133582
0.42694034
0.42939973
0.43315618
0.43575031
0.43918902
0.44175901
0.44365534
0.44950518
0.45435156
0.45906320
0.46206152
0.46733623
0.47461786
0.47846077
0.48132436
0.48432268
0.48904639
0.49619329
0.50103967
0.50304659
0.50588604
0.51074449
0.51360807
0.51674112
0.52004511
0.52460996
0.52649422
0.52780335
0.53070314
0.53229380
0.53718845
0.53948897
0.54281709
0.54679474
0.55022139
0.55307291
0.55593650
0.55753923
0.56228707
0.56413513
0.56969137
0.57780553
0.58082798
0.58414404
0.59126680
0.59804571
0.60147236
0.60275736
0.60834980
0.61324445
0.61826176
0.62042755
0.62356060
0.62888358
0.63475756
0.63858840
0.64433971
0.64846416
0.65119301
0.65307727
0.65863351
0.66448335
0.66848513
0.67121399
0.67938849
0.68296194
0.68609499
0.69184630
0.69789121
0.70107253
0.70637137
0.71297935
0.72438344
0.73041628
0.73457693
0.73791712
0.74727809
0.75950264
0.77088260
0.77751471
0.78255615
0.79700882
0.80963757
0.81365142
0.81524208
0.82558237
0.82943735
0.83376894
0.83878625
0.84191930
0.86661373
0.88080901
0.89613040
0.89799053
0.90286104
0.90442757
0.90500270
0.90628769
0.90686282
0.90858822
0.91403386
0.91621172
0.91694572
0.91796125
0.91955191
0.94338968
0.94731707
0.94962966
0.94992326
0.95123239
0.95429105
0.95589378
0.95721498
0.96024950
0.96214583
0.96445842
0.96516828
0.96648948
0.96825108
0.96853261
0.96985381
0.97176221
0.97349967
0.97438047
0.97658246
0.97862559
0.97965319
0.98053399
0.98126799
0.98141479
0.98200199
0.98273598
0.98346998
0.98565991
0.98809517
0.98968583
0.99100703
0.99188783
0.99291542
0.99481175
0.99685488
0.99858027
0.39398671
