0.00000000
0.00016084
0.00026888
0.00064087
0.00080170
0.00096254
0.00107059
0.00149536
0.00160340
0.00417182
0.00481269
0.00764751
0.00786361
0.01058791
0.01299549
0.01352831
0.01395803
0.01422691
0.01668975
0.01746093
0.01908412
0.02143644
0.02225793
0.02498471
0.02750776
0.02783685
0.02913343
0.03006297
0.03104777
0.03304047
0.03534990
0.03712898
0.03922478
0.04053125
0.04167936
0.04564993
0.04833381
0.05091212
0.05396799
0.05429708
0.05490248
0.05798887
0.05820744
0.05853653
0.05897614
0.06118494
0.06215985
0.06281803
0.06594153
0.06825837
0.07228667
0.07593310
0.07831263
0.09392927
0.09420063
0.09494707
0.09842771
0.09880959
0.09930199
0.11461428
0.11557187
0.11720990
0.13158276
0.13275645
0.13614140
0.13679711
0.14968782
0.16579439
0.18005178
0.18037593
0.18075533
0.18533624
0.19992519
0.20274270
0.20334068
0.20371761
0.20404175
0.20754713
0.20946147
0.22360339
0.22435477
0.22833523
0.22914930
0.23059435
0.23229754
0.23606685
0.24128862
0.24840742
0.24927181
0.25266914
0.26113235
0.26172785
0.26706262
0.26813568
0.26984713
0.27466640
0.28633064
0.28751422
0.29158457
0.29442350
0.29920319
0.31553575
0.31634240
0.31895371
0.32268260
0.33533659
0.33938962
0.34355565
0.35673998
0.36139594
0.37310307
0.37758335
0.38327195
0.38781244
0.39990145
0.40467535
0.40881664
0.41242759
0.41802630
0.41893852
0.42522015
0.44074111
0.44597031
0.45337447
0.45821684
0.46325551
0.46843934
0.48046567
0.48576744
0.49234600
0.49857321
0.50561364
0.51013434
0.51875755
0.52720508
0.52977019
0.53455977
0.54112843
0.54614401
0.55228048
0.55880130
0.56340200
0.56843489
0.57527244
0.58372987
0.58928568
0.59664531
0.60765137
0.61374495
0.62218258
0.62923375
0.63756334
0.64475472
0.65573767
0.65649401
0.66538115
0.67186651
0.67758810
0.68760441
0.69656992
0.70479393
0.71063842
0.71653075
0.72334519
0.72988086
0.73946744
0.74934023
0.76058217
0.76760282
0.77570889
0.78441541
0.79132801
0.79807235
0.80634420
0.81654608
0.82682301
0.83561779
0.84447030
0.85140269
0.85969186
0.86833818
0.87743152
0.88667581
0.89673912
0.90657890
0.91652427
0.92613559
0.93686534
0.94701938
0.96117119
0.97402890
0.98643463
0.99697302
0.99758089
0.99774667
0.99785225
0.99785225
0.99857064
0.99868116
0.99873642
0.99879168
0.99901273
0.99923130
0.99928656
0.99945234
0.99950513
0.99955791
0.99961317
0.99966844
0.99977896
0.99994474
1.00000000
1.00000000
1.00000000
0.34907382
