0.00000000
0.00153460
0.00306921
0.00460381
0.01292574
0.01559157
0.01712617
0.01866077
0.02189221
0.02342681
0.02552703
0.03158652
0.03877723
0.04144305
0.04410888
0.04564348
0.05477218
0.06689116
0.07836122
0.08280280
0.08643762
0.09217265
0.09984566
0.11228472
0.12440370
0.12690729
0.12941089
0.13732506
0.14378793
0.15315777
0.18337630
0.19420183
0.20284384
0.21762426
0.22125908
0.24145445
0.24832071
0.26585026
0.29348188
0.29768231
0.30753446
0.31617647
0.31981129
0.33798537
0.35979428
0.37554369
0.38030973
0.39646691
0.41553106
0.42611105
0.43620874
0.44557859
0.46060455
0.47094339
0.47514381
0.48556596
0.49340121
0.50786155
0.54881353
0.58339472
0.59365464
0.59866183
0.61029412
0.65852889
0.66636413
0.67209916
0.68599390
0.73736364
0.74843032
0.75400312
0.80027798
0.81005121
0.82087674
0.83170227
0.83420586
0.83727507
0.91447438
0.92004718
0.92408538
0.92868919
0.93975587
0.98618857
0.98925778
0.99386159
0.32604204
