0.00000000
0.00039071
0.00078142
0.00138690
0.00177761
0.00216832
0.00363291
0.00423840
0.00484389
0.00558646
0.00662150
0.00722698
0.00783247
0.00822318
0.00878982
0.00982486
0.01021557
0.01082105
0.01121176
0.01177840
0.01259867
0.01427804
0.01531308
0.01742200
0.01781271
0.01884775
0.01945323
0.02005872
0.02066420
0.02126969
0.02201226
0.02275484
0.02332148
0.02406405
0.02480663
0.02519733
0.02576398
0.02679902
0.02718972
0.02779521
0.02836185
0.02910443
0.02992469
0.03095973
0.03135044
0.03174114
0.03230779
0.03287443
0.03731158
0.03791707
0.03848371
0.03908920
0.04053550
0.04092621
0.04184472
0.04241136
0.04473732
0.04555758
0.04715927
0.04833139
0.04971830
0.05116460
0.05173124
0.05229788
0.05286452
0.05325523
0.05382188
0.05421258
0.05477923
0.05516994
0.05577542
0.05616613
0.05673277
0.05712348
0.05804199
0.05860863
0.05995669
0.06056217
0.06095288
0.06151952
0.06208617
0.06247687
0.06339538
0.06482113
0.06521184
0.06577848
0.06652105
0.06747840
0.06808389
0.06995975
0.07078001
0.07205038
0.07361322
0.07435579
0.07644642
0.07722784
0.07925908
0.07964979
0.08064598
0.08125147
0.08277546
0.08394759
0.08455307
0.08551042
0.08629184
0.08763990
0.08842132
0.08937867
0.09098035
0.09279681
0.09340229
0.09396893
0.09488744
0.09654852
0.09902986
0.09959650
0.10055385
0.10194076
0.10346475
0.10459803
0.10537945
0.10786079
0.11041983
0.11120124
0.11258815
0.11336957
0.11577322
0.11633986
0.11790270
0.11829341
0.11925076
0.12298192
0.12393927
0.12520964
0.12616699
0.12772982
0.12999639
0.13095374
0.13208702
0.13325915
0.13622945
0.13753866
0.13888672
0.13980523
0.14140691
0.14314568
0.14646784
0.14824545
0.15207485
0.15363769
0.15441911
0.15541530
0.15733000
0.15828736
0.15967426
0.16133534
0.16272224
0.16350366
0.16516474
0.16680527
0.16797739
0.17036049
0.17223635
0.17262706
0.17663239
0.17784336
0.17858594
0.18014877
0.18200408
0.18423180
0.18876493
0.19312213
0.19425541
0.19542754
0.19603303
0.19702922
0.19759586
0.19972534
0.20132702
0.20228437
0.20505818
0.20783199
0.20935598
0.21074288
0.21234456
0.21377031
0.21455173
0.21646643
0.21746262
0.21984572
0.22123263
0.22275662
0.22431946
0.22631185
0.22709326
0.22953576
0.23227073
0.23266143
0.23557233
0.23881680
0.24182594
0.24452206
0.24669038
0.24799960
0.25225856
0.25399732
0.25786557
0.25981912
0.26177266
0.26450762
0.26880542
0.27001640
0.27458837
0.27851602
0.27929744
0.28111389
0.28332106
0.29084051
0.29140715
0.29445514
0.29689763
0.30244525
0.30443764
0.30764100
0.31123507
0.31301268
0.31479030
0.31748642
0.31904925
0.32131582
0.32227317
0.32840798
0.33032268
0.33444455
0.33614447
0.33993503
0.34153671
0.34270884
0.34409574
0.34540496
0.34710488
0.34970276
0.35066011
0.35144153
0.35364869
0.35782996
0.35949104
0.36916506
0.36990763
0.37147047
0.37346286
0.37684215
0.37740879
0.38071040
0.38291756
0.38448040
0.38604324
0.38743014
0.39084828
0.39621996
0.39934563
0.40850788
0.41425198
0.41837385
0.41915526
0.42259396
0.42894355
0.43124896
0.43593973
0.43711186
0.44113775
0.44408749
0.45090548
0.45465719
0.45631827
0.45745156
0.46004943
0.46729924
0.46843252
0.46899916
0.47155819
0.47355058
0.47472271
0.47685219
0.48183316
0.48361077
0.48741962
0.48798626
0.49189335
0.49820183
0.50820262
0.51224680
0.51882946
0.52082185
0.52230699
0.52476778
0.52885080
0.53033595
0.53285614
0.53687976
0.53943879
0.54270155
0.54627734
0.54928648
0.55309532
0.55557667
0.55727659
0.55915245
0.56704432
0.57841599
0.58220655
0.58830252
0.59977017
0.60475114
0.61666890
0.62122032
0.62586999
0.62979764
0.64302461
0.64363010
0.64402081
0.65247932
0.66195458
0.66726913
0.67580533
0.67693861
0.67963473
0.68508637
0.68604372
0.68977488
0.69981678
0.70655708
0.70808107
0.70985869
0.71169570
0.71417704
0.71681376
0.71890439
0.71950988
0.72249846
0.72345581
0.72703160
0.72785186
0.72902399
0.72980540
0.73418089
0.73865462
0.73961198
0.74455410
0.74625403
0.74742616
0.74842235
0.74937970
0.77438508
0.79861131
0.80087788
0.80205001
0.80265549
0.80396471
0.80509799
0.80605534
0.80683676
0.80839960
0.81035314
0.81131049
0.81244377
0.81336228
0.81410485
0.81541407
0.81701575
0.81814903
0.81896930
0.81975071
0.82113762
0.82174310
0.82213381
0.82348187
0.82387258
0.82447807
0.82547426
0.82604090
0.82643161
0.82682232
0.82721303
0.82760374
0.82817038
0.82916658
0.82955729
0.82994799
0.83033870
0.83072941
0.83112012
0.83151083
0.83190154
0.83229225
0.83268296
0.83307367
0.83403102
0.83498837
0.83594572
0.83672714
0.83729378
0.83874008
0.83938441
0.84012699
0.84086956
0.84143620
0.84235471
0.84327321
0.84348799
0.84497314
0.84514907
0.84553978
0.84589164
0.84628235
0.84628235
0.84667306
0.84720086
0.84759157
0.84798228
0.85105082
0.85144153
0.85222295
0.85261365
0.85318030
0.85435242
0.85509500
0.85566164
0.85587642
0.85609119
0.85687261
0.85704854
0.85765403
0.85825951
0.85886500
0.85886500
0.86021306
0.86212776
0.86787186
0.86931817
0.87023667
0.87150705
0.87185891
0.87207369
0.87381246
0.87420317
0.87484749
0.87598078
0.87615671
0.87676220
0.87715291
0.87807141
0.88023973
0.88041567
0.88063044
0.88414682
0.88414682
0.88471347
0.88531895
0.88592444
0.88862056
0.88936313
0.90516743
0.90729690
0.90839134
0.90856728
0.90874321
0.90995418
0.91073560
0.91137993
0.91177064
0.91177064
0.91280568
0.91319638
0.91376303
0.91436851
0.91458329
0.91532586
0.91550179
0.91610728
0.91649799
0.91671277
0.91849038
0.91927180
0.91966251
0.92061986
0.92083463
0.92204560
0.92226038
0.92300296
0.92317889
0.92427333
0.92505474
0.92605094
0.92626572
0.92722307
0.92761378
0.92902124
0.92941194
0.93089709
0.93124896
0.93189329
0.93228400
0.93285064
0.95186283
0.95246831
0.95285902
0.95285902
0.95438302
0.95555514
0.95707913
0.95746984
0.95899384
0.95916977
0.96233428
0.96251022
0.96315455
0.96354526
0.96393597
0.96454145
0.96493216
0.96532287
0.96532287
0.96813552
0.96852623
0.97342952
0.97399616
0.97460164
0.97520713
0.97647750
0.97669228
0.97669228
0.97813858
0.97874407
0.97995504
0.98016981
0.98038459
0.98059937
0.98102892
0.98138079
0.98429168
0.98538612
0.98642116
0.98706549
0.98780806
0.98872657
0.98890250
0.99011347
0.99071896
0.99114851
0.99153922
0.99267250
0.99302437
0.99411881
0.99546687
0.99642422
0.99663900
0.30788056
