0.00000000
0.00003250
0.00011370
0.00017056
0.00021929
0.00037353
0.00041415
0.00043854
0.00047105
0.00051167
0.00080388
0.00088508
0.00091758
0.00096632
0.00099071
0.00111249
0.00114499
0.00120184
0.00122623
0.00131555
0.00134805
0.00137244
0.00142929
0.00146180
0.00152676
0.00157554
0.00161616
0.00165678
0.00172987
0.00177864
0.00181115
0.00190046
0.00262285
0.00267971
0.00270410
0.00280153
0.00282592
0.00288277
0.00290716
0.00293154
0.00316695
0.00327249
0.00329688
0.00332127
0.00347551
0.00350802
0.00354864
0.00358930
0.00363803
0.00368677
0.00384101
0.00399525
0.00404399
0.00410088
0.00419831
0.00428767
0.00436075
0.00440138
0.00445823
0.00448262
0.00452324
0.00458009
0.00464506
0.00468568
0.00482369
0.00488865
0.00492116
0.00551386
0.00557071
0.00559510
0.00561949
0.00567634
0.00573320
0.00579005
0.00582255
0.00585506
0.00587945
0.00593630
0.00596069
0.00598507
0.00603381
0.00609878
0.00613940
0.00618002
0.00621252
0.00633430
0.00650478
0.00652916
0.00664283
0.00687011
0.00691073
0.00693512
0.00696763
0.00699201
0.00703263
0.00709760
0.00712199
0.00715450
0.00726004
0.00728443
0.00730882
0.00737379
0.00743064
0.00746314
0.00755246
0.00767424
0.00774732
0.00777983
0.00782856
0.00786918
0.00790169
0.00793419
0.00806409
0.00815357
0.00821853
0.00824292
0.00836470
0.00839721
0.00846217
0.00855961
0.00861654
0.00868159
0.00873033
0.00876283
0.00882780
0.00901450
0.00907136
0.00913632
0.00916071
0.00925814
0.00939615
0.00959909
0.00962348
0.00969656
0.00974534
0.00977785
0.00980223
0.00988343
0.00997279
0.01002968
0.01007030
0.01011904
0.01014343
0.01017593
0.01026525
0.01029775
0.01044413
0.01050098
0.01136130
0.01145873
0.01159674
0.01164547
0.01166986
0.01175918
0.01181603
0.01184854
0.01192973
0.01197847
0.01201909
0.01205160
0.01228700
0.01231950
0.01239258
0.01247378
0.01251440
0.01254691
0.01257130
0.01260380
0.01264442
0.01266881
0.01274189
0.01276628
0.01279067
0.01283941
0.01321290
0.01327787
0.01330226
0.01346462
0.01360291
0.01365981
0.01368420
0.01374916
0.01378978
0.01390345
0.01438249
0.01443934
0.01446373
0.01460985
0.01463424
0.01470733
0.01474795
0.01480480
0.01490223
0.01494285
0.01498347
0.01504848
0.01509722
0.01570607
0.01584412
0.01630676
0.01633927
0.01644486
0.01649363
0.01662357
0.01667230
0.01675350
0.01685909
0.01720816
0.01734621
0.01742745
0.01747618
0.01789841
0.01841803
0.01845865
0.01858043
0.01867786
0.01870225
0.01872664
0.01875103
0.01878353
0.01888908
0.01891347
0.01900282
0.01905968
0.01909218
0.01921408
0.01931967
0.01936033
0.01954741
0.01964492
0.01970993
0.01973432
0.01980745
0.01988053
0.02010798
0.02022172
0.02029481
0.02053029
0.02057095
0.02083931
0.02094490
0.02104245
0.02110742
0.02122924
0.02158708
0.02187937
0.02192003
0.02196881
0.02209883
0.02217204
0.02497529
0.02502407
0.02507285
0.02512974
0.02517040
0.02525164
0.02532477
0.02554402
0.02636487
0.02660040
0.02670594
0.02692548
0.02730722
0.02746974
0.02759176
0.02795735
0.02803863
0.02807929
0.03014973
0.03078289
0.03087225
0.03094541
0.03192001
0.03200937
0.03217177
0.03235061
0.03241562
0.03244000
0.03265938
0.03275693
0.03287068
0.03295188
0.03329303
0.03460957
0.03473139
0.03479640
0.03485329
0.03499946
0.03508885
0.03538935
0.03558425
0.03565742
0.03570619
0.03611231
0.03629111
0.03641314
0.03671400
0.03703908
0.03715283
0.03721784
0.03728289
0.03733982
0.03820080
0.03830639
0.03834705
0.03837144
0.03852601
0.03861549
0.03881068
0.04006917
0.04026441
0.04033753
0.04045935
0.04058129
0.04463410
0.04468288
0.04486155
0.04504830
0.04521881
0.04535690
0.04607967
0.04613656
0.04627478
0.04644529
0.04647780
0.04664048
0.04673796
0.04678673
0.04684363
0.04732308
0.04758332
0.04772973
0.04807085
0.04855022
0.04909468
0.04915157
0.04947662
0.04951728
0.04960668
0.04989950
0.05123194
0.05166233
0.05274198
0.05331862
0.05339986
0.05344863
0.05357861
0.05377364
0.05412283
0.05556098
0.05561787
0.05570735
0.05608142
0.05614643
0.05647971
0.05670720
0.05691039
0.05696728
0.05711365
0.05736570
0.05744698
0.05785335
0.05794266
0.05990884
0.05994950
0.06004697
0.06020134
0.06059139
0.06068083
0.06115237
0.06128247
0.06143676
0.06150988
0.06172917
0.06196486
0.06207873
0.06228986
0.06237930
0.06348470
0.06470282
0.06480845
0.06512521
0.06554011
0.06568648
0.06614171
0.06628792
0.06653152
0.06699441
0.06704319
0.06710008
0.06844863
0.06851364
0.06857057
0.06903400
0.06908277
0.07089343
0.07125942
0.07223378
0.07229067
0.07241265
0.07294900
0.07344477
0.07351789
0.07568840
0.07579399
0.07585904
0.07608645
0.07615957
0.07628143
0.07633837
0.07714299
0.07745147
0.07752464
0.07928895
0.07954066
0.07968683
0.07973561
0.07978438
0.08028060
0.08035373
0.08045936
0.08306487
0.08322747
0.08365811
0.08379628
0.08386945
0.08391822
0.08449490
0.08472264
0.08479581
0.08506379
0.08534002
0.08543753
0.08582759
0.08651010
0.08664024
0.08742093
0.08753480
0.08772982
0.08779483
0.08850231
0.08890073
0.08899012
0.08949368
0.08977831
0.08987582
0.08997342
0.09046931
0.09122457
0.09131397
0.09135463
0.09141964
0.09172005
0.09228132
0.09261440
0.09504305
0.09524603
0.09530292
0.09557919
0.09576610
0.09589612
0.09598560
0.09613997
0.09632696
0.09642456
0.09684724
0.09690413
0.09713978
0.09736748
0.09794403
0.09799281
0.09848046
0.09986966
0.09998337
0.10030050
0.10185112
0.10191617
0.10217604
0.10257434
0.10441037
0.10445103
0.10453227
0.10462983
0.10497127
0.10530435
0.10575133
0.10663678
0.10688084
0.11047149
0.11051215
0.11090213
0.11290167
0.11295045
0.11311305
0.11334891
0.11339768
0.11386082
0.11472987
0.11490055
0.11500627
0.11678648
0.11702196
0.11714382
0.11720887
0.11772029
0.11778534
0.11820794
0.11885782
0.11910974
0.11973524
0.12076669
0.12101865
0.12157906
0.12173338
0.12285506
0.12318855
0.12391963
0.12398468
0.12504151
0.12509029
0.12513907
0.12596029
0.12608223
0.12617979
0.12680565
0.12700056
0.12731749
0.12736626
0.12778050
0.12847920
0.12908052
0.12951082
0.12974672
0.13005574
0.13059257
0.13082810
0.13128316
0.13357496
0.13366440
0.13374568
0.13382696
0.13390824
0.13565541
0.13583412
0.13747480
0.13784018
0.13816510
0.13848195
0.13881535
0.13893738
0.13927029
0.13948996
0.13982295
0.14009951
0.14047333
0.14094450
0.14105837
0.14118847
0.14178204
0.14187148
0.14248103
0.14269241
0.14305021
0.14313149
0.14320462
0.14348892
0.14370038
0.14415536
0.14424472
0.14449648
0.14462658
0.14471593
0.14523592
0.14539853
0.14599168
0.14615425
0.14650372
0.14661755
0.14767352
0.14803078
0.14872964
0.14928160
0.14939535
0.14945224
0.14955795
0.14981815
0.15011910
0.15022473
0.15041172
0.15085093
0.15101353
0.15127377
0.15497867
0.15505188
0.15517370
0.15529560
0.15536877
0.15579112
0.15665210
0.15674149
0.15748061
0.15880493
0.15887806
0.15998214
0.16109422
0.16138696
0.16146829
0.16160642
0.16176882
0.16185010
0.16388141
0.16397900
0.16409271
0.16445862
0.16477563
0.16485691
0.16511678
0.16526303
0.16539305
0.16614024
0.16692114
0.16705927
0.16710805
0.16735993
0.16984564
0.17047076
0.17054397
0.17064148
0.17076334
0.17112106
0.17127563
0.17142196
0.17153575
0.17250211
0.17270546
0.17336416
0.17346175
0.17369748
0.17377069
0.17401445
0.17426633
0.17440459
0.17451018
0.17477825
0.17500574
0.17524135
0.17529012
0.17552589
0.17611884
0.17620828
0.17654968
0.17958022
0.17964528
0.17974283
0.17979972
0.17999463
0.18006775
0.18027901
0.18043333
0.18047400
0.18051466
0.18063660
0.18098616
0.18108375
0.18123824
0.18160412
0.18178295
0.18222224
0.18242534
0.18252289
0.18348200
0.18570780
0.18583790
0.18593550
0.18624415
0.18651255
0.18661826
0.18846253
0.18862505
0.18884430
0.18889308
0.18911254
0.18937266
0.19124185
0.19136375
0.19148557
0.19158313
0.19173766
0.19187579
0.19198954
0.19209521
0.19265602
0.19294832
0.19301337
0.19310285
0.19549900
0.19558028
0.19579154
0.19596226
0.19657148
0.19726277
0.19750678
0.19779112
0.19799439
0.19808378
0.19851475
0.19864485
0.19924637
0.19929514
0.19941709
0.19975832
0.20001828
0.20175642
0.20184586
0.20195973
0.20226051
0.20423525
0.20433281
0.20455223
0.20564036
0.20577042
0.20638850
0.20657537
0.20679504
0.20685193
0.20838698
0.20847642
0.20884229
0.20892357
0.20928932
0.20949258
0.20966330
0.20989088
0.21002098
0.21011046
0.21051654
0.21114212
0.21181672
0.21263654
0.21314854
0.21411506
0.21422893
0.21649572
0.21656893
0.21665021
0.21673153
0.21680470
0.21686163
0.21694287
0.21764141
0.21854281
0.21858347
0.21879485
0.21887613
0.21903878
0.21908755
0.21931525
0.21943715
0.21975408
0.22068069
0.22137082
0.22172854
0.22209404
0.22264715
0.22272032
0.22400344
0.22436882
0.22443387
0.22453958
0.22486487
0.22501112
0.22552312
0.22675780
0.22703407
0.22765165
0.22869975
0.22876480
0.22895982
0.22909796
0.23001587
0.23007281
0.23017848
0.23047934
0.23062575
0.23256824
0.23267387
0.23307167
0.23333174
0.23348628
0.23357571
0.23364892
0.23374652
0.23393326
0.23488397
0.23516011
0.23591587
0.23646021
0.23707788
0.23890613
0.23906041
0.23951531
0.23960471
0.23977555
0.24057177
0.24070183
0.24096190
0.24100256
0.24123829
0.24270120
0.24278249
0.24303445
0.24351353
0.24393650
0.24559526
0.24609861
0.24652940
0.24712240
0.24830891
0.24856887
0.24869073
0.24878017
0.24892646
0.24909718
0.24918662
0.24924355
0.25162310
0.25171250
0.25180185
0.25199680
0.25280887
0.25318303
0.25527790
0.25548908
0.25565967
0.25571657
0.25578977
0.25793585
0.25814724
0.25818790
0.26024281
0.26054326
0.26066516
0.26241258
0.26296532
0.26342051
0.26346117
0.26362377
0.26377835
0.26407880
0.26416004
0.26437130
0.26449316
0.26646633
0.26684840
0.26691341
0.27066518
0.27084390
0.27093330
0.27258167
0.27265480
0.27384943
0.27587089
0.27609047
0.27691965
0.27710672
0.27746423
0.27982034
0.27987727
0.28050235
0.28268671
0.28276795
0.28280861
0.28519026
0.28567762
0.28594589
0.28649880
0.28839181
0.28845686
0.28880662
0.28901784
0.29069922
0.29077242
0.29083743
0.29089433
0.29102443
0.29135763
0.29186987
0.29234933
0.29324326
0.29459267
0.29531622
0.29547079
0.29563335
0.29590991
0.29612133
0.29658509
0.29677212
0.29704856
0.29784473
0.29803996
0.29871440
0.29879568
0.29947844
0.29954345
0.30172834
0.30185020
0.30202080
0.30580982
0.30591549
0.30613483
0.30646774
0.30662215
0.30669535
0.30683345
0.30715833
0.30771041
0.31058671
0.31070050
0.31090364
0.31130968
0.31148023
0.31161029
0.31169162
0.31264261
0.31282132
0.31308939
0.31406387
0.31412080
0.31501462
0.31525047
0.31563204
0.31903558
0.31911686
0.31918191
0.31929574
0.31946629
0.31960459
0.31966960
0.32222115
0.32235108
0.32248110
0.32302577
0.32315578
0.32321268
0.32357019
0.32394438
0.32418831
0.32427771
0.32440772
0.32447273
0.32459472
0.32520394
0.32578840
0.32690163
0.32721852
0.33017610
0.33048471
0.33069601
0.33077733
0.33086669
0.33119997
0.33265440
0.33276011
0.33287385
0.33384104
0.33404406
0.33452301
0.33466939
0.33504317
0.33510006
0.33515700
0.33545745
0.33562809
0.33567686
0.33585554
0.33605880
0.33644923
0.33654682
0.33665241
0.33800924
0.33815541
0.33834236
0.34129261
0.34133327
0.34217039
0.34248761
0.34267448
0.34275576
0.34285332
0.34311348
0.34325169
0.34394257
0.34414555
0.34424310
0.34433258
0.34479576
0.34488516
0.34517758
0.34619407
0.34634037
0.34682760
0.34782766
0.34815250
0.34833950
0.34889998
0.35008555
0.35038621
0.35050815
0.35172767
0.35193090
0.35215011
0.35282409
0.35511589
0.35545696
0.35574155
0.35608303
0.35631077
0.35641644
0.35703398
0.35786336
0.35793653
0.35931869
0.36066650
0.36133261
0.36188560
0.36230857
0.36247105
0.36270678
0.36281237
0.36308065
0.36324325
0.36411259
0.36438062
0.36457569
0.36480310
0.36512007
0.36828162
0.36837102
0.36922363
0.36948342
0.36978391
0.37004378
0.37023885
0.37031206
0.37080754
0.37097826
0.37114885
0.37411587
0.37448936
0.37465185
0.37497710
0.37511540
0.37695934
0.37717064
0.37749539
0.37760102
0.37769858
0.37830862
0.37882108
0.38238747
0.38341826
0.38345892
0.38457899
0.38475766
0.38486337
0.38634256
0.38666752
0.38695985
0.38709807
0.38713873
0.38761056
0.38778948
0.39024269
0.39042152
0.39260666
0.39280164
0.39293179
0.39314304
0.39406125
0.39443494
0.39455681
0.39470310
0.39516615
0.39541787
0.39553169
0.39588896
0.39623027
0.39657122
0.39714782
0.40216933
0.40237243
0.40255930
0.40267309
0.40283574
0.40293329
0.40300646
0.40400681
0.40416113
0.40512724
0.41034515
0.41045897
0.41055645
0.41082439
0.41105172
0.41124670
0.41131987
0.41137676
0.41152301
0.41162868
0.41190495
0.41199439
0.41208387
0.41214080
0.41244154
0.41270158
0.41321304
0.41328625
0.41426151
0.41435086
0.41483052
0.41572479
0.41606582
0.41921101
0.41934919
0.41938985
0.41945486
0.41951175
0.41960119
0.41989352
0.42016188
0.42335635
0.42350256
0.42358384
0.42364889
0.42371394
0.42389273
0.42403911
0.42426660
0.42644461
0.42659889
0.42688327
0.42707838
0.42979401
0.42986722
0.42996469
0.43007036
0.43054936
0.43062249
0.43077702
0.43337058
0.43347625
0.43366312
0.43373629
0.43393931
0.43417492
0.43432121
0.43495469
0.43543382
0.43871747
0.43886372
0.43905064
0.43932670
0.43957845
0.43965162
0.43996838
0.44017977
0.44318645
0.44651106
0.44667354
0.44704749
0.44725875
0.44740508
0.44762450
0.44785207
0.45436612
0.45450425
0.45465866
0.45478056
0.45490242
0.45507298
0.45536539
0.45541417
0.45550361
0.45556862
0.45562555
0.45572307
0.45590178
0.45603995
0.45615374
0.45630003
0.45638131
0.45645448
0.45671443
0.45685261
0.45697455
0.46097525
0.46133263
0.46146269
0.46157648
0.46182012
0.46197461
0.46218582
0.46229961
0.46240524
0.46256776
0.46294130
0.46302254
0.46667050
0.46692225
0.46719852
0.46730415
0.47182286
0.47192037
0.47212364
0.47226181
0.47238371
0.47287095
0.47322022
0.47335844
0.47377268
0.47470744
0.47511368
0.47730842
0.47767392
0.47786882
0.47991006
0.48020247
0.48033253
0.48060872
0.48068996
0.48081998
0.48114523
0.48160833
0.48188447
0.48240421
0.48293261
0.48526655
0.48537222
0.48544538
0.48564053
0.48776256
0.48791696
0.48803075
0.48822582
0.48842093
0.48872953
0.48890021
0.49356155
0.49378088
0.49383781
0.49388659
0.49407342
0.49430103
0.49455308
0.49463440
0.49487009
0.49503257
0.49536557
0.49553612
0.49573111
0.49582866
0.49968195
0.49982009
0.50016919
0.50024240
0.50066463
0.50082707
0.50088400
0.50097344
0.50109543
0.50120921
0.50131492
0.50166436
0.50203818
0.50397416
0.50403921
0.50412869
0.50424252
0.50439692
0.50481936
0.50508743
0.50526614
0.50538804
0.50557512
0.50581081
0.50877819
0.50900568
0.50915206
0.50952559
0.50970443
0.51001312
0.51039464
0.51065468
0.51083348
0.51121554
0.51145938
0.51158944
0.51177635
0.51196331
0.51213386
0.51405789
0.51723604
0.51770726
0.51782096
0.51819470
0.51835718
0.51850347
0.51869034
0.51892591
0.51907224
0.51924288
0.51936474
0.51950304
0.51988489
0.51997429
0.52043718
0.52196663
0.52233213
0.52244583
0.52282773
0.52294963
0.52306346
0.52389992
0.52433043
0.52441176
0.52472852
0.52647631
0.52667142
0.52711017
0.52726457
0.52832153
0.52851651
0.52997184
0.53025627
0.53042699
0.53064657
0.53089041
0.53111811
0.53131310
0.53219900
0.53555459
0.53583889
0.53609892
0.53633465
0.53655403
0.53706561
0.53741492
0.53756122
0.53907249
0.53993450
0.54028389
0.54150345
0.54165782
0.54190178
0.54550509
0.54563511
0.54576521
0.54603336
0.54622044
0.54635865
0.54652122
0.54664316
0.54679765
0.54694398
0.54705785
0.54726104
0.54743991
0.54764310
0.54799245
0.54822822
0.54867496
0.54880506
0.54891881
0.54901636
0.54928451
0.55018652
0.55321851
0.55367328
0.55386827
0.55392516
0.55419348
0.55443745
0.55481131
0.55525830
0.55564016
0.55881143
0.55898211
0.55913660
0.55931552
0.55962425
0.55981940
0.55994130
0.56002262
0.56106203
0.56121652
0.56180918
0.56193920
0.56215058
0.56239434
0.56253252
0.56272767
0.56293093
0.56312604
0.56366206
0.56403605
0.56453140
0.56487280
0.56605133
0.56696912
0.56768389
0.56787891
0.56805787
0.56868353
0.56900874
0.56974831
0.57001676
0.57100038
0.57121180
0.57140691
0.57526807
0.57549552
0.57567436
0.57585323
0.57594263
0.57609708
0.57618644
0.57641401
0.57681210
0.57776214
0.57782715
0.57812797
0.57824979
0.57850167
0.57865595
0.57896477
0.57915172
0.57937130
0.57986686
0.58011075
0.58213439
0.58234565
0.58270304
0.58285748
0.58385713
0.58397895
0.58411721
0.58442602
0.58466183
0.58538456
0.58755350
0.59002529
0.59012284
0.59052085
0.59100005
0.59111384
0.59130079
0.59148774
0.59172331
0.59189403
0.59223543
0.59272250
0.59310428
0.59324249
0.59402231
0.59440417
0.59457493
0.59476197
0.59506266
0.59549326
0.59608612
0.59649249
0.59671195
0.59686648
0.59896156
0.60013110
0.60034249
0.60064314
0.60152006
0.60203231
0.60261776
0.60298363
0.60343907
0.60441441
0.60499949
0.60528400
0.60545472
0.60780926
0.60794747
0.60822366
0.60836187
0.60874406
0.60893105
0.60959725
0.60989008
0.61100356
0.61143427
0.61205161
0.61341631
0.61363572
0.61422884
0.61445641
0.61517114
0.61591067
0.61604069
0.61614644
0.61622776
0.61727623
0.61766632
0.61845517
0.61856084
0.61868282
0.61888605
0.61952782
0.61995845
0.62029161
0.62101433
0.62191609
0.62257397
0.62356571
0.62374446
0.62415087
0.62499554
0.62531243
0.62570248
0.62631211
0.62702672
0.62856951
0.62889451
0.62966647
0.63065812
0.63121078
0.63177967
0.63203155
0.63226740
0.63312851
0.63329923
0.63388423
0.63640149
0.63666956
0.63754718
0.63930156
0.63981331
0.64006540
0.64031736
0.64041487
0.64098376
0.64200731
0.64338885
0.64365692
0.64434825
0.64447835
0.64501445
0.64542877
0.64585137
0.64592453
0.64685089
0.64706223
0.64733850
0.64763932
0.65006830
0.65024702
0.65069372
0.65106746
0.65224545
0.65284668
0.65324460
0.65368343
0.65391920
0.65434963
0.65618484
0.65810949
0.65889759
0.66075772
0.66094455
0.66149675
0.66208970
0.66232543
0.66362586
0.66395078
0.66410515
0.66495818
0.66699059
0.66783592
0.66803914
0.66862398
0.66877843
0.67007848
0.67030593
0.67064746
0.67211053
0.67227309
0.67267922
0.67319088
0.67372690
0.67383265
0.67411704
0.67583887
0.67618826
0.67705760
0.67739863
0.67797531
0.68024931
0.68057415
0.68093998
0.68241104
0.68261423
0.68302830
0.68328001
0.68366187
0.68407615
0.68426302
0.68440128
0.68484007
0.68505956
0.68539285
0.68679779
0.68973774
0.68998151
0.69031471
0.69068886
0.69130612
0.69402665
0.69433559
0.69517234
0.69581436
0.69618023
0.69654594
0.69813779
0.69882846
0.69889347
0.69919438
0.69940563
0.70198960
0.70223336
0.70258271
0.70299699
0.70380174
0.70393995
0.70420819
0.70466296
0.71026285
0.71041738
0.71062052
0.71120531
0.71148990
0.71232670
0.71250562
0.71259501
0.71274942
0.71287136
0.71305016
0.71319653
0.71348903
0.71366779
0.71803167
0.71826728
0.71858409
0.71875481
0.71906354
0.71944535
0.71977023
0.72006286
0.72026616
0.72054255
0.72072938
0.72110312
0.72137952
0.72190758
0.72214314
0.72238711
0.72265551
0.72303737
0.72327318
0.72351686
0.72565322
0.72583202
0.72619776
0.72649031
0.72704280
0.72734354
0.72753857
0.72800212
0.72813222
0.72921327
0.72949774
0.73005826
0.73045639
0.73079779
0.73129331
0.73156974
0.73248745
0.73314558
0.73364979
0.73379608
0.73454381
0.73488533
0.73607197
0.73619396
0.73649449
0.73673829
0.73682773
0.73696599
0.73783595
0.73829921
0.73905485
0.74064740
0.74080185
0.74133795
0.74144366
0.74188274
0.74270310
0.74306868
0.74522230
0.74596134
0.74609951
0.74632709
0.74660356
0.74706703
0.74734325
0.74749778
0.74762784
0.74797732
0.74824551
0.74988623
0.75027628
0.75057706
0.75117821
0.75133258
0.75184424
0.75390764
0.75426540
0.75450105
0.75481793
0.75500501
0.75546007
0.75610992
0.75717420
0.75749134
0.75777605
0.75921428
0.75956355
0.75978317
0.76012458
0.76026279
0.76135909
0.76206640
0.76256999
0.76286270
0.76356136
0.76425158
0.76495049
0.76556016
0.76587726
0.76616988
0.76651956
0.76696647
0.76895715
0.76930667
0.76950170
0.77028156
0.77094759
0.77123993
0.77147557
0.77201192
0.77215014
0.77245104
0.77322324
0.77384873
0.77464524
0.77481596
0.77809356
0.77860511
0.77908439
0.77938517
0.77989696
0.78006773
0.78029530
0.78078266
0.78125379
0.78160331
0.78199353
0.78226967
0.78256234
0.78328539
0.78365904
0.78417092
0.78452039
0.78493496
0.78508945
0.78533321
0.78560956
0.78664930
0.78700722
0.78715351
0.78728365
0.78817738
0.78838847
0.79065712
0.79090088
0.79121777
0.79136406
0.79155109
0.79176243
0.79212810
0.79235580
0.79264842
0.79316029
0.79350989
0.79467223
0.79528936
0.79544381
0.79649199
0.79684958
0.79900270
0.79957155
0.79989664
0.80025398
0.80102626
0.80114821
0.80161139
0.80172513
0.80263522
0.80331752
0.80365917
0.80433390
0.80456151
0.80571581
0.80591887
0.80659323
0.81277964
0.81307201
0.81336447
0.81374624
0.81442019
0.81498063
0.81540319
0.81580140
0.81629700
0.81682511
0.81731272
0.81810098
0.81832852
0.81885637
0.81930332
0.81955541
0.82004297
0.82059617
0.82089707
0.82162783
0.82179043
0.82255402
0.82319575
0.82325268
0.82348837
0.82917724
0.82950216
0.82999768
0.83059071
0.83081816
0.83106192
0.83162262
0.83207789
0.83245187
0.83333720
0.83357289
0.83364610
0.83406054
0.83420671
0.83432053
0.83462935
0.83505182
0.83697058
0.83785624
0.83817316
0.83853920
0.83902685
0.83945757
0.83992054
0.84002629
0.84055428
0.84122035
0.84165906
0.84279672
0.84299982
0.84330859
0.84352792
0.84389375
0.84519340
0.84603856
0.84648518
0.84717613
0.84738739
0.84789119
0.84857346
0.84995430
0.85109130
0.85132699
0.85183062
0.85224490
0.85270792
0.85393485
0.85497471
0.85534033
0.85621729
0.85710299
0.85815924
0.85896349
0.85934522
0.85994679
0.86062114
0.86124643
0.86262781
0.86364295
0.86463456
0.86861812
0.86946241
0.87045366
0.87150155
0.87261498
0.87326478
0.87351670
0.87425578
0.87554805
0.87584059
0.87595438
0.87615764
0.87628766
0.87662099
0.87680794
0.87699473
0.87702723
0.87792899
0.87810796
0.87827060
0.87827060
0.87836824
0.87838451
0.87851469
0.87851469
0.87861233
0.87884015
0.87897033
0.87901907
0.87915729
0.87919795
0.87923049
0.87924677
0.87931186
0.87936068
0.87937695
0.87973475
0.87988932
0.87999499
0.88001126
0.88024720
0.88031229
0.88046686
0.88087352
0.88088979
0.88093861
0.88097116
0.88129661
0.88224703
0.88242603
0.88245858
0.88253994
0.88258876
0.88284913
0.88319081
0.88322328
0.88322328
0.88324767
0.88326394
0.88339408
0.88347545
0.88367879
0.88367879
0.88369507
0.88376823
0.88381701
0.88384956
0.88388210
0.88392276
0.88393904
0.88398786
0.88405295
0.88416686
0.88423998
0.88425625
0.88426437
0.88428064
0.88430503
0.88436193
0.88456519
0.88463028
0.88464656
0.88486622
0.88489876
0.88491504
0.88498013
0.88502895
0.88511031
0.88524049
0.88529731
0.88541122
0.88546003
0.88585866
0.88606188
0.88608623
0.88613505
0.88628150
0.88632213
0.88643599
0.88652547
0.88686712
0.88724890
0.88754172
0.88756611
0.88782648
0.88789157
0.88803803
0.88808672
0.88826568
0.88851752
0.88855007
0.88856634
0.88858261
0.88858261
0.88932960
0.88939469
0.88944342
0.88945970
0.88947597
0.88996399
0.89033823
0.89037077
0.89041959
0.89053350
0.89053350
0.89064741
0.89070426
0.89070426
0.89076931
0.89132996
0.89132996
0.89149261
0.89176080
0.89180962
0.89185844
0.89192353
0.89193981
0.89195608
0.89239545
0.89243611
0.89248493
0.89252550
0.89367853
0.89373534
0.89382482
0.89385737
0.89390618
0.89395500
0.89395500
0.89397128
0.89398755
0.89400382
0.89504318
0.89509200
0.89521386
0.89522198
0.89531962
0.89540910
0.89542537
0.89545791
0.89545791
0.89575079
0.89601873
0.89624597
0.89627852
0.89631107
0.89640870
0.89642498
0.89652261
0.89654696
0.89748901
0.89748901
0.89748901
0.89749713
0.89754591
0.89757845
0.89760284
0.89765166
0.89766793
0.89770860
0.89772487
0.89778176
0.89781427
0.89784681
0.89817190
0.89818817
0.89820444
0.89822072
0.89823699
0.89842407
0.89844030
0.89848096
0.89852978
0.89857860
0.89859487
0.89880642
0.89883896
0.89888774
0.89895275
0.89907465
0.89909092
0.89910720
0.89912347
0.89912347
0.89939970
0.89943224
0.89945663
0.89945663
0.89950533
0.89961924
0.89962735
0.89964362
0.89985517
0.89988768
0.89991206
0.89999343
0.89999343
0.89999343
0.90000966
0.90002589
0.90023736
0.90037553
0.90047317
0.90052199
0.90057081
0.90066025
0.90075788
0.90143195
0.90179749
0.90181376
0.90187886
0.90189513
0.90576346
0.90588548
0.90593430
0.90604005
0.90608071
0.90614581
0.90614581
0.90616208
0.90617835
0.90619462
0.90619462
0.90622713
0.90673892
0.90677950
0.90681205
0.90686086
0.90714541
0.90716169
0.90722678
0.90722678
0.90722678
0.90724305
0.90727560
0.90730814
0.90735696
0.90740578
0.90742205
0.90751969
0.90760105
0.90763360
0.90776378
0.90777190
0.90778817
0.90791835
0.90795090
0.90795090
0.90799968
0.90802406
0.90805661
0.90813797
0.90815425
0.90817052
0.90822745
0.90825184
0.90828439
0.90834948
0.90847966
0.90849594
0.90849594
0.90852848
0.90853660
0.90853660
0.90856914
0.90859349
0.91029901
0.91031528
0.91031528
0.91031528
0.91031528
0.91034779
0.91036406
0.91064062
0.91064062
0.91065689
0.91068944
0.91075453
0.91081962
0.91083589
0.91085216
0.91086028
0.91086028
0.91087655
0.91089283
0.91092537
0.91092537
0.91092537
0.91092537
0.91092537
0.91094972
0.91095783
0.91095783
0.91101473
0.91101473
0.91103100
0.91199786
0.91200597
0.91202224
0.91205479
0.91211980
0.91214415
0.91216849
0.91216849
0.91216849
0.91216849
0.91224170
0.91224170
0.91334620
0.91334620
0.91334620
0.91336247
0.91336247
0.91336247
0.91336247
0.91336247
0.91338682
0.91411798
0.91414233
0.91417488
0.91420742
0.91420742
0.91423997
0.91423997
0.91423997
0.91423997
0.91423997
0.91423997
0.91423997
0.91428879
0.91430502
0.91430502
0.91430502
0.91430502
0.91430502
0.91430502
0.91430502
0.91430502
0.91430502
0.91436183
0.91436183
0.91436183
0.91436183
0.91438622
0.91438622
0.91438622
0.91438622
0.91438622
0.91443504
0.91450824
0.91452452
0.91452452
0.91460567
0.91462191
0.91462191
0.91467060
0.91467060
0.91468687
0.91468687
0.91468687
0.91506020
0.91507647
0.91524720
0.91526347
0.91526347
0.91527158
0.91527158
0.91527158
0.91527158
0.91527158
0.91527158
0.91527158
0.91562106
0.91562106
0.91562106
0.91563733
0.91563733
0.91563733
0.91563733
0.91563733
0.91563733
0.91563733
0.91565360
0.91565360
0.91565360
0.91565360
0.91565360
0.91565360
0.91565360
0.91575932
0.91575932
0.91575932
0.91575932
0.91575932
0.91579186
0.91579186
0.91579186
0.91580814
0.91580814
0.91583248
0.91584876
0.91585687
0.91588942
0.91588942
0.91588942
0.91590569
0.91590569
0.91592196
0.91592196
0.91599509
0.91599509
0.91599509
0.91599509
0.91601948
0.91602759
0.91603571
0.91603571
0.91603571
0.91603571
0.91603571
0.91603571
0.91603571
0.91606825
0.91606825
0.91606825
0.91606825
0.91606825
0.91625529
0.91625529
0.91625529
0.91625529
0.91625529
0.91625529
0.91625529
0.91625529
0.91631210
0.91645007
0.91645007
0.91645007
0.91646634
0.91646634
0.91646634
0.91646634
0.91649889
0.91649889
0.91649889
0.91649889
0.91654771
0.91654771
0.91661267
0.91662891
0.91662891
0.91662891
0.91662891
0.91662891
0.91662891
0.91662891
0.91662891
0.91662891
0.91662891
0.91662891
0.91668572
0.91675876
0.91678311
0.91678311
0.91678311
0.91678311
0.91678311
0.91678311
0.91681565
0.91681565
0.91681565
0.91683192
0.91698650
0.91706765
0.91706765
0.91706765
0.91706765
0.91706765
0.91706765
0.91706765
0.91706765
0.91706765
0.91706765
0.91706765
0.91706765
0.91706765
0.91710020
0.91710020
0.91710020
0.91710020
0.91710020
0.91710020
0.91714082
0.91720591
0.91720591
0.91720591
0.91720591
0.91720591
0.91720591
0.91720591
0.91720591
0.91730355
0.91731167
0.91731167
0.91731167
0.91731167
0.91761257
0.91761257
0.91761257
0.91761257
0.91763696
0.91766950
0.91775087
0.91778341
0.91784031
0.91803550
0.91806804
0.91809239
0.91815732
0.91815732
0.91815732
0.91817359
0.91822241
0.91823053
0.91823053
0.91832816
0.91836071
0.91837698
0.91837698
0.91837698
0.91849901
0.91849901
0.91854778
0.91859656
0.91859656
0.91864526
0.91864526
0.91872642
0.91872642
0.91872642
0.91872642
0.91880778
0.91882405
0.91884033
0.91888914
0.91892169
0.91892169
0.91892169
0.91892169
0.91892169
0.91892169
0.91892169
0.91893796
0.91897043
0.91897043
0.91897854
0.91940955
0.91940955
0.91946648
0.91947460
0.91947460
0.91947460
0.91947460
0.91996249
0.92000316
0.92000316
0.92000316
0.92000316
0.92001127
0.92009264
0.92009264
0.92017400
0.92017400
0.92018212
0.92018212
0.92023093
0.92081589
0.92081589
0.92107597
0.92107597
0.92107597
0.92110032
0.92274911
0.92305809
0.92305809
0.92313945
0.92313945
0.92316380
0.92392763
0.92404962
0.92404962
0.92406589
0.92423661
0.92450489
0.92458605
0.92461039
0.92606444
0.92608072
0.92612954
0.92614581
0.92616208
0.92621090
0.92624345
0.92625972
0.92629227
0.92638990
0.92642241
0.92643868
0.92645495
0.92647123
0.92665010
0.92666638
0.92668265
0.92670704
0.92673143
0.92684530
0.92687784
0.92695921
0.92695921
0.92695921
0.92695921
0.92697548
0.92697548
0.92697548
0.92698359
0.92699171
0.92699171
0.92699171
0.92699171
0.92699171
0.92700798
0.92700798
0.92700798
0.92700798
0.92766598
0.92767410
0.92768221
0.92769033
0.92772283
0.92773095
0.92804772
0.92807206
0.92847044
0.92847855
0.92848667
0.92849479
0.92851102
0.92851913
0.92852725
0.92853537
0.92859218
0.92874667
0.92877921
0.92975410
0.93124057
0.93125685
0.93127312
0.93210946
0.93210946
0.93210946
0.93210946
0.93210946
0.93210946
0.93211758
0.93211758
0.93211758
0.93211758
0.93211758
0.93214197
0.93233724
0.93233724
0.93233724
0.93236159
0.93238594
0.93238594
0.93238594
0.93238594
0.93238594
0.93238594
0.93238594
0.93238594
0.93238594
0.93240217
0.93243463
0.93244275
0.93261359
0.93269496
0.93269496
0.93269496
0.93270307
0.93270307
0.93270307
0.93270307
0.93284104
0.93284104
0.93284916
0.93284916
0.93285727
0.93285727
0.93285727
0.93287354
0.93287354
0.93297110
0.93339386
0.93351589
0.93358098
0.93366235
0.93366235
0.93366235
0.93401203
0.93402014
0.93403642
0.93423153
0.93459690
0.93461318
0.93462945
0.93462945
0.93467011
0.93468638
0.93469450
0.93471073
0.93476754
0.93478381
0.93480009
0.93481636
0.93484891
0.93486518
0.93486518
0.93487329
0.93487329
0.93487329
0.93487329
0.93487329
0.93487329
0.93520654
0.93553982
0.93553982
0.93579174
0.93579174
0.93579174
0.93579174
0.93579174
0.93579174
0.93579174
0.93579174
0.93579986
0.93580797
0.93580797
0.93580797
0.93580797
0.93580797
0.93580797
0.93581609
0.93583236
0.93583236
0.93583236
0.93583236
0.93583236
0.93583236
0.93583236
0.93584048
0.93586483
0.93586483
0.93586483
0.93592164
0.93592164
0.93592164
0.93592164
0.93596222
0.93596222
0.93649868
0.93675073
0.93675884
0.93675884
0.93697830
0.93697830
0.93697830
0.93697830
0.93697830
0.93697830
0.93722219
0.93722219
0.93722219
0.93722219
0.93722219
0.93772566
0.93772566
0.93772566
0.93772566
0.93772566
0.93772566
0.93772566
0.93772566
0.93772566
0.93778259
0.93810793
0.93815675
0.93817302
0.93817302
0.93818929
0.93818929
0.93820552
0.93822180
0.93822180
0.93822180
0.93822180
0.93825434
0.93830316
0.93835198
0.93835198
0.93838452
0.93841707
0.93844962
0.93844962
0.93846589
0.93848216
0.93848216
0.93848216
0.93848216
0.93849028
0.93861230
0.93862858
0.93862858
0.93862858
0.93862858
0.93862858
0.93862858
0.93862858
0.93862858
0.93862858
0.93862858
0.93866924
0.93877499
0.93879126
0.93880754
0.93892145
0.93892145
0.93892145
0.93892145
0.93893772
0.93914918
0.93916546
0.93916546
0.93921415
0.93921415
0.93921415
0.93923042
0.93924670
0.93924670
0.93924670
0.93924670
0.93924670
0.93924670
0.93924670
0.93924670
0.93924670
0.93924670
0.93924670
0.93924670
0.93931175
0.93931175
0.93931175
0.93931175
0.93931175
0.93931986
0.93931986
0.93931986
0.93931986
0.93931986
0.93931986
0.93931986
0.93931986
0.93931986
0.93931986
0.93931986
0.93931986
0.93931986
0.93936864
0.93944996
0.93974271
0.93977526
0.93980780
0.93980780
0.93980780
0.93980780
0.93982407
0.93982407
0.93987289
0.93987289
0.93989724
0.93991347
0.93996217
0.93996217
0.94000275
0.94001898
0.94001898
0.94001898
0.94015695
0.94015695
0.94015695
0.94015695
0.94051458
0.94051458
0.94053081
0.94053081
0.94053081
0.94054708
0.94054708
0.94082331
0.94082331
0.94082331
0.94082331
0.94082331
0.94083958
0.94083958
0.94086393
0.94086393
0.94086393
0.94088016
0.94090451
0.94090451
0.94090451
0.94105871
0.94105871
0.94105871
0.94105871
0.94109117
0.94109117
0.94109117
0.94151369
0.94192830
0.94205012
0.94240779
0.94246473
0.94254589
0.94268410
0.94306583
0.94330968
0.94353721
0.94465856
0.94466667
0.94467479
0.94490253
0.94519511
0.94546359
0.94565857
0.94582938
0.94593497
0.94604072
0.94647959
0.94683735
0.94708128
0.94730881
0.94743067
0.95156072
0.95162581
0.95176403
0.95181285
0.95192663
0.95192663
0.95192663
0.95192663
0.95192663
0.95199168
0.95199168
0.95199168
0.95199168
0.95202415
0.95202415
0.95202415
0.95202415
0.95202415
0.95211363
0.95211363
0.95211363
0.95212174
0.95212174
0.95212174
0.95212174
0.95212174
0.95212174
0.95212174
0.95212174
0.95212174
0.95212174
0.95212174
0.95212174
0.95212174
0.95212174
0.95212174
0.95212174
0.95212174
0.95212174
0.95212174
0.95212174
0.95212174
0.95212174
0.95212174
0.95212174
0.95212174
0.95215429
0.95296682
0.95306442
0.95311323
0.95319456
0.95325965
0.95339795
0.95341422
0.95438969
0.95486901
0.95504789
0.95511298
0.95514553
0.95516180
0.95517807
0.95519435
0.95525128
0.95536519
0.95548722
0.95569057
0.95570684
0.95593458
0.95603221
0.95606476
0.95608103
0.95609731
0.95611358
0.95612985
0.95614612
0.95618670
0.95643829
0.95647887
0.95649511
0.95651945
0.95652757
0.95675481
0.95677104
0.95679539
0.95698234
0.95700669
0.95737219
0.95761595
0.95762407
0.95764030
0.95765653
0.95805470
0.95807905
0.95838745
0.95839557
0.95841992
0.95843615
0.95858252
0.95877759
0.95891585
0.95924106
0.95928975
0.95999637
0.96076037
0.96077660
0.96104467
0.96105278
0.96108525
0.96134520
0.96140201
0.96141013
0.96179219
0.96184900
0.96200345
0.96210084
0.96210895
0.96226315
0.96238506
0.96239317
0.96242564
0.96247433
0.96249868
0.96270977
0.96275847
0.96281528
0.96285586
0.96311614
0.96314049
0.96316483
0.96317295
0.96322165
0.96322976
0.96323788
0.96324599
0.96325411
0.96333539
0.96344914
0.96345725
0.96384722
0.96389592
0.96400167
0.96406660
0.96422924
0.96430245
0.96431868
0.96436738
0.96437549
0.96438361
0.96464381
0.96482273
0.96494476
0.96497730
0.96497730
0.96497730
0.96497730
0.96497730
0.96499357
0.96500985
0.96500985
0.96500985
0.96500985
0.96500985
0.96500985
0.96500985
0.96500985
0.96500985
0.96500985
0.96505867
0.96505867
0.96505867
0.96505867
0.96505867
0.96505867
0.96505867
0.96505867
0.96505867
0.96516438
0.96516438
0.96531895
0.96533522
0.96533522
0.96533522
0.96536777
0.96536777
0.96552226
0.96561174
0.96561174
0.96564428
0.96564428
0.96564428
0.96564428
0.96565240
0.96575004
0.96575004
0.96579070
0.96579070
0.96579070
0.96579070
0.96579070
0.96601028
0.96601028
0.96605910
0.96605910
0.96605910
0.96605910
0.96605910
0.96605910
0.96607533
0.96623806
0.96623806
0.96631126
0.96631126
0.96632754
0.96651465
0.96653093
0.96653093
0.96657975
0.96657975
0.96657975
0.96657975
0.96657975
0.96657975
0.96657975
0.96657975
0.96658786
0.96658786
0.96660414
0.96660414
0.96660414
0.96660414
0.96660414
0.96660414
0.96660414
0.96662037
0.96689659
0.96733493
0.96733493
0.96734305
0.96735116
0.96736743
0.96747315
0.96750569
0.96750569
0.96752197
0.96757890
0.96762772
0.96767654
0.96772536
0.96777417
0.96782299
0.96782299
0.96783927
0.96784738
0.96784738
0.96792875
0.96792875
0.96792875
0.96792875
0.96792875
0.96792875
0.96792875
0.96795309
0.96795309
0.96796121
0.96796121
0.96796121
0.96796121
0.96796121
0.96799371
0.96799371
0.96799371
0.96799371
0.96805876
0.96805876
0.96805876
0.96805876
0.96805876
0.96805876
0.96805876
0.96805876
0.96805876
0.96805876
0.96805876
0.96805876
0.96805876
0.96805876
0.96805876
0.96805876
0.96805876
0.96805876
0.96805876
0.96820522
0.96820522
0.96820522
0.96820522
0.96820522
0.96820522
0.96820522
0.96820522
0.96820522
0.96820522
0.96820522
0.96820522
0.96820522
0.96822145
0.96822145
0.96822145
0.96822145
0.96822145
0.96822145
0.96822145
0.96822145
0.96822145
0.96822145
0.96822145
0.96822145
0.96830277
0.96830277
0.96830277
0.96830277
0.96830277
0.96830277
0.96830277
0.96830277
0.96830277
0.96830277
0.96830277
0.96833532
0.96833532
0.96833532
0.96833532
0.96833532
0.96833532
0.96833532
0.96833532
0.96833532
0.96833532
0.96833532
0.96833532
0.96833532
0.96833532
0.96833532
0.96833532
0.96833532
0.96833532
0.96833532
0.96833532
0.96833532
0.96833532
0.96833532
0.96833532
0.96833532
0.96833532
0.96833532
0.96833532
0.96833532
0.96834344
0.96834344
0.96834344
0.96834344
0.96834344
0.96834344
0.96834344
0.96834344
0.96834344
0.96839225
0.96840037
0.96840037
0.96840037
0.96840037
0.96840037
0.96840037
0.96840037
0.96860368
0.96860368
0.96860368
0.96860368
0.96860368
0.96860368
0.96860368
0.96860368
0.96860368
0.96860368
0.96861991
0.96861991
0.96861991
0.96863618
0.96868500
0.96868500
0.96868500
0.96868500
0.96870127
0.96871755
0.96873382
0.96876637
0.96878264
0.96878264
0.96879891
0.96883146
0.96888028
0.96888028
0.96888028
0.96888028
0.96888028
0.96888028
0.96888028
0.96901853
0.96901853
0.96901853
0.96901853
0.96901853
0.96941707
0.96941707
0.96946589
0.96946589
0.96946589
0.96946589
0.96946589
0.96946589
0.96946589
0.96946589
0.96946589
0.96946589
0.96946589
0.96947401
0.96947401
0.96947401
0.96947401
0.96953902
0.96953902
0.96953902
0.96953902
0.96953902
0.96953902
0.96953902
0.96953902
0.96953902
0.96953902
0.96953902
0.96953902
0.96953902
0.96953902
0.96953902
0.96955529
0.96957156
0.96957156
0.96958784
0.96958784
0.96959595
0.96960407
0.96961218
0.96962030
0.96962842
0.96963653
0.96964465
0.96965276
0.96966088
0.96966899
0.96984795
0.96986419
0.96987230
0.96988042
0.96988853
0.96989665
0.96996170
0.96996982
0.96999416
0.97000228
0.97001039
0.97009988
0.97010799
0.97011611
0.97012422
0.97013234
0.97015673
0.97016484
0.97018107
0.97034364
0.97035175
0.97035987
0.97036799
0.97037610
0.97038422
0.97039233
0.97040045
0.97041668
0.97066061
0.97066872
0.97084760
0.97085572
0.97111592
0.97112404
0.97135165
0.97135977
0.97136788
0.97137600
0.97138411
0.97139223
0.97140034
0.97140846
0.97141658
0.97142469
0.97143281
0.97149790
0.97171748
0.97172560
0.97173371
0.97173371
0.97176626
0.97178253
0.97179880
0.97199404
0.97211602
0.97213225
0.97214848
0.97214848
0.97214848
0.97214848
0.97214848
0.97232744
0.97235999
0.97302590
0.97314788
0.97327799
0.97344866
0.97392820
0.97442397
0.97486222
0.97518743
0.97578050
0.97581297
0.97598356
0.97604861
0.97613809
0.97615433
0.97637378
0.97658508
0.97664198
0.97669067
0.97681262
0.97694280
0.97711356
0.97712168
0.97712979
0.97722739
0.97726805
0.97774775
0.97791035
0.97801611
0.97818687
0.97827631
0.97869083
0.97871522
0.97878023
0.97901600
0.97935765
0.98019465
0.98039796
0.98043862
0.98067435
0.98106490
0.98120295
0.98140618
0.98164969
0.98170663
0.98189366
0.98199130
0.98230003
0.98234885
0.98247087
0.98260884
0.98269013
0.98282018
0.98299906
0.98310477
0.98322676
0.98329185
0.98347889
0.98370671
0.98381221
0.98394223
0.98407237
0.98418624
0.98435696
0.98445452
0.98459273
0.98467410
0.98490983
0.98503181
0.98514568
0.98534903
0.98537338
0.98556840
0.98567411
0.98576359
0.98588558
0.98599129
0.98608868
0.98616189
0.98631630
0.98647902
0.98676365
0.98685309
0.98686937
0.98694257
0.98695881
0.98708895
0.98734902
0.98745465
0.98760090
0.98773100
0.98776347
0.98782856
0.98804007
0.98818644
0.98830035
0.98831662
0.98842233
0.98845480
0.98856055
0.98861740
0.98879636
0.98908099
0.98917859
0.98943883
0.98966661
0.98973982
0.98974793
0.98982913
0.98994304
0.98999182
0.99008122
0.99023571
0.99026005
0.99029252
0.99039015
0.99044709
0.99048767
0.99056899
0.99061781
0.99086182
0.99087805
0.99103262
0.99106509
0.99114641
0.99125208
0.99133340
0.99136587
0.99149601
0.99160992
0.99172379
0.99174002
0.99182134
0.99189455
0.99201658
0.99208978
0.99228497
0.99235802
0.99241483
0.99255313
0.99269958
0.99284604
0.99292740
0.99302492
0.99317137
0.99321195
0.99326876
0.99330934
0.99342325
0.99363476
0.99371604
0.99382179
0.99391943
0.99395189
0.99399247
0.99402494
0.99404928
0.99412249
0.99421189
0.99429321
0.99434203
0.99450451
0.99452886
0.99467494
0.99478885
0.99481320
0.99486202
0.99495966
0.99502471
0.99512226
0.99516284
0.99517096
0.99520350
0.99530110
0.99530921
0.99537422
0.99539045
0.99550436
0.99561823
0.99569960
0.99578096
0.99581343
0.99588663
0.99596787
0.99600034
0.99605715
0.99608150
0.99609777
0.99616286
0.99625226
0.99626853
0.99633362
0.99639056
0.99644749
0.99654513
0.99655324
0.99661817
0.99665072
0.99676458
0.99684591
0.99688657
0.99695978
0.99700860
0.99704114
0.99715501
0.99722010
0.99725265
0.99728519
0.99730142
0.99733397
0.99740718
0.99742345
0.99748854
0.99750477
0.99752105
0.99756986
0.99760241
0.99764307
0.99768373
0.99770001
0.99770812
0.99771624
0.99774063
0.99777317
0.99784638
0.99787893
0.99789520
0.99792774
0.99793586
0.99796832
0.99798460
0.99799271
0.99802518
0.99804141
0.99816314
0.99817942
0.99819565
0.99821188
0.99822811
0.99826066
0.99839863
0.99846368
0.99849622
0.99852869
0.99853680
0.99855307
0.99858562
0.99859374
0.99861808
0.99862620
0.99865055
0.99866682
0.99869117
0.99870744
0.99872371
0.99873183
0.99873995
0.99875622
0.99877249
0.99878061
0.99879688
0.99881315
0.99917033
0.99917845
0.99921903
0.99921903
0.99921903
0.99921903
0.99923530
0.99928412
0.99929223
0.99930847
0.99930847
0.99930847
0.99930847
0.99932474
0.99932474
0.99932474
0.99932474
0.99932474
0.99932474
0.99932474
0.99932474
0.99932474
0.99932474
0.99932474
0.99932474
0.99932474
0.99932474
0.99932474
0.99932474
0.99932474
0.99932474
0.99932474
0.99932474
0.99932474
0.99932474
0.99932474
0.99932474
0.99932474
0.99934101
0.99934101
0.99934101
0.99934101
0.99934101
0.99934101
0.99934101
0.99934101
0.99934101
0.99934101
0.99934101
0.99934101
0.99934101
0.99934101
0.99934101
0.99934101
0.99934101
0.99934101
0.99934101
0.99934101
0.99934101
0.99934101
0.99934913
0.99943049
0.99944676
0.99946304
0.99951186
0.99952813
0.99952813
0.99952813
0.99952813
0.99952813
0.99952813
0.99952813
0.99952813
0.99952813
0.99952813
0.99952813
0.99952813
0.99952813
0.99952813
0.99952813
0.99952813
0.99954440
0.99954440
0.99954440
0.99954440
0.99954440
0.99954440
0.99954440
0.99954440
0.99954440
0.99954440
0.99954440
0.99954440
0.99954440
0.99954440
0.99954440
0.99954440
0.99954440
0.99956067
0.99956067
0.99956067
0.99956067
0.99956067
0.99956067
0.99957695
0.99957695
0.99957695
0.99957695
0.99957695
0.99959322
0.99960949
0.99962577
0.99962577
0.99964204
0.99964204
0.99964204
0.99964204
0.99964204
0.99964204
0.99964204
0.99964204
0.99964204
0.99964204
0.99964204
0.99964204
0.99964204
0.99964204
0.99964204
0.99964204
0.99964204
0.99966643
0.99966643
0.99966643
0.99966643
0.99967454
0.99967454
0.99967454
0.99967454
0.99967454
0.99967454
0.99967454
0.99967454
0.99967454
0.99967454
0.99967454
0.99967454
0.99967454
0.99967454
0.99967454
0.99967454
0.99967454
0.99967454
0.99967454
0.99967454
0.99967454
0.99967454
0.99967454
0.99967454
0.99967454
0.99967454
0.99967454
0.99967454
0.99967454
0.99967454
0.99967454
0.99967454
0.99967454
0.99967454
0.99967454
0.99967454
0.99967454
0.99967454
0.99967454
0.99967454
0.99967454
0.99967454
0.99967454
0.99967454
0.99967454
0.99967454
0.99967454
0.99967454
0.99967454
0.99967454
0.99967454
0.99967454
0.99967454
0.99967454
0.99967454
0.99967454
0.99967454
0.99967454
0.99967454
0.99967454
0.99967454
0.99967454
0.99967454
0.99967454
0.99967454
0.99967454
0.99967454
0.99967454
0.99967454
0.99967454
0.99967454
0.99967454
0.99967454
0.99967454
0.99967454
0.99967454
0.99967454
0.99967454
0.99967454
0.99967454
0.99967454
0.99967454
0.99967454
0.99967454
0.99967454
0.99967454
0.99967454
0.99967454
0.99967454
0.99967454
0.99967454
0.99967454
0.99967454
0.99967454
0.99967454
0.99967454
0.99967454
0.99967454
0.99967454
0.99967454
0.99967454
0.99967454
0.99967454
0.99967454
0.99967454
0.99967454
0.99967454
0.99967454
0.99967454
0.99967454
0.99967454
0.99967454
0.99967454
0.99967454
0.99967454
0.99967454
0.99967454
0.99967454
0.99967454
0.99967454
0.99967454
0.99967454
0.99967454
0.99967454
0.99967454
0.99967454
0.99967454
0.99967454
0.99967454
0.99967454
0.99967454
0.99967454
0.99967454
0.99967454
0.99967454
0.99967454
0.99967454
0.99967454
0.99967454
0.99967454
0.99967454
0.99967454
0.99967454
0.99967454
0.99967454
0.99967454
0.99967454
0.99967454
0.99967454
0.99967454
0.99967454
0.99967454
0.99967454
0.99967454
0.99967454
0.99967454
0.99967454
0.99967454
0.99967454
0.99967454
0.99967454
0.99967454
0.99967454
0.99967454
0.99967454
0.99967454
0.99967454
0.99967454
0.99967454
0.99967454
0.99967454
0.99967454
0.99967454
0.99967454
0.99967454
0.99967454
0.99967454
0.99967454
0.99967454
0.99967454
0.99967454
0.99967454
0.99967454
0.99967454
0.99967454
0.99967454
0.99967454
0.99967454
0.99967454
0.99967454
0.99967454
0.99967454
0.99967454
0.99967454
0.99967454
0.99967454
0.99967454
0.99967454
0.99967454
0.99967454
0.99967454
0.99967454
0.99967454
0.99967454
0.99967454
0.99967454
0.99967454
0.99967454
0.99967454
0.99967454
0.99967454
0.99967454
0.99967454
0.99967454
0.99967454
0.99967454
0.99967454
0.99967454
0.99967454
0.99967454
0.99967454
0.99967454
0.99967454
0.99967454
0.99967454
0.99967454
0.99967454
0.99967454
0.99967454
0.99967454
0.99967454
0.99967454
0.99967454
0.99967454
0.99967454
0.99967454
0.99967454
0.99967454
0.99967454
0.99967454
0.99967454
0.99967454
0.99967454
0.99967454
0.99967454
0.99967454
0.99967454
0.99967454
0.99967454
0.99967454
0.99967454
0.99967454
0.99967454
0.99967454
0.99967454
0.99967454
0.99967454
0.99967454
0.99967454
0.99967454
0.99967454
0.99967454
0.99967454
0.99967454
0.99967454
0.99967454
0.99967454
0.99967454
0.99967454
0.99967454
0.99967454
0.99967454
0.99967454
0.99967454
0.99967454
0.99969082
0.99995118
0.99995118
0.99995118
0.99995118
0.99995118
0.99995118
0.99995118
0.99995118
0.99996745
0.99998373
1.00000000
0.38459800
