0.00000000
0.00031138
0.00051988
0.00072838
0.00093688
0.00124963
0.00156238
0.00187513
0.00239638
0.00281338
0.00338606
0.00390731
0.00422006
0.00463706
0.00505406
0.00547106
0.00567956
0.00620081
0.00661781
0.00713906
0.00745181
0.00766031
0.00807731
0.00849430
0.00880705
0.00911980
0.00943255
0.00974530
0.01016230
0.01047505
0.01089205
0.01141330
0.01172605
0.01214305
0.01276718
0.01318418
0.01360118
0.01422667
0.01448798
0.01490498
0.01542623
0.01615598
0.01678148
0.01714567
0.01756267
0.01808392
0.01850092
0.01896935
0.01938635
0.01980335
0.02011610
0.02042885
0.02084585
0.02121004
0.02152279
0.02183554
0.02219973
0.02282523
0.02324223
0.02365923
0.02418048
0.02459747
0.02522297
0.02563997
0.02595272
0.02626547
0.02678672
0.02735941
0.02788066
0.02829766
0.02892316
0.02944441
0.03012134
0.03069540
0.03111240
0.03163365
0.03215490
0.03262471
0.03324884
0.03366584
0.03397859
0.03429134
0.03470834
0.03522822
0.03585371
0.03637496
0.03694765
0.03726040
0.03757315
0.03788590
0.03840715
0.03903265
0.03965815
0.04007515
0.04049215
0.04080489
0.04143039
0.04195164
0.04247289
0.04299414
0.04372389
0.04429658
0.04460933
0.04502633
0.04554758
0.04580752
0.04632876
0.04664151
0.04705851
0.04757976
0.04799676
0.04836095
0.04888220
0.04940345
0.04987189
0.05039314
0.05091439
0.05122714
0.05148844
0.05190544
0.05242669
0.05284369
0.05326069
0.05367769
0.05388619
0.05419894
0.05461594
0.05544994
0.05607544
0.05659668
0.05732643
0.05769062
0.05810762
0.05842037
0.05873312
0.05946287
0.05998412
0.06066106
0.06107806
0.06149506
0.06222480
0.06253755
0.06285030
0.06347580
0.06378855
0.06410130
0.06488249
0.06555943
0.06608068
0.06649768
0.06701893
0.06754017
0.06826992
0.06863411
0.06925961
0.06988511
0.07051061
0.07113611
0.07165736
0.07207436
0.07264841
0.07342960
0.07431367
0.07499061
0.07566755
0.07681430
0.07723130
0.07790824
0.07889793
0.07931492
0.07962767
0.08004467
0.08067017
0.08098292
0.08176411
0.08228536
0.08291086
0.08322361
0.08374486
0.08405761
0.08494304
0.08551710
0.08603835
0.08645535
0.08718510
0.08760210
0.08822760
0.08854035
0.08906160
0.08994566
0.09077966
0.09161366
0.09203066
0.09307316
0.09369866
0.09421991
0.09474116
0.09541946
0.09599352
0.09677471
0.09771296
0.09823421
0.09875546
0.09938096
0.09990220
0.10073483
0.10099614
0.10151739
0.10229858
0.10297552
0.10360102
0.10485202
0.10537327
0.10599876
0.10641576
0.10704126
0.10756251
0.10808376
0.10870926
0.10933476
0.11006451
0.11079425
0.11152400
0.11194100
0.11267075
0.11293069
0.11345194
0.11386894
0.11439019
0.11501569
0.11569263
0.11621387
0.11683937
0.11736062
0.11809037
0.11871587
0.11944562
0.11965412
0.12054093
0.12147917
0.12231317
0.12351273
0.12424248
0.12497223
0.12559772
0.12622322
0.12690016
0.12783841
0.12846391
0.12950641
0.13034041
0.13107015
0.13159140
0.13232115
0.13284240
0.13367503
0.13430053
0.13476897
0.13529022
0.13570722
0.13664546
0.13758371
0.13789646
0.13852196
0.13935596
0.13977296
0.14024140
0.14065840
0.14107540
0.14190939
0.14243064
0.14316039
0.14378589
0.14451564
0.14514114
0.14555814
0.14639214
0.14701763
0.14806013
0.14878988
0.14941538
0.15040507
0.15103057
0.15134332
0.15186457
0.15238581
0.15301131
0.15332406
0.15353256
0.15415806
0.15494062
0.15567037
0.15619162
0.15692136
0.15775536
0.15848511
0.15931911
0.16004886
0.16098711
0.16161261
0.16244660
0.16338485
0.16401035
0.16474010
0.16536560
0.16609535
0.16692934
0.16771053
0.16844028
0.16906578
0.16948278
0.17021253
0.17099372
0.17182772
0.17266171
0.17328721
0.17412121
0.17485096
0.17526796
0.17615203
0.17677753
0.17761153
0.17865402
0.17969652
0.18042627
0.18115602
0.18178152
0.18219852
0.18240702
0.18308532
0.18360657
0.18449201
0.18532601
0.18631570
0.18746245
0.18876488
0.18959888
0.19043288
0.19095413
0.19210088
0.19272638
0.19356037
0.19429012
0.19501987
0.19554112
0.19627087
0.19694781
0.19788606
0.19866861
0.19939699
0.19986680
0.20007530
0.20049230
0.20096074
0.20210749
0.20299293
0.20372268
0.20466092
0.20580630
0.20664030
0.20773561
0.20809980
0.20882955
0.20966355
0.21039329
0.21122729
0.21164429
0.21247829
0.21310242
0.21414492
0.21549880
0.21643567
0.21706117
0.21846786
0.21940611
0.22013586
0.22112691
0.22185666
0.22279491
0.22394166
0.22477566
0.22566110
0.22639084
0.22706778
0.22738053
0.22790178
0.22852728
0.22946553
0.23040241
0.23196616
0.23337284
0.23420684
0.23504084
0.23571778
0.23676028
0.23749002
0.23842827
0.23884527
0.23957502
0.24009627
0.24072177
0.24155577
0.24249401
0.24364076
0.24426626
0.24499601
0.24572576
0.24666401
0.24749800
0.24791500
0.24890469
0.24932169
0.24994719
0.25078119
0.25151094
0.25260488
0.25354312
0.25458562
0.25588806
0.25724331
0.25849430
0.25911980
0.25964105
0.26047505
0.26115199
0.26193318
0.26323562
0.26417386
0.26532061
0.26620605
0.26683155
0.26777117
0.26896935
0.26969910
0.27089592
0.27146724
0.27193705
0.27282386
0.27386636
0.27501310
0.27553435
0.27636835
0.27761935
0.27793210
0.27855760
0.27939160
0.28032984
0.28095534
0.28178934
0.28277903
0.28403003
0.28455128
0.28564521
0.28668771
0.28731321
0.28804296
0.28845996
0.28929396
0.29044070
0.29117045
0.29236864
0.29320264
0.29460933
0.29575608
0.29726427
0.29820252
0.29914077
0.29992333
0.30086158
0.30159133
0.30294657
0.30419757
0.30570851
0.30649107
0.30716937
0.30841900
0.30946287
0.31040112
0.31123512
0.31196486
0.31259036
0.31363286
0.31436261
0.31477961
0.31592636
0.31696885
0.31738585
0.31842835
0.31936660
0.32040910
0.32087891
0.32171290
0.32254690
0.32317240
0.32390215
0.32473615
0.32557015
0.32629990
0.32723814
0.32880189
0.32932314
0.33036564
0.33130252
0.33234501
0.33380040
0.33531134
0.33614671
0.33698071
0.33818026
0.33906570
0.33963839
0.34078514
0.34130502
0.34198196
0.34260746
0.34385845
0.34531795
0.34656895
0.34771570
0.34854970
0.34938369
0.35063332
0.35177870
0.35271558
0.35375808
0.35506052
0.35605020
0.35709270
0.35823945
0.35990745
0.36074144
0.36136694
0.36230382
0.36350201
0.36444026
0.36537851
0.36693678
0.36787503
0.36860477
0.36954302
0.36996002
0.37073847
0.37193666
0.37297916
0.37417872
0.37542971
0.37652639
0.37730895
0.37824720
0.37928969
0.38054069
0.38116619
0.38179169
0.38252144
0.38325119
0.38429368
0.38491918
0.38606593
0.38663862
0.38814956
0.38856656
0.39002605
0.39122561
0.39252942
0.39351911
0.39482291
0.39581397
0.39675222
0.39722203
0.39894283
0.39972539
0.40035089
0.40160189
0.40300994
0.40405244
0.40556338
0.40681301
0.40826840
0.40993639
0.41061333
0.41176008
0.41254127
0.41389652
0.41509607
0.41587726
0.41691976
0.41770232
0.41900613
0.42004999
0.42166244
0.42275775
0.42343606
0.42474123
0.42640512
0.42760331
0.42854293
0.42953399
0.43068073
0.43167042
0.43292005
0.43437955
0.43537061
0.43683147
0.43797822
0.43923059
0.44058446
0.44178265
0.44350346
0.44459877
0.44537995
0.44668239
0.44803764
0.44975845
0.45059244
0.45210338
0.45309307
0.45533376
0.45622056
0.45731587
0.45908401
0.46033638
0.46184595
0.46335688
0.46377388
0.46518057
0.46684720
0.46841094
0.46961050
0.47013175
0.47117425
0.47258230
0.47430174
0.47534424
0.47638674
0.47878448
0.48008829
0.48118223
0.48243186
0.48409985
0.48582066
0.48738441
0.48931097
0.49082191
0.49212572
0.49327247
0.49520040
0.49754397
0.49916053
0.50098558
0.50280927
0.50479001
0.50604101
0.50765620
0.50927276
0.51156625
0.51287006
0.51500649
0.51724444
0.51875675
0.51969500
0.52079030
0.52172855
0.52271961
0.52365786
0.52423192
0.52527304
0.52579429
0.52746366
0.52908569
0.53033806
0.53169468
0.53404098
0.53477073
0.53544904
0.53675147
0.53784541
0.53940779
0.53992904
0.54149005
0.54221980
0.54305380
0.54388779
0.54451329
0.54482604
0.54566004
0.54628554
0.54722379
0.54826628
0.54972578
0.55066403
0.55217497
0.55290472
0.55399865
0.55535390
0.55702190
0.55858428
0.55983664
0.56103620
0.56223439
0.56416369
0.56567463
0.56739407
0.56843794
0.57010593
0.57146392
0.57344603
0.57594666
0.57771206
0.57938006
0.58104668
0.58297462
0.58380862
0.58552806
0.58688056
0.58802731
0.58927831
0.59000806
0.59120625
0.59261156
0.59386119
0.59542494
0.59714438
0.59797838
0.59860387
0.59954212
0.60053181
0.60162575
0.60292819
0.60454611
0.60683961
0.60777923
0.60856041
0.60923872
0.61001991
0.61184360
0.61257335
0.61330310
0.61444984
0.61622483
0.61867401
0.62029057
0.62123019
0.62253536
0.62414918
0.62555587
0.62717653
0.62879035
0.62973271
0.63093226
0.63291301
0.63353988
0.63499664
0.63603776
0.63739301
0.63791426
0.63963507
0.64151293
0.64271249
0.64427624
0.64620417
0.64677823
0.64756079
0.64849904
0.64943729
0.65006278
0.65037553
0.65110528
0.65204353
0.65287753
0.65371153
0.65475403
0.65600502
0.65689183
0.65777727
0.65887121
0.66017365
0.66132176
0.66267427
0.66413377
0.66574896
0.66699995
0.66840938
0.67018299
0.67221518
0.67357043
0.67476862
0.67612386
0.67737486
0.67862723
0.68040221
0.68149752
0.68243166
0.68331710
0.68394260
0.68467235
0.68550634
0.68613184
0.68665309
0.68738284
0.68790409
0.68915509
0.68998909
0.69082308
0.69176133
0.69295952
0.69400202
0.69577290
0.69707670
0.69801495
0.69921451
0.70077826
0.70218768
0.70338587
0.70411425
0.70567800
0.70677330
0.70781443
0.70979381
0.71301734
0.71468260
0.71582934
0.71733891
0.71853573
0.71937110
0.72103909
0.72265565
0.72400953
0.72494641
0.72651016
0.72843672
0.72974053
0.73104434
0.73307105
0.73484329
0.73609566
0.73770674
0.74010312
0.74161542
0.74360028
0.74532382
0.74667907
0.74850549
0.74965224
0.75100612
0.75303694
0.75491343
0.75673712
0.75798812
0.75861361
0.76033442
0.76174111
0.76215811
0.76372185
0.76492141
0.76565116
0.76716621
0.76977245
0.77117914
0.77373531
0.77555763
0.77665157
0.77727707
0.77883944
0.77982913
0.78076601
0.78180851
0.78364041
0.78510402
0.78640645
0.78770752
0.78911147
0.78973697
0.79057097
0.79140497
0.79234321
0.79317721
0.79411546
0.79505371
0.79709274
0.79865512
0.79985468
0.80125863
0.80188412
0.80282237
0.80365637
0.80449037
0.80532437
0.80657536
0.80688811
0.80824336
0.80933730
0.81048405
0.81069255
0.81173505
0.81246479
0.81298604
0.81423704
0.81486254
0.81548804
0.81642629
0.81804832
0.82012647
0.82064772
0.82138020
0.82242133
0.82262983
0.82398508
0.82565308
0.82680119
0.82768937
0.82951032
0.83091564
0.83237513
0.83367757
0.83513707
0.83669808
0.83867882
0.83993119
0.84195790
0.84372741
0.84523561
0.84726643
0.84857023
0.85059831
0.85200226
0.85382047
0.85553717
0.85751381
0.85933476
0.86084706
0.86287651
0.86449033
0.86625984
0.86845867
0.86918842
0.86939692
0.86981392
0.87106628
0.87273017
0.87423974
0.87564643
0.87684461
0.87824993
0.87970806
0.88090625
0.88215725
0.88335680
0.88450355
0.88570174
0.88726412
0.88903363
0.89085457
0.89241558
0.89356096
0.89501635
0.89693881
0.89849845
0.89985370
0.90141471
0.90266570
0.90427815
0.90552915
0.90688714
0.90892206
0.91111404
0.91325459
0.91356734
0.91408859
0.91575932
0.91701032
0.91826132
0.91987787
0.92133737
0.92336408
0.92518777
0.92737564
0.92920070
0.93144823
0.93363611
0.93545843
0.93629242
0.93660517
0.93702217
0.93723067
0.93900566
0.94077380
0.94218459
0.94389992
0.94551921
0.94838814
0.95078999
0.95193674
0.95224949
0.95256224
0.95287499
0.95329199
0.95402173
0.95443873
0.95558548
0.95600248
0.95621098
0.95641948
0.95825001
0.95950101
0.96002226
0.96033501
0.96085626
0.96137751
0.96335688
0.96377388
0.96460788
0.96637876
0.96648301
0.96794114
0.96997880
0.97029155
0.97238065
0.97445880
0.97612680
0.97758629
0.97810754
0.98045659
0.98087359
0.98149908
0.98222883
0.98316708
0.98379258
0.98462658
0.98733981
0.98744406
0.98780825
0.98822525
0.99020463
0.99083013
0.99124712
0.99249812
0.99343637
0.99463456
0.99640270
0.99739376
0.99791500
0.99833200
0.99874900
0.39768103
