0.00000000
0.00021443
0.00063184
0.00084627
0.00106070
0.00147811
0.00182786
0.00197464
0.00259502
0.00274180
0.00295623
0.00317066
0.00331743
0.00346420
0.00376921
0.00391598
0.00435630
0.00466130
0.00504541
0.00525984
0.00555339
0.00583548
0.00598225
0.00620814
0.00658080
0.00707732
0.00735941
0.00750619
0.00772062
0.00801417
0.00830771
0.00845448
0.00860126
0.00918835
0.00948189
0.00976399
0.01055405
0.01099437
0.01310433
0.01390585
0.01426706
0.01462826
0.01513624
0.01542978
0.01565567
0.01588156
0.01697663
0.01741695
0.01808315
0.01972056
0.02024000
0.02097386
0.02206893
0.02306198
0.02343464
0.02394261
0.02452971
0.02467648
0.02482325
0.02526357
0.02675314
0.02748700
0.02792732
0.02837910
0.02881941
0.02982392
0.03047867
0.03106576
0.03165285
0.03209317
0.03266880
0.03303001
0.03317678
0.03361710
0.03439572
0.03468926
0.03498281
0.03568231
0.03626940
0.03670972
0.03743213
0.03800776
0.03830131
0.03844808
0.03888840
0.03957752
0.03987106
0.04044670
0.04074025
0.04198102
0.04263577
0.04292931
0.04336963
0.04380995
0.04438559
0.04496122
0.04554832
0.04677870
0.04700459
0.04756877
0.04841505
0.04951011
0.05030018
0.05141816
0.05231026
0.05306703
0.05380089
0.05468153
0.05541540
0.05585572
0.05724433
0.05906181
0.06002156
0.06128524
0.06201911
0.06245943
0.06289974
0.06347538
0.06472761
0.06638686
0.06726750
0.06806902
0.06850934
0.06873523
0.07029352
0.07051941
0.07128657
0.07188512
0.07217866
0.07263044
0.07300310
0.07400760
0.07444792
0.07522760
0.07617590
0.07720331
0.07742919
0.07820781
0.07864813
0.07908844
0.07995763
0.08120985
0.08185315
0.08315120
0.08359152
0.08403183
0.08432538
0.08477715
0.08527368
0.08556722
0.08643640
0.08731704
0.08901066
0.08945098
0.08990275
0.09072718
0.09185555
0.09281530
0.09361682
0.09389891
0.09463278
0.09535519
0.09594228
0.09652937
0.09710501
0.09868515
0.10006231
0.10094294
0.10197035
0.10368688
0.10427397
0.10456752
0.10517752
0.10556163
0.10609252
0.10841905
0.10885937
0.10959323
0.11067685
0.11134305
0.11303560
0.11418687
0.11521428
0.11564315
0.11652378
0.11713378
0.11757410
0.11872538
0.11925626
0.11997867
0.12056577
0.12092697
0.12137874
0.12231559
0.12455047
0.12543111
0.12627738
0.12665004
0.12694359
0.12793664
0.12957298
0.13043071
0.13101780
0.13183078
0.13235021
0.13286964
0.13502434
0.13574675
0.13662739
0.13736126
0.13780157
0.13845633
0.13911108
0.14112008
0.14156040
0.14321965
0.14447294
0.14512770
0.14548890
0.14627897
0.14657252
0.14869499
0.14936120
0.14980152
0.15024184
0.15053538
0.15128070
0.15227375
0.15255584
0.15316584
0.15490421
0.15505098
0.15725257
0.15783967
0.15898055
0.15992885
0.16029006
0.16153083
0.16211792
0.16271647
0.16286324
0.16389065
0.16552699
0.16675738
0.16711858
0.16726536
0.16762656
0.16857486
0.16928581
0.16987290
0.17067443
0.17111475
0.17148741
0.17206304
0.17373375
0.17388052
0.17540446
0.17651098
0.17732396
0.17839612
0.17961505
0.18020214
0.18093601
0.18181664
0.18255051
0.18328437
0.18496653
0.18555363
0.18756370
0.18822990
0.19108518
0.19152550
0.19211259
0.19248525
0.19320766
0.19379475
0.19437039
0.19488982
0.19605255
0.19649287
0.19693318
0.19765559
0.19843421
0.19950637
0.20021732
0.20116562
0.20202335
0.20274576
0.20326519
0.20371696
0.20445083
0.20538767
0.20591856
0.20708129
0.20736338
0.20973358
0.21078390
0.21129188
0.21186752
0.21274815
0.21378702
0.21466766
0.21605627
0.21693691
0.21789666
0.21848375
0.21920616
0.22098928
0.22142960
0.22210726
0.22411733
0.22469297
0.22643133
0.22779704
0.22832792
0.22912945
0.23073249
0.23146636
0.23189522
0.23254997
0.23450384
0.23579150
0.23636714
0.23680746
0.23983242
0.24145837
0.24222660
0.24293756
0.24352465
0.24389731
0.24477795
0.24565858
0.24624567
0.24697954
0.24778106
0.24892088
0.24936120
0.25003886
0.25246634
0.25282755
0.25356141
0.25465648
0.25613459
0.25686846
0.25760232
0.25840385
0.25884417
0.25928448
0.25987158
0.26045867
0.26097810
0.26149753
0.26223140
0.26383445
0.26448920
0.26585490
0.26629522
0.26774004
0.26818036
0.26860922
0.27003113
0.27061822
0.27164563
0.27239095
0.27335070
0.27393780
0.27437812
0.27558559
0.27602591
0.27705332
0.27764041
0.27837428
0.27889371
0.28106094
0.28273165
0.28518204
0.28826427
0.28922402
0.29016086
0.29074795
0.29124448
0.29183157
0.29256543
0.29292664
0.29307341
0.29322018
0.29336696
0.29462025
0.29612128
0.29930553
0.30026528
0.30165390
0.30401372
0.30534506
0.30690229
0.30748938
0.30792970
0.30837002
0.31032281
0.31154175
0.31457816
0.31516525
0.31572943
0.31641855
0.31857432
0.31937585
0.32017737
0.32148687
0.32401530
0.32559544
0.32750349
0.32803438
0.32956977
0.33107186
0.33272073
0.33422175
0.33479739
0.33608398
0.33652430
0.33768703
0.33871444
0.33915475
0.34032894
0.34221301
0.34265332
0.34324042
0.34404194
0.34484346
0.34642360
0.34730424
0.34820779
0.35151697
0.35291812
0.35341464
0.35378730
0.35559332
0.35646250
0.35727548
0.35884417
0.35913771
0.36001835
0.36200551
0.36244583
0.36431951
0.36468072
0.36505338
0.36592256
0.36621611
0.36687086
0.36716440
0.36760472
0.36819181
0.36877890
0.36995309
0.37054018
0.37173727
0.37223380
0.37361096
0.37419805
0.37750617
0.37794649
0.37838680
0.37889478
0.37977542
0.38006897
0.38036251
0.38116403
0.38173967
0.38233822
0.38292531
0.38328651
0.38378304
0.38585970
0.38652590
0.38715774
0.38826427
0.38935934
0.38964143
0.38993497
0.39058973
0.39373855
0.39739748
0.39902344
0.40138219
0.40239815
0.40317676
0.40362853
0.40518576
0.40692413
0.40751122
0.40859483
0.40954313
0.41013022
0.41119093
0.41163125
0.41206011
0.41235366
0.41286163
0.41330195
0.41368607
0.41412639
0.41478114
0.41595532
0.41695982
0.41814546
0.41858578
0.41917287
0.41966939
0.41996294
0.42195010
0.42260485
0.42305662
0.42364372
0.42415169
0.42576620
0.42671449
0.42743690
0.42853197
0.42955938
0.43119572
0.43222313
0.43405207
0.43787855
0.44054230
0.44179560
0.44479871
0.44538581
0.44597290
0.44618733
0.44681917
0.44926742
0.45214560
0.45243915
0.45331979
0.45362479
0.45406511
0.45450543
0.45943950
0.46341382
0.46700403
0.46822297
0.47171115
0.47303211
0.47405952
0.47531282
0.47708555
0.47973891
0.48230171
0.48530483
0.48830795
0.49180759
0.49389570
0.50019441
0.50296019
0.50660767
0.51002820
0.51061529
0.51076206
0.51105561
0.51400252
0.51517564
0.51665375
0.51805382
0.51930712
0.52048130
0.52165548
0.52282967
0.52783033
0.52942192
0.53000901
0.53044933
0.53088965
0.53673766
0.53886014
0.54187471
0.54255237
0.54277826
0.54409921
0.54474251
0.54518283
0.54562315
0.54606347
0.54855754
0.54948292
0.54977647
0.55036356
0.55158249
0.55569213
0.55657277
0.55779170
0.55932709
0.56178787
0.56287148
0.57262508
0.57794220
0.57983880
0.58057266
0.58189362
0.58638630
0.58757194
0.58903967
0.59120690
0.59411945
0.59653547
0.59836441
0.59968536
0.60100632
0.60335469
0.60662844
0.61106492
0.61164056
0.61279183
0.61367247
0.61456456
0.61500488
0.61544520
0.61588552
0.61647261
0.61761243
0.61805275
0.61849307
0.61900104
0.61958814
0.62002846
0.62046877
0.62104441
0.62163150
0.62221859
0.62311069
0.62399132
0.62530083
0.62630533
0.62645210
0.62689242
0.62733274
0.62777306
0.62821337
0.62865369
0.62909401
0.62960199
0.63004231
0.63048263
0.63099060
0.63143092
0.63233447
0.63292156
0.63336188
0.63350865
0.63722273
0.63760684
0.63968457
0.64189869
0.64249724
0.64293756
0.64337788
0.64388585
0.64417940
0.64484560
0.64533067
0.64625606
0.64691081
0.64705758
0.64762176
0.64859297
0.64954127
0.65035425
0.65079457
0.65254331
0.65368313
0.65432643
0.65522998
0.65612207
0.65704853
0.65975703
0.66063766
0.66355021
0.66597769
0.66686979
0.67373375
0.67490793
0.67512236
0.67592389
0.67713244
0.67742598
0.67771953
0.67822751
0.67873548
0.67888226
0.67902903
0.67987530
0.68093708
0.68130974
0.68196449
0.68406406
0.68959561
0.69256436
0.69285791
0.69414450
0.69473159
0.69536343
0.69624407
0.69669584
0.69713616
0.69815212
0.69873921
0.69902130
0.69931485
0.70056814
0.70334537
0.70415835
0.70430512
0.70474544
0.70570520
0.70593108
0.70703761
0.70785058
0.70849388
0.70894565
0.70953275
0.71173434
0.71211845
0.71250257
0.71285232
0.71329264
0.71534746
0.71610423
0.71633012
0.71689430
0.71704108
0.71921976
0.71966008
0.72010040
0.72074369
0.72242585
0.72315972
0.72404036
0.72433390
0.72462745
0.72555283
0.72612847
0.72682797
0.72712152
0.73036198
0.73132173
0.73184116
0.73318503
0.73355769
0.73399800
0.73429155
0.73589460
0.73626726
0.73730612
0.73803999
0.73841265
0.73899974
0.73969924
0.73991367
0.74020722
0.74064754
0.74094108
0.74115551
0.74242027
0.74286058
0.74423667
0.74565965
0.74622384
0.74719504
0.74833486
0.74884284
0.74929461
0.74952050
0.74981404
0.75002848
0.75159716
0.75233102
0.75320021
0.75349375
0.75525503
0.75944378
0.75981644
0.76010999
0.76110303
0.76190456
0.76219810
0.76249165
0.76366583
0.76395938
0.76469324
0.76528034
0.76564154
0.76654509
0.76713218
0.76771927
0.76830636
0.77005618
0.77064327
0.77108359
0.77152391
0.77209955
0.77253987
0.77304785
0.77335285
0.77425532
0.77542951
0.77586982
0.77608426
0.77701071
0.77771021
0.77800376
0.77829731
0.77859085
0.77977649
0.78021681
0.78058947
0.78191042
0.78309606
0.78352493
0.78440556
0.78528620
0.78586184
0.78650513
0.78767932
0.78841318
0.78876293
0.78890971
0.78925946
0.78940623
0.78984655
0.79035452
0.79064807
0.79182225
0.79226257
0.79269144
0.79291732
0.79321087
0.79350441
0.79371885
0.79415917
0.79459948
0.79489303
0.79566126
0.79610158
0.79646278
0.79682399
0.79697076
0.79806583
0.79850615
0.79960122
0.80004154
0.80097838
0.80127192
0.80141870
0.80218586
0.80268238
0.80282915
0.80297593
0.80312270
0.80333713
0.80348390
0.80363068
0.80377745
0.80392422
0.80407099
0.80524518
0.80553872
0.80589993
0.80619347
0.80648702
0.80716468
0.80745823
0.80767266
0.80856475
0.80884684
0.80907273
0.80929862
0.80959216
0.80988571
0.81011159
0.81047280
0.81076635
0.81105989
0.81135344
0.81164698
0.81179376
0.81259528
0.81318237
0.81406301
0.81435655
0.81544017
0.81586903
0.81653524
0.81704322
0.81788949
0.81832981
0.81862335
0.81906367
0.81935722
0.81972988
0.82002342
0.82017020
0.82038463
0.82118615
0.82162647
0.82242799
0.82286831
0.82380515
0.82424547
0.82484402
0.82513757
0.82543111
0.82572466
0.82601820
0.82631175
0.82660530
0.82689884
0.82719239
0.82748593
0.82763271
0.82777948
0.82792625
0.82807302
0.82821980
0.82836657
0.82851334
0.82866012
0.82880689
0.82895366
0.82910044
0.82979993
0.83009348
0.83068057
0.83126766
0.83183185
0.83219305
0.83233982
0.83248660
0.83263337
0.83342344
0.83379610
0.83424787
0.83482351
0.83497028
0.83570415
0.83599769
0.83656187
0.83692308
0.83757783
0.83787138
0.83808581
0.83852613
0.83896644
0.83940676
0.83984708
0.84028740
0.84072772
0.84116804
0.84160836
0.84204868
0.84248899
0.84292931
0.84336963
0.84380995
0.84431793
0.84475825
0.84519857
0.84534534
0.84578566
0.84622598
0.84637275
0.84681307
0.84725339
0.84740016
0.84784048
0.84828080
0.84842757
0.84857434
0.84872112
0.84886789
0.84901466
0.84916144
0.84930821
0.84945498
0.84960175
0.84974853
0.84989530
0.85004207
0.85018885
0.85033562
0.85048239
0.85062916
0.85077594
0.85092271
0.85106948
0.85121626
0.85136303
0.85150980
0.85165657
0.85180335
0.85195012
0.85209689
0.85224367
0.85239044
0.85253721
0.85268399
0.85283076
0.85297753
0.85312430
0.85327108
0.85341785
0.85400494
0.85429849
0.85486267
0.85515622
0.85559653
0.85589008
0.85626274
0.85655629
0.85699660
0.85729015
0.85771901
0.85801256
0.85850908
0.85880263
0.85923149
0.85952504
0.85981858
0.86011213
0.86040568
0.86069922
0.86099277
0.86128631
0.86157986
0.86187340
0.86216695
0.86246050
0.86275404
0.86304759
0.86334113
0.86363468
0.86392823
0.86422177
0.86451532
0.86480886
0.86510241
0.86539596
0.86568950
0.86598305
0.86627659
0.86657014
0.86686368
0.86715723
0.86745078
0.86774432
0.86803787
0.86833141
0.86862496
0.86891851
0.86921205
0.86950560
0.86979914
0.87009269
0.87038623
0.87067978
0.87097333
0.87126687
0.87202365
0.87210276
0.87238485
0.87245251
0.87303960
0.87333315
0.87361524
0.87376201
0.87449588
0.87493619
0.87552329
0.87565860
0.87638101
0.87721583
0.87729495
0.87788204
0.87818704
0.87833381
0.87885324
0.87929356
0.87958711
0.88032097
0.88061452
0.88069363
0.88098718
0.88113395
0.88194693
0.88194693
0.88253402
0.88297434
0.88334700
0.88370821
0.88385498
0.88484802
0.88514157
0.88534455
0.88555898
0.88584107
0.88613462
0.88642816
0.88642816
0.88657493
0.88678937
0.88694759
0.88792919
0.88836950
0.88866305
0.88890039
0.88904716
0.88970192
0.88999546
0.89034521
0.89048053
0.89147465
0.89191496
0.89207319
0.89214085
0.89295383
0.89310060
0.89324738
0.89331503
0.89354092
0.89398124
0.89450067
0.89464745
0.89509922
0.89540422
0.89556245
0.89629631
0.89673663
0.89703018
0.89747050
0.89762872
0.89777550
0.89792227
0.89836259
0.89880291
0.89888202
0.89917557
0.89946911
0.90027064
0.90033829
0.90077861
0.90091393
0.90106070
0.90106070
0.90112836
0.90127514
0.90159159
0.90189659
0.90189659
0.90204337
0.90217868
0.90276578
0.90276578
0.90276578
0.90291255
0.90321755
0.90359021
0.90410964
0.90474148
0.90496737
0.90547535
0.90563358
0.90592712
0.90649130
0.91260995
0.91275672
0.91312938
0.91319704
0.91319704
0.91333236
0.91362590
0.91370502
0.91370502
0.91414533
0.91465331
0.91494686
0.91530806
0.91599718
0.91629072
0.91644895
0.91705895
0.91735250
0.91748782
0.91866200
0.91888789
0.91911377
0.91947498
0.91947498
0.91991530
0.92006207
0.92050239
0.92085214
0.92129246
0.92158600
0.92194721
0.92209398
0.92272582
0.92287260
0.92316614
0.92331291
0.92375323
0.92390001
0.92418210
0.92432887
0.92454330
0.92498362
0.92518660
0.92526571
0.92554780
0.92627021
0.92627021
0.92685730
0.92700408
0.92700408
0.92708319
0.92736528
0.92922751
0.92922751
0.92966783
0.92996137
0.93025492
0.93040169
0.93095442
0.93110119
0.93175594
0.93189126
0.93218481
0.93250126
0.93265949
0.93265949
0.93280626
0.93435311
0.93464665
0.93487254
0.93501931
0.93532431
0.93575318
0.93589995
0.93628407
0.93672438
0.93687116
0.93725527
0.93754882
0.93769559
0.93828268
0.93842945
0.93881357
0.93897180
0.93941212
0.93985243
0.93999921
0.94014598
0.94014598
0.94172612
0.94201966
0.94247144
0.94247144
0.94260676
0.94340828
0.94399537
0.94406303
0.94414214
0.94495512
0.94524867
0.94609601
0.94676222
0.94690899
0.94727019
0.94785729
0.94859115
0.94887324
0.94935831
0.94965186
0.94979863
0.95078022
0.95107377
0.95122054
0.95143497
0.95364802
0.95379479
0.95408834
0.95429131
0.95444954
0.95488986
0.95533018
0.95533018
0.95569139
0.95607550
0.95703525
0.95718202
0.95726114
0.95769000
0.95813032
0.95827709
0.95850298
0.95910153
0.95975628
0.96004982
0.96027571
0.96056926
0.96141553
0.96185585
0.96216085
0.96244294
0.96265737
0.96345890
0.96395542
0.96403453
0.96410219
0.96410219
0.96439574
0.96483606
0.96553556
0.96597587
0.96626942
0.96655151
0.96668683
0.96712715
0.96727392
0.96751126
0.96799633
0.96843665
0.96873019
0.96939640
0.96987108
0.97017608
0.97076318
0.97194881
0.97250154
0.97288566
0.97303243
0.97445541
0.97507580
0.97536934
0.97580966
0.97639675
0.97647587
0.97740125
0.97740125
0.97840575
0.97840575
0.97950082
0.97994114
0.98024614
0.98066355
0.98088944
0.98088944
0.98131830
0.98363123
0.98400389
0.98407155
0.98421832
0.98436510
0.98443276
0.98457953
0.98520099
0.98590049
0.98610346
0.98625024
0.98653233
0.98659999
0.98688208
0.98776271
0.98832690
0.98855278
0.98898165
0.98920753
0.98943342
0.98951253
0.99006526
0.99094590
0.99125090
0.99181508
0.99197331
0.99330572
0.99330572
0.99397193
0.99411870
0.99455902
0.99477345
0.99498788
0.99513465
0.99541675
0.99564263
0.99580086
0.99594763
0.99662529
0.99769745
0.99810341
0.99847607
0.99863429
0.99970645
0.99977411
0.30307925
