403
454
0
297
356
102
434
333
14
339
507
239
70
367
392
485
9
283
197
165
391
375
332
306
540
467
76
555
450
94
395
546
207
545
41
526
130
78
539
81
127
327
74
148
56
173
554
25
277
184
199
142
396
59
50
196
456
4
321
398
33
342
431
325
266
298
77
62
466
493
193
141
200
202
473
462
109
201
95
415
84
172
541
320
417
422
489
154
437
542
131
383
513
220
293
66
508
19
514
537
372
192
538
34
347
255
547
231
534
527
213
366
401
26
71
88
341
299
195
309
515
426
245
491
386
128
497
45
252
380
52
304
198
182
149
176
217
58
406
317
227
175
405
400
471
385
42
365
482
355
180
119
407
411
543
122
523
219
65
96
140
160
387
61
480
187
305
362
394
147
240
294
350
20
287
496
124
16
268
302
132
433
435
374
494
17
86
300
259
344
49
399
428
188
101
414
530
251
32
273
234
1
98
418
163
503
99
179
408
37
533
453
470
121
334
556
204
145
260
85
352
235
60
244
135
69
340
548
274
39
429
83
310
472
156
8
516
203
324
82
509
479
461
402
18
381
171
150
115
226
237
262
550
111
166
215
164
338
24
228
181
271
123
103
146
353
232
186
311
110
410
512
343
250
477
458
63
185
378
376
27
183
511
120
2
278
22
238
445
510
210
501
214
464
288
498
459
113
233
97
301
363
53
423
15
420
36
295
389
531
492
499
282
267
155
377
276
87
313
425
436
57
280
519
257
151
535
258
314
357
529
468
275
152
369
326
126
404
370
47
361
29
488
256
322
457
490
553
35
524
153
451
359
241
139
138
430
133
253
443
248
409
157
90
281
517
345
413
449
354
421
169
551
388
246
194
55
393
358
390
44
205
51
270
136
308
552
397
307
521
483
448
382
368
206
118
48
254
452
289
