170
84
160
184
201
193
131
210
126
128
156
55
129
179
159
168
200
56
146
158
135
49
172
212
148
152
166
150
165
64
139
138
23
151
111
74
211
169
204
40
192
143
203
197
137
140
175
98
134
127
102
80
13
188
63
0
37
202
14
162
100
26
117
71
125
3
44
43
176
209
186
5
177
183
187
130
78
153
21
60
73
141
180
45
53
88
157
185
154
24
19
124
171
52
112
1
121
123
106
132
6
164
119
114
22
167
113
34
93
30
91
66
96
39
103
181
94
58
144
15
8
118
65
155
147
92
10
82
133
42
18
99
70
11
110
97
32
115
149
90
76
47
145
54
120
57
7
61
95
46
27
107
9
189
28
101
72
25
48
77
50
89
116
87
20
35
108
12
51
109
83
86
41
17
75
67
81
85
59
68
79
69
31
104
62
2
33
29
16
38
36
