435
172
404
865
587
959
506
602
313
156
564
654
776
802
134
22
951
326
709
1022
234
71
518
1014
579
477
845
46
431
511
381
356
180
123
392
253
93
37
832
354
731
317
1041
208
954
329
658
650
54
634
451
900
109
149
555
590
283
932
327
140
520
751
18
195
929
473
0
998
999
996
105
905
84
599
456
675
77
199
240
826
407
760
119
629
901
137
938
949
753
941
851
1040
944
871
120
280
818
872
331
49
366
836
514
402
17
311
727
856
504
588
863
491
719
135
526
264
917
464
701
495
247
145
116
196
982
840
613
101
148
376
348
333
1006
225
335
203
585
436
779
374
1030
567
862
396
7
792
6
888
703
355
229
460
1013
410
795
507
132
211
463
321
127
29
228
425
563
968
964
922
745
667
1028
509
121
461
168
416
88
215
232
243
124
384
683
700
1038
265
899
953
1017
988
752
306
720
829
956
992
430
1035
610
875
25
893
965
600
597
570
403
254
825
961
340
628
790
584
960
848
819
971
704
79
736
157
191
774
990
867
1037
73
379
345
144
5
636
876
1039
257
521
328
565
107
332
754
671
710
524
305
235
47
1016
252
377
744
245
916
330
474
276
453
86
316
641
417
98
285
282
266
936
502
16
296
821
966
739
486
390
921
931
976
649
930
633
334
337
74
887
297
457
674
341
51
102
798
383
928
28
651
339
315
72
471
782
855
307
841
866
891
677
586
112
551
878
227
684
879
615
249
644
263
870
447
21
513
898
540
27
927
831
566
907
560
583
483
164
512
367
125
450
273
310
343
70
997
884
543
672
972
937
485
415
304
786
202
369
724
176
419
648
669
161
883
647
201
605
919
11
171
251
686
427
577
146
233
717
291
725
497
130
271
523
480
592
439
165
967
750
401
522
794
946
23
846
816
983
216
536
344
614
880
787
80
493
721
734
484
99
138
302
382
1027
33
680
552
962
694
482
780
503
177
793
128
743
187
571
53
318
476
763
357
143
87
1012
36
1007
784
903
759
737
399
778
833
696
370
61
547
9
765
747
411
397
897
94
150
272
858
925
270
766
985
147
515
914
303
55
158
500
620
646
293
591
718
815
365
548
458
748
209
475
41
437
505
408
373
446
35
292
95
844
188
722
527
136
246
987
38
434
601
182
979
465
593
1025
184
625
14
770
533
639
678
12
192
154
213
977
989
699
153
42
351
749
492
2
918
626
15
835
68
902
277
797
726
553
643
258
418
221
301
665
609
561
729
1000
224
813
834
380
622
969
308
657
661
624
175
796
993
103
220
806
728
864
92
378
735
186
775
449
517
268
975
889
388
244
618
805
663
30
190
761
1011
1036
479
623
594
133
490
808
443
405
56
85
691
117
842
462
627
631
572
1015
1032
324
300
295
442
281
886
906
738
181
785
205
596
611
170
151
519
391
799
839
911
810
3
1020
278
100
850
854
469
231
608
939
742
532
1042
783
91
350
1029
360
538
539
926
578
904
371
741
896
385
43
656
261
535
660
178
791
198
441
581
361
978
1034
687
516
19
294
820
255
945
530
478
777
185
359
454
1024
662
34
1018
569
690
459
935
544
142
487
104
1019
122
394
347
1010
59
210
942
314
152
934
322
838
90
259
193
113
910
200
852
924
108
162
214
413
830
714
697
426
809
238
952
189
510
290
466
595
223
287
8
325
45
501
632
1026
659
940
141
877
445
429
260
958
1002
342
387
822
607
118
559
274
1033
712
859
269
612
106
711
179
289
320
732
635
525
248
58
994
682
438
574
20
217
708
575
546
155
207
582
868
409
557
947
197
715
472
788
31
83
114
576
69
386
346
352
716
279
948
256
420
823
681
1003
849
1023
496
284
78
115
400
556
1031
1005
789
963
860
39
807
412
890
995
534
368
676
173
837
827
250
82
817
432
568
606
804
44
923
421
237
455
869
489
467
62
167
40
204
312
126
604
640
550
580
481
679
673
803
323
733
414
801
26
762
630
448
267
705
908
1021
933
239
75
1009
814
909
981
769
218
545
529
764
32
740
692
468
96
894
488
558
129
275
299
111
861
97
670
955
286
537
824
668
338
498
424
508
363
1004
358
288
688
723
183
912
1008
773
494
63
50
771
309
452
470
695
847
781
857
81
619
219
226
853
499
984
353
664
174
169
655
48
64
76
621
758
689
573
882
194
957
768
298
375
160
800
755
222
986
652
528
159
10
913
873
549
812
163
531
915
974
422
4
693
433
892
262
67
423
828
1001
767
362
1
13
637
395
131
589
973
242
642
241
757
702
139
398
57
393
943
336
653
206
706
713
685
236
319
542
730
772
