3537
10748
10747
10743
8931
10756
13583
10006
5911
10752
13668
9450
10740
12502
16452
14097
10749
12158
11448
10737
11402
14177
13897
14785
3013
16562
4510
11323
12564
8479
3157
13836
7144
5178
12151
13646
16556
3267
10115
5220
8797
15702
12887
12515
8700
10418
12965
3432
16568
14999
13124
1972
12971
10956
10151
10739
16450
6768
15093
12437
9795
3590
10943
12121
10531
9462
10741
6551
14513
12421
15241
4985
16251
12835
16266
13132
3151
11132
12647
5134
11740
2668
2703
7360
13920
10744
2268
7522
3664
16250
3300
15379
3295
16340
6297
7311
16767
12081
13306
13621
11915
11751
5089
14465
11434
11161
2389
2011
10951
630
8903
8297
11742
12850
16248
14140
3213
11078
16406
15072
16162
16405
8869
13266
9685
8616
11403
1030
2381
5122
10861
13956
13114
1771
11752
14962
15367
14159
12169
12600
12677
14832
12100
13062
15491
12292
13311
12414
9939
2959
13087
3018
5910
4967
7070
12753
8673
4546
3176
2452
13201
11747
2561
12173
12025
10315
1543
12154
4523
2532
12102
3498
14874
12836
10451
7470
10181
2104
16343
13426
6500
10407
12567
10955
12758
3091
10557
13542
17615
14598
15784
6823
2121
12725
14223
10547
4147
2022
11539
8379
14032
14530
3265
12473
10155
14552
4568
11469
12759
13055
14750
15630
8804
9407
15459
13951
1405
12672
16683
16012
14469
2638
3729
11952
3495
8801
15665
3721
5865
14095
15622
10426
12135
13885
8895
14345
14447
11822
11458
4814
4913
9413
3652
10811
8273
14561
13855
10487
14539
14127
12193
13144
9652
5509
11755
2443
8481
10978
10806
13861
10754
13375
10444
8765
16289
1813
13732
10949
8967
7757
14981
13322
15548
14452
2041
10788
16321
15498
10492
13339
10775
11433
3345
12961
9768
12028
10449
13191
6993
3615
16373
8228
10274
13110
2958
16686
12010
12709
12239
4039
12788
3229
11054
4971
10897
10342
11466
13786
11011
8742
13686
14170
11344
4733
11047
13089
11748
12514
15620
15017
10116
2112
14409
8834
9648
11978
16823
8899
12279
16092
13019
13107
11035
16027
15676
15394
16664
10609
8880
8928
13521
2272
14069
11431
12342
5072
13958
2161
11926
16048
2963
5615
14448
11467
10745
1639
10365
13118
16776
12289
14266
10527
11876
14073
11042
13992
11947
13500
7435
9093
8769
10104
12090
6360
13670
12095
11743
12553
9061
2926
13113
8827
12298
3353
8686
9472
13293
14164
10815
5129
16339
11883
12906
16099
11039
12820
16453
11584
11912
13672
7006
13175
5839
11008
5571
16031
4422
12182
15874
3271
11845
10807
13119
13582
8630
6887
2090
12378
13562
5153
14601
3116
12002
12743
12665
11038
8706
10454
4223
3481
11017
13273
2296
15839
10159
6168
7497
11835
13943
16016
1029
13578
9020
12505
9757
15884
8474
11004
11723
5671
4912
11784
11739
12470
12696
6438
10375
10746
16128
16050
7126
13663
10175
14433
12501
2924
9116
12143
8365
3200
8826
8774
12050
11796
12085
14683
13848
14753
7053
7883
4621
16502
9885
10797
14972
13318
5593
14533
3334
4285
10372
3368
8927
5559
13037
1332
11478
12444
12021
7275
13244
15236
3527
12364
9410
15328
13333
12328
7953
14626
16300
12215
10496
9755
13577
8628
12299
15337
3430
5315
3280
13412
13838
11021
13234
10923
12957
13233
5639
14201
9125
16246
2327
12940
15626
14114
13862
7181
9711
12645
5863
7356
12731
7123
13086
3723
8830
12616
12462
2405
4905
12783
5048
12901
15631
15131
10080
12633
13218
10400
11815
8137
12863
11098
13021
525
4807
13295
10993
7716
8057
15872
11936
10888
14227
5812
1792
8270
11005
2007
11095
4311
15506
13781
10787
9669
10805
4233
5252
15283
15047
12532
7463
15719
10345
5580
12226
2230
14996
12318
6391
16894
11913
13198
15134
8688
6616
15962
15218
10853
5715
15096
9937
10961
11624
3504
15244
8054
14546
13940
11484
14160
6426
14330
8984
17146
11440
15487
3572
10198
6002
16327
10796
7873
7693
13974
8105
5965
13183
5382
8719
12968
14978
3949
3174
15539
15398
6927
15113
4953
14580
13418
8677
12271
15823
8146
14667
10764
12966
611
3034
16360
11057
14511
4859
16267
12644
8108
11094
3796
13379
1814
6122
15837
12250
12253
13849
11471
12442
11771
10233
14130
5602
10028
3720
16281
10306
11463
6678
13157
9079
10163
14091
6281
7675
15827
5966
4442
4388
11030
1652
16342
7747
6396
7801
7569
17575
12841
12936
13151
10795
17577
3109
12275
12523
17576
4375
9261
17086
6260
9471
15533
11173
12511
2564
9453
10437
4472
9523
9776
4475
13137
9040
10162
13136
9681
9792
17626
10870
5383
14466
13936
3346
13450
13431
3616
12952
10431
15132
6450
7357
15979
8779
3132
1538
8680
16768
12186
8470
12201
15444
6880
5018
8911
193
12573
10238
10697
13794
4391
13540
10905
2942
13122
11534
10098
12718
10230
7562
13821
4932
9735
12341
8318
13388
8850
14250
9710
15609
8599
8868
8807
14490
16511
5842
8409
2397
14432
12657
12120
9713
15296
7215
11481
7491
2477
14731
13116
9996
12757
5732
16233
13411
9095
13224
16036
3471
13439
15562
14480
11255
13015
5688
10810
12915
15826
13437
9055
8011
1789
12587
8335
13408
4441
15303
9908
4080
7226
12824
9403
6039
9794
9942
5841
13434
1222
10367
5114
15355
12826
9137
15302
3424
11530
11265
4135
3369
14564
10173
13199
7384
17911
10300
3480
14060
10186
15344
9042
3162
9883
7282
15943
7366
5287
12932
12537
1284
13081
12398
2617
12052
7021
11595
16593
14093
8497
8959
9613
7924
2551
15957
12307
5505
6339
3929
3129
12302
3120
16509
14654
12973
7926
3339
11753
11571
9614
9477
1929
12233
15467
12545
5847
1424
5776
3379
2348
3563
8280
13419
10482
8136
14275
5183
3135
10921
8301
9117
7285
7462
12746
6779
8439
7950
2935
12614
7302
13112
8227
16485
6835
6432
12316
6107
6913
12874
12656
3879
11623
8624
4594
7055
10541
9638
12401
14892
10061
7666
12865
3294
10350
10468
9405
13039
5074
6852
12510
14727
7452
16232
9801
10706
13147
14168
1280
12615
3341
11834
6244
11521
4209
9670
15887
4004
8982
3352
9803
5317
15959
15250
15188
14351
11580
3234
5288
11964
5651
17356
4992
7643
8566
7090
7827
14975
9872
9798
12237
3141
10110
5080
14649
10834
7355
4212
9693
7184
11781
11382
9348
11016
12765
2737
16353
9505
1791
11825
12881
12664
1212
12886
14869
8856
15952
9089
12853
12784
11529
6659
10183
4818
8542
2020
3584
10767
8422
5041
958
2633
5731
13709
3779
7309
9249
12964
4408
12303
7820
5719
11041
4351
16947
12103
14254
10563
7023
14612
10144
12184
7276
8236
3655
177
8319
4506
6964
6173
11031
5906
10027
12107
14914
9409
4485
9836
10981
7648
15067
9427
95
5112
13735
14575
16663
13391
8484
4907
13387
7141
11432
8294
7671
2480
15911
7011
11503
9740
7831
13964
5628
5926
7131
16313
13098
9456
14269
6677
14428
9727
7720
15224
9392
8985
16902
3485
9336
12829
6193
11736
1385
12096
7565
11525
12358
10525
10825
2841
7770
10060
8125
15203
8668
9930
12230
10446
8975
9707
2423
9733
11353
14506
418
14559
3422
10111
12729
10135
5308
16481
17075
3223
10812
12265
8263
8547
11573
1880
15538
14534
7127
3851
16209
13223
14504
8357
11582
7727
15974
1379
3962
14478
6043
7767
11201
14584
9737
4359
9897
15505
9275
8709
13392
5704
1433
2517
2221
12453
8328
3446
12955
9017
4614
8171
11305
3676
11312
8037
16220
11438
5376
11677
3172
1310
9366
14581
16256
9051
14563
14000
6120
14270
11738
5319
12873
8345
5259
8447
8403
16326
14760
14550
7169
6897
11144
2579
8552
8149
14586
14349
7107
12142
4363
11105
2598
2599
9339
6150
12030
9062
3016
2565
10032
16349
3902
11460
3544
9805
7608
12541
2954
4497
8102
10912
8546
3258
9971
10935
8812
583
7744
2170
3128
15201
7066
4975
11565
10473
11725
11120
5636
17154
13220
11795
10909
2192
9991
7022
4895
14455
8789
1411
7296
9884
9524
2124
12003
5634
8222
7459
10980
13153
8055
7964
5909
11512
1007
8277
14510
7325
8215
7998
10303
12521
14009
6743
14256
9105
16613
9831
10305
186
1592
9902
15310
8794
8004
11500
12493
14573
16742
12402
6216
12654
1631
5649
9573
13194
11049
16496
11692
5819
3006
9714
14252
12259
10459
12048
10103
11686
16692
1762
12563
14184
11445
12306
10532
9292
1474
13257
12360
13975
17135
479
15300
9853
13935
5805
3567
5656
5194
9721
12330
2318
14904
13111
8636
5706
1992
11079
10014
7251
2621
3719
2346
11872
9980
14258
9787
6372
3233
12168
3254
8052
15342
10926
5914
17959
12449
13057
14059
12246
10321
2816
5549
7786
14354
7754
10216
14657
3045
8281
14588
2383
7061
7457
5265
6609
15439
15222
10918
6184
2039
7361
8851
10204
11052
15366
5927
10832
11782
12528
3192
12249
14730
2478
10975
2627
7514
11329
9030
1553
1554
14249
3415
10600
7556
15265
9780
13444
6922
16240
8453
2782
2220
13344
3768
10134
10088
1384
10908
7261
13082
6166
104
6946
9640
7336
2534
1067
8165
7167
3347
10447
11253
11761
7670
4203
5423
9094
11799
6064
12308
8093
9304
5640
4923
10245
15416
8066
9931
13117
9609
7919
5574
2168
7822
12231
10322
3487
11648
8204
496
4766
5047
6706
13515
8152
11609
2038
8703
16235
14627
12221
8713
6220
12512
2363
2654
13492
10102
7983
5721
5936
6151
5193
8003
7576
11497
8307
13084
3953
15458
10136
4077
1889
3061
16259
10320
13598
420
7832
11760
12680
8596
9019
8716
15238
12958
6412
8414
15016
6085
15221
8330
5807
16425
2589
6614
7857
11551
6578
998
9817
9816
2309
4878
12775
9465
3220
10255
4654
11153
11878
12922
13913
10193
10389
12270
12006
7761
1818
13038
5040
8183
17204
5915
4479
15772
4998
3365
9947
6893
12636
5596
7030
15390
5646
5922
12008
8217
15336
12469
5185
4105
4538
16471
10105
6868
3250
10052
8771
8158
6670
10712
11895
8094
5140
13163
5457
3411
4796
7762
11378
5564
1658
1882
11559
4411
4099
10724
4342
15279
2969
6538
10139
2013
10963
16386
8240
6724
10075
10201
3382
11779
2034
2514
5851
13452
6794
6894
11650
5817
5561
7505
909
1949
10953
8380
569
8881
15440
13002
16305
10533
11718
506
4897
6791
7207
13179
5410
5674
13341
5582
10097
10469
14711
14738
9814
3333
7991
8062
6109
5800
16219
8889
1638
4166
4504
16113
5506
7327
4824
7863
10355
10395
5547
16462
11444
11728
9746
6080
6267
8976
15411
11772
6488
4894
12389
7310
451
7978
7734
7063
16288
3532
1460
2342
10984
5238
8404
155
15734
8505
10567
12131
7843
15883
5012
5889
12781
10325
4419
6958
15510
15102
8231
7672
14942
8567
8216
7469
17351
8717
8189
12838
10090
5459
10140
2247
7877
9694
100
6094
13204
10966
2276
6654
4307
12969
15206
10161
6675
378
5680
5617
4324
7247
9913
14670
552
6415
14498
1357
7292
7971
16286
4228
6176
1039
11217
6915
11508
2918
16926
1897
2334
17040
7709
8391
14609
6787
3654
10462
1922
11803
4780
8044
2780
8437
8123
14493
7317
5504
4686
3139
12267
11786
11328
7680
2505
12699
8525
11625
6713
10338
7170
5225
10562
2063
1567
1733
2387
10297
12392
11544
2431
2345
16594
2162
5075
1584
11389
6054
4323
10603
4886
9080
7085
9748
5030
11664
5243
10276
9729
4819
6348
2365
1876
5735
5736
16330
8734
1131
12425
1701
6136
6796
3662
8247
9878
12117
11222
5762
3523
9384
6695
17096
2304
3718
2377
14200
10141
9092
8246
688
13674
5629
4315
10818
9577
10441
16901
6605
14905
9417
5358
17868
7270
13511
3253
3460
16610
12691
6001
1259
15727
8476
10004
10271
1670
15463
15260
2350
10311
3776
3687
5616
7397
8663
5131
14804
2006
11549
6471
6782
7486
5981
5738
6113
8860
17155
6140
7065
9981
7859
1380
15085
4268
4269
1166
1242
14540
5108
9753
2205
14362
10334
469
468
5513
8103
11394
11997
3366
15189
3891
7438
7472
10865
7473
3494
2745
5552
10335
1744
11775
10275
14858
11517
10277
3853
10192
3722
7788
5019
6772
14622
1865
11766
4570
4865
14398
2555
16602
1383
6783
8058
16708
9717
3357
4749
11436
7544
9705
15058
8121
11073
8408
15769
8389
3562
10992
9901
14861
8796
7674
11393
9029
7206
4449
9763
11599
7511
10327
11537
12057
6290
14367
16607
15282
7582
11572
7862
821
822
6205
5804
152
15504
13305
11705
11561
12970
2402
3714
11524
6377
11001
2635
6307
1948
10475
15794
8940
2289
11296
11196
15655
6581
5054
2729
8282
14831
8100
10690
10898
9990
5852
3136
614
320
5940
5941
8075
10227
9252
9954
9660
2313
13596
11618
4232
2388
7157
7073
15816
10780
5698
1066
1140
6652
10544
13000
3621
10071
15253
5051
10889
1393
5217
3089
5795
12681
6876
4984
5767
10774
5362
5474
2799
14151
17614
9047
10890
15307
4272
1394
1142
11356
4896
6196
2434
2448
8110
12738
11566
12814
5226
924
9682
11709
10548
8791
16494
5398
5460
5920
14279
1644
10755
13013
3521
5065
5585
7280
11557
7914
8067
4264
1492
7396
15277
11359
16927
14862
8334
13040
8000
10038
10041
7110
16236
11523
12599
16000
633
2789
13069
6980
5749
13584
8038
2158
3212
9341
10252
2603
1810
11698
5726
11527
1574
12639
11212
8910
2
1137
495
4535
7966
10819
5643
12198
12842
3406
12482
5655
9756
13359
10251
12000
15133
8148
5746
5755
1664
5212
12228
8983
6361
1742
11657
370
10711
13928
1027
10323
7740
5295
8241
6792
9548
9858
1551
2323
11036
1386
11330
1730
8145
5713
12053
12311
8557
7092
2238
3088
8809
12459
13648
13691
1684
15249
1665
1507
11562
16333
13292
6790
6686
6716
2569
5860
5951
2200
11629
6733
11456
9658
10954
11724
1504
6411
11722
8048
8053
4240
4019
6655
4390
7147
11622
5820
16394
2202
2539
12441
5691
8113
11829
2460
12817
2529
5660
8159
9837
5955
13171
4656
7736
9772
1440
2324
13288
1900
1624
12433
4101
11730
13638
11628
7423
5110
5980
1891
13539
5785
10383
5843
16923
12593
15517
8849
11805
5868
8946
1986
14080
5809
16117
13483
1478
1122
6671
8478
11473
15319
13172
2993
13945
5710
1465
2395
7266
2802
2458
5666
8292
7813
2333
3555
3026
5677
2428
10304
6255
15492
144
4974
9260
6204
2045
717
10224
6730
9337
2951
7305
2421
7548
3749
2390
13696
13926
4948
7771
7772
7332
4364
3261
13764
16241
14918
906
13632
2159
9436
2356
10353
6487
6486
5595
3023
3282
2352
2054
2053
6023
12219
13317
7484
7790
15146
2339
9290
14180
10852
8961
2328
13617
2208
12833
5741
9723
5665
4381
2210
3014
5475
3647
5476
4790
3102
10880
6132
520
1108
1148
1879
12147
16567
13687
4318
13997
4177
5758
6546
4483
5479
2279
632
8306
9696
5742
5759
492
9925
6881
8262
12213
7935
6600
7180
15479
11652
9391
2251
5116
8104
513
13228
11824
4352
290
10939
8622
5026
12023
7445
2171
5896
6669
7532
2661
8893
4875
5848
1699
7684
6969
9886
1376
7630
12804
505
3548
13499
5724
9295
2742
14894
9926
1503
1432
4606
5872
700
2086
1819
6261
1613
9468
2419
13906
12737
11777
5790
2420
1942
7329
16055
1100
1990
3209
2160
8954
8278
6181
2150
848
716
316
6814
13334
11756
14199
7752
13323
11673
9917
2530
6409
6584
7780
9308
5483
9747
12119
13812
7165
658
5050
4537
3103
5434
4519
726
9773
1764
11248
11131
5645
2413
13285
744
7444
8017
7610
16404
3428
5443
9388
11731
623
11719
4262
4263
5840
8489
2108
2510
5392
2540
5703
7158
7159
15267
2665
6231
13730
3187
12046
7116
5158
3097
13679
7650
8026
7792
9698
1305
7453
1594
1490
7441
7253
11048
6508
6507
1980
251
2062
8274
656
8354
7723
6820
10575
6142
2892
7913
3648
7245
12059
12049
12975
5605
2176
16678
1031
6667
6668
1984
9863
5442
7278
1101
514
11674
2252
4235
8595
3583
5808
4401
11675
7122
11734
1123
1124
2652
1907
1014
5874
2454
5709
4836
12880
1391
4655
4079
13857
6896
7864
5586
3066
8635
7389
3228
10722
5425
499
13324
1758
16910
5799
1015
166
17737
12950
1634
9867
2374
5678
4783
5525
5770
5917
5144
3536
7632
12710
8867
11575
341
1092
8013
12347
3545
6047
9866
11259
8223
474
10113
2329
5461
5462
3604
8116
11335
12555
9280
497
6824
3055
12705
6070
2511
3303
3173
4976
9497
15864
2533
4852
13518
5974
2881
85
4295
5944
1662
8620
15334
5011
11735
7029
2601
8295
7990
5321
4964
16249
11783
8377
94
6105
12014
5788
13985
4690
2101
5180
3078
345
3497
1518
11985
13783
6340
6342
4738
4739
8198
5977
13653
10529
12583
8999
13360
10348
10347
1816
334
2317
15361
12024
1964
5563
5562
11726
4981
5869
4603
949
6628
6376
403
9876
12475
9054
8619
8287
9766
5406
4682
4334
14141
7212
15295
16560
4218
12641
8442
4361
15634
8805
5304
2547
10013
4104
6912
11040
9068
8032
16549
5192
8386
8654
4429
11420
16473
16544
8761
6230
4626
7196
7662
11746
13012
2353
5964
1779
2722
3396
7233
7240
5177
3044
4274
7259
4607
13924
8745
4237
9368
8656
5644
14450
650
5078
427
5235
1079
1486
2983
5590
5783
8431
12808
1643
10356
2761
14350
8018
5967
6978
1856
5923
246
1426
10917
2631
10307
4291
4293
1126
10858
14961
6256
1317
1257
10248
10249
2473
4810
2117
512
11993
8327
1946
1369
14057
9674
1109
13525
10534
5215
10932
2537
3222
7380
2941
1136
3304
3632
3528
5912
3510
6904
6145
4838
10046
3568
16904
13195
3683
12714
4161
2195
168
5393
8400
2440
7241
5825
13688
3492
2669
30
8966
11703
8293
6786
10486
3979
4823
1798
2244
13745
15790
1561
1689
9426
4289
10147
9999
194
7644
5518
9297
6357
4612
7430
1099
1757
2464
2502
1524
4668
1916
1822
5798
5797
7702
5661
11737
1531
2553
1997
9386
5664
837
2144
3467
12662
1431
14442
8211
923
3919
1993
1632
4731
5307
16712
11811
6158
3674
3855
8504
215
4561
5028
4732
13367
5902
1866
3539
7104
2310
5087
5407
4164
9058
9833
391
11749
11689
6066
12653
10076
8303
5530
776
6592
9692
12822
843
3960
10723
3384
10210
9335
182
5588
3138
8323
4059
7026
7025
5527
7342
2217
3027
16539
585
11555
13769
2707
1498
2688
3981
11428
3170
2047
11588
9126
15895
10850
1482
2433
1483
2300
1893
2089
1746
2378
1534
839
11334
2714
4651
4650
8079
12882
11823
482
9083
9919
2017
11531
349
7606
8612
4610
361
1417
1598
5313
5722
13004
4799
2097
1601
7637
3354
3393
7952
8886
4503
3793
6710
6294
11470
11482
2908
10960
11475
11479
4918
9087
11793
11472
11477
5339
9511
8553
9871
13622
2361
3149
9447
10938
9750
13833
1506
5441
5445
5444
401
4355
4356
6594
902
9060
8832
8372
10195
10435
1777
4632
1690
5163
338
5962
5653
6683
1692
6684
13085
7688
6543
705
6237
1121
4513
6011
1545
393
11590
1480
11641
3130
12020
2544
1467
961
2260
11003
15645
3125
10174
14055
2596
1904
13659
10879
13626
3291
3008
1712
1732
1681
12038
13232
9353
2697
12702
11333
10515
15849
6207
3041
11801
3578
4548
8754
11435
5098
8682
14
15232
3221
1703
7078
9478
6399
3219
1457
83
2552
8329
812
2516
8332
8333
3388
9662
8336
6808
1151
1453
995
12348
3299
1648
4431
2672
1590
4201
4200
3701
5877
4406
2749
10514
1837
8988
1722
1971
11700
1422
2282
1487
9715
5507
5676
8435
2704
8405
11655
13713
9769
3168
7552
2608
10481
14094
4768
5499
739
13881
11643
6347
622
7349
122
7681
5137
10485
82
4914
7839
1041
2143
12918
8626
5604
751
4755
4557
4556
13077
528
4589
5154
4338
11800
2468
2469
2925
9903
3479
9687
517
770
1418
12981
17
13352
12011
13284
12684
12039
10084
12041
5793
15485
5081
11836
3618
9343
12309
10040
5173
9345
14264
7368
9350
3311
12031
11910
14963
2098
9355
7178
11744
7828
12310
2242
8874
13168
6323
11485
10763
9408
9315
3052
11741
12317
7442
221
12813
6591
2194
8647
4211
9351
9437
12125
2046
8875
10673
15200
9860
8214
3564
3401
9745
3084
2052
2232
10442
3180
9096
7758
7056
6793
9485
12209
5907
5348
3048
12789
10015
5488
7531
392
10033
12337
5686
13575
8784
11474
7984
13430
4637
3196
10146
741
1575
10977
10138
13716
7117
7313
12570
4704
5880
8406
2692
2470
5773
4225
3252
11568
6036
7523
5190
4169
4577
328
12326
1941
4919
3486
8192
10574
7304
5500
16519
7615
7791
4210
7269
4173
7961
2351
2970
13212
12109
7710
16521
2625
11660
14384
4383
3319
9679
7665
6099
141
4631
4772
9847
9895
5201
6861
1894
7176
455
2977
5689
4002
9082
13362
2999
4999
8085
2014
10551
14030
9892
9372
896
6991
1521
5496
11685
274
4986
3397
15480
10991
9767
1416
9404
9907
1859
1770
3469
8025
4457
5835
37
1629
12728
5833
6748
2114
12948
7753
7137
8352
2299
9084
627
2576
4567
13480
10490
6430
47
3376
12361
5489
1778
1402
1576
9783
1494
2030
4586
288
10986
3150
3812
7634
8732
3690
3
5893
189
5584
987
9007
10185
9759
11507
4839
4973
6114
6468
7402
3961
1851
2632
96
629
2526
865
3049
10074
3762
9728
6292
9695
9765
4194
7685
5278
1128
792
6558
3321
966
7166
5954
3675
6354
335
9978
2336
11754
5151
963
1438
7679
807
8076
10092
12346
11907
6707
4005
7222
143
2592
2227
367
9014
979
6878
1556
8129
4828
4116
12921
2224
5060
13656
5932
1414
1697
718
1444
12897
2731
9033
4108
8050
13096
13664
4494
7405
13241
3158
2730
8969
13355
10190
3744
3226
13155
12960
14347
8723
10699
13784
14947
5685
7315
3758
4109
12869
14446
12848
12495
12245
8974
7899
7868
2127
3465
11502
3867
5070
8631
2215
11465
6847
2156
2824
757
14893
6492
6279
10120
7963
8416
11187
10971
2793
4399
8135
5831
11646
5575
5433
6404
1906
531
3839
10336
769
7826
2079
2078
2004
11223
9918
5567
5115
2658
10000
11614
366
669
5375
1013
7424
5473
5544
5435
2893
8676
8731
5970
3859
9338
183
5935
1445
16942
1958
1673
10133
8363
1037
11763
2142
248
176
9264
2107
2913
5039
6182
1680
3736
5569
824
5972
6203
1146
731
7197
4551
4552
4407
10001
1408
1885
1935
1852
2031
1983
1452
2032
2136
1513
1526
2396
489
4901
6435
10735
3750
8532
5519
1854
1863
123
5521
10054
6000
5973
5763
15212
13014
2450
2567
8387
762
11957
157
6597
3991
4418
4972
3934
8913
5061
10793
7769
10390
8817
7765
12040
7823
7335
3688
1437
1807
8212
5366
7778
4283
8864
11602
2868
4520
9751
3204
9074
2064
13892
1479
5626
5627
5385
1657
5299
8451
4043
11715
3148
11714
2575
1382
165
738
12549
461
3626
3235
11713
6029
6436
6855
2311
3324
6694
7489
1611
2060
2662
4190
5901
894
11621
7602
52
6830
5532
11697
6295
36
10025
11973
15079
8376
2584
3047
5873
3454
5875
7284
715
1476
6067
7048
397
7789
3716
2531
5109
3634
3279
3364
11230
5002
3462
10405
10371
11762
11227
8996
8888
3095
9716
4493
10261
2611
5066
565
11998
9680
6250
2080
5971
756
3945
6658
13813
7731
4737
3708
1858
3899
6846
666
6305
4396
13376
386
8925
3703
5241
12666
3060
11720
225
579
3808
8098
12786
8696
6032
1449
814
1447
8364
2762
4638
781
581
9887
3199
4903
7623
2379
1595
277
6557
10974
9358
9539
1249
5168
945
2271
6236
10471
1896
9555
3933
2781
8733
12907
2140
946
7294
9369
9139
9365
3916
2585
4120
4254
481
10733
3547
11704
2852
14839
4719
780
15305
6229
7052
7398
2292
8203
948
6369
11505
1074
3575
5894
1435
3087
2689
5850
3576
5438
2903
936
2326
9905
11684
5701
4087
4760
195
7359
10566
13011
9689
8953
4728
311
204
2246
101
9258
3518
7768
344
1860
9256
7024
7229
5498
2702
173
3425
7194
6738
10967
9356
15577
2519
12005
12919
1530
9950
7084
9874
1902
1068
14234
5454
5761
2578
2513
3363
597
3831
3402
6163
14819
4074
3898
8130
6608
541
7183
13383
953
667
2295
3856
5859
29
11480
4602
7712
4891
3923
3533
9749
1825
8960
6854
12506
7956
11570
4831
6089
4800
12561
7524
1656
235
7163
5397
4098
6225
3925
6004
14138
12517
6935
3197
3951
6200
1892
3677
7713
1113
452
3064
1035
15148
10222
9928
5621
641
4325
9924
5107
9360
2541
6682
13466
237
5864
5779
124
6293
6431
6243
8254
1999
10081
2663
8646
7678
7972
7942
2123
7939
7743
2103
8543
2479
8436
6884
4180
8738
8655
10505
9294
5372
6571
1848
198
9163
1765
9956
3119
236
13258
9969
11509
9270
12673
2648
5818
3594
1774
2332
2920
8772
268
9379
11619
7904
12418
8106
2880
11984
8302
12668
9888
11711
5466
9374
5810
12126
8432
1628
2474
3989
11032
6044
2359
9316
4681
6410
5668
1093
5464
7704
8245
12105
1396
9329
2577
10491
5531
12860
3940
6961
4251
12034
727
1713
1741
8778
12160
5014
5508
11707
12167
267
1434
13145
1781
5150
5592
12175
3289
915
7701
13871
117
3076
15532
8651
7814
4938
1034
11663
2231
5450
8507
7838
11022
12073
5723
1934
5953
6826
2634
4238
4239
7130
3488
2461
6722
4464
6003
12411
10148
8173
9835
8707
9402
1378
1381
1718
1605
5405
9362
1603
15652
5669
1625
5535
5959
1707
5857
10073
6892
12634
322
10194
13447
6649
6069
2482
11790
10914
2213
4712
7490
13061
4635
7255
1451
14391
10989
8410
5568
11603
2435
7160
723
7583
347
5725
10169
12252
11528
9255
6535
1923
1495
1738
10279
2373
1593
11668
12793
7318
8454
8831
9826
4398
3107
4518
2523
6778
346
6514
1450
8434
8692
12072
5551
8200
1114
2134
15326
5771
6033
3133
9073
12533
5171
7291
4566
5995
5996
11671
11933
2471
3602
10757
12013
4730
1982
5956
7944
7584
2656
994
1602
4025
9788
1462
14187
7520
11661
11813
6013
10526
8344
10779
10580
5622
4271
5947
5781
11658
4091
3374
2258
5667
2137
271
4873
1728
9718
2487
6856
7911
2570
4126
7433
4128
2566
2257
3167
13202
6544
4502
2475
5502
5631
4669
5148
3381
4937
2980
3556
3361
9719
7760
1459
3973
185
634
11758
6981
8392
5052
1970
3887
6226
72
877
4615
4725
6491
4968
6327
5610
4939
2680
4170
2092
4511
9970
8429
3754
1666
7142
9793
2815
9443
9870
542
2206
2545
3715
9663
8828
5104
6444
10833
7751
9432
1839
4444
4446
6271
2818
861
860
4665
1387
3000
4062
3082
7968
5312
3111
693
858
13239
1090
1056
9957
7287
6287
9672
5399
6052
12067
6809
13685
12963
4047
12745
7080
11412
7551
4536
14296
7432
14843
4222
7888
9400
553
554
7481
1147
1626
1132
5986
6024
5774
197
5816
19
2754
3635
2035
5929
5467
306
2630
5606
5933
2179
1878
543
5469
3865
4151
3442
4069
772
11292
6058
5983
10153
2067
5196
1912
1520
299
5370
6908
6812
291
14639
972
3096
2059
1959
5613
2425
3449
11681
3818
8510
4539
649
3625
3892
8088
4514
3205
1995
3110
1888
637
9675
7044
5913
6895
2463
7874
4507
2129
2100
863
2675
2966
2866
4711
2120
1773
1523
9722
4848
1663
205
5697
9742
4579
3104
7507
6933
136
8266
4102
135
9291
11842
1401
1458
1168
73
3090
10847
5269
9846
1951
5683
7733
2607
2145
4451
9129
3380
6050
336
160
6470
2372
5357
8896
14900
4879
7148
7870
2900
3051
227
8496
9028
8835
2717
3617
7799
51
54
2173
53
1623
2987
2795
12867
3833
6030
4574
4713
6187
8712
7611
2568
1650
1040
3036
428
14989
2716
3947
3015
4467
7717
888
5092
2306
6021
8842
9
7865
7566
2524
4811
5960
7519
4920
255
2284
1724
1797
1618
1766
2138
125
9963
10021
2404
10143
287
2384
3503
3328
3216
5871
3177
4666
9834
9101
3915
1886
9298
2307
8051
10561
3967
8904
3067
10419
1502
1501
3028
2674
889
3630
1704
5979
15707
1835
8264
301
5787
3478
2153
4941
6368
12733
8776
8588
5240
10058
4501
2028
238
6720
5477
5641
8226
5538
9818
2270
1729
6419
5403
2122
9591
6992
4885
9822
9904
7718
6919
2216
8147
910
7861
9023
278
4100
5099
2382
8269
1535
1072
5480
2735
672
1612
12254
58
11729
11732
5006
5623
4045
8458
938
1088
8331
60
430
67
5708
1095
6324
2870
2535
2916
9311
3050
3679
5035
5036
5690
79
460
131
2851
10841
2805
2938
10117
6689
11043
5663
1002
6739
5754
2125
6947
7997
6141
3499
3874
5650
10078
13054
3611
2720
4466
610
7894
2436
3794
5275
2850
4445
6188
3864
10605
8798
2898
431
7867
7669
589
6945
6034
685
3872
4063
4064
239
593
605
2587
604
3904
7890
5296
415
7086
6262
88
3995
7338
12767
2847
2303
4892
854
4409
4832
3278
4385
2277
2939
39
2105
3912
2888
3570
2043
16112
6373
8639
5281
319
11421
2027
40
4587
3822
8872
8445
10312
10256
10087
10278
2204
8511
2009
9488
3559
10072
9090
8907
673
5290
2849
3705
3998
9804
10035
5258
5903
5227
2076
9778
1847
799
798
1546
4017
445
6005
9664
8495
5493
2986
5747
8838
6078
7419
446
7013
2949
7603
2732
4915
11637
5748
2723
5209
986
10003
3535
941
55
8230
3756
5085
4663
6750
7174
5100
231
140
1051
5938
3344
870
4050
9643
9961
788
8205
5853
3068
10836
3193
10089
33
8284
321
7572
1399
439
6270
6745
6437
4957
5916
7027
7016
4688
2152
282
1552
3854
3178
220
4139
23
5866
1491
10226
9802
10368
10214
808
5361
119
5170
5280
5360
7427
148
9852
1135
925
11488
8563
6762
563
171
14959
1667
9959
6943
9697
9731
9704
1010
6490
1020
1019
873
10386
3631
7534
3660
6950
6259
230
9418
5775
11814
694
1044
9008
111
384
749
130
10543
5371
8955
12288
3988
7156
8554
4716
828
8777
3046
7
9976
9966
544
599
4202
1710
2817
9854
6146
3314
4605
4001
3183
3184
5174
5175
7151
8265
7560
811
3083
11682
2228
3307
9975
2500
7579
5766
8268
6914
5001
1759
3225
3410
10282
3039
3081
3312
1910
1767
353
566
9786
9382
3964
8502
5157
10930
7474
10023
5249
2919
1864
4487
11315
4224
5396
2960
7653
259
10341
5176
5322
6753
789
2876
14161
7103
1702
2803
5687
14655
5105
7004
4928
508
6403
159
6780
874
21
4703
2489
7934
4287
7692
8028
10197
5823
13255
3169
7038
3806
3733
8384
4723
5652
532
2291
305
9130
6690
422
9642
3268
5867
1617
7573
852
11430
5946
4197
615
8670
4853
10915
93
7257
3140
4849
5184
683
6983
4714
8388
5139
1472
480
9702
11587
2673
5470
9808
128
3057
10106
5179
1083
647
1038
1678
4029
9691
10985
462
5465
1091
1120
4142
6386
8671
6966
4112
5306
10443
12290
7234
5380
4620
899
3876
1144
11633
4217
6647
3686
763
14322
3574
3731
4117
4812
7076
3476
1050
102
5642
4990
2787
5034
8917
2744
1787
9135
4471
959
5684
5439
2562
1255
10077
5811
7017
6008
7806
810
7901
11451
9281
5373
279
14154
4124
5374
2335
8823
4115
4114
8415
7162
10101
2005
284
2044
1118
3373
7541
3939
2015
6254
2792
7439
8758
4298
4954
4412
7129
5402
4296
6384
6495
3131
1510
4874
2196
12146
1849
930
7741
9327
922
5207
3391
5455
5456
5769
5557
9328
2684
2764
538
943
9736
944
5428
8255
761
5076
568
6885
7907
6579
12769
5032
9431
121
5352
5789
5930
6994
4021
2264
677
5204
1735
2829
4988
8506
9289
4571
4598
6197
1117
6408
3074
5673
10498
3286
8708
7508
14638
4226
9720
4672
3297
9296
2261
1005
150
3861
2343
3704
77
2198
7580
4265
8508
5282
6025
8650
11596
2830
10968
3392
2985
8701
3161
8229
8644
13505
6134
1054
2889
2715
2102
7075
8857
5978
2759
8191
7458
265
11591
406
4033
1981
6985
3175
964
1853
562
624
2706
10536
6556
459
3002
4402
635
3035
2911
8643
903
674
8019
3335
8968
1921
7254
2574
211
1549
1883
857
8394
2807
2809
7404
4433
3799
3670
3603
5379
2950
1488
5958
2222
3493
1439
4015
405
6573
4373
6928
129
4020
8320
725
5111
724
8393
81
2234
13384
4413
7995
5257
4820
985
8524
2466
8196
5071
952
419
6341
1063
3511
1
15470
4863
3738
577
6153
266
1796
867
823
7263
6788
4410
2573
6952
1076
3418
6890
2146
6785
2989
8084
10738
4710
8042
6061
1649
1134
5777
1850
1049
4380
5490
7094
4089
4088
2399
3843
2316
5537
3644
10700
3742
919
3712
4858
7677
2994
9699
10416
5079
2081
11870
4488
2945
5292
8446
162
12225
4423
6747
8572
818
5195
5059
46
10761
2439
4512
5624
3842
12770
304
10207
4898
1505
1428
1691
2747
10976
1763
1944
3982
2190
2629
3607
8027
5025
3938
5027
3937
6310
2586
9253
7412
7994
1671
2241
1614
9881
216
7691
314
3954
2283
4205
1842
1887
2846
297
3058
453
3907
351
3455
352
6330
1566
2725
8859
12089
5472
3737
298
576
6883
4934
7199
491
4026
1374
228
8544
3825
1635
2049
1973
1868
1769
3069
9034
6568
500
2294
2376
5870
676
2193
4549
3515
12806
11494
9069
11510
1119
2074
620
5058
2169
2660
11156
9361
1159
9706
8816
1047
4119
4118
3890
7755
6351
2149
7915
8770
6715
5161
2040
2025
5286
4678
4933
4310
6223
1084
1085
2828
2827
2837
3137
5861
686
977
4370
8154
8232
4096
4829
7089
6910
7492
4931
7833
3367
4362
2515
3106
4639
5572
8395
856
5279
11816
4531
11262
8741
4550
8526
2293
7555
3550
4110
7538
3020
1008
3748
575
10440
3651
5484
3706
2139
10520
2992
9434
3542
4525
3811
454
4382
127
450
8790
4922
8755
2819
4024
3146
549
6970
9686
7641
7891
9659
5832
1539
954
3944
223
7372
847
6875
4851
2223
226
6006
6389
6640
5182
8305
302
3817
1799
158
4078
2243
5565
6192
86
2651
2285
999
5757
379
704
639
7537
3473
1022
9955
4247
3946
4163
7931
8482
1026
6948
312
3171
1994
4434
5302
9364
3829
4715
10122
9893
1430
4959
1645
2362
1604
9103
1581
4997
1484
1485
2467
1834
5147
7155
5354
3885
3827
5326
3561
7607
303
539
3099
5331
4806
4054
5633
1752
3931
3301
1978
4389
3661
8767
2088
1568
1569
5803
996
75
997
1785
2233
7331
4600
440
1755
5993
8115
7370
7818
6979
1836
6982
830
6074
829
6147
3405
11224
6960
2990
214
2250
937
1392
5620
5264
283
8998
9106
258
9377
4196
6501
871
426
5355
1512
4134
1511
2347
3592
5943
3740
9647
1454
1032
3695
3217
3870
5768
2628
2167
3848
14355
9754
8821
3897
3541
7003
8661
4425
4093
4248
1011
1642
1627
2116
3889
1616
3922
4468
1555
4517
3689
4756
2267
3093
6831
9481
7273
6300
9406
594
3147
3461
6997
3821
8144
7617
548
432
3952
15382
682
7640
256
147
3908
802
4213
10519
934
1245
10070
8685
463
8030
8433
8468
2580
7686
10550
16715
12199
219
4952
10384
8001
3669
276
5427
4038
7047
7002
1578
2286
9797
4804
5478
601
8642
6839
1325
5692
8519
13226
3992
5208
6291
1481
2355
4204
5542
6860
6687
478
7869
816
3489
7526
1400
10050
8721
7916
1862
6269
1806
5743
1805
1461
6691
1705
7917
2256
2865
167
844
3331
4777
598
4889
4171
3389
388
11830
6620
9283
10099
2794
5363
8290
9851
9314
6017
859
5440
4821
1570
8119
486
12304
644
9449
339
4347
3011
4007
8132
2416
9938
4480
3554
2974
8438
6452
2667
3764
2496
942
2543
6028
5801
12044
12508
3179
12585
1500
3955
188
184
8873
3540
784
882
7636
3990
6968
8783
2840
6138
134
3281
3881
3862
465
5822
537
3978
377
16
1081
1429
3500
5159
561
8569
836
729
10944
13050
1156
7378
6986
5404
10719
4067
2991
252
4071
9484
4670
12043
2953
5367
8424
6014
9278
557
1499
8466
6123
181
5814
6462
2691
701
5119
845
2595
3189
200
832
4645
5267
619
330
4198
3490
5578
3038
10154
233
234
3678
3963
2679
4774
5138
4153
1139
8878
939
8467
6020
4930
3639
733
3450
7099
7830
1996
7295
8187
4983
1080
4722
7468
3930
7208
4246
8521
4599
4014
337
6129
6529
3789
247
7408
4542
3980
192
5553
22
2010
732
1597
4258
760
3637
8321
369
4590
10244
4701
7037
9451
6167
13588
714
7605
4160
1939
224
1563
1622
546
2110
754
434
433
1377
24
3693
5882
2843
9044
6093
745
10301
4249
10145
8924
3538
10129
10374
709
2254
10369
1110
6696
5186
5324
1751
6519
12383
9889
2711
407
1425
806
196
10108
795
5086
8815
2740
4747
4748
4660
853
6298
5149
470
10377
467
7676
573
1720
343
3108
5266
648
4877
9678
3514
273
1870
10883
2927
10886
4199
9284
584
3336
8979
6071
7542
3356
8412
7633
2178
9333
5202
7622
2172
3355
7237
9771
7351
5714
5
333
7102
3760
6022
3936
1572
2492
35
515
8138
516
10501
2427
6866
7045
7875
1788
4595
6536
8139
1094
1097
1096
313
2563
3372
4729
1536
5516
2497
3863
5533
9967
3790
1398
519
7908
564
9301
9286
3362
8426
740
8163
14273
4940
7700
6533
9651
8558
885
4294
1823
6674
4565
11944
342
3921
4813
692
2904
8632
636
10020
6939
9726
5491
7401
6834
1675
7173
3707
1930
1831
5855
493
7655
1607
7809
7970
3021
6698
8420
4257
2490
2856
4129
4872
2412
2605
15373
2367
11056
15211
13535
7746
1936
5720
6154
5124
5992
1957
6728
8398
7399
2042
12980
1420
6580
138
10876
1390
7897
2936
5485
2358
6308
3290
10849
3470
4469
1463
4798
5251
8452
571
2853
804
8923
5044
350
1075
170
1138
1734
7347
7074
4018
10565
5205
5206
6837
4528
5083
4573
2476
3080
4893
711
710
3913
9770
8271
7695
1023
6179
540
2188
4746
4405
394
10385
2891
7969
8523
2111
833
4867
3599
5055
6037
11203
11710
7105
2380
2705
1717
1615
11708
6222
14739
11381
7421
1208
1884
9994
9910
14272
14194
10137
9102
5311
5310
262
3918
20
8843
9272
10472
2199
2931
545
7988
6869
7766
7256
1790
5717
5232
2266
32
5239
249
2207
8727
4143
4144
3819
4140
2571
9784
3926
4035
3123
8752
5608
14195
10171
14392
2615
8847
4584
2869
3437
2713
875
1375
742
1373
9879
6590
323
5253
6
1672
3641
7133
4214
866
3155
11780
1748
2778
6607
16204
2400
892
891
4066
7954
15
3042
4009
8366
5918
3484
7936
1871
2073
4003
10280
6371
11574
801
7631
984
6265
11349
3959
8124
5828
2302
3360
10373
1915
5511
3903
819
6309
6940
10545
1899
6421
5573
2504
245
6355
8818
8922
11639
3927
137
10228
905
1464
10057
5023
12430
3596
2806
2965
2957
10502
6048
758
11516
1760
7279
5189
3143
3164
3343
8390
2442
10132
464
2810
12216
11066
4250
7393
7927
11631
7400
11449
7756
68
476
9968
12293
4778
253
6510
6108
831
6312
1698
3624
4034
9690
3249
6381
11447
8672
1674
400
8920
1558
272
9303
1803
6900
524
5751
15354
3483
466
10549
7816
7817
4515
2184
11695
2708
1811
9824
9460
3440
1716
6062
6676
869
7815
1003
850
9326
4036
13267
149
6582
3072
3681
527
5577
3325
2037
5004
172
2459
1065
11940
2948
5091
15327
13377
2637
10979
8500
968
5172
8374
4048
7020
3246
851
1174
827
10123
12012
1149
1150
747
3699
4979
4674
244
9944
6736
5263
4677
11809
8652
8662
8584
6813
4545
4448
3586
7177
7654
5084
6821
4270
372
5010
3571
286
743
879
5908
2776
1687
2798
782
2197
292
4609
3801
4456
7324
8697
4421
6596
6084
2975
12319
1914
5528
9661
1750
5824
472
6632
9385
1832
8401
1104
1157
6959
2610
5049
11184
7221
6511
6575
2946
2872
2269
1917
8353
7365
1988
1475
8573
7521
269
45
3739
10499
3266
2322
695
4980
9015
5198
4357
1522
1740
4013
5381
3323
3795
640
498
2728
8846
4306
12369
7345
7293
3884
2797
6497
1055
5024
2785
5681
900
3274
7390
3085
3942
933
15116
4353
8781
9088
9132
9133
8866
9134
8854
9086
5160
10809
10677
8687
4735
9841
3628
3012
9949
8877
2147
363
7371
7887
3101
4860
1160
7118
6233
4215
9378
9367
3390
9312
988
3033
5997
5618
3458
4693
3400
8133
6183
8209
4613
2982
3127
1956
1368
11002
530
5566
2157
4652
5261
5248
6734
5609
1721
1537
243
8992
895
8091
3073
6693
356
5961
11605
324
5223
307
4255
1057
6822
423
8077
3684
9703
3997
962
317
4522
504
6680
6899
5020
1141
2237
8486
6606
6802
8167
8503
815
1965
2484
10742
3031
526
4816
1006
2084
5581
5495
11208
4426
132
1573
14762
10125
7362
8199
7527
3370
10358
6367
3181
6104
5297
6198
971
1641
3711
904
2119
4978
358
4092
970
969
6902
2429
2151
1087
4759
1064
680
2741
1830
1903
4846
5113
1468
1708
2407
6311
3419
1528
1562
3680
6645
10019
5539
5952
5879
5368
8224
8501
2820
357
7849
6759
4661
2375
5260
4127
4477
8574
8396
3239
8528
3153
855
2657
5887
8637
982
981
1167
3667
2498
4505
7425
4689
6634
2821
10504
1895
1756
560
696
522
9775
9781
2862
447
653
890
642
3272
5890
9995
5101
10546
3320
80
817
9469
2163
14911
14912
13637
13481
9444
11063
5702
1033
3306
9415
9440
7581
6612
4083
4369
10142
7193
1529
6719
6303
7477
4524
4788
2811
4470
3878
3975
4857
5350
1103
5069
10703
10152
4081
10432
4734
2218
3105
2549
7012
5156
8450
2877
4492
1082
8399
990
9461
3868
6712
4987
1855
368
2878
510
1621
11501
4400
5090
708
4720
318
509
13193
4787
9279
9273
2698
443
4802
2154
7871
767
6278
8485
805
4530
9293
5693
14290
2166
411
365
2274
4437
2693
3797
4288
7204
7414
6770
2718
5598
2278
6370
734
3815
2791
2812
5117
4219
766
2330
2308
8397
3071
3883
793
5394
617
886
10130
7652
2446
8101
3924
12577
10126
5120
10707
3772
5301
1927
6390
6666
87
6624
3287
3606
2871
8031
6095
4781
8402
106
755
7921
8837
3909
8722
864
1869
628
6485
289
3943
4618
7081
3195
3830
5289
3293
8684
7982
1415
5141
1583
5142
10439
4478
4843
414
6474
3974
4
691
11593
3165
4082
2126
8194
156
8990
690
6903
4575
655
3766
10260
232
3882
6221
4842
612
3525
1571
4601
7043
9098
913
914
746
2909
7923
7588
7902
3972
6144
3517
898
4636
5900
1427
4776
6439
3224
3275
1693
6692
7230
4016
4049
2325
2890
6626
3433
4277
872
2932
957
6972
3156
993
6214
699
3969
4596
10477
7246
373
1125
9399
9334
6746
7154
2191
5858
6090
4743
550
6172
3577
15223
5548
187
974
3230
108
4368
5937
10225
7383
5451
5424
27
2839
6650
10158
4123
5038
9758
791
6042
1966
3840
5191
4662
4763
7979
4348
1737
1397
154
2583
10840
8683
6121
9131
12451
4023
670
7976
8534
7974
213
2016
501
103
10066
3452
2874
1089
9676
14846
2642
4450
4367
5448
13823
4132
7819
4769
3154
6755
3434
9004
1606
3581
6446
5730
2998
631
9057
1637
603
2912
9457
26
3160
3092
10913
1073
3142
3823
0
9667
3070
4558
671
5237
14086
6586
3451
374
14820
4876
438
1800
263
989
580
2418
6828
4744
2253
10777
7629
2181
371
5876
7591
10086
3190
3414
7928
736
4683
4056
2449
71
8047
412
11632
2401
4486
6012
2694
8629
1466
6046
257
2554
8970
8848
116
2804
12716
4588
11279
7824
8788
11553
6530
7088
2930
4862
1580
5838
9322
4961
3065
794
1977
3730
1456
7900
5510
6053
2854
6615
771
6850
3438
547
8739
1938
8780
702
2148
6116
164
8355
7096
6496
6911
6973
3866
2733
951
2833
13025
5436
6449
6516
8342
750
4057
11563
12499
5305
786
17163
6202
3513
2955
1046
10470
6143
6889
5999
3079
8863
2408
3134
389
5254
5607
6864
1012
6996
408
4103
7231
2712
6087
3807
6789
6385
3832
7312
8358
4646
588
6009
4084
2914
50
1715
1155
4809
8257
2094
2848
11578
2695
9267
4121
5118
907
6705
4075
1389
4935
6319
3800
3248
4786
893
8517
3463
4991
6344
883
4006
991
4438
9300
3985
3685
1404
2643
8343
8347
2917
113
11589
8164
6760
8421
842
2189
163
3163
1469
6528
787
2305
3185
3710
783
7175
10109
3977
3516
2834
5494
325
6433
3860
4292
6215
1695
6756
2614
5990
4070
6211
8375
6971
6469
8725
114
1025
940
967
4627
15280
8956
91
6635
5611
1954
355
684
6241
6549
6251
558
364
1158
4884
6932
7339
90
3115
66
2337
862
5273
3468
1477
901
3623
6280
570
3613
713
9668
10206
89
3030
7722
2984
6537
203
654
4122
5077
4281
7172
6388
8559
8933
4754
2364
9349
6234
8267
1514
8627
675
12458
1608
785
7217
8078
6838
1446
4131
1975
2018
456
6186
13271
735
529
2636
1772
4349
608
99
4125
616
98
1688
425
31
10048
8987
8980
109
487
1115
4649
6068
28
4647
107
3201
5599
5998
6427
2696
3640
5921
3208
3834
5095
10257
4354
8086
14644
202
1600
10127
10264
382
2087
3385
380
4051
748
4138
471
6766
2922
12
4825
2240
10839
4384
4137
6995
4044
6445
3257
4498
2886
4187
840
1979
3792
7100
4869
6681
2235
880
2901
3386
2008
3612
1102
1736
5096
3914
5229
9812
8488
8666
10329
6199
6313
6527
1559
4207
261
638
8746
7058
535
1145
4037
2057
737
660
661
6235
11798
8516
3653
3645
13240
16218
3805
3970
326
6065
3984
2769
69
444
3875
390
5369
8568
3114
551
208
6459
7333
5862
490
2437
5283
381
2002
5255
507
3113
878
10189
3421
523
70
3029
6051
2472
2012
10362
2895
12910
1682
613
5408
4220
1817
4706
8419
2029
3025
4302
4736
1421
4028
16714
3752
97
3441
1844
5400
3757
960
5813
10907
4925
3700
980
14669
1768
920
7797
190
3551
567
4817
6480
6483
3958
651
803
5013
3122
9962
9741
3453
3803
3378
5136
6315
8658
398
3152
5210
722
2899
63
260
61
1016
65
62
849
7798
14611
6100
8562
9425
2943
1407
730
1086
64
5750
4854
201
4880
2082
2186
6455
908
3828
3896
9993
5349
5097
6898
7840
2756
2426
7135
590
5579
4165
3697
1527
115
1659
719
3288
3643
4178
3416
720
8531
1786
3549
3746
48
3610
681
777
2887
9306
4424
2572
8951
5094
3588
4350
721
918
2768
4455
4276
1985
921
4936
78
4764
11
9063
956
574
10017
2077
7354
2645
7951
2445
2275
3236
3524
5657
3573
5856
2671
8750
4156
242
3702
1542
3804
4500
9100
2132
2879
4982
9779
5102
4256
1370
2763
3445
2465
4155
6920
218
241
2783
7367
4076
12866
9865
8499
2457
13017
4443
8971
429
3761
775
483
5558
3824
6829
2774
3837
3986
5230
8565
2203
2048
222
3709
1955
375
3905
448
212
3835
3816
340
3971
5764
4482
2736
3836
376
3244
4290
602
254
14880
488
4229
4055
139
1473
240
5294
59
4159
3871
3820
2624
4152
4141
5121
1943
4145
4146
3431
264
8509
2710
3412
3600
4845
2653
10
15338
1021
3893
441
2897
2593
1410
457
897
5242
207
4962
774
7585
6152
3743
2641
3009
112
511
1270
1412
643
8487
4855
327
1655
5365
3231
11604
2825
4107
4541
6764
4060
8824
659
992
621
606
8244
4360
2075
7687
4608
559
8166
4195
5534
6874
3377
3004
11425
5015
4700
6362
6286
1154
7112
2832
1874
3121
4564
8
3466
6159
4461
4440
6209
4629
1161
3198
362
665
383
689
4031
7326
5658
11399
2248
8675
3642
12494
931
7932
7933
6539
6540
6638
7431
4921
2790
911
4521
4533
3932
582
229
2855
2727
8667
2884
591
7114
5200
2814
3094
2701
4459
206
1009
12454
6473
4826
6905
74
4303
773
809
7749
4868
679
6227
4227
8238
4136
1881
359
1875
765
3877
5284
2875
5017
7513
2906
6350
4673
7179
779
4687
348
3557
1042
6091
146
2885
300
4489
210
209
2536
10445
4297
410
2432
6833
6364
217
5654
7568
1058
6027
4709
120
9318
8428
4420
2801
8464
5303
11476
8737
16131
2873
9268
8169
2709
2838
3597
841
820
9274
834
8407
4642
2091
2050
315
11000
4095
84
6593
2772
825
826
503
502
2340
9709
308
2755
3447
3976
4951
657
296
9359
3277
8188
1043
7406
4691
2670
6598
5128
4844
2486
5718
3928
697
6185
4526
626
7635
7748
1683
6574
7800
876
3763
2357
2211
5234
4245
385
475
4273
2456
752
7589
3858
4499
2796
6299
7593
6098
5181
6679
8151
1998
1780
3755
6318
2896
4191
7095
5233
1098
3605
5221
2746
12498
11598
8080
932
8659
3598
3941
2826
6836
6723
5162
4611
4460
6289
11247
13558
8787
5197
56
4597
8608
4280
8720
6352
17977
7696
7812
4970
4659
2501
6326
5895
7683
3773
9774
4111
7298
607
7451
1841
4866
8430
2209
295
7394
668
10539
7596
4624
2369
3263
8729
1078
8653
1711
3491
4106
11372
2370
8579
7186
409
416
9972
4430
4750
8825
8368
917
4555
10962
1060
8073
13
3003
9483
5351
10573
9052
6441
9657
955
4782
6103
6795
2844
9375
14642
3062
8449
11363
4569
7010
9951
7106
5899
10877
5635
5007
8339
6177
5152
4534
536
555
8256
11579
12256
6773
3956
595
4726
1129
4330
8348
2083
12161
15364
436
1164
2659
12797
6170
6870
2800
4393
7947
5733
12399
6873
8413
6817
5422
3692
6541
473
6769
3983
2386
7051
15275
1809
797
8237
15094
13348
9006
10177
3338
1105
7301
6646
1017
5219
15814
12988
4924
4761
7243
12370
2842
7567
5016
10538
2770
11364
1112
174
7299
4371
14991
9397
6106
12723
8049
5064
8315
5989
15767
5784
17612
17571
8225
678
43
4696
6563
15699
16700
4559
4904
2113
6744
145
484
7079
15413
7348
6383
17831
2836
7504
15948
1152
9739
6929
6954
5545
15129
4376
15356
1062
6807
7810
3880
6314
15500
6393
7443
7699
7986
4416
4509
10269
2024
706
6708
7192
2509
4261
11975
3753
3765
57
950
41
7796
1967
8773
1783
3906
12628
3211
973
6711
309
2973
4260
4259
2262
12999
