1.00000000
0.99777283
0.99554566
0.99331849
0.99109131
0.98886414
0.98663697
0.98440980
0.98218263
0.97995546
0.97772829
0.97550111
0.97327394
0.97104677
0.96881960
0.96659243
0.96436526
0.95991091
0.95768374
0.95545657
0.95322940
0.94877506
0.94654788
0.94432071
0.94209354
0.93986637
0.93763920
0.93541203
0.93318486
0.93095768
0.92873051
0.92650334
0.92427617
0.92204900
0.91982183
0.91759465
0.91536748
0.91314031
0.91091314
0.90868597
0.90645880
0.90423163
0.90200445
0.89977728
0.89755011
0.89532294
0.89309577
0.89086860
0.88864143
0.88641425
0.88418708
0.88195991
0.87973274
0.87750557
0.87527840
0.87305122
0.87082405
0.86859688
0.86636971
0.86414254
0.86191537
0.85968820
0.85746102
0.85523385
0.85077951
0.84855234
0.84632517
0.84409800
0.84187082
0.83964365
0.83741648
0.83518931
0.83296214
0.83073497
0.82850780
0.82628062
0.82405345
0.82182628
0.81959911
0.81737194
0.81514477
0.81291759
0.81069042
0.80623608
0.80400891
0.80178174
0.79955457
0.79732739
0.79510022
0.79287305
0.79064588
0.78841871
0.78173719
0.77951002
0.77728285
0.77505568
0.77282851
0.77060134
0.76837416
0.76614699
0.76391982
0.76169265
0.75946548
0.75723831
0.75501114
0.75278396
0.75055679
0.74832962
0.74610245
0.74387528
0.74164811
0.73942094
0.73719376
0.73496659
0.73273942
0.73051225
0.72828508
0.72605791
0.72383073
0.72160356
0.71937639
0.71714922
0.71269488
0.71046771
0.70824053
0.70601336
0.70378619
0.70155902
0.69933185
0.69710468
0.69487751
0.69265033
0.69042316
0.68819599
0.68596882
0.68374165
0.68151448
0.67928731
0.67706013
0.67483296
0.67260579
0.67037862
0.66815145
0.66592428
0.66369710
0.65924276
0.65701559
0.65478842
0.65256125
0.65033408
0.64587973
0.64365256
0.64142539
0.63919822
0.63697105
0.63474388
0.63251670
0.63028953
0.62806236
0.61915367
0.61692650
0.61469933
0.61247216
0.61024499
0.60801782
0.60579065
0.60356347
0.60133630
0.59910913
0.59688196
0.59465479
0.59242762
0.59020045
0.58797327
0.58574610
0.58351893
0.58129176
0.57906459
0.57461024
0.57238307
0.56792873
0.56570156
0.56347439
0.56124722
0.55902004
0.55679287
0.55456570
0.55233853
0.55011136
0.54788419
0.54565702
0.53674833
0.53452116
0.53229399
0.53006682
0.52783964
0.52561247
0.52338530
0.52115813
0.51893096
0.51447661
0.51224944
0.51002227
0.50779510
0.50556793
0.50334076
0.50111359
0.49888641
0.49665924
0.49443207
0.49220490
0.48997773
0.48775056
0.48552339
0.48329621
0.48106904
0.47884187
0.47661470
0.47438753
0.47216036
0.46993318
0.46102450
0.45879733
0.45657016
0.45434298
0.45211581
0.44988864
0.44766147
0.44543430
0.44320713
0.44097996
0.43875278
0.43652561
0.43429844
0.42984410
0.42761693
0.42316258
0.42093541
0.41870824
0.41202673
0.40979955
0.40757238
0.40534521
0.40311804
0.38975501
0.38752784
0.38530067
0.38307350
0.38084633
0.37861915
0.37639198
0.37416481
0.37193764
0.36302895
0.36080178
0.35857461
0.35634744
0.35412027
0.35189310
0.34966592
0.34743875
0.34521158
0.34298441
0.34075724
0.33853007
0.33630290
0.33407572
0.33184855
0.32962138
0.32739421
0.32516704
0.32293987
0.32071269
0.31848552
0.31625835
0.31403118
0.31180401
0.30957684
0.30734967
0.30512249
0.29844098
0.29621381
0.29398664
0.28507795
0.23385301
0.23162584
0.22939866
0.22939866
0.22717149
0.22494432
0.22271715
0.22048998
0.21826281
0.21380846
0.21158129
0.20935412
0.20712695
0.20489978
0.20267261
0.20044543
0.19821826
0.19599109
0.19153675
0.18930958
0.18708241
0.18485523
0.18262806
0.18040089
0.17817372
0.17371938
0.17149220
0.16481069
0.15367483
0.15144766
0.14922049
0.14699332
0.14253898
0.14031180
0.13808463
0.13808463
0.13808463
0.13585746
0.13363029
0.13140312
0.12917595
0.12917595
0.11135857
0.10913140
0.10913140
0.08685969
0.08463252
0.07572383
0.07349666
0.07349666
0.07349666
0.07349666
0.07349666
0.07349666
0.07349666
0.05567929
0.04231626
0.04231626
0.04231626
0.04231626
0.04231626
0.04231626
0.04231626
0.04231626
0.04008909
0.03786192
0.03563474
0.03340757
0.02895323
0.02672606
0.01336303
0.01336303
0.01336303
0.01336303
0.01336303
0.01336303
0.01336303
0.01336303
0.01336303
0.01113586
0.01113586
0.01113586
0.01113586
0.01113586
0.01113586
0.01113586
0.01113586
0.01113586
0.01113586
0.01113586
0.00890869
0.00668151
0.00668151
0.00668151
0.00668151
0.00668151
0.00668151
0.00668151
0.00668151
0.00668151
0.00668151
0.00668151
0.00668151
0.00668151
0.00668151
0.00668151
0.00668151
0.00668151
0.00668151
0.00668151
0.00668151
0.00668151
0.00668151
0.00668151
0.00668151
0.00445434
0.00222717
0.00222717
0.00222717
0.00222717
0.00222717
0.00222717
0.00222717
0.00222717
0.00222717
0.00222717
0.00222717
0.00222717
0.00222717
0.00222717
0.00222717
0.00222717
0.00222717
0.00222717
0.00222717
0.00222717
0.00222717
0.00222717
0.00222717
0.00222717
0.00222717
0.00222717
0.00222717
0.00222717
0.00222717
0.00222717
0.00222717
0.00222717
0.00222717
0.00222717
0.00222717
0.00222717
0.00222717
0.00222717
0.00222717
0.00222717
0.00222717
0.00222717
0.00222717
0.00222717
0.00222717
0.00222717
0.00222717
0.00222717
0.00222717
0.00222717
0.00222717
0.00222717
0.00222717
0.00222717
0.00222717
0.00222717
0.00222717
0.00222717
0.00222717
0.00222717
0.00222717
0.00222717
0.00222717
0.00222717
0.00222717
0.00222717
0.00222717
0.00222717
0.00222717
0.00222717
0.00222717
0.00222717
0.00222717
0.00222717
0.00222717
0.00222717
0.00222717
0.00222717
0.00222717
0.00222717
0.00222717
0.00222717
0.00222717
0.00222717
0.00222717
0.00222717
0.00222717
0.00222717
0.00222717
0.00222717
0.00222717
0.00222717
0.00222717
0.00222717
0.00222717
0.00222717
0.00222717
0.00222717
0.00222717
0.00222717
0.00222717
0.00222717
0.00222717
0.00222717
0.00222717
0.00222717
0.00222717
0.00222717
0.00222717
0.00222717
0.00222717
0.00222717
0.00222717
0.00222717
0.00222717
0.00222717
0.00222717
0.00222717
0.00222717
0.00222717
0.00222717
0.00222717
0.00222717
0.00222717
0.00222717
0.00222717
0.00222717
0.00222717
0.00222717
0.00222717
0.00222717
0.00222717
0.00222717
0.00222717
0.00222717
0.00222717
0.00222717
0.00222717
0.00222717
0.00222717
0.00222717
0.00222717
0.00222717
0.00222717
0.00222717
0.00222717
0.00222717
0.00222717
0.00222717
0.00222717
0.00222717
0.00222717
0.00222717
0.00222717
0.00222717
0.00222717
0.00222717
