1.00000000
0.99481865
0.98963731
0.98445596
0.97927461
0.97409326
0.96891192
0.96373057
0.95854922
0.95336788
0.94818653
0.94300518
0.93782383
0.93264249
0.92746114
0.92227979
0.91709845
0.91191710
0.90673575
0.90155440
0.89637306
0.89119171
0.88601036
0.88082902
0.87564767
0.87046632
0.86528497
0.86010363
0.85492228
0.84974093
0.84455959
0.83937824
0.83419689
0.82901554
0.82383420
0.81865285
0.80829016
0.80310881
0.79792746
0.79274611
0.78756477
0.78238342
0.77720207
0.77202073
0.76683938
0.76165803
0.75647668
0.75129534
0.74611399
0.74093264
0.73575130
0.73056995
0.72538860
0.72020725
0.71502591
0.70984456
0.70466321
0.69948187
0.69430052
0.68911917
0.68393782
0.67875648
0.67357513
0.66839378
0.66321244
0.65803109
0.65284974
0.64766839
0.64248705
0.63730570
0.63212435
0.62694301
0.62176166
0.61658031
0.61139896
0.60621762
0.60103627
0.59585492
0.59067358
0.58549223
0.58031088
0.57512953
0.56994819
0.56476684
0.55958549
0.55440415
0.54922280
0.54404145
0.53886010
0.53367876
0.52849741
0.52331606
0.51813472
0.51295337
0.50777202
0.50259067
0.49740933
0.49222798
0.48704663
0.48186528
0.47668394
0.47150259
0.46632124
0.46113990
0.45595855
0.45077720
0.44559585
0.44041451
0.43523316
0.43005181
0.42487047
0.41968912
0.41450777
0.40932642
0.40414508
0.39896373
0.39378238
0.38860104
0.38341969
0.37823834
0.37305699
0.36787565
0.36269430
0.35751295
0.35233161
0.34715026
0.34196891
0.33678756
0.33160622
0.32642487
0.32124352
0.31606218
0.31088083
0.30569948
0.30051813
0.29533679
0.29015544
0.28497409
0.27979275
0.27461140
0.26943005
0.26424870
0.25906736
0.25388601
0.24870466
0.24352332
0.23834197
0.23316062
0.22797927
0.22279793
0.21761658
0.21243523
0.20725389
0.20207254
0.19689119
0.19170984
0.18652850
0.18134715
0.17616580
0.17098446
0.16580311
0.16062176
0.15544041
0.15025907
0.14507772
0.13989637
0.13471503
0.12953368
0.12435233
0.11917098
0.11398964
0.10880829
0.10362694
0.09844560
0.09326425
0.08808290
0.08290155
0.07772021
0.07253886
0.06735751
0.06217617
0.05699482
0.05181347
0.04663212
0.04145078
0.03626943
0.03108808
0.02590674
0.02072539
0.01554404
0.01036269
0.00518135
0.00518135
0.00518135
0.00518135
0.00518135
0.00518135
0.00518135
0.00518135
0.00518135
0.00518135
0.00518135
0.00518135
0.00518135
0.00518135
0.00518135
0.00518135
0.00518135
0.00518135
0.00518135
0.00518135
0.00518135
0.00518135
0.00518135
