1.00000000
0.99890830
0.99781659
0.99672489
0.99563319
0.99454148
0.99344978
0.99235808
0.99126638
0.99017467
0.98908297
0.98799127
0.98689956
0.98580786
0.98471616
0.98362445
0.98144105
0.98034934
0.97925764
0.97816594
0.97707424
0.97598253
0.97489083
0.97379913
0.97270742
0.97161572
0.97052402
0.96943231
0.96834061
0.96724891
0.96615721
0.96506550
0.96397380
0.96288210
0.96179039
0.96069869
0.95960699
0.95851528
0.95742358
0.95633188
0.95524017
0.95305677
0.95196507
0.95087336
0.94978166
0.94868996
0.94759825
0.94650655
0.94541485
0.94432314
0.94323144
0.94213974
0.94104803
0.93995633
0.93886463
0.93777293
0.93668122
0.93558952
0.93449782
0.93340611
0.93231441
0.93122271
0.93013100
0.92903930
0.92794760
0.92685590
0.92576419
0.92467249
0.92358079
0.92248908
0.92139738
0.92030568
0.91921397
0.91812227
0.91703057
0.91593886
0.91484716
0.91375546
0.91266376
0.91157205
0.91048035
0.90938865
0.90829694
0.90720524
0.90611354
0.90502183
0.90393013
0.90283843
0.90174672
0.90065502
0.89956332
0.89847162
0.89737991
0.89628821
0.89519651
0.89410480
0.89301310
0.89192140
0.89082969
0.88973799
0.88864629
0.88755459
0.88646288
0.88537118
0.88427948
0.88318777
0.88209607
0.88100437
0.87991266
0.87882096
0.87772926
0.87663755
0.87554585
0.87445415
0.87336245
0.87227074
0.87117904
0.87008734
0.86899563
0.86790393
0.86681223
0.86572052
0.86462882
0.86462882
0.86353712
0.86244541
0.86135371
0.86026201
0.85917031
0.85807860
0.85698690
0.85589520
0.85480349
0.85371179
0.85262009
0.85152838
0.85043668
0.84934498
0.84825328
0.84716157
0.84606987
0.84497817
0.84388646
0.84279476
0.84170306
0.84061135
0.83951965
0.83842795
0.83733624
0.83624454
0.83515284
0.83406114
0.83296943
0.83187773
0.83078603
0.82969432
0.82860262
0.82751092
0.82641921
0.82532751
0.82423581
0.82314410
0.82205240
0.82096070
0.81986900
0.81877729
0.81768559
0.81659389
0.81550218
0.81441048
0.81331878
0.81222707
0.81113537
0.81004367
0.80895197
0.80786026
0.80676856
0.80567686
0.78056769
0.77947598
0.77838428
0.77729258
0.77620087
0.77510917
0.77401747
0.77292576
0.77183406
0.77074236
0.76965066
0.76855895
0.76746725
0.76637555
0.76528384
0.76419214
0.76310044
0.76200873
0.76091703
0.75982533
0.75873362
0.75764192
0.75655022
0.75545852
0.75436681
0.75327511
0.75218341
0.75109170
0.75000000
0.74890830
0.74781659
0.74672489
0.74563319
0.74454148
0.74344978
0.74235808
0.74126638
0.74017467
0.73908297
0.73799127
0.73689956
0.73471616
0.73362445
0.73253275
0.73144105
0.73034934
0.72925764
0.72816594
0.72707424
0.72598253
0.72489083
0.72379913
0.72270742
0.72161572
0.72052402
0.71943231
0.71834061
0.71724891
0.71615721
0.70633188
0.70524017
0.70414847
0.70414847
0.70305677
0.70196507
0.70087336
0.69978166
0.69868996
0.69759825
0.69650655
0.69541485
0.69432314
0.69323144
0.69213974
0.69104803
0.68995633
0.68886463
0.68777293
0.68668122
0.68558952
0.68449782
0.68340611
0.68122271
0.68013100
0.67903930
0.67794760
0.67685590
0.67576419
0.67467249
0.67358079
0.67248908
0.67139738
0.67030568
0.66921397
0.66812227
0.66703057
0.66593886
0.66484716
0.66375546
0.66157205
0.66048035
0.65938865
0.65829694
0.65720524
0.65611354
0.65502183
0.65393013
0.64628821
0.63209607
0.63100437
0.62991266
0.62882096
0.62772926
0.62663755
0.62554585
0.62445415
0.62336245
0.62227074
0.62117904
0.62008734
0.61899563
0.61899563
0.61790393
0.61681223
0.61572052
0.61462882
0.61353712
0.61244541
0.61135371
0.61026201
0.60917031
0.60698690
0.60589520
0.60480349
0.60371179
0.60262009
0.60152838
0.60043668
0.59934498
0.59825328
0.59716157
0.59497817
0.59388646
0.59279476
0.59170306
0.58951965
0.58842795
0.58733624
0.58624454
0.58515284
0.58406114
0.58296943
0.58187773
0.58078603
0.57969432
0.57860262
0.57751092
0.57641921
0.57532751
0.57423581
0.57314410
0.57205240
0.57096070
0.56986900
0.56877729
0.56768559
0.56659389
0.56550218
0.56441048
0.56331878
0.56222707
0.56113537
0.56004367
0.55895197
0.55786026
0.54912664
0.54803493
0.53384279
0.53275109
0.53165939
0.53056769
0.52947598
0.52838428
0.52729258
0.52620087
0.52510917
0.52401747
0.52292576
0.52183406
0.52074236
0.51965066
0.51855895
0.51746725
0.51637555
0.51528384
0.51419214
0.51310044
0.51200873
0.51091703
0.50982533
0.49235808
0.49235808
0.49126638
0.49017467
0.48799127
0.48689956
0.48689956
0.48689956
0.48689956
0.48580786
0.48471616
0.48362445
0.48253275
0.48144105
0.48034934
0.47925764
0.47816594
0.47707424
0.47598253
0.47489083
0.47379913
0.47270742
0.47161572
0.47052402
0.46943231
0.46834061
0.46724891
0.46615721
0.46506550
0.46397380
0.46288210
0.46179039
0.46069869
0.45960699
0.45851528
0.45742358
0.45633188
0.45524017
0.45414847
0.45305677
0.45196507
0.45087336
0.44978166
0.44868996
0.44759825
0.44650655
0.44541485
0.44541485
0.44432314
0.44323144
0.44213974
0.44213974
0.44104803
0.43668122
0.43668122
0.43668122
0.43558952
0.43449782
0.43340611
0.43231441
0.43122271
0.43013100
0.42903930
0.42794760
0.42685590
0.42576419
0.42467249
0.42358079
0.42248908
0.42139738
0.42030568
0.41921397
0.41812227
0.41703057
0.41593886
0.41484716
0.41375546
0.41266376
0.41157205
0.40938865
0.40829694
0.40720524
0.40611354
0.40611354
0.40502183
0.40283843
0.40174672
0.40065502
0.39956332
0.39847162
0.39737991
0.39301310
0.39301310
0.39192140
0.39082969
0.38864629
0.38755459
0.38646288
0.38427948
0.38427948
0.38318777
0.38209607
0.38100437
0.37882096
0.37663755
0.37554585
0.37008734
0.36899563
0.36790393
0.36681223
0.36462882
0.36353712
0.36244541
0.36135371
0.36026201
0.35917031
0.35807860
0.35698690
0.35589520
0.35480349
0.35371179
0.35152838
0.35043668
0.35043668
0.34934498
0.34825328
0.34716157
0.34716157
0.34606987
0.34497817
0.34388646
0.32532751
0.32532751
0.32532751
0.32532751
0.32423581
0.32314410
0.32096070
0.31986900
0.31877729
0.31768559
0.31550218
0.31441048
0.30895197
0.30786026
0.30676856
0.30567686
0.30458515
0.30349345
0.30240175
0.30131004
0.30021834
0.29912664
0.29803493
0.29694323
0.29585153
0.29475983
0.29366812
0.29257642
0.29148472
0.29039301
0.28930131
0.28820961
0.28493450
0.28384279
0.28275109
0.28165939
0.28056769
0.27947598
0.27838428
0.27729258
0.27620087
0.27510917
0.21179039
0.18558952
0.18122271
0.16921397
0.16812227
0.16812227
0.16812227
0.16812227
0.11790393
0.11790393
0.11790393
0.11790393
0.11790393
0.11790393
0.11790393
0.11790393
0.11790393
0.11681223
0.11681223
0.11681223
0.11681223
0.07532751
0.07423581
0.07423581
0.07423581
0.07423581
0.07423581
0.07423581
0.07314410
0.07314410
0.07314410
0.07314410
0.07314410
0.07314410
0.07314410
0.06986900
0.06877729
0.06768559
0.06659389
0.06550218
0.06441048
0.06331878
0.06222707
0.05131004
0.05021834
0.04912664
0.04803493
0.03711790
0.03602620
0.03493450
0.03056769
0.02947598
0.02838428
0.02729258
0.02620087
0.02510917
0.02401747
0.02292576
0.02183406
0.02183406
0.02183406
0.02183406
0.02183406
0.02183406
0.02183406
0.02183406
0.02183406
0.02183406
0.02183406
0.02183406
0.02183406
0.02183406
0.02183406
0.02183406
0.02183406
0.02183406
0.02183406
0.02183406
0.02183406
0.02183406
0.02183406
0.02183406
0.02183406
0.02183406
0.02183406
0.02183406
0.02183406
0.02183406
0.02183406
0.02183406
0.02183406
0.02183406
0.02183406
0.02183406
0.02183406
0.02183406
0.02183406
0.02183406
0.02183406
0.02183406
0.02183406
0.02183406
0.02183406
0.02074236
0.02074236
0.02074236
0.02074236
0.02074236
0.02074236
0.02074236
0.02074236
0.02074236
0.02074236
0.01855895
0.01855895
0.01855895
0.01855895
0.01855895
0.01855895
0.01855895
0.01855895
0.01855895
0.01310044
0.01310044
0.01310044
0.01310044
0.01310044
0.01310044
0.01310044
0.01310044
0.01310044
0.01310044
0.01310044
0.01310044
0.01310044
0.01310044
0.01310044
0.01310044
0.01310044
0.01310044
0.01310044
0.01310044
0.01310044
0.01310044
0.01310044
0.01310044
0.01310044
0.01310044
0.01310044
0.01310044
0.01310044
0.01310044
0.00982533
0.00982533
0.00982533
0.00982533
0.00982533
0.00982533
0.00982533
0.00982533
0.00982533
0.00982533
0.00982533
0.00982533
0.00982533
0.00982533
0.00982533
0.00982533
0.00982533
0.00982533
0.00982533
0.00982533
0.00982533
0.00982533
0.00982533
0.00982533
0.00982533
0.00982533
0.00982533
0.00982533
0.00982533
0.00982533
0.00982533
0.00982533
0.00982533
0.00982533
0.00982533
0.00982533
0.00982533
0.00982533
0.00982533
0.00982533
0.00982533
0.00982533
0.00982533
0.00982533
0.00982533
0.00982533
0.00982533
0.00982533
0.00982533
0.00982533
0.00982533
0.00982533
0.00982533
0.00982533
0.00982533
0.00982533
0.00982533
0.00982533
0.00982533
0.00982533
0.00982533
0.00982533
0.00982533
0.00982533
0.00982533
0.00982533
0.00982533
0.00982533
0.00982533
0.00982533
0.00982533
0.00982533
0.00982533
0.00982533
0.00982533
0.00982533
0.00873362
0.00764192
0.00545852
0.00545852
0.00545852
0.00545852
0.00545852
0.00545852
0.00545852
0.00545852
0.00545852
0.00545852
0.00545852
0.00545852
0.00545852
0.00545852
0.00545852
0.00545852
0.00545852
0.00545852
0.00545852
0.00545852
0.00545852
0.00545852
0.00545852
0.00545852
0.00545852
0.00545852
0.00545852
0.00545852
0.00545852
0.00545852
0.00545852
0.00545852
0.00545852
0.00545852
0.00545852
0.00545852
0.00545852
0.00545852
0.00545852
0.00545852
0.00545852
0.00545852
0.00545852
0.00545852
0.00545852
0.00545852
0.00545852
0.00545852
0.00545852
0.00545852
0.00545852
0.00545852
0.00545852
0.00545852
0.00545852
0.00545852
0.00545852
0.00545852
0.00545852
0.00545852
0.00545852
0.00545852
0.00545852
0.00545852
0.00545852
0.00545852
0.00545852
0.00545852
0.00545852
0.00545852
0.00545852
0.00545852
0.00545852
0.00545852
0.00545852
0.00545852
0.00545852
0.00545852
0.00545852
0.00545852
0.00545852
0.00545852
0.00436681
0.00436681
0.00436681
0.00436681
0.00436681
0.00436681
0.00436681
0.00436681
0.00436681
0.00436681
0.00436681
0.00436681
0.00436681
0.00436681
0.00436681
0.00436681
0.00436681
0.00436681
0.00436681
0.00436681
0.00436681
0.00436681
0.00436681
0.00436681
0.00436681
0.00436681
0.00436681
0.00436681
0.00436681
0.00436681
0.00436681
0.00436681
0.00436681
0.00436681
0.00436681
0.00436681
0.00436681
0.00436681
0.00436681
0.00436681
0.00436681
0.00436681
0.00436681
0.00436681
0.00436681
0.00436681
0.00436681
0.00436681
0.00436681
0.00436681
0.00436681
0.00436681
0.00327511
0.00327511
0.00327511
0.00327511
0.00327511
0.00327511
0.00327511
0.00327511
0.00327511
0.00327511
0.00327511
0.00327511
0.00327511
0.00327511
0.00327511
0.00327511
0.00327511
0.00327511
0.00327511
0.00327511
0.00327511
0.00327511
0.00327511
0.00327511
0.00327511
0.00327511
0.00327511
0.00327511
0.00327511
0.00327511
0.00327511
0.00327511
0.00327511
0.00327511
0.00327511
0.00327511
0.00327511
0.00327511
0.00327511
0.00327511
0.00327511
0.00327511
0.00327511
0.00327511
0.00327511
0.00327511
0.00327511
0.00327511
0.00327511
0.00327511
0.00327511
0.00327511
0.00327511
0.00327511
0.00327511
0.00327511
0.00327511
0.00327511
0.00327511
0.00327511
0.00327511
0.00327511
0.00327511
0.00327511
0.00327511
0.00327511
0.00327511
0.00327511
0.00327511
0.00327511
0.00327511
0.00327511
0.00327511
0.00327511
0.00327511
0.00327511
0.00327511
0.00327511
0.00327511
0.00327511
0.00327511
0.00327511
0.00327511
0.00327511
0.00327511
0.00327511
0.00327511
0.00327511
0.00327511
0.00327511
0.00327511
0.00327511
0.00327511
0.00327511
0.00327511
0.00327511
0.00327511
0.00327511
0.00327511
0.00327511
0.00327511
0.00327511
0.00327511
0.00327511
0.00327511
0.00327511
0.00327511
0.00327511
0.00327511
0.00327511
0.00327511
0.00327511
0.00327511
0.00327511
0.00327511
0.00327511
0.00327511
0.00327511
0.00327511
0.00327511
0.00327511
0.00327511
0.00327511
0.00327511
0.00327511
0.00327511
0.00327511
0.00327511
0.00327511
0.00327511
0.00327511
0.00327511
0.00327511
0.00327511
0.00327511
0.00327511
0.00327511
0.00327511
0.00327511
0.00327511
0.00327511
0.00327511
0.00327511
0.00327511
0.00327511
0.00327511
0.00327511
0.00327511
0.00218341
0.00109170
0.00109170
0.00109170
0.00109170
0.00109170
0.00109170
0.00109170
0.00109170
0.00109170
0.00109170
0.00109170
0.00109170
0.00109170
0.00109170
0.00109170
0.00109170
0.00109170
0.00109170
0.00109170
0.00109170
0.00109170
0.00109170
0.00109170
0.00109170
0.00109170
0.00109170
0.00109170
0.00109170
0.00109170
0.00109170
0.00109170
0.00109170
0.00109170
0.00109170
0.00109170
0.00109170
0.00109170
0.00109170
0.00109170
0.00109170
0.00109170
0.00109170
0.00109170
0.00109170
0.00109170
0.00109170
0.00109170
0.00109170
0.00109170
0.00109170
0.00109170
0.00109170
0.00109170
0.00109170
0.00109170
0.00109170
0.00109170
0.00109170
0.00109170
0.00109170
0.00109170
0.00109170
0.00109170
0.00109170
0.00109170
0.00109170
0.00109170
0.00109170
0.00109170
0.00109170
0.00109170
0.00109170
0.00109170
0.00109170
0.00109170
0.00109170
0.00109170
0.00109170
0.00109170
0.00109170
0.00109170
0.00109170
0.00109170
0.00109170
0.00109170
0.00109170
0.00109170
0.00109170
0.00109170
0.00109170
0.00109170
0.00109170
0.00109170
0.00109170
0.00109170
0.00109170
0.00109170
0.00109170
0.00109170
0.00109170
0.00109170
0.00109170
0.00109170
0.00109170
0.00109170
0.00109170
0.00109170
0.00109170
0.00109170
0.00109170
0.00109170
0.00109170
0.00109170
0.00109170
0.00109170
0.00109170
0.00109170
0.00109170
0.00109170
0.00109170
0.00109170
0.00109170
0.00109170
0.00109170
0.00109170
0.00109170
0.00109170
0.00109170
0.00109170
0.00109170
0.00109170
0.00109170
0.00109170
0.00109170
0.00109170
0.00109170
0.00109170
0.00109170
0.00109170
0.00109170
0.00109170
0.00109170
0.00109170
0.00109170
0.00109170
0.00109170
0.00109170
0.00109170
0.00109170
0.00109170
0.00109170
0.00109170
0.00109170
0.00109170
0.00109170
0.00109170
0.00109170
0.00109170
0.00109170
0.00109170
0.00109170
0.00109170
0.00109170
0.00109170
0.00109170
0.00109170
0.00109170
0.00109170
0.00109170
0.00109170
0.00109170
0.00109170
0.00109170
0.00109170
0.00109170
0.00109170
0.00109170
0.00109170
0.00109170
0.00109170
0.00109170
0.00109170
0.00109170
0.00109170
0.00109170
0.00109170
0.00109170
0.00109170
0.00109170
0.00109170
0.00109170
0.00109170
0.00109170
0.00109170
0.00109170
0.00109170
0.00109170
0.00109170
0.00109170
0.00109170
0.00109170
0.00109170
0.00109170
0.00109170
0.00109170
0.00109170
0.00109170
0.00109170
0.00109170
0.00109170
0.00109170
0.00109170
0.00109170
0.00109170
0.00109170
0.00109170
0.00109170
0.00109170
0.00109170
0.00109170
0.00109170
0.00109170
0.00109170
0.00109170
0.00109170
0.00109170
0.00109170
0.00109170
0.00109170
0.00109170
0.00109170
0.00109170
0.00109170
0.00109170
0.00109170
0.00109170
0.00109170
0.00109170
0.00109170
0.00109170
0.00109170
0.00109170
0.00109170
0.00109170
0.00109170
0.00109170
0.00109170
0.00109170
0.00109170
0.00109170
0.00109170
0.00109170
0.00109170
0.00109170
0.00109170
0.00109170
0.00109170
0.00109170
0.00109170
0.00109170
0.00109170
0.00109170
0.00109170
0.00109170
0.00109170
0.00109170
0.00109170
0.00109170
0.00109170
0.00109170
0.00109170
0.00109170
0.00109170
0.00109170
0.00109170
0.00109170
0.00109170
0.00109170
0.00109170
0.00109170
0.00109170
0.00109170
0.00109170
0.00109170
0.00109170
0.00109170
0.00109170
0.00109170
0.00109170
0.00109170
0.00109170
0.00109170
0.00109170
0.00109170
0.00109170
0.00109170
0.00109170
0.00109170
0.00109170
0.00109170
0.00109170
0.00109170
0.00109170
0.00109170
0.00109170
0.00109170
0.00109170
0.00109170
0.00109170
0.00109170
0.00109170
0.00109170
0.00109170
0.00109170
0.00109170
0.00109170
0.00109170
0.00109170
0.00109170
0.00109170
0.00109170
0.00109170
0.00109170
0.00109170
0.00109170
0.00109170
0.00109170
0.00109170
0.00109170
0.00109170
0.00109170
0.00109170
0.00109170
0.00109170
0.00109170
0.00109170
