1.00000000
0.99956370
0.99912740
0.99869110
0.99825480
0.99781850
0.99738220
0.99694590
0.99650960
0.99607330
0.99563700
0.99520070
0.99476440
0.99432810
0.99389180
0.99345550
0.99301920
0.99258290
0.99214660
0.99171030
0.99127400
0.99083770
0.99040140
0.98996510
0.98952880
0.98909250
0.98865620
0.98821990
0.98778360
0.98734729
0.98691099
0.98647469
0.98603839
0.98560209
0.98516579
0.98472949
0.98429319
0.98385689
0.98342059
0.98298429
0.98254799
0.98211169
0.98167539
0.98123909
0.98080279
0.98036649
0.97993019
0.97949389
0.97905759
0.97862129
0.97818499
0.97774869
0.97731239
0.97687609
0.97643979
0.97600349
0.97556719
0.97513089
0.97469459
0.97425829
0.97382199
0.97338569
0.97294939
0.97251309
0.97164049
0.97120419
0.97076789
0.97033159
0.96989529
0.96945899
0.96902269
0.96858639
0.96815009
0.96771379
0.96727749
0.96684119
0.96640489
0.96596859
0.96553229
0.96509599
0.96465969
0.96422339
0.96378709
0.96335079
0.96291449
0.96247818
0.96204188
0.96160558
0.96116928
0.96073298
0.96029668
0.95986038
0.95942408
0.95898778
0.95855148
0.95811518
0.95767888
0.95724258
0.95680628
0.95636998
0.95593368
0.95549738
0.95506108
0.95462478
0.95418848
0.95375218
0.95331588
0.95287958
0.95244328
0.95200698
0.95157068
0.95113438
0.95069808
0.95026178
0.94982548
0.94938918
0.94895288
0.94851658
0.94808028
0.94764398
0.94720768
0.94677138
0.94589878
0.94546248
0.94502618
0.94458988
0.94415358
0.94371728
0.94328098
0.94284468
0.94240838
0.94197208
0.94153578
0.94109948
0.94066318
0.94022688
0.93979058
0.93935428
0.93891798
0.93848168
0.93804538
0.93760908
0.93717277
0.93673647
0.93630017
0.93586387
0.93542757
0.93499127
0.93455497
0.93411867
0.93368237
0.93324607
0.93280977
0.93237347
0.93193717
0.93150087
0.93106457
0.93062827
0.93019197
0.92975567
0.92931937
0.92888307
0.92844677
0.92801047
0.92757417
0.92713787
0.92670157
0.92626527
0.92582897
0.92539267
0.92495637
0.92452007
0.92408377
0.92364747
0.92277487
0.92233857
0.92190227
0.92146597
0.92059337
0.92015707
0.91972077
0.91928447
0.91884817
0.91841187
0.91797557
0.91753927
0.91710297
0.91666667
0.91623037
0.91579407
0.91535777
0.91492147
0.91448517
0.91404887
0.91361257
0.91273997
0.91230366
0.91186736
0.91143106
0.91099476
0.91055846
0.91012216
0.90968586
0.90924956
0.90881326
0.90837696
0.90794066
0.90706806
0.90663176
0.90619546
0.90575916
0.90532286
0.90488656
0.90445026
0.90401396
0.90357766
0.90314136
0.90270506
0.90226876
0.90183246
0.90139616
0.90095986
0.90052356
0.90008726
0.89965096
0.89921466
0.89877836
0.89834206
0.89790576
0.89746946
0.89703316
0.89659686
0.89616056
0.89572426
0.89528796
0.89485166
0.89441536
0.89397906
0.89354276
0.89310646
0.89267016
0.89223386
0.89179756
0.89136126
0.89092496
0.89048866
0.89005236
0.88961606
0.88917976
0.88874346
0.88830716
0.88787086
0.88743455
0.88699825
0.88656195
0.88612565
0.88568935
0.88525305
0.88481675
0.88438045
0.88394415
0.88350785
0.88307155
0.88263525
0.88219895
0.88132635
0.88089005
0.88045375
0.88001745
0.87958115
0.87914485
0.87870855
0.87783595
0.87739965
0.87696335
0.87652705
0.87609075
0.87565445
0.87521815
0.87478185
0.87434555
0.87390925
0.87347295
0.87303665
0.87260035
0.87216405
0.87172775
0.87129145
0.87085515
0.87041885
0.86998255
0.86954625
0.86910995
0.86867365
0.86823735
0.86780105
0.86692845
0.86649215
0.86605585
0.86561955
0.86518325
0.86474695
0.86300175
0.86256545
0.86212914
0.86169284
0.86125654
0.86082024
0.85994764
0.85951134
0.85907504
0.85863874
0.85820244
0.85776614
0.85732984
0.85689354
0.85645724
0.85602094
0.85558464
0.85514834
0.85471204
0.85427574
0.85383944
0.85340314
0.85296684
0.85253054
0.85209424
0.85165794
0.85122164
0.85034904
0.84991274
0.84947644
0.84860384
0.84816754
0.84729494
0.84685864
0.84642234
0.84598604
0.84554974
0.84511344
0.84467714
0.84424084
0.84380454
0.84336824
0.84293194
0.84249564
0.84205934
0.84162304
0.84031414
0.83987784
0.83944154
0.83900524
0.83856894
0.83813264
0.83769634
0.83726003
0.83638743
0.83595113
0.83551483
0.83507853
0.83464223
0.83420593
0.83376963
0.83333333
0.83289703
0.83246073
0.83202443
0.83158813
0.83115183
0.83071553
0.83027923
0.82984293
0.82940663
0.82897033
0.82853403
0.82809773
0.82766143
0.82722513
0.82678883
0.82635253
0.82591623
0.82547993
0.82504363
0.82460733
0.82417103
0.82373473
0.82329843
0.82286213
0.82242583
0.82198953
0.82111693
0.82068063
0.82024433
0.81980803
0.81937173
0.81762653
0.81719023
0.81631763
0.81588133
0.81544503
0.81500873
0.81457243
0.81413613
0.81369983
0.81326353
0.81282723
0.81239092
0.81195462
0.81151832
0.81108202
0.81064572
0.81020942
0.80977312
0.80846422
0.80802792
0.80759162
0.80715532
0.80671902
0.80628272
0.80584642
0.80541012
0.80410122
0.80366492
0.80322862
0.80279232
0.80235602
0.80191972
0.80104712
0.80017452
0.79973822
0.79930192
0.79886562
0.79799302
0.79755672
0.79712042
0.79668412
0.79581152
0.79537522
0.79493892
0.79450262
0.79319372
0.79275742
0.79232112
0.79188482
0.79144852
0.79101222
0.79057592
0.79013962
0.78970332
0.78926702
0.78883072
0.78839442
0.78752182
0.78708551
0.78664921
0.78577661
0.78534031
0.78490401
0.78446771
0.78359511
0.78315881
0.78272251
0.78228621
0.78184991
0.78141361
0.78097731
0.78054101
0.78010471
0.77966841
0.77923211
0.77879581
0.77835951
0.77792321
0.77748691
0.77705061
0.77661431
0.77617801
0.77574171
0.77530541
0.77486911
0.77443281
0.77356021
0.77312391
0.77268761
0.77225131
0.77181501
0.77137871
0.77094241
0.76919721
0.76876091
0.76832461
0.76788831
0.76745201
0.76701571
0.76657941
0.76614311
0.76570681
0.76527051
0.76483421
0.76439791
0.76352531
0.76308901
0.76265271
0.76221640
0.76178010
0.76134380
0.76090750
0.76047120
0.76003490
0.75959860
0.75916230
0.75872600
0.75828970
0.75785340
0.75741710
0.75698080
0.75654450
0.75610820
0.75567190
0.75523560
0.75479930
0.75392670
0.75349040
0.75305410
0.75261780
0.75218150
0.75174520
0.75130890
0.75087260
0.75043630
0.75000000
0.74912740
0.74869110
0.74825480
0.74781850
0.74738220
0.74694590
0.74607330
0.74563700
0.74520070
0.74476440
0.74432810
0.74389180
0.74345550
0.74301920
0.74171030
0.74127400
0.74083770
0.74040140
0.73996510
0.73952880
0.73909250
0.73821990
0.73778360
0.73691099
0.73647469
0.73603839
0.73560209
0.73516579
0.73472949
0.73429319
0.73385689
0.73342059
0.73298429
0.73254799
0.73211169
0.73167539
0.73123909
0.73080279
0.73036649
0.72993019
0.72949389
0.72905759
0.72862129
0.72818499
0.72774869
0.72731239
0.72687609
0.72643979
0.72600349
0.72513089
0.72469459
0.72425829
0.72382199
0.72338569
0.72294939
0.72251309
0.72207679
0.72164049
0.72120419
0.72076789
0.72033159
0.71858639
0.71815009
0.71771379
0.71727749
0.71684119
0.71640489
0.71596859
0.71553229
0.71509599
0.71422339
0.71378709
0.71335079
0.71291449
0.71247818
0.71204188
0.71160558
0.71116928
0.71073298
0.70942408
0.70898778
0.70855148
0.70811518
0.70767888
0.70724258
0.70680628
0.70636998
0.70593368
0.70549738
0.70506108
0.70462478
0.70418848
0.70375218
0.70331588
0.70287958
0.70244328
0.70200698
0.70157068
0.70113438
0.70069808
0.70026178
0.69982548
0.69895288
0.69851658
0.69808028
0.69764398
0.69720768
0.69677138
0.69633508
0.69589878
0.69546248
0.69502618
0.69371728
0.69328098
0.69284468
0.69240838
0.69197208
0.69153578
0.69109948
0.69022688
0.68979058
0.68935428
0.68891798
0.68848168
0.68804538
0.68760908
0.68717277
0.68673647
0.68630017
0.68586387
0.68542757
0.68499127
0.68455497
0.68411867
0.68368237
0.68324607
0.68280977
0.68237347
0.68193717
0.68106457
0.68062827
0.68019197
0.67975567
0.67931937
0.67888307
0.67844677
0.67713787
0.67670157
0.67626527
0.67582897
0.67539267
0.67495637
0.67452007
0.67408377
0.67364747
0.67321117
0.67277487
0.67233857
0.67190227
0.67146597
0.67102967
0.67059337
0.67015707
0.66972077
0.66753927
0.66710297
0.66666667
0.66623037
0.66579407
0.66535777
0.66492147
0.66448517
0.66404887
0.66361257
0.66317627
0.66273997
0.66230366
0.66186736
0.66143106
0.66099476
0.66055846
0.66012216
0.65968586
0.65924956
0.65881326
0.65837696
0.65794066
0.65750436
0.65706806
0.65663176
0.65619546
0.65575916
0.65532286
0.65488656
0.65401396
0.65357766
0.65314136
0.65270506
0.65226876
0.65183246
0.65095986
0.65052356
0.65008726
0.64965096
0.64921466
0.64877836
0.64834206
0.64790576
0.64746946
0.64659686
0.64616056
0.64572426
0.64528796
0.64485166
0.64441536
0.64397906
0.64354276
0.64310646
0.64267016
0.64223386
0.64179756
0.64136126
0.64092496
0.64048866
0.64005236
0.63961606
0.63917976
0.63874346
0.63787086
0.63699825
0.63656195
0.63568935
0.63481675
0.63438045
0.63263525
0.63219895
0.63176265
0.63132635
0.63089005
0.63045375
0.63001745
0.62914485
0.62870855
0.62827225
0.62783595
0.62739965
0.62696335
0.62652705
0.62609075
0.62565445
0.62521815
0.62478185
0.62434555
0.62347295
0.62303665
0.62260035
0.62216405
0.62172775
0.62129145
0.62085515
0.62041885
0.61998255
0.61954625
0.61910995
0.61867365
0.61823735
0.61780105
0.61736475
0.61692845
0.61649215
0.61605585
0.61561955
0.61518325
0.61474695
0.61431065
0.61387435
0.61343805
0.61256545
0.61212914
0.61169284
0.61125654
0.61082024
0.61038394
0.60994764
0.60951134
0.60907504
0.60820244
0.60776614
0.60732984
0.60689354
0.60645724
0.60602094
0.60558464
0.60514834
0.60427574
0.60383944
0.60340314
0.60296684
0.60253054
0.60209424
0.60165794
0.60122164
0.60078534
0.60034904
0.59991274
0.59947644
0.59904014
0.59860384
0.59729494
0.59685864
0.59642234
0.59554974
0.59467714
0.59424084
0.59380454
0.59336824
0.59293194
0.59249564
0.59205934
0.59162304
0.59118674
0.59075044
0.59031414
0.58987784
0.58944154
0.58900524
0.58856894
0.58813264
0.58769634
0.58726003
0.58638743
0.58595113
0.58551483
0.58507853
0.58464223
0.58289703
0.58246073
0.58202443
0.58027923
0.57984293
0.57940663
0.57897033
0.57853403
0.57809773
0.57766143
0.57722513
0.57678883
0.57635253
0.57591623
0.57547993
0.57504363
0.57460733
0.57417103
0.57373473
0.57329843
0.57286213
0.57242583
0.57198953
0.57068063
0.57024433
0.56980803
0.56937173
0.56893543
0.56849913
0.56806283
0.56762653
0.56719023
0.56675393
0.56631763
0.56588133
0.56544503
0.56500873
0.56457243
0.56282723
0.56239092
0.56195462
0.55977312
0.55933682
0.55890052
0.55846422
0.55802792
0.55759162
0.55715532
0.55671902
0.55628272
0.55497382
0.55453752
0.55410122
0.55366492
0.55322862
0.55279232
0.55235602
0.55191972
0.55148342
0.55104712
0.55061082
0.55017452
0.54973822
0.54930192
0.54886562
0.54799302
0.54755672
0.54712042
0.54668412
0.54624782
0.54581152
0.54537522
0.54406632
0.54363002
0.54319372
0.54275742
0.54232112
0.54188482
0.54144852
0.54101222
0.54057592
0.54013962
0.53970332
0.53926702
0.53883072
0.53839442
0.53795812
0.53752182
0.53708551
0.53577661
0.53534031
0.53490401
0.53446771
0.53403141
0.53359511
0.53315881
0.53272251
0.53228621
0.53141361
0.53097731
0.53054101
0.53010471
0.52923211
0.52879581
0.52835951
0.52792321
0.52748691
0.52705061
0.52661431
0.52530541
0.52486911
0.52443281
0.52399651
0.52356021
0.52312391
0.52268761
0.52181501
0.52137871
0.52094241
0.52050611
0.52006981
0.51963351
0.51919721
0.51876091
0.51832461
0.51745201
0.51701571
0.51657941
0.51614311
0.51570681
0.51527051
0.51483421
0.51439791
0.51396161
0.51352531
0.51308901
0.51265271
0.51221640
0.51178010
0.51134380
0.51090750
0.51047120
0.51003490
0.50959860
0.50916230
0.50872600
0.50828970
0.50785340
0.50741710
0.50698080
0.50654450
0.50610820
0.50567190
0.50479930
0.50436300
0.50392670
0.50349040
0.50305410
0.50261780
0.50218150
0.50174520
0.50130890
0.50087260
0.50043630
0.50000000
0.49956370
0.49912740
0.49869110
0.49825480
0.49781850
0.49738220
0.49694590
0.49650960
0.49607330
0.49563700
0.49520070
0.49476440
0.49432810
0.49389180
0.49345550
0.49301920
0.49083770
0.49040140
0.48996510
0.48952880
0.48909250
0.48778360
0.48734729
0.48691099
0.48647469
0.48603839
0.48560209
0.48516579
0.48472949
0.48429319
0.48385689
0.48342059
0.48298429
0.48254799
0.48211169
0.48167539
0.48123909
0.48080279
0.48036649
0.47993019
0.47949389
0.47862129
0.47818499
0.47774869
0.47643979
0.47600349
0.47556719
0.47513089
0.47469459
0.47425829
0.47382199
0.47338569
0.47294939
0.47207679
0.47164049
0.47120419
0.47076789
0.47033159
0.46902269
0.46858639
0.46815009
0.46771379
0.46727749
0.46684119
0.46640489
0.46596859
0.46553229
0.46509599
0.46335079
0.46291449
0.46247818
0.46204188
0.46160558
0.46116928
0.46073298
0.46029668
0.45986038
0.45942408
0.45898778
0.45855148
0.45811518
0.45767888
0.45724258
0.45680628
0.45636998
0.45593368
0.45549738
0.45506108
0.45462478
0.45375218
0.45331588
0.45113438
0.45069808
0.45026178
0.44982548
0.44938918
0.44895288
0.44851658
0.44808028
0.44677138
0.44633508
0.44589878
0.44546248
0.44502618
0.44458988
0.44415358
0.44371728
0.44328098
0.44284468
0.44240838
0.44197208
0.43848168
0.43804538
0.43760908
0.43717277
0.43673647
0.43630017
0.43586387
0.43542757
0.43499127
0.43455497
0.43411867
0.43368237
0.43324607
0.43280977
0.43237347
0.43193717
0.43150087
0.43106457
0.43062827
0.43019197
0.42975567
0.42931937
0.42888307
0.42844677
0.42801047
0.42452007
0.42408377
0.42364747
0.42321117
0.42277487
0.42233857
0.42190227
0.42059337
0.42015707
0.41972077
0.41928447
0.41884817
0.41841187
0.41797557
0.41753927
0.41710297
0.41666667
0.41623037
0.41579407
0.41535777
0.41492147
0.41448517
0.41404887
0.41361257
0.41317627
0.41273997
0.41230366
0.41186736
0.41055846
0.41012216
0.40968586
0.40924956
0.40881326
0.40837696
0.40794066
0.40750436
0.40706806
0.40663176
0.40575916
0.40532286
0.40445026
0.40401396
0.40357766
0.40314136
0.40139616
0.40095986
0.40052356
0.40008726
0.39965096
0.39921466
0.39877836
0.39834206
0.39790576
0.39746946
0.39703316
0.39659686
0.39616056
0.39572426
0.39528796
0.39485166
0.39441536
0.39397906
0.39354276
0.39310646
0.39267016
0.39223386
0.39179756
0.39136126
0.39092496
0.39005236
0.38961606
0.38917976
0.38874346
0.38699825
0.38656195
0.38612565
0.38568935
0.38525305
0.38481675
0.38438045
0.38394415
0.38350785
0.38307155
0.38263525
0.38219895
0.38176265
0.38132635
0.38089005
0.38045375
0.38001745
0.37958115
0.37914485
0.37870855
0.37827225
0.37739965
0.37696335
0.37652705
0.37609075
0.37565445
0.37521815
0.37478185
0.37434555
0.37390925
0.37347295
0.37303665
0.37260035
0.37216405
0.37041885
0.36998255
0.36954625
0.36910995
0.36867365
0.36780105
0.36736475
0.36692845
0.36649215
0.36605585
0.36561955
0.36518325
0.36474695
0.36431065
0.36387435
0.36343805
0.36300175
0.36256545
0.36212914
0.36169284
0.36125654
0.36082024
0.36038394
0.35994764
0.35951134
0.35907504
0.35863874
0.35602094
0.35558464
0.35514834
0.35471204
0.35427574
0.35383944
0.35340314
0.35296684
0.35253054
0.35209424
0.35165794
0.35122164
0.35078534
0.35034904
0.34991274
0.34947644
0.34904014
0.34860384
0.34816754
0.34773124
0.34729494
0.34685864
0.34642234
0.34598604
0.34554974
0.34511344
0.34467714
0.34424084
0.34380454
0.34336824
0.34293194
0.34162304
0.34118674
0.34075044
0.34031414
0.33987784
0.33944154
0.33900524
0.33856894
0.33813264
0.33769634
0.33682373
0.33638743
0.33595113
0.33551483
0.33507853
0.33464223
0.33420593
0.33333333
0.33289703
0.33246073
0.33202443
0.33158813
0.33071553
0.33027923
0.32984293
0.32940663
0.32897033
0.32853403
0.32809773
0.32766143
0.32722513
0.32678883
0.32635253
0.32591623
0.32547993
0.32504363
0.32460733
0.32417103
0.32373473
0.32329843
0.32286213
0.32242583
0.32198953
0.32155323
0.32024433
0.31980803
0.31937173
0.31893543
0.31849913
0.31806283
0.31762653
0.31719023
0.31675393
0.31588133
0.31544503
0.31500873
0.31457243
0.31413613
0.31369983
0.31326353
0.31282723
0.31239092
0.31195462
0.31151832
0.31108202
0.31064572
0.31020942
0.30977312
0.30933682
0.30890052
0.30846422
0.30802792
0.30759162
0.30715532
0.30671902
0.30628272
0.30584642
0.30497382
0.30453752
0.30410122
0.30366492
0.30322862
0.30279232
0.30235602
0.30191972
0.30148342
0.30104712
0.30017452
0.29973822
0.29930192
0.29886562
0.29842932
0.29799302
0.29755672
0.29712042
0.29668412
0.29624782
0.29581152
0.29537522
0.29493892
0.29450262
0.29406632
0.29363002
0.29319372
0.29275742
0.29232112
0.29188482
0.29144852
0.29101222
0.29057592
0.29013962
0.28970332
0.28926702
0.28883072
0.28839442
0.28795812
0.28752182
0.28708551
0.28534031
0.28490401
0.28446771
0.28403141
0.28359511
0.28315881
0.28272251
0.28228621
0.28184991
0.28141361
0.28097731
0.28054101
0.28010471
0.27966841
0.27923211
0.27879581
0.27835951
0.27792321
0.27748691
0.27661431
0.27617801
0.27574171
0.27530541
0.27443281
0.27399651
0.27356021
0.27312391
0.27268761
0.27225131
0.27181501
0.27137871
0.27094241
0.27050611
0.27006981
0.26963351
0.26919721
0.26788831
0.26745201
0.26701571
0.26657941
0.26614311
0.26570681
0.26527051
0.26483421
0.26439791
0.26396161
0.26352531
0.26308901
0.26265271
0.26221640
0.26178010
0.26134380
0.26090750
0.26047120
0.26003490
0.25959860
0.25916230
0.25872600
0.25785340
0.25741710
0.25698080
0.25654450
0.25610820
0.25567190
0.25523560
0.25479930
0.25436300
0.25392670
0.25349040
0.25305410
0.25261780
0.25218150
0.25174520
0.25130890
0.25087260
0.25043630
0.25000000
0.24956370
0.24912740
0.24869110
0.24825480
0.24650960
0.24607330
0.24563700
0.24520070
0.24476440
0.24432810
0.24389180
0.24345550
0.24301920
0.24127400
0.24083770
0.24040140
0.23996510
0.23952880
0.23909250
0.23865620
0.23778360
0.23734729
0.23691099
0.23647469
0.23603839
0.23560209
0.23516579
0.23472949
0.23385689
0.23342059
0.23298429
0.23254799
0.23167539
0.23123909
0.23080279
0.23036649
0.22993019
0.22949389
0.22905759
0.22862129
0.22774869
0.22687609
0.22556719
0.22513089
0.22469459
0.22382199
0.22338569
0.22120419
0.22076789
0.22033159
0.21989529
0.21945899
0.21902269
0.21858639
0.21815009
0.21727749
0.21684119
0.21640489
0.21596859
0.21553229
0.21509599
0.21465969
0.21378709
0.21335079
0.21291449
0.21247818
0.21204188
0.21160558
0.21116928
0.20986038
0.20942408
0.20898778
0.20855148
0.20811518
0.20593368
0.20549738
0.20506108
0.20331588
0.20287958
0.20244328
0.20200698
0.20157068
0.20113438
0.20069808
0.20026178
0.19982548
0.19938918
0.19895288
0.19851658
0.19502618
0.19458988
0.19415358
0.19371728
0.19328098
0.19022688
0.18979058
0.18935428
0.18891798
0.18848168
0.18804538
0.18760908
0.18717277
0.18673647
0.18630017
0.18586387
0.18455497
0.18411867
0.18368237
0.18324607
0.18280977
0.18237347
0.18193717
0.18150087
0.17844677
0.17801047
0.17757417
0.17626527
0.17582897
0.17452007
0.17408377
0.17364747
0.17321117
0.17277487
0.17233857
0.17190227
0.17146597
0.17102967
0.16972077
0.16928447
0.16884817
0.16841187
0.16797557
0.16753927
0.16710297
0.16666667
0.16623037
0.16579407
0.16535777
0.16492147
0.16448517
0.16361257
0.16317627
0.16273997
0.16230366
0.16186736
0.16143106
0.16099476
0.16012216
0.15968586
0.15924956
0.15881326
0.15837696
0.15794066
0.15750436
0.15706806
0.15663176
0.15488656
0.15445026
0.15401396
0.15357766
0.15314136
0.15270506
0.15226876
0.15139616
0.15052356
0.15008726
0.14965096
0.14921466
0.14877836
0.14746946
0.14703316
0.14659686
0.14616056
0.14572426
0.14528796
0.14441536
0.14397906
0.14354276
0.14267016
0.14223386
0.14179756
0.14136126
0.14092496
0.14048866
0.14005236
0.13874346
0.13830716
0.13787086
0.13743455
0.13699825
0.13656195
0.13612565
0.13568935
0.13525305
0.13481675
0.13438045
0.13263525
0.13219895
0.13176265
0.13132635
0.13089005
0.13045375
0.12783595
0.12739965
0.12696335
0.12652705
0.12609075
0.12565445
0.12521815
0.12478185
0.12434555
0.12390925
0.12260035
0.12216405
0.12172775
0.12129145
0.12085515
0.12041885
0.11998255
0.11954625
0.11910995
0.11867365
0.11823735
0.11780105
0.11736475
0.11692845
0.11649215
0.11605585
0.11561955
0.11387435
0.11343805
0.11300175
0.11256545
0.11212914
0.11169284
0.11125654
0.11082024
0.10994764
0.10951134
0.10907504
0.10863874
0.10820244
0.10776614
0.10689354
0.10645724
0.10602094
0.10558464
0.10514834
0.10471204
0.10427574
0.10383944
0.10340314
0.10296684
0.10253054
0.10209424
0.10165794
0.10122164
0.10078534
0.10034904
0.09773124
0.09729494
0.09685864
0.09642234
0.09598604
0.09554974
0.09511344
0.09467714
0.09424084
0.09380454
0.09336824
0.09249564
0.09205934
0.09162304
0.09118674
0.09075044
0.09031414
0.08987784
0.08944154
0.08900524
0.08856894
0.08813264
0.08769634
0.08726003
0.08682373
0.08638743
0.08595113
0.08420593
0.08376963
0.08246073
0.08202443
0.08158813
0.08115183
0.08071553
0.08027923
0.07984293
0.07940663
0.07897033
0.07853403
0.07809773
0.07766143
0.07722513
0.07678883
0.07417103
0.07373473
0.07329843
0.07286213
0.07242583
0.07198953
0.07155323
0.07111693
0.07068063
0.07024433
0.06893543
0.06806283
0.06762653
0.06719023
0.06675393
0.06631763
0.06588133
0.06544503
0.06500873
0.06413613
0.06369983
0.06282723
0.06239092
0.06195462
0.06151832
0.06020942
0.05977312
0.05933682
0.05890052
0.05846422
0.05802792
0.05759162
0.05715532
0.05584642
0.05541012
0.05497382
0.05453752
0.05410122
0.05366492
0.05322862
0.05279232
0.05235602
0.05191972
0.05148342
0.05104712
0.05061082
0.05017452
0.04973822
0.04930192
0.04886562
0.04842932
0.04799302
0.04755672
0.04668412
0.04624782
0.04581152
0.04537522
0.04493892
0.04450262
0.04363002
0.04275742
0.04144852
0.04101222
0.04057592
0.04013962
0.03970332
0.03926702
0.03883072
0.03839442
0.03795812
0.03752182
0.03403141
0.03315881
0.03272251
0.03228621
0.03184991
0.03141361
0.03010471
0.02966841
0.02923211
0.02879581
0.02530541
0.02312391
0.02268761
0.02225131
0.01570681
0.01570681
0.01570681
0.01527051
0.01003490
0.00261780
0.00261780
0.00261780
0.00261780
0.00261780
0.00261780
0.00261780
0.00218150
0.00087260
0.00087260
0.00087260
0.00043630
0.00043630
0.00043630
0.00043630
0.00043630
0.00043630
0.00043630
0.00043630
0.00043630
0.00043630
0.00043630
0.00043630
0.00043630
0.00043630
0.00043630
0.00043630
0.00043630
0.00043630
0.00043630
0.00043630
0.00043630
0.00043630
0.00043630
0.00043630
0.00043630
0.00043630
0.00043630
0.00043630
0.00043630
0.00043630
0.00043630
0.00043630
0.00043630
0.00043630
0.00043630
0.00043630
0.00043630
0.00043630
0.00043630
0.00043630
0.00043630
0.00043630
0.00043630
0.00043630
0.00043630
0.00043630
0.00043630
0.00043630
0.00043630
0.00043630
0.00043630
0.00043630
0.00043630
0.00043630
0.00043630
0.00043630
0.00043630
0.00043630
0.00043630
0.00043630
0.00043630
0.00043630
0.00043630
0.00043630
0.00043630
0.00043630
0.00043630
0.00043630
0.00043630
0.00043630
0.00043630
0.00043630
0.00043630
0.00043630
0.00043630
0.00043630
0.00043630
0.00043630
0.00043630
0.00043630
0.00043630
0.00043630
0.00043630
0.00043630
0.00043630
0.00043630
0.00043630
0.00043630
0.00043630
0.00043630
0.00043630
0.00043630
0.00043630
0.00043630
0.00043630
0.00043630
0.00043630
0.00043630
0.00043630
0.00043630
0.00043630
0.00043630
0.00043630
0.00043630
0.00043630
0.00043630
0.00043630
0.00043630
0.00043630
0.00043630
0.00043630
0.00043630
0.00043630
0.00043630
0.00043630
0.00043630
0.00043630
0.00043630
0.00043630
0.00043630
0.00043630
0.00043630
0.00043630
0.00043630
0.00043630
0.00043630
0.00043630
0.00043630
0.00043630
0.00043630
0.00043630
0.00043630
0.00043630
0.00043630
0.00043630
0.00043630
0.00043630
0.00043630
0.00043630
0.00043630
0.00043630
0.00043630
0.00043630
0.00043630
0.00043630
0.00043630
0.00043630
0.00043630
0.00043630
0.00043630
0.00043630
0.00043630
0.00043630
0.00043630
0.00043630
0.00043630
0.00043630
0.00043630
0.00043630
0.00043630
0.00043630
0.00043630
0.00043630
0.00043630
0.00043630
0.00043630
0.00043630
0.00043630
0.00043630
0.00043630
0.00043630
0.00043630
0.00043630
0.00043630
0.00043630
0.00043630
0.00043630
0.00043630
0.00043630
0.00043630
0.00043630
0.00043630
0.00043630
0.00043630
0.00043630
0.00043630
0.00043630
0.00043630
0.00043630
0.00043630
0.00043630
0.00043630
0.00043630
0.00043630
0.00043630
0.00043630
0.00043630
0.00043630
0.00043630
0.00043630
0.00043630
0.00043630
0.00043630
0.00043630
0.00043630
0.00043630
0.00043630
0.00043630
0.00043630
0.00043630
0.00043630
0.00043630
0.00043630
0.00043630
0.00043630
0.00043630
0.00043630
0.00043630
0.00043630
0.00043630
0.00043630
0.00043630
0.00043630
0.00043630
0.00043630
0.00043630
0.00043630
0.00043630
0.00043630
0.00043630
0.00043630
0.00043630
0.00043630
0.00043630
0.00043630
0.00043630
0.00043630
0.00043630
0.00043630
0.00043630
0.00043630
0.00043630
0.00043630
0.00043630
0.00043630
0.00043630
0.00043630
0.00043630
0.00043630
0.00043630
0.00043630
0.00043630
0.00043630
0.00043630
0.00043630
0.00043630
0.00043630
0.00043630
0.00043630
0.00043630
0.00043630
0.00043630
0.00043630
0.00043630
0.00043630
0.00043630
0.00043630
0.00043630
0.00043630
0.00043630
0.00043630
0.00043630
0.00043630
0.00043630
0.00043630
0.00043630
0.00043630
0.00043630
0.00043630
0.00043630
0.00043630
0.00043630
0.00043630
0.00043630
0.00043630
0.00043630
0.00043630
0.00043630
0.00043630
0.00043630
0.00043630
0.00043630
0.00043630
0.00043630
0.00043630
0.00043630
0.00043630
0.00043630
0.00043630
0.00043630
0.00043630
0.00043630
0.00043630
0.00043630
0.00043630
0.00043630
0.00043630
0.00043630
0.00043630
0.00043630
0.00043630
0.00043630
0.00043630
0.00043630
0.00043630
0.00043630
0.00043630
0.00043630
0.00043630
0.00043630
0.00043630
0.00043630
0.00043630
0.00043630
0.00043630
0.00043630
0.00043630
0.00043630
0.00043630
0.00043630
0.00043630
0.00043630
0.00043630
0.00043630
0.00043630
0.00043630
0.00043630
0.00043630
0.00043630
0.00043630
0.00043630
0.00043630
0.00043630
0.00043630
0.00043630
0.00043630
0.00043630
0.00043630
0.00043630
0.00043630
0.00043630
0.00043630
0.00043630
0.00043630
0.00043630
0.00043630
0.00043630
0.00043630
0.00043630
0.00043630
0.00043630
0.00043630
0.00043630
0.00043630
0.00043630
0.00043630
0.00043630
0.00043630
0.00043630
0.00043630
0.00043630
0.00043630
0.00043630
0.00043630
0.00043630
0.00043630
0.00043630
0.00043630
0.00043630
0.00043630
0.00043630
0.00043630
0.00043630
0.00043630
0.00043630
0.00043630
0.00043630
0.00043630
0.00043630
0.00043630
0.00043630
0.00043630
0.00043630
0.00043630
0.00043630
0.00043630
0.00043630
0.00043630
0.00043630
0.00043630
0.00043630
0.00043630
0.00043630
0.00043630
0.00043630
0.00043630
0.00043630
0.00043630
0.00043630
0.00043630
0.00043630
0.00043630
0.00043630
0.00043630
0.00043630
0.00043630
0.00043630
0.00043630
0.00043630
0.00043630
0.00043630
0.00043630
0.00043630
0.00043630
0.00043630
0.00043630
0.00043630
0.00043630
0.00043630
0.00043630
0.00043630
0.00043630
0.00043630
0.00043630
0.00043630
0.00043630
0.00043630
0.00043630
0.00043630
0.00043630
0.00043630
0.00043630
0.00043630
0.00043630
0.00043630
0.00043630
0.00043630
0.00043630
0.00043630
0.00043630
0.00043630
0.00043630
0.00043630
0.00043630
0.00043630
0.00043630
0.00043630
0.00043630
0.00043630
0.00043630
0.00043630
0.00043630
0.00043630
0.00043630
0.00043630
0.00043630
0.00043630
0.00043630
0.00043630
0.00043630
0.00043630
0.00043630
0.00043630
0.00043630
0.00043630
0.00043630
0.00043630
0.00043630
0.00043630
0.00043630
0.00043630
0.00043630
0.00043630
0.00043630
0.00043630
0.00043630
0.00043630
0.00043630
0.00043630
0.00043630
0.00043630
0.00043630
0.00043630
0.00043630
0.00043630
0.00043630
0.00043630
0.00043630
0.00043630
0.00043630
0.00043630
0.00043630
0.00043630
0.00043630
0.00043630
0.00043630
0.00043630
0.00043630
0.00043630
0.00043630
0.00043630
0.00043630
0.00043630
0.00043630
0.00043630
0.00043630
0.00043630
0.00043630
0.00043630
0.00043630
0.00043630
0.00043630
0.00043630
0.00043630
0.00043630
0.00043630
0.00043630
0.00043630
0.00043630
0.00043630
0.00043630
0.00043630
0.00043630
0.00043630
0.00043630
0.00043630
0.00043630
0.00043630
0.00043630
0.00043630
0.00043630
0.00043630
0.00043630
0.00043630
0.00043630
0.00043630
0.00043630
0.00043630
0.00043630
0.00043630
0.00043630
0.00043630
0.00043630
0.00043630
0.00043630
0.00043630
0.00043630
0.00043630
0.00043630
0.00043630
0.00043630
0.00043630
0.00043630
0.00043630
0.00043630
0.00043630
0.00043630
0.00043630
0.00043630
0.00043630
0.00043630
0.00043630
0.00043630
0.00043630
0.00043630
0.00043630
0.00043630
0.00043630
0.00043630
0.00043630
0.00043630
0.00043630
0.00043630
0.00043630
0.00043630
0.00043630
0.00043630
0.00043630
0.00043630
0.00043630
0.00043630
0.00043630
0.00043630
0.00043630
0.00043630
0.00043630
0.00043630
0.00043630
0.00043630
0.00043630
0.00043630
0.00043630
0.00043630
0.00043630
0.00043630
0.00043630
0.00043630
0.00043630
0.00043630
0.00043630
0.00043630
0.00043630
0.00043630
0.00043630
0.00043630
0.00043630
0.00043630
0.00043630
0.00043630
0.00043630
0.00043630
0.00043630
0.00043630
0.00043630
0.00043630
0.00043630
0.00043630
0.00043630
0.00043630
0.00043630
0.00043630
0.00043630
0.00043630
0.00043630
0.00043630
0.00043630
0.00043630
0.00043630
0.00043630
0.00043630
0.00043630
0.00043630
0.00043630
0.00043630
0.00043630
0.00043630
0.00043630
0.00043630
0.00043630
0.00043630
0.00043630
0.00043630
0.00043630
0.00043630
0.00043630
0.00043630
0.00043630
0.00043630
0.00043630
0.00043630
0.00043630
0.00043630
0.00043630
0.00043630
0.00043630
0.00043630
0.00043630
0.00043630
0.00043630
0.00043630
0.00043630
0.00043630
0.00043630
0.00043630
0.00043630
0.00043630
0.00043630
0.00043630
0.00043630
0.00043630
0.00043630
0.00043630
0.00043630
0.00043630
0.00043630
0.00043630
0.00043630
0.00043630
0.00043630
0.00043630
0.00043630
0.00043630
0.00043630
0.00043630
0.00043630
0.00043630
0.00043630
0.00043630
0.00043630
0.00043630
0.00043630
0.00043630
0.00043630
0.00043630
0.00043630
0.00043630
0.00043630
0.00043630
0.00043630
0.00043630
0.00043630
0.00043630
0.00043630
0.00043630
0.00043630
0.00043630
0.00043630
0.00043630
0.00043630
0.00043630
0.00043630
0.00043630
0.00043630
0.00043630
0.00043630
0.00043630
0.00043630
0.00043630
0.00043630
0.00043630
0.00043630
0.00043630
0.00043630
0.00043630
0.00043630
0.00043630
0.00043630
0.00043630
0.00043630
0.00043630
0.00043630
0.00043630
0.00043630
0.00043630
0.00043630
0.00043630
0.00043630
0.00043630
0.00043630
0.00043630
0.00043630
0.00043630
0.00043630
0.00043630
0.00043630
0.00043630
0.00043630
0.00043630
0.00043630
0.00043630
0.00043630
0.00043630
0.00043630
0.00043630
0.00043630
0.00043630
0.00043630
0.00043630
0.00043630
0.00043630
0.00043630
0.00043630
0.00043630
0.00043630
0.00043630
0.00043630
0.00043630
0.00043630
0.00043630
0.00043630
0.00043630
0.00043630
0.00043630
0.00043630
0.00043630
0.00043630
0.00043630
0.00043630
0.00043630
0.00043630
0.00043630
0.00043630
0.00043630
0.00043630
0.00043630
0.00043630
0.00043630
0.00043630
0.00043630
0.00043630
0.00043630
0.00043630
0.00043630
0.00043630
0.00043630
0.00043630
0.00043630
0.00043630
0.00043630
0.00043630
0.00043630
0.00043630
0.00043630
0.00043630
0.00043630
0.00043630
0.00043630
0.00043630
0.00043630
0.00043630
0.00043630
0.00043630
0.00043630
0.00043630
0.00043630
0.00043630
0.00043630
0.00043630
0.00043630
0.00043630
0.00043630
0.00043630
0.00043630
0.00043630
0.00043630
0.00043630
0.00043630
0.00043630
0.00043630
0.00043630
0.00043630
0.00043630
0.00043630
0.00043630
0.00043630
0.00043630
0.00043630
0.00043630
0.00043630
0.00043630
0.00043630
0.00043630
0.00043630
0.00043630
0.00043630
0.00043630
0.00043630
0.00043630
0.00043630
0.00043630
0.00043630
0.00043630
0.00043630
0.00043630
0.00043630
0.00043630
0.00043630
0.00043630
0.00043630
0.00043630
0.00043630
0.00043630
0.00043630
0.00043630
0.00043630
0.00043630
0.00043630
0.00043630
0.00043630
0.00043630
0.00043630
0.00043630
0.00043630
0.00043630
0.00043630
0.00043630
0.00043630
0.00043630
0.00043630
0.00043630
0.00043630
0.00043630
0.00043630
0.00043630
0.00043630
0.00043630
0.00043630
0.00043630
0.00043630
0.00043630
0.00043630
0.00043630
0.00043630
0.00043630
0.00043630
0.00043630
0.00043630
0.00043630
0.00043630
0.00043630
0.00043630
0.00043630
0.00043630
0.00043630
0.00043630
0.00043630
0.00043630
0.00043630
0.00043630
0.00043630
0.00043630
0.00043630
0.00043630
0.00043630
0.00043630
0.00043630
0.00043630
0.00043630
0.00043630
0.00043630
0.00043630
0.00043630
0.00043630
0.00043630
0.00043630
0.00043630
0.00043630
0.00043630
0.00043630
0.00043630
0.00043630
0.00043630
0.00043630
0.00043630
0.00043630
0.00043630
0.00043630
0.00043630
0.00043630
0.00043630
0.00043630
0.00043630
0.00043630
0.00043630
0.00043630
0.00043630
0.00043630
0.00043630
0.00043630
0.00043630
0.00043630
0.00043630
0.00043630
0.00043630
0.00043630
0.00043630
0.00043630
0.00043630
0.00043630
0.00043630
0.00043630
0.00043630
0.00043630
0.00043630
0.00043630
0.00043630
0.00043630
0.00043630
0.00043630
0.00043630
0.00043630
0.00043630
0.00043630
0.00043630
0.00043630
0.00043630
0.00043630
0.00043630
0.00043630
0.00043630
0.00043630
0.00043630
0.00043630
0.00043630
0.00043630
0.00043630
0.00043630
0.00043630
0.00043630
0.00043630
0.00043630
0.00043630
0.00043630
0.00043630
0.00043630
0.00043630
0.00043630
0.00043630
0.00043630
0.00043630
0.00043630
0.00043630
0.00043630
0.00043630
0.00043630
0.00043630
0.00043630
0.00043630
0.00043630
0.00043630
0.00043630
0.00043630
0.00043630
0.00043630
0.00043630
0.00043630
0.00043630
0.00043630
0.00043630
0.00043630
0.00043630
0.00043630
0.00043630
0.00043630
0.00043630
0.00043630
0.00043630
0.00043630
0.00043630
0.00043630
0.00043630
0.00043630
0.00043630
0.00043630
0.00043630
0.00043630
0.00043630
0.00043630
0.00043630
0.00043630
0.00043630
0.00043630
0.00043630
0.00043630
0.00043630
0.00043630
0.00043630
0.00043630
0.00043630
0.00043630
0.00043630
0.00043630
0.00043630
0.00043630
0.00043630
0.00043630
0.00043630
0.00043630
0.00043630
0.00043630
0.00043630
0.00043630
0.00043630
0.00043630
0.00043630
0.00043630
0.00043630
0.00043630
0.00043630
0.00043630
0.00043630
0.00043630
0.00043630
0.00043630
0.00043630
0.00043630
0.00043630
0.00043630
0.00043630
0.00043630
0.00043630
0.00043630
0.00043630
0.00043630
0.00043630
0.00043630
0.00043630
0.00043630
0.00043630
0.00043630
0.00043630
0.00043630
0.00043630
0.00043630
0.00043630
0.00043630
0.00043630
0.00043630
0.00043630
0.00043630
0.00043630
0.00043630
0.00043630
0.00043630
0.00043630
0.00043630
0.00043630
0.00043630
0.00043630
0.00043630
0.00043630
0.00043630
0.00043630
0.00043630
0.00043630
0.00043630
0.00043630
0.00043630
0.00043630
0.00043630
0.00043630
0.00043630
0.00043630
0.00043630
0.00043630
0.00043630
0.00043630
0.00043630
0.00043630
0.00043630
0.00043630
0.00043630
0.00043630
0.00043630
0.00043630
0.00043630
0.00043630
0.00043630
0.00043630
0.00043630
0.00043630
0.00043630
0.00043630
0.00043630
0.00043630
0.00043630
0.00043630
0.00043630
0.00043630
0.00043630
0.00043630
0.00043630
0.00043630
0.00043630
0.00043630
0.00043630
0.00043630
0.00043630
0.00043630
0.00043630
0.00043630
0.00043630
0.00043630
0.00043630
0.00043630
0.00043630
0.00043630
0.00043630
0.00043630
0.00043630
0.00043630
0.00043630
0.00043630
0.00043630
0.00043630
0.00043630
0.00043630
0.00043630
0.00043630
0.00043630
0.00043630
0.00043630
0.00043630
0.00043630
0.00043630
0.00043630
0.00043630
0.00043630
0.00043630
0.00043630
0.00043630
0.00043630
0.00043630
0.00043630
0.00043630
0.00043630
0.00043630
0.00043630
0.00043630
0.00043630
0.00043630
0.00043630
0.00043630
0.00043630
0.00043630
0.00043630
0.00043630
0.00043630
0.00043630
0.00043630
0.00043630
0.00043630
0.00043630
0.00043630
0.00043630
0.00043630
0.00043630
0.00043630
0.00043630
0.00043630
0.00043630
0.00043630
0.00043630
0.00043630
0.00043630
0.00043630
0.00043630
0.00043630
0.00043630
0.00043630
0.00043630
0.00043630
0.00043630
0.00043630
0.00043630
0.00043630
0.00043630
0.00043630
0.00043630
0.00043630
0.00043630
0.00043630
0.00043630
0.00043630
0.00043630
0.00043630
0.00043630
0.00043630
0.00043630
0.00043630
0.00043630
0.00043630
0.00043630
0.00043630
0.00043630
0.00043630
0.00043630
0.00043630
0.00043630
0.00043630
0.00043630
0.00043630
0.00043630
0.00043630
0.00043630
0.00043630
0.00043630
0.00043630
0.00043630
0.00043630
0.00043630
0.00043630
0.00043630
0.00043630
0.00043630
0.00043630
0.00043630
0.00043630
0.00043630
0.00043630
0.00043630
0.00043630
0.00043630
0.00043630
0.00043630
0.00043630
0.00043630
0.00043630
0.00043630
0.00043630
0.00043630
0.00043630
0.00043630
0.00043630
0.00043630
0.00043630
0.00043630
0.00043630
0.00043630
0.00043630
0.00043630
0.00043630
0.00043630
0.00043630
0.00043630
0.00043630
0.00043630
0.00043630
0.00043630
0.00043630
0.00043630
0.00043630
0.00043630
0.00043630
0.00043630
0.00043630
0.00043630
0.00043630
0.00043630
0.00043630
0.00043630
0.00043630
0.00043630
0.00043630
0.00043630
0.00043630
0.00043630
0.00043630
0.00043630
0.00043630
0.00043630
0.00043630
0.00043630
0.00043630
0.00043630
0.00043630
0.00043630
0.00043630
0.00043630
0.00043630
0.00043630
0.00043630
0.00043630
0.00043630
0.00043630
0.00043630
0.00043630
0.00043630
0.00043630
0.00043630
0.00043630
0.00043630
0.00043630
0.00043630
0.00043630
0.00043630
0.00043630
0.00043630
0.00043630
0.00043630
0.00043630
0.00043630
0.00043630
0.00043630
0.00043630
0.00043630
0.00043630
0.00043630
0.00043630
0.00043630
0.00043630
0.00043630
0.00043630
0.00043630
0.00043630
0.00043630
0.00043630
0.00043630
0.00043630
0.00043630
0.00043630
0.00043630
0.00043630
0.00043630
0.00043630
0.00043630
0.00043630
0.00043630
0.00043630
0.00043630
0.00043630
0.00043630
0.00043630
0.00043630
0.00043630
0.00043630
0.00043630
0.00043630
0.00043630
0.00043630
0.00043630
0.00043630
0.00043630
0.00043630
0.00043630
0.00043630
0.00043630
0.00043630
0.00043630
0.00043630
0.00043630
0.00043630
0.00043630
0.00043630
0.00043630
0.00043630
0.00043630
0.00043630
0.00043630
0.00043630
0.00043630
0.00043630
0.00043630
0.00043630
0.00043630
0.00043630
0.00043630
0.00043630
0.00043630
0.00043630
0.00043630
0.00043630
0.00043630
0.00043630
0.00043630
0.00043630
0.00043630
0.00043630
0.00043630
0.00043630
0.00043630
0.00043630
0.00043630
0.00043630
0.00043630
0.00043630
0.00043630
0.00043630
0.00043630
0.00043630
0.00043630
0.00043630
0.00043630
0.00043630
0.00043630
0.00043630
0.00043630
0.00043630
0.00043630
0.00043630
0.00043630
0.00043630
0.00043630
0.00043630
0.00043630
0.00043630
0.00043630
0.00043630
0.00043630
0.00043630
0.00043630
0.00043630
0.00043630
0.00043630
0.00043630
0.00043630
0.00043630
0.00043630
0.00043630
0.00043630
0.00043630
0.00043630
0.00043630
0.00043630
0.00043630
0.00043630
0.00043630
0.00043630
0.00043630
0.00043630
0.00043630
0.00043630
0.00043630
0.00043630
0.00043630
0.00043630
0.00043630
0.00043630
0.00043630
0.00043630
0.00043630
0.00043630
0.00043630
0.00043630
0.00043630
0.00043630
0.00043630
0.00043630
0.00043630
0.00043630
0.00043630
0.00043630
0.00043630
0.00043630
0.00043630
0.00043630
0.00043630
0.00043630
0.00043630
0.00043630
0.00043630
0.00043630
0.00043630
0.00043630
0.00043630
0.00043630
0.00043630
0.00043630
0.00043630
0.00043630
0.00043630
0.00043630
0.00043630
0.00043630
0.00043630
0.00043630
0.00043630
0.00043630
0.00043630
0.00043630
0.00043630
0.00043630
0.00043630
0.00043630
0.00043630
0.00043630
0.00043630
0.00043630
0.00043630
0.00043630
0.00043630
0.00043630
0.00043630
0.00043630
0.00043630
0.00043630
0.00043630
0.00043630
0.00043630
0.00043630
0.00043630
0.00043630
0.00043630
0.00043630
0.00043630
0.00043630
0.00043630
0.00043630
0.00043630
0.00043630
0.00043630
0.00043630
0.00043630
0.00043630
0.00043630
0.00043630
0.00043630
0.00043630
0.00043630
0.00043630
0.00043630
0.00043630
0.00043630
0.00043630
0.00043630
0.00043630
0.00043630
0.00043630
0.00043630
0.00043630
0.00043630
0.00043630
0.00043630
0.00043630
0.00043630
0.00043630
0.00043630
0.00043630
0.00043630
0.00043630
0.00043630
0.00043630
0.00043630
0.00043630
0.00043630
0.00043630
0.00043630
0.00043630
0.00043630
0.00043630
0.00043630
0.00043630
0.00043630
0.00043630
0.00043630
0.00043630
0.00043630
0.00043630
0.00043630
0.00043630
0.00043630
0.00043630
0.00043630
0.00043630
0.00043630
0.00043630
0.00043630
0.00043630
0.00043630
0.00043630
0.00043630
0.00043630
0.00043630
0.00043630
0.00043630
0.00043630
0.00043630
0.00043630
0.00043630
0.00043630
0.00043630
0.00043630
0.00043630
0.00043630
0.00043630
0.00043630
0.00043630
0.00043630
0.00043630
0.00043630
0.00043630
0.00043630
0.00043630
0.00043630
0.00043630
0.00043630
0.00043630
0.00043630
0.00043630
0.00043630
0.00043630
0.00043630
0.00043630
0.00043630
0.00043630
0.00043630
0.00043630
0.00043630
0.00043630
0.00043630
0.00043630
0.00043630
0.00043630
0.00043630
0.00043630
0.00043630
0.00043630
0.00043630
0.00043630
0.00043630
0.00043630
0.00043630
0.00043630
0.00043630
0.00043630
0.00043630
0.00043630
0.00043630
0.00043630
0.00043630
0.00043630
0.00043630
0.00043630
0.00043630
0.00043630
0.00043630
0.00043630
0.00043630
0.00043630
0.00043630
0.00043630
0.00043630
0.00043630
0.00043630
0.00043630
0.00043630
0.00043630
0.00043630
0.00043630
0.00043630
0.00043630
0.00043630
0.00043630
0.00043630
0.00043630
0.00043630
0.00043630
0.00043630
0.00043630
0.00043630
0.00043630
0.00043630
0.00043630
0.00043630
0.00043630
0.00043630
0.00043630
0.00043630
0.00043630
0.00043630
0.00043630
0.00043630
0.00043630
0.00043630
0.00043630
0.00043630
0.00043630
0.00043630
0.00043630
0.00043630
0.00043630
0.00043630
0.00043630
0.00043630
0.00043630
0.00043630
0.00043630
0.00043630
0.00043630
0.00043630
0.00043630
0.00043630
0.00043630
0.00043630
0.00043630
0.00043630
0.00043630
0.00043630
0.00043630
0.00043630
0.00043630
0.00043630
0.00043630
0.00043630
0.00043630
0.00043630
0.00043630
0.00043630
0.00043630
0.00043630
0.00043630
0.00043630
0.00043630
0.00043630
0.00043630
0.00043630
0.00043630
0.00043630
0.00043630
0.00043630
0.00043630
0.00043630
0.00043630
0.00043630
0.00043630
0.00043630
0.00043630
0.00043630
0.00043630
0.00043630
0.00043630
0.00043630
0.00043630
0.00043630
0.00043630
0.00043630
0.00043630
0.00043630
0.00043630
0.00043630
0.00043630
0.00043630
0.00043630
0.00043630
0.00043630
0.00043630
0.00043630
0.00043630
0.00043630
0.00043630
0.00043630
0.00043630
0.00043630
0.00043630
0.00043630
0.00043630
0.00043630
0.00043630
0.00043630
0.00043630
0.00043630
0.00043630
0.00043630
0.00043630
0.00043630
0.00043630
0.00043630
0.00043630
0.00043630
0.00043630
0.00043630
0.00043630
0.00043630
0.00043630
0.00043630
0.00043630
0.00043630
0.00043630
0.00043630
0.00043630
0.00043630
0.00043630
0.00043630
0.00043630
0.00043630
0.00043630
0.00043630
0.00043630
0.00043630
0.00043630
0.00043630
0.00043630
0.00043630
0.00043630
0.00043630
0.00043630
0.00043630
0.00043630
0.00043630
0.00043630
0.00043630
0.00043630
0.00043630
0.00043630
0.00043630
0.00043630
0.00043630
0.00043630
0.00043630
0.00043630
0.00043630
0.00043630
0.00043630
0.00043630
0.00043630
0.00043630
0.00043630
0.00043630
0.00043630
0.00043630
0.00043630
0.00043630
0.00043630
0.00043630
0.00043630
0.00043630
0.00043630
0.00043630
0.00043630
0.00043630
0.00043630
0.00043630
0.00043630
0.00043630
0.00043630
0.00043630
0.00043630
0.00043630
0.00043630
0.00043630
0.00043630
0.00043630
0.00043630
0.00043630
0.00043630
0.00043630
0.00043630
0.00043630
0.00043630
0.00043630
0.00043630
0.00043630
0.00043630
0.00043630
0.00043630
0.00043630
0.00043630
0.00043630
0.00043630
0.00043630
0.00043630
0.00043630
0.00043630
0.00043630
0.00043630
0.00043630
0.00043630
0.00043630
0.00043630
0.00043630
0.00043630
0.00043630
0.00043630
0.00043630
0.00043630
0.00043630
0.00043630
0.00043630
0.00043630
0.00043630
0.00043630
0.00043630
0.00043630
0.00043630
0.00043630
0.00043630
0.00043630
0.00043630
0.00043630
0.00043630
0.00043630
0.00043630
0.00043630
0.00043630
0.00043630
0.00043630
0.00043630
0.00043630
0.00043630
0.00043630
0.00043630
0.00043630
0.00043630
0.00043630
0.00043630
0.00043630
0.00043630
0.00043630
0.00043630
0.00043630
0.00043630
0.00043630
0.00043630
0.00043630
0.00043630
0.00043630
0.00043630
0.00043630
0.00043630
0.00043630
0.00043630
0.00043630
0.00043630
0.00043630
0.00043630
0.00043630
0.00043630
0.00043630
0.00043630
0.00043630
0.00043630
0.00043630
0.00043630
0.00043630
0.00043630
0.00043630
0.00043630
0.00043630
0.00043630
0.00043630
0.00043630
0.00043630
0.00043630
0.00043630
0.00043630
0.00043630
0.00043630
0.00043630
0.00043630
0.00043630
0.00043630
0.00043630
0.00043630
0.00043630
0.00043630
0.00043630
0.00043630
0.00043630
0.00043630
0.00043630
0.00043630
0.00043630
0.00043630
0.00043630
0.00043630
0.00043630
0.00043630
0.00043630
0.00043630
0.00043630
0.00043630
0.00043630
0.00043630
0.00043630
0.00043630
0.00043630
0.00043630
0.00043630
0.00043630
0.00043630
0.00043630
0.00043630
0.00043630
0.00043630
0.00043630
0.00043630
0.00043630
0.00043630
0.00043630
0.00043630
0.00043630
0.00043630
0.00043630
0.00043630
0.00043630
0.00043630
0.00043630
0.00043630
0.00043630
0.00043630
0.00043630
0.00043630
0.00043630
0.00043630
0.00043630
0.00043630
0.00043630
0.00043630
0.00043630
0.00043630
0.00043630
0.00043630
0.00043630
0.00043630
0.00043630
0.00043630
0.00043630
0.00043630
0.00043630
0.00043630
0.00043630
0.00043630
0.00043630
0.00043630
0.00043630
0.00043630
0.00043630
0.00043630
0.00043630
0.00043630
0.00043630
0.00043630
0.00043630
0.00043630
0.00043630
0.00043630
0.00043630
0.00043630
0.00043630
0.00043630
0.00043630
0.00043630
0.00043630
0.00043630
0.00043630
0.00043630
0.00043630
0.00043630
0.00043630
0.00043630
0.00043630
0.00043630
0.00043630
0.00043630
0.00043630
0.00043630
0.00043630
0.00043630
0.00043630
0.00043630
0.00043630
0.00043630
0.00043630
0.00043630
0.00043630
0.00043630
0.00043630
0.00043630
0.00043630
0.00043630
0.00043630
0.00043630
0.00043630
0.00043630
0.00043630
0.00043630
0.00043630
0.00043630
0.00043630
0.00043630
0.00043630
0.00043630
0.00043630
0.00043630
0.00043630
0.00043630
0.00043630
0.00043630
0.00043630
0.00043630
0.00043630
0.00043630
