1.00000000
0.98809524
0.97619048
0.96428571
0.95238095
0.94047619
0.92857143
0.91666667
0.90476190
0.89285714
0.88095238
0.86904762
0.85714286
0.84523810
0.83333333
0.82142857
0.80952381
0.79761905
0.78571429
0.77380952
0.76190476
0.75000000
0.73809524
0.72619048
0.71428571
0.70238095
0.69047619
0.67857143
0.66666667
0.65476190
0.64285714
0.63095238
0.61904762
0.60714286
0.59523810
0.58333333
0.57142857
0.55952381
0.53571429
0.52380952
0.51190476
0.50000000
0.48809524
0.47619048
0.46428571
0.45238095
0.44047619
0.42857143
0.41666667
0.40476190
0.39285714
0.38095238
0.36904762
0.35714286
0.34523810
0.33333333
0.32142857
0.30952381
0.29761905
0.27380952
0.26190476
0.25000000
0.23809524
0.05952381
0.04761905
0.03571429
0.02380952
0.02380952
0.01190476
0.01190476
0.01190476
0.01190476
0.01190476
0.01190476
0.01190476
0.01190476
0.01190476
0.01190476
0.01190476
0.01190476
0.01190476
0.01190476
0.01190476
0.01190476
