625
467
340
277
470
714
982
464
1351
771
557
1016
619
850
953
342
333
474
35
161
446
941
1355
455
1130
515
143
879
310
925
794
1199
1264
94
954
100
1164
156
1255
267
402
1300
789
745
674
29
735
774
1307
413
1334
1124
1286
935
142
583
1354
637
999
375
775
1072
359
56
134
128
1022
1320
1052
502
988
187
437
772
110
905
1135
433
67
272
1292
184
924
1167
314
986
1232
1126
1219
732
162
499
311
1262
877
691
1217
1035
172
1024
518
896
209
1159
447
1021
285
1218
1165
720
785
872
1373
997
921
1111
910
1069
1163
115
463
1076
1099
1290
55
1071
1212
985
1207
593
734
947
1136
80
608
1004
1374
528
1227
646
191
950
39
600
40
269
638
535
232
408
907
748
1081
1299
1391
750
803
937
825
885
1028
41
68
82
1296
363
1309
978
545
233
1057
1221
1027
617
365
1282
454
350
835
1170
586
1256
861
306
1171
819
31
1310
831
1216
631
186
807
665
1319
370
71
462
874
990
1330
1258
1098
1223
1384
341
848
522
843
889
875
28
392
432
261
1123
865
461
1073
326
396
995
210
1327
84
1293
1367
689
1173
620
1053
668
1353
400
225
823
897
177
154
1001
651
870
152
160
783
1047
703
551
739
729
1093
569
641
146
673
1150
700
1155
640
1104
681
669
1311
960
244
457
1393
1068
192
824
12
1228
1303
318
519
1220
1153
931
1329
1229
974
1177
1157
684
923
496
364
805
756
677
946
492
26
552
590
961
675
89
868
716
397
1031
266
955
587
354
1178
1119
1115
384
1308
471
776
241
1156
604
933
837
890
659
393
330
147
372
513
957
1101
685
1336
892
175
237
683
130
888
797
845
1297
562
195
42
1096
1092
570
699
399
503
648
1084
334
880
505
864
58
949
259
965
335
682
790
185
764
821
731
281
670
331
98
223
928
126
271
238
548
895
93
1034
863
818
642
1012
1161
357
483
804
137
1003
189
255
382
451
832
524
565
491
1377
544
487
376
27
563
1148
663
1127
104
857
30
1222
1172
1109
1321
1375
495
536
1215
406
329
1100
1245
780
661
725
934
19
705
1305
158
1362
517
1078
1046
291
486
597
468
667
239
1125
1075
207
380
891
216
38
453
1193
688
1213
43
320
1369
1246
265
377
424
151
11
707
523
759
799
632
602
469
206
916
1085
1011
926
1186
743
338
585
319
520
17
956
510
568
711
1131
798
936
695
1183
305
571
1048
1357
1208
1002
622
817
304
696
141
21
173
867
1254
1225
760
1030
1257
180
34
92
712
787
630
356
83
1270
1055
9
169
428
733
710
1038
295
1396
343
1295
1332
963
404
1348
1314
636
303
414
1323
389
894
782
1017
511
1231
657
616
606
543
118
1110
506
107
1388
687
1198
704
46
25
1175
549
980
679
752
198
812
133
1249
164
445
1371
906
14
898
653
1273
919
123
811
368
200
1086
1088
939
1134
346
1152
280
1269
1181
652
0
63
15
297
1359
1209
694
1352
477
1140
460
221
508
148
69
755
1190
795
1345
196
64
325
157
564
1383
419
994
1133
286
1040
22
1145
871
479
846
20
690
943
1043
16
249
594
422
706
13
1116
1020
62
59
1382
274
1260
1051
1050
213
144
1026
1197
678
250
504
60
1129
308
423
1151
833
230
327
37
940
188
1114
204
1132
529
421
806
822
159
859
283
627
849
1338
205
509
383
618
841
584
1090
1291
1397
1392
598
3
1331
1356
23
1280
313
603
482
54
1066
792
1033
108
347
1376
312
1182
103
959
218
816
814
810
1361
1335
951
1041
412
1272
1204
768
75
1302
1200
351
246
1253
472
1275
698
724
378
416
1317
882
629
248
494
273
1044
581
628
723
1281
624
840
444
203
969
385
952
621
336
1343
135
459
202
526
1201
436
1113
256
1059
251
371
762
1007
129
566
876
85
761
1248
773
1094
224
1146
275
786
744
174
124
1079
550
801
1243
715
1298
1316
945
601
1117
809
932
1250
1095
856
501
1121
904
122
701
254
176
1252
1381
1180
908
531
1287
391
48
1087
1342
97
1194
645
1013
217
66
579
1120
1268
1226
49
222
1236
1210
485
1108
1191
1344
1238
693
1147
478
1211
116
851
886
300
644
1023
737
367
1188
105
381
301
473
307
409
448
231
713
1107
339
211
736
920
360
633
852
971
96
1174
753
1385
1168
140
278
1265
1062
738
1251
120
815
290
612
719
847
1267
1235
263
676
65
302
500
150
902
168
403
294
766
61
599
1005
119
842
1285
1160
542
1328
781
830
1089
328
493
1261
322
546
623
252
1065
443
1386
219
1206
1239
358
287
722
634
88
680
1006
1233
317
1324
439
247
514
264
643
106
873
78
5
190
183
1360
111
1289
4
1358
1266
855
610
1162
567
512
1187
262
109
1137
1349
1149
1341
588
227
212
1185
589
697
99
591
808
145
91
554
131
555
193
553
655
777
292
179
456
516
386
909
917
481
839
930
1370
136
1196
887
1283
121
33
788
1306
24
1
1259
1224
1234
53
57
1166
1138
214
1143
229
315
258
112
296
1049
1070
973
507
541
987
1097
369
662
215
450
1067
417
757
243
1339
440
1347
996
1284
1395
1325
1333
938
1271
181
1192
717
1195
534
1169
547
1176
1364
1091
813
1103
289
1058
240
1063
962
1082
914
1025
647
918
718
927
834
769
639
793
577
746
355
765
165
649
466
257
194
