3110
1801
3275
3133
3302
3656
2586
3319
738
1040
3044
2939
3337
3558
992
3489
2231
3346
1869
210
1292
2400
3163
2414
1527
3344
686
616
1528
3303
3362
937
3524
1699
3379
3520
924
2248
2922
2106
2065
3612
2028
2234
2593
3467
1587
3256
3284
1520
2155
1167
2124
3265
3352
2350
3068
158
3279
3534
3331
2266
3581
2399
3236
2063
2325
3638
3676
3290
2827
3158
3363
1720
2461
3650
3083
2648
114
3299
2246
3615
246
2409
90
2453
2761
2219
1158
3552
3645
3320
3631
3541
542
3604
2836
2217
3551
2460
2196
3391
2069
2677
1315
3297
669
2374
3286
3426
3517
84
461
2103
3526
926
987
1084
1202
304
1047
169
928
2835
2340
1057
3521
125
2707
2232
3113
923
3221
3536
3414
3588
1812
1924
1203
943
3505
3586
1545
1734
2014
2078
1849
972
2038
1909
3416
3234
1878
473
2941
1427
3532
397
690
2100
1387
2330
3491
222
2181
3231
2370
2265
1314
3087
1370
3433
3047
3618
1020
3627
3594
167
324
2588
3085
661
2928
1518
3197
87
3409
1300
202
1400
3477
2313
3196
3447
54
3335
1195
1728
2108
2383
1827
1805
3529
2802
3323
1911
3622
1884
458
3349
703
3620
1916
2172
3151
2594
1235
954
3488
2745
139
370
2433
3573
1189
1826
3616
1762
3463
1566
2110
3399
3122
887
1072
2530
699
1544
3392
1241
428
3008
1188
546
296
1955
1424
442
278
1816
3528
3619
3260
3554
3121
2883
750
3669
1800
2320
3621
1302
1000
3077
1794
1049
2741
209
492
3333
671
1838
3011
2261
96
634
1296
256
3454
1438
3502
1920
2195
3314
3421
2361
3318
1834
3629
1896
3177
3444
1366
732
2872
1879
1928
1706
3655
2766
372
1291
1831
2898
844
219
315
89
483
1021
3251
2895
214
1108
3591
2226
3295
2945
229
133
3451
187
2339
1933
2563
1946
506
3543
1536
33
207
1722
3055
1783
2493
1162
3562
1939
2501
478
330
484
942
2615
3173
622
883
126
1134
3378
365
2888
2782
312
1657
860
3518
55
1837
700
1050
1815
549
3341
2833
3614
1259
157
197
198
121
3132
1392
2032
23
1609
3499
2509
457
3501
537
173
28
97
2819
117
2198
3643
3599
266
3248
3535
178
3069
1962
567
302
534
35
1135
566
3420
1872
2154
3405
1093
3359
2416
3597
1650
2337
3457
1615
1083
3280
2428
3576
150
493
151
0
3232
1887
1868
2755
3560
915
243
232
172
294
2534
1238
1555
630
44
65
193
759
128
32
308
235
177
406
348
109
431
3092
425
3496
1026
2909
2908
1413
2885
1442
1852
3422
2846
3512
1172
2026
3487
907
906
1651
60
427
437
291
2119
3495
1848
1856
3542
2794
1921
226
3509
1769
3308
2238
3056
1749
301
81
2130
554
547
1744
2937
1814
2774
1684
1034
1111
2579
2754
1760
2236
3074
486
2308
3450
795
240
1121
2853
1771
988
608
2162
290
1301
830
299
2075
409
3578
4
112
489
1080
1192
334
1256
1727
2067
396
3633
1199
990
1947
201
262
2902
1981
2933
1822
3373
14
2276
797
2087
1148
1972
3365
3329
2272
3067
350
63
1836
309
445
3486
1802
3539
1809
1045
3080
938
3401
1890
3245
1251
1839
2679
871
3283
186
386
632
3200
497
3415
1745
2969
3630
2256
2227
1436
2899
1081
2796
1949
1642
1735
3370
41
1653
82
3180
736
3561
780
1619
3298
1281
1784
2267
599
3626
1767
3464
3644
1581
3439
1522
2510
1613
1934
2891
3046
595
1764
854
781
1940
2757
3242
1766
449
1958
3412
1925
3045
2254
143
1168
2986
191
134
18
179
2962
1124
1862
945
1023
754
572
247
1894
2961
3240
2077
3395
896
184
1686
3342
3311
3112
3402
2440
2632
2897
1824
3062
584
3523
767
127
183
140
231
311
2
108
142
2878
1819
56
11
2958
2315
2101
2805
1842
516
707
1410
3171
1161
2645
2133
1780
814
1731
3108
3249
3556
520
3432
1948
3435
402
1746
66
2884
1817
3241
144
432
1397
2305
3361
591
2280
697
3531
905
970
1747
2968
1922
1113
3387
490
527
3436
2355
95
3371
24
639
323
378
1097
1908
3261
2439
2171
2221
2800
1889
2033
784
2764
792
3282
3367
3559
3469
3661
2682
1860
279
3424
1176
2927
2818
2816
2291
3194
1790
5
59
45
43
46
106
249
1422
3479
3649
3020
3213
2059
164
1319
174
288
3300
3129
3048
217
102
3070
3208
3156
1386
3481
585
2132
1531
1463
3143
2371
2973
885
1823
2197
1750
1069
815
2491
1825
756
1193
1325
1534
1777
3537
1829
161
711
2224
498
1845
660
2920
507
1918
446
2118
2192
3492
1761
834
3272
2829
1961
2025
817
3072
895
67
722
2208
851
1231
3210
1741
1782
3565
364
2109
1843
1804
166
2271
3229
3179
3473
2083
2575
3103
3440
1846
1770
471
1323
2213
901
796
1440
338
228
1796
485
3023
1018
381
86
691
721
1270
3468
1285
472
34
1929
237
2894
2298
2331
1954
2027
2031
2018
50
1033
192
1230
122
1181
1737
404
1936
250
1633
120
400
1089
1626
110
2176
3107
1164
3437
1268
1209
912
1765
3404
2168
2205
3382
3545
3237
2729
624
1
3219
2268
2179
2165
2304
3084
2474
2508
3063
1907
3582
124
313
2905
3610
3100
1335
835
2292
3281
2584
1533
2152
2826
1726
3135
1708
583
1943
1786
1324
3204
3508
3271
3025
303
2170
1881
83
581
2814
3116
3452
1844
1139
188
2934
1807
130
2363
2732
2684
598
1976
2918
995
3175
3360
357
360
3548
2186
1443
1753
662
865
544
1900
1927
666
1267
3131
366
3169
1876
2127
3348
3445
333
2788
2336
101
1308
1644
111
2088
1155
2142
438
1147
3324
1269
2823
2111
1821
1624
2173
2993
1931
3104
2360
899
146
224
1197
993
617
1861
724
2856
2610
3002
3201
3407
1791
1906
2225
329
675
695
2356
1899
2886
2020
2212
1144
3235
2415
1778
2218
1867
2948
1236
206
3540
985
1219
2784
3233
2413
1873
1913
600
3515
1114
971
2900
316
88
1935
2188
2444
3478
1937
1877
656
2140
342
1857
3096
2301
1866
61
2813
3066
1583
1293
3641
1832
1328
2115
1343
1304
3000
3263
1309
454
3317
3262
1712
3410
800
626
3126
3383
3039
1393
3377
3386
3564
270
2977
558
2722
3227
1541
1373
3102
2102
3114
289
3336
773
339
2131
951
638
3640
3419
3577
3460
1501
1290
670
2992
646
3568
3571
3001
3375
2086
474
2214
612
1656
524
3089
3007
213
317
2174
3372
1903
3165
2319
2183
1091
777
168
2160
2316
618
2650
3211
2362
939
3051
889
2023
793
1019
3034
3052
1099
3225
2752
341
1565
2182
2282
3423
3191
878
2158
3128
42
2951
3569
502
2910
3364
2299
2417
3483
3033
1349
2240
3497
390
3119
2329
3192
2071
881
3355
1159
3060
766
2147
504
355
1131
775
3366
900
3105
3228
3273
2791
1264
2991
1667
2089
340
1645
230
3043
2295
1788
3139
3358
2255
964
2191
1772
999
2105
2090
211
359
3291
3472
3147
1944
2273
3168
3024
3032
1646
325
1806
1628
1959
3264
2263
3160
3028
3519
1892
2175
1150
500
2327
3050
1056
2228
1627
3600
2092
3141
3547
1395
1773
3266
3098
488
888
58
2850
3430
3301
3293
2985
2253
3127
2576
3040
2375
1146
2328
3155
3325
3094
2178
3036
3012
582
1087
2293
2189
2354
2963
2104
1828
601
1278
3288
1262
2990
2842
2817
870
2543
3142
2377
1435
455
3356
2096
345
2987
2848
3138
1333
2861
462
2153
3292
1666
1133
1652
532
2780
1179
2481
53
2477
1757
1759
866
1858
2257
2971
663
3215
292
1599
2022
1668
936
2274
701
1864
2956
2149
1919
1799
1327
2286
2730
679
2073
3148
3396
2769
3184
3510
3190
2717
3162
2156
3004
3178
2233
779
2216
3475
2204
353
1740
3073
739
2952
1381
853
2199
2064
1154
706
3250
3258
421
2003
2487
2081
3255
1266
1399
1589
2123
3152
2771
2039
2976
2869
3137
2209
1322
1153
2373
1173
1138
1169
2288
2048
2013
2749
3057
3170
1156
1326
1616
1170
2285
715
1218
2279
3455
2874
1337
776
1280
3427
2334
3390
2347
1663
1368
2955
2343
933
3010
475
1659
2907
1141
2358
3058
3054
2259
1851
2914
590
2335
2634
2134
2600
3254
3330
3022
3199
1257
2112
1743
2099
3354
1612
1051
1380
408
2845
2420
1850
1092
1371
1930
791
794
1220
2243
1437
2309
2151
3130
115
1276
1260
2980
1254
1870
2011
1346
251
1729
2953
1665
1529
352
2201
2300
1198
3006
2789
2820
522
1183
3270
2040
347
1009
692
185
1643
3530
2753
615
2772
1797
1608
728
2114
171
1992
1736
752
3351
2785
2289
809
807
2185
1598
2943
652
300
2434
1104
195
1109
2703
1654
2959
265
973
2060
2068
2930
351
263
1792
401
521
1779
2364
1037
2314
3214
1898
594
2851
2333
2311
657
2120
2916
1662
874
1145
3146
2017
1580
1313
1288
1136
1774
382
3030
1090
529
1240
1274
1289
2348
1152
1174
93
648
362
832
3596
2084
3269
1538
3154
2763
1510
1338
3485
2206
569
2116
1813
1237
2161
1912
2596
2138
769
1573
2177
1488
2983
2975
2091
2577
2480
1914
959
322
1956
2051
2054
1329
2037
1100
1648
218
688
1334
216
368
2662
3368
3019
3557
374
212
149
2193
2035
2970
2521
3037
258
3400
3005
1312
2979
2029
2009
3369
1039
2964
2923
1756
574
2809
723
2148
1122
2061
2398
1655
1271
1818
2425
772
2093
2490
3003
2150
1307
3091
3017
2957
3099
2012
1263
3109
132
2207
2901
391
2566
2989
2825
1859
1311
1171
2773
2919
3009
3164
535
2368
1732
436
1137
1785
718
3202
2318
1448
2202
94
876
2125
2811
1752
2999
2887
578
641
586
1775
1820
2960
734
2251
3029
1038
3153
3220
3456
2326
3013
764
2967
2107
2076
1865
2187
3637
2998
1472
3095
2949
1459
2262
286
1888
1404
1748
2947
2892
2270
1336
1841
3418
2247
3079
2950
2258
1755
254
1882
1787
1793
2366
925
3016
1874
223
1464
3076
3408
705
3411
2047
2024
2896
1904
873
1895
950
2136
2982
2906
3207
2981
2966
2904
1730
1125
2044
3123
2765
3042
1606
26
2929
3049
1127
2306
162
47
2633
239
1015
1751
221
1085
2317
3149
3189
2284
227
2701
531
1101
2614
321
2312
3312
1022
1763
326
1185
257
2344
78
2866
1883
1808
2882
1265
91
238
1833
1830
1733
837
1561
3353
2965
2157
1206
2223
1297
1945
2167
1046
1140
2915
2235
2097
2057
1897
2954
3145
2281
934
1795
3035
2135
1579
2290
468
1157
2244
1499
2085
916
1182
2045
2988
1840
248
10
2974
3090
12
1952
1149
530
1988
2369
1875
220
2376
3041
1250
2921
1853
371
272
1286
3174
1739
156
25
2074
607
1593
519
1886
897
1724
293
994
1306
978
1014
1664
491
514
1287
1279
1847
1915
1725
1365
3075
147
1151
275
2016
513
73
13
1010
2278
1910
651
1905
349
423
1129
1414
155
208
7
318
29
