0.00000000
0.00191152
0.00377151
0.00493233
0.00743203
0.01248704
0.01915597
0.02159571
0.02404343
0.02884573
0.03201044
0.03758485
0.04171100
0.04524151
0.04843957
0.05141885
0.05409237
0.05488089
0.05757632
0.05998643
0.06026502
0.06256464
0.06352219
0.06551843
0.06920853
0.06998403
0.07230987
0.07313771
0.07640465
0.07671814
0.07882566
0.08167086
0.08349643
0.08708622
0.09059124
0.09433061
0.09848828
0.09980816
0.10209495
0.10451472
0.11018211
0.11218728
0.11723114
0.12176242
0.12283400
0.12815660
0.12984400
0.13385415
0.13779030
0.14113784
0.14238784
0.14484260
0.14831322
0.15054147
0.15257189
0.15525082
0.15806332
0.16323887
0.16904060
0.17377280
0.17698934
0.17847387
0.18302108
0.18681151
0.18822787
0.18992746
0.19204153
0.19506720
0.19933731
0.20298704
0.20640130
0.20952787
0.21244682
0.21319694
0.21854343
0.22155675
0.22597389
0.22949839
0.23279798
0.23531080
0.23728700
0.24012903
0.24223809
0.24411164
0.24656762
0.24848127
0.24984315
0.25191559
0.25353984
0.25655731
0.25943781
0.26022395
0.26327021
0.26666620
0.26934296
0.27214017
0.27483476
0.27851500
0.28315698
0.28557880
0.28796160
0.29066635
0.29302313
0.29674096
0.30081309
0.30156781
0.30482759
0.30829613
0.31152656
0.31485148
0.31744414
0.31885850
0.32227541
0.32739326
0.33049786
0.33443958
0.33785478
0.34250516
0.34790783
0.35315864
0.35962423
0.36370471
0.36851416
0.37428588
0.37838796
0.38441487
0.38806434
0.39205746
0.39604573
0.40040449
0.40337553
0.40905815
0.41394621
0.41988711
0.42423990
0.42845894
0.43490761
0.43790490
0.44178900
0.44561002
0.44796410
0.45403136
0.45705605
0.45938665
0.46405691
0.46758402
0.46940520
0.47401904
0.47786431
0.48225506
0.48491065
0.49073388
0.49314279
0.49556944
0.49881518
0.50260957
0.50712129
0.51210979
0.51734654
0.51932904
0.52105125
0.52797530
0.53362987
0.53620290
0.54071953
0.54505160
0.54898232
0.55368687
0.55620996
0.56289915
0.56907757
0.57515546
0.58044229
0.58536739
0.59091397
0.59319694
0.59679264
0.60195198
0.60365508
0.60675780
0.61035483
0.61616340
0.61838763
0.62294964
0.62938958
0.63460255
0.64030420
0.64120851
0.64513790
0.64998299
0.65408891
0.65705101
0.66065937
0.66488611
0.66996872
0.67421844
0.67788342
0.68213418
0.68301271
0.68656111
0.69071098
0.69458212
0.69930682
0.70111294
0.70303350
0.70651484
0.71253844
0.71567214
0.71746281
0.72357550
0.72796977
0.73336942
0.73535884
0.73781802
0.74298512
0.74704369
0.74983285
0.75428251
0.75945012
0.76342453
0.76619776
0.77162621
0.77509211
0.77896447
0.78509273
0.79008054
0.79417123
0.79825956
0.80134682
0.80682269
0.81156119
0.81701032
0.82105190
0.82327033
0.82500232
0.82967466
0.83479499
0.83749093
0.84055703
0.84392909
0.84766962
0.85296147
0.85897204
0.86354035
0.86742807
0.87170847
0.87462123
0.87992441
0.88068470
0.88748016
0.89316301
0.89607319
0.89974528
0.90576363
0.91083419
0.91192726
0.91308190
0.91777423
0.92420307
0.92588905
0.92945685
0.93285535
0.93448492
0.94094704
0.94188120
0.94719098
0.95075847
0.95512211
0.95866230
0.96419779
0.96955436
0.97295630
0.97898089
0.98484500
0.98811742
0.98931680
0.99177020
0.99264432
0.99765792
0.14160861
