0.00000000
0.00538255
0.00860305
0.01312325
0.01897290
0.02258208
0.02900980
0.03338190
0.03903005
0.04628748
0.05339086
0.05926344
0.06286930
0.06540780
0.07347177
0.07987456
0.08142203
0.08953719
0.09406794
0.09924498
0.10414481
0.11152215
0.11893676
0.12442719
0.13009085
0.13575230
0.13799950
0.14475600
0.15151672
0.15176977
0.15390745
0.15647739
0.16495728
0.17063735
0.17327614
0.17414268
0.17898474
0.18138661
0.18419586
0.18699370
0.19038892
0.19323051
0.19793424
0.19978883
0.20812183
0.21141598
0.21778248
0.22161235
0.22636170
0.22862766
0.23147858
0.23360602
0.23592724
0.24031032
0.24644612
0.25382861
0.25719000
0.25911558
0.26333406
0.26693142
0.27186181
0.27653209
0.27943823
0.28348436
0.28465031
0.28977303
0.29351758
0.29709887
0.30131910
0.30632123
0.30672230
0.31020693
0.31369453
0.31893887
0.32087072
0.32508008
0.33317985
0.33760686
0.34453912
0.34549191
0.34716765
0.35144033
0.35674777
0.36164938
0.36771049
0.37151753
0.37548974
0.38330201
0.38841177
0.39349028
0.39793027
0.40167213
0.40729348
0.40954431
0.41175544
0.41614838
0.41734822
0.41943625
0.42219458
0.42772616
0.43315710
0.43771842
0.44074813
0.44585042
0.45300928
0.45727440
0.46186319
0.46704983
0.47405978
0.47871250
0.48732296
0.49075968
0.49515481
0.49941816
0.50664135
0.51348188
0.51561868
0.52348212
0.52733208
0.53173798
0.53874747
0.54329017
0.54848262
0.55310736
0.55757882
0.56164891
0.56928652
0.57734747
0.58303707
0.58760120
0.59640582
0.60198593
0.60533215
0.61329291
0.61845982
0.62497298
0.63022113
0.63583229
0.64060359
0.64739384
0.65357338
0.65912825
0.66111002
0.66344876
0.66610263
0.67155630
0.67671041
0.67834581
0.68382322
0.69119175
0.69593718
0.69860766
0.70192710
0.70715129
0.71185242
0.71360342
0.71870748
0.72075068
0.72967104
0.73476926
0.73820401
0.74351001
0.75045760
0.75750440
0.76112474
0.76792314
0.77201103
0.77298229
0.77516103
0.78094232
0.78503233
0.78805679
0.79272311
0.80099895
0.80772094
0.81012795
0.81612710
0.82080378
0.82560560
0.83131435
0.83906882
0.84488175
0.84899249
0.85602484
0.86272080
0.86775258
0.87465214
0.87820436
0.88280035
0.88969255
0.89362658
0.89512180
0.89704315
0.90226320
0.90514590
0.91170877
0.91797347
0.92118796
0.92623356
0.93189329
0.93514334
0.93835226
0.94093796
0.94343980
0.94605685
0.94840211
0.95286613
0.95854346
0.96653309
0.97209942
0.97664598
0.97944049
0.98767323
0.99350697
0.25070441
