0.00000000
0.00079561
0.00137940
0.00206811
0.00316538
0.00364279
0.00418130
0.00543672
0.00634189
0.00734604
0.00899130
0.01076409
0.01220157
0.01381562
0.01495196
0.01603555
0.01722404
0.01765831
0.01853354
0.01956062
0.02023203
0.02056947
0.02108384
0.02152323
0.02229121
0.02308887
0.02357038
0.02410253
0.02456734
0.02500657
0.02662247
0.02683313
0.02819764
0.02848362
0.02939718
0.02968860
0.02986921
0.03106594
0.03172848
0.03282650
0.03376312
0.03446446
0.03542078
0.03587427
0.03688020
0.03745560
0.03858458
0.03864576
0.03932313
0.03962482
0.04049583
0.04138161
0.04172800
0.04185683
0.04329648
0.04349483
0.04410050
0.04463102
0.04484283
0.04502366
0.04561702
0.04630849
0.04692152
0.04715865
0.04739989
0.04835071
0.04941107
0.04978961
0.05068884
0.05100083
0.05165498
0.05241964
0.05314998
0.05362381
0.05466844
0.05518860
0.05551184
0.05572819
0.05698101
0.05780480
0.05806169
0.05872618
0.05985629
0.06007522
0.06073609
0.06087308
0.06153332
0.06284872
0.06343295
0.06495663
0.06579374
0.06662357
0.06758330
0.06847160
0.06897037
0.06938237
0.06991652
0.07041186
0.07125398
0.07215583
0.07242398
0.07305453
0.07409448
0.07473123
0.07489101
0.07600019
0.07664048
0.07675700
0.07766778
0.07889218
0.07954987
0.08051205
0.08126140
0.08184264
0.08335842
0.08395262
0.08405501
0.08447618
0.08520515
0.08528545
0.08546908
0.08595479
0.08677394
0.08709207
0.08794921
0.08923398
0.08989594
0.09025907
0.09060787
0.09074333
0.09126523
0.09228530
0.09308690
0.09352530
0.09427837
0.09467453
0.09529562
0.09585799
0.09660188
0.09785615
0.09840555
0.09919043
0.09981904
0.10076269
0.10107544
0.10158602
0.10223265
0.10249492
0.10298106
0.10369504
0.10393494
0.10435579
0.10582318
0.10673828
0.10753850
0.10801267
0.10907902
0.11084055
0.11206973
0.11287026
0.11347829
0.11481115
0.11529108
0.11658066
0.11718945
0.11752410
0.11809856
0.11886848
0.11924313
0.12027934
0.12044674
0.12103408
0.12187978
0.12278495
0.12391889
0.12413716
0.12526968
0.12563884
0.12656502
0.12725689
0.12746754
0.12809293
0.12904497
0.12965834
0.13063493
0.13087994
0.13209301
0.13287716
0.13405254
0.13451865
0.13503128
0.13582553
0.13665146
0.13747592
0.13858808
0.13943920
0.13981158
0.14034663
0.14122844
0.14194504
0.14260897
0.14387779
0.14470823
0.14510765
0.14605874
0.14674199
0.14765384
0.14862332
0.14985774
0.15056594
0.15139538
0.15163048
0.15286067
0.15328830
0.15395156
0.15562116
0.15632716
0.15713230
0.15737838
0.15836385
0.15914044
0.16017644
0.16107436
0.16226733
0.16302287
0.16377167
0.16445487
0.16533617
0.16582438
0.16705648
0.16746900
0.16787637
0.16840340
0.16939434
0.17019120
0.17086446
0.17124134
0.17161312
0.17251641
0.17333233
0.17365159
0.17462518
0.17496889
0.17545956
0.17629894
0.17725189
0.17827569
0.17858367
0.17885292
0.17986254
0.18080368
0.18134015
0.18166941
0.18247346
0.18323843
0.18385425
0.18529411
0.18652034
0.18732863
0.18781461
0.18833449
0.18965650
0.18999541
0.19077836
0.19132340
0.19179264
0.19285743
0.19354445
0.19450191
0.19480984
0.19553631
0.19630040
0.19681196
0.19745253
0.19836189
0.19895197
0.20032894
0.20126278
0.20232038
0.20274890
0.20318532
0.20412501
0.20516750
0.20602180
0.20689065
0.20832242
0.20893890
0.20933035
0.21053046
0.21105043
0.21172798
0.21230980
0.21315720
0.21407934
0.21458934
0.21509997
0.21608353
0.21652725
0.21751326
0.21888763
0.21965328
0.22065903
0.22155831
0.22201707
0.22277954
0.22417340
0.22529619
0.22613048
0.22692765
0.22760648
0.22795880
0.22878066
0.22974371
0.23156282
0.23240354
0.23345758
0.23451630
0.23551980
0.23694656
0.23751929
0.23790863
0.23865359
0.24006634
0.24032087
0.24154398
0.24242248
0.24333209
0.24400336
0.24555591
0.24611723
0.24687445
0.24763304
0.24835008
0.24953339
0.25016967
0.25172359
0.25275602
0.25291875
0.25334018
0.25411454
0.25453107
0.25560012
0.25671083
0.25816899
0.25853389
0.25896801
0.25996141
0.26030528
0.26131422
0.26226405
0.26312562
0.26384077
0.26437456
0.26507258
0.26599867
0.26615256
0.26699227
0.26754448
0.26853542
0.26987782
0.27061340
0.27155634
0.27254209
0.27360934
0.27493027
0.27559160
0.27669857
0.27839452
0.27914382
0.27976527
0.28055431
0.28074292
0.28161157
0.28289153
0.28324414
0.28354485
0.28472419
0.28569744
0.28694466
0.28796092
0.28880814
0.28973178
0.29019226
0.29098992
0.29232945
0.29351637
0.29434673
0.29439667
0.29527553
0.29624208
0.29715323
0.29817595
0.29998498
0.30081200
0.30127389
0.30205367
0.30322829
0.30423277
0.30480781
0.30597668
0.30710812
0.30828709
0.30910546
0.31021501
0.31033252
0.31114377
0.31194269
0.31260786
0.31400916
0.31532851
0.31592610
0.31625442
0.31724728
0.31824375
0.31965751
0.32027271
0.32096990
0.32169837
0.32257518
0.32343341
0.32436921
0.32554750
0.32672550
0.32734587
0.32809915
0.32889226
0.32963307
0.33035703
0.33068246
0.33098109
0.33152228
0.33207757
0.33266684
0.33330823
0.33422661
0.33559131
0.33609261
0.33741961
0.33838421
0.33953166
0.34069340
0.34155012
0.34188658
0.34284854
0.34355016
0.34421689
0.34495682
0.34596825
0.34669680
0.34718631
0.34845706
0.34974684
0.35106595
0.35239986
0.35290350
0.35387201
0.35467809
0.35562456
0.35608687
0.35649838
0.35695094
0.35800766
0.35903338
0.36046951
0.36146852
0.36242025
0.36345410
0.36385081
0.36526373
0.36535239
0.36601896
0.36774344
0.36824462
0.36905013
0.36919699
0.36961912
0.37058099
0.37123211
0.37186765
0.37296218
0.37391474
0.37512174
0.37610062
0.37712930
0.37812982
0.37896854
0.38005315
0.38133051
0.38164348
0.38225931
0.38297446
0.38368514
0.38472949
0.38531874
0.38612637
0.38702974
0.38807171
0.38869380
0.39015535
0.39088229
0.39145257
0.39188622
0.39263560
0.39395389
0.39461280
0.39486950
0.39559647
0.39641678
0.39749699
0.39887854
0.39973256
0.40113932
0.40192720
0.40263948
0.40400428
0.40481480
0.40559095
0.40695813
0.40782511
0.40928880
0.41034880
0.41162350
0.41256116
0.41336648
0.41390252
0.41447753
0.41550811
0.41601510
0.41742564
0.41832882
0.41846674
0.41945755
0.42042585
0.42155348
0.42256644
0.42355103
0.42458342
0.42536324
0.42689245
0.42774965
0.42842997
0.42973222
0.43124512
0.43217902
0.43343419
0.43441980
0.43559890
0.43714551
0.43841158
0.43952444
0.44084945
0.44217045
0.44357178
0.44419292
0.44546782
0.44607857
0.44690447
0.44804784
0.44833787
0.44953241
0.45045504
0.45058283
0.45132556
0.45235054
0.45353454
0.45466923
0.45584401
0.45747830
0.45839354
0.46005162
0.46112248
0.46164871
0.46297081
0.46432634
0.46477455
0.46577542
0.46719306
0.46798056
0.46889583
0.47039692
0.47119414
0.47182371
0.47249060
0.47334777
0.47420656
0.47527110
0.47659475
0.47709626
0.47808031
0.47905766
0.47969451
0.48076707
0.48170393
0.48243745
0.48387809
0.48540128
0.48610633
0.48697023
0.48825535
0.48955730
0.48998267
0.49052511
0.49095632
0.49203436
0.49315332
0.49399658
0.49467231
0.49587874
0.49666039
0.49765706
0.49873597
0.49960150
0.50080699
0.50191283
0.50282637
0.50379514
0.50485586
0.50620823
0.50713574
0.50820056
0.50905409
0.50988793
0.51035223
0.51164308
0.51280407
0.51400086
0.51495140
0.51619333
0.51745778
0.51851791
0.51975333
0.52081114
0.52123907
0.52235595
0.52353299
0.52451664
0.52589669
0.52680054
0.52810818
0.52945324
0.53091578
0.53230030
0.53329439
0.53490295
0.53634935
0.53669835
0.53790886
0.53878630
0.54007525
0.54101648
0.54207251
0.54358926
0.54490349
0.54597959
0.54721172
0.54810245
0.54930652
0.55082624
0.55198187
0.55312119
0.55440151
0.55569884
0.55609370
0.55711099
0.55794543
0.55905103
0.56047027
0.56173997
0.56321470
0.56426530
0.56503006
0.56630845
0.56693342
0.56784073
0.56924825
0.57056760
0.57207975
0.57296855
0.57402788
0.57550337
0.57688901
0.57792845
0.57947635
0.58068046
0.58203242
0.58266979
0.58420588
0.58508368
0.58644807
0.58760066
0.58856327
0.59031565
0.59109249
0.59164872
0.59238640
0.59344684
0.59464992
0.59571006
0.59680311
0.59825355
0.59978876
0.60107234
0.60209468
0.60320751
0.60422268
0.60576135
0.60664391
0.60759921
0.60936733
0.61044315
0.61175586
0.61257526
0.61373001
0.61541012
0.61617491
0.61643386
0.61724344
0.61797563
0.61931028
0.62017240
0.62144067
0.62227862
0.62305610
0.62382958
0.62510182
0.62650410
0.62745537
0.62865120
0.62993126
0.63095435
0.63233950
0.63322971
0.63422321
0.63525978
0.63697798
0.63783700
0.63893493
0.64026597
0.64185301
0.64259488
0.64362438
0.64467855
0.64587170
0.64709006
0.64839877
0.64924151
0.65032350
0.65084930
0.65220630
0.65350054
0.65520363
0.65664520
0.65821550
0.65995216
0.66129102
0.66260581
0.66409643
0.66571702
0.66697233
0.66854078
0.66998640
0.67097450
0.67160666
0.67279932
0.67414917
0.67551328
0.67691630
0.67867275
0.67974339
0.68080440
0.68232305
0.68369598
0.68549991
0.68690047
0.68809282
0.68859146
0.68990987
0.69149114
0.69220485
0.69321207
0.69454988
0.69540794
0.69634284
0.69814065
0.69970223
0.69989373
0.70104667
0.70239324
0.70321566
0.70457433
0.70521717
0.70605166
0.70730571
0.70860067
0.70963739
0.71053724
0.71186912
0.71272720
0.71428306
0.71527811
0.71546361
0.71701261
0.71732847
0.71855094
0.71944005
0.72128902
0.72179164
0.72292600
0.72430021
0.72596024
0.72776893
0.72945490
0.73068319
0.73187118
0.73263973
0.73335517
0.73423105
0.73518778
0.73685171
0.73772322
0.73881175
0.73913691
0.73970562
0.74023711
0.74157797
0.74300799
0.74391990
0.74532483
0.74682372
0.74808480
0.74968973
0.75103092
0.75263956
0.75395948
0.75464363
0.75569840
0.75694238
0.75850093
0.75999172
0.76122578
0.76238864
0.76400361
0.76491247
0.76670502
0.76806515
0.76893096
0.77005951
0.77126119
0.77230764
0.77380924
0.77476827
0.77633007
0.77748627
0.77818474
0.77892124
0.77938175
0.78033981
0.78148120
0.78256867
0.78389097
0.78438732
0.78543865
0.78678779
0.78770652
0.78874369
0.78948379
0.79094303
0.79267028
0.79357179
0.79405311
0.79538339
0.79651802
0.79711120
0.79842981
0.80012980
0.80124570
0.80212136
0.80359694
0.80516368
0.80624541
0.80804236
0.80917274
0.81060784
0.81199217
0.81283407
0.81455894
0.81586920
0.81689142
0.81817597
0.81879333
0.82042643
0.82169284
0.82317682
0.82343071
0.82447477
0.82518424
0.82636784
0.82726818
0.82795604
0.82942546
0.83113202
0.83294180
0.83454682
0.83568428
0.83625369
0.83687884
0.83772414
0.83931618
0.84043639
0.84181611
0.84264654
0.84405775
0.84563078
0.84688637
0.84793473
0.84906393
0.85026610
0.85111778
0.85215958
0.85380251
0.85496819
0.85632786
0.85784815
0.85924875
0.86038883
0.86191494
0.86264867
0.86307607
0.86448110
0.86558626
0.86740007
0.86805266
0.86928636
0.87018080
0.87168268
0.87294058
0.87422121
0.87485085
0.87584684
0.87716761
0.87812175
0.87988814
0.88143348
0.88166488
0.88298566
0.88405169
0.88523266
0.88629103
0.88707388
0.88869338
0.89008999
0.89105435
0.89197717
0.89278478
0.89463833
0.89610839
0.89660213
0.89847137
0.89950528
0.90129549
0.90254935
0.90402701
0.90551765
0.90677757
0.90797693
0.90930685
0.91098023
0.91249157
0.91388879
0.91470703
0.91583590
0.91656511
0.91755953
0.91916054
0.92040215
0.92077507
0.92144273
0.92277224
0.92373562
0.92530905
0.92640322
0.92722908
0.92886235
0.92992758
0.93101562
0.93229924
0.93304507
0.93473704
0.93647730
0.93741210
0.93856356
0.93963831
0.94087323
0.94159067
0.94298547
0.94398134
0.94508046
0.94570999
0.94687450
0.94734381
0.94843960
0.94962520
0.95142741
0.95241750
0.95394349
0.95493917
0.95566052
0.95662118
0.95775466
0.95842379
0.95949962
0.96059537
0.96158387
0.96290186
0.96360758
0.96518505
0.96654953
0.96730099
0.96843873
0.97023102
0.97127685
0.97308308
0.97444357
0.97565486
0.97650224
0.97743311
0.97926732
0.98042108
0.98124565
0.98162463
0.98231810
0.98360679
0.98493792
0.98656818
0.98818303
0.98954592
0.99122729
0.99268039
0.99446499
0.99564491
0.99691026
0.99782540
0.99874815
0.28824322
