0.00000000
0.00025598
0.00033113
0.00047842
0.00081727
0.00106456
0.00146786
0.00170911
0.00185976
0.00216371
0.00221452
0.00241951
0.00271509
0.00287650
0.00316358
0.00337065
0.00370126
0.00397762
0.00437278
0.00453325
0.00470643
0.00500251
0.00527617
0.00552063
0.00571463
0.00586937
0.00599472
0.00608100
0.00630615
0.00646391
0.00671228
0.00688546
0.00708094
0.00727221
0.00753043
0.00779319
0.00803123
0.00832966
0.00856642
0.00875755
0.00903046
0.00912469
0.00943483
0.00966407
0.00980685
0.01018345
0.01047880
0.01059127
0.01083966
0.01109176
0.01127261
0.01160492
0.01182865
0.01201763
0.01214463
0.01223836
0.01241407
0.01260527
0.01296143
0.01338775
0.01360765
0.01389389
0.01429395
0.01445409
0.01451943
0.01463394
0.01478573
0.01486382
0.01496461
0.01515645
0.01545666
0.01577483
0.01609983
0.01645296
0.01665348
0.01678924
0.01703924
0.01729760
0.01744934
0.01784048
0.01803225
0.01827654
0.01856333
0.01888496
0.01928008
0.01944050
0.01963710
0.01986179
0.02005624
0.02042954
0.02060581
0.02098569
0.02120411
0.02141430
0.02163132
0.02188264
0.02193311
0.02211100
0.02225611
0.02255019
0.02275964
0.02292636
0.02310526
0.02315934
0.02329300
0.02352994
0.02392819
0.02427106
0.02441820
0.02454280
0.02475498
0.02520847
0.02550428
0.02587270
0.02612832
0.02633713
0.02672298
0.02693087
0.02718412
0.02749026
0.02777816
0.02797735
0.02822947
0.02842397
0.02871258
0.02894361
0.02915256
0.02943962
0.02982376
0.02989452
0.03006554
0.03032686
0.03061196
0.03065638
0.03075337
0.03103728
0.03119107
0.03126917
0.03153308
0.03166701
0.03183951
0.03213879
0.03227284
0.03246737
0.03262926
0.03301745
0.03325341
0.03339317
0.03380458
0.03396934
0.03415949
0.03434460
0.03478881
0.03512215
0.03548986
0.03571090
0.03605980
0.03613778
0.03626810
0.03650639
0.03659127
0.03685622
0.03717327
0.03735989
0.03758502
0.03760615
0.03784594
0.03792943
0.03828953
0.03853292
0.03863500
0.03874866
0.03900716
0.03926181
0.03953441
0.03982886
0.04018191
0.04030797
0.04050024
0.04064619
0.04087043
0.04125942
0.04161802
0.04195537
0.04215729
0.04240417
0.04264946
0.04272134
0.04284720
0.04310516
0.04317839
0.04334380
0.04363676
0.04382906
0.04409660
0.04434261
0.04458299
0.04495710
0.04501896
0.04538217
0.04557332
0.04588034
0.04607305
0.04631794
0.04654607
0.04659177
0.04681600
0.04711536
0.04730312
0.04746892
0.04772129
0.04782057
0.04782841
0.04797426
0.04836230
0.04863992
0.04884065
0.04905436
0.04916711
0.04943799
0.04965282
0.04973559
0.04984130
0.05020452
0.05030153
0.05040385
0.05050192
0.05056026
0.05095599
0.05121041
0.05123602
0.05141218
0.05166446
0.05174718
0.05200486
0.05236486
0.05265459
0.05266178
0.05288476
0.05320928
0.05334216
0.05352341
0.05359445
0.05390066
0.05414811
0.05436022
0.05456660
0.05494790
0.05525406
0.05551901
0.05578548
0.05595968
0.05612604
0.05642468
0.05659326
0.05685153
0.05705565
0.05722494
0.05736241
0.05746566
0.05791395
0.05798904
0.05816610
0.05842413
0.05856464
0.05863122
0.05876218
0.05889081
0.05910851
0.05930368
0.05963688
0.05966507
0.05983370
0.05997556
0.06028663
0.06063003
0.06087843
0.06101059
0.06125214
0.06149883
0.06155350
0.06184481
0.06203723
0.06224315
0.06245873
0.06268391
0.06285107
0.06295411
0.06320113
0.06327096
0.06342528
0.06352722
0.06375970
0.06386191
0.06405011
0.06418627
0.06426456
0.06461426
0.06507827
0.06528508
0.06551177
0.06588207
0.06621174
0.06654858
0.06681928
0.06708606
0.06740222
0.06767321
0.06793708
0.06816654
0.06838345
0.06874862
0.06900533
0.06907297
0.06911924
0.06921060
0.06949825
0.06961553
0.06994940
0.07017121
0.07050872
0.07074333
0.07103476
0.07125788
0.07152265
0.07170484
0.07193092
0.07235852
0.07255613
0.07288755
0.07317722
0.07349006
0.07373739
0.07400282
0.07405744
0.07413208
0.07427816
0.07448675
0.07459892
0.07472907
0.07500386
0.07533032
0.07553548
0.07560194
0.07584003
0.07603219
0.07609040
0.07640432
0.07655933
0.07688047
0.07704126
0.07737722
0.07772402
0.07804890
0.07837676
0.07868200
0.07896772
0.07904075
0.07917260
0.07942341
0.07975547
0.07987757
0.08020011
0.08050891
0.08079970
0.08092773
0.08104120
0.08120241
0.08131252
0.08162666
0.08169340
0.08186799
0.08201420
0.08222620
0.08250221
0.08280026
0.08289389
0.08321801
0.08348409
0.08352023
0.08379557
0.08403635
0.08442726
0.08469385
0.08480149
0.08491134
0.08516731
0.08530028
0.08535566
0.08561263
0.08590622
0.08596195
0.08611907
0.08637958
0.08674308
0.08678442
0.08695621
0.08702862
0.08724475
0.08741003
0.08749024
0.08765137
0.08780459
0.08798947
0.08811363
0.08834393
0.08851250
0.08875491
0.08894510
0.08917194
0.08940011
0.08960897
0.08993002
0.09026092
0.09052509
0.09076970
0.09109671
0.09122471
0.09156385
0.09175869
0.09204218
0.09216315
0.09239540
0.09267403
0.09298716
0.09325429
0.09371216
0.09403772
0.09430314
0.09458329
0.09481804
0.09506362
0.09543645
0.09581143
0.09598469
0.09617114
0.09660810
0.09699800
0.09726763
0.09747313
0.09779046
0.09803946
0.09832372
0.09846114
0.09889842
0.09906233
0.09947411
0.09962312
0.10002967
0.10029749
0.10050717
0.10084446
0.10128962
0.10143594
0.10188512
0.10229026
0.10264214
0.10278597
0.10296055
0.10319854
0.10344603
0.10360571
0.10381175
0.10402241
0.10428338
0.10449831
0.10488281
0.10504913
0.10538569
0.10555150
0.10563371
0.10575814
0.10593813
0.10597308
0.10627262
0.10661932
0.10694616
0.10721026
0.10757958
0.10782648
0.10799983
0.10828002
0.10839595
0.10875073
0.10902003
0.10941303
0.10970035
0.11001254
0.11035839
0.11058213
0.11074774
0.11101558
0.11132806
0.11162901
0.11189761
0.11214197
0.11224492
0.11251053
0.11294193
0.11307402
0.11318910
0.11350638
0.11373254
0.11405573
0.11435418
0.11436599
0.11461196
0.11481717
0.11527409
0.11538208
0.11580859
0.11587475
0.11622795
0.11661912
0.11678679
0.11699351
0.11705974
0.11726703
0.11757737
0.11786580
0.11809362
0.11824773
0.11837272
0.11867990
0.11879627
0.11905732
0.11939732
0.11958597
0.11972750
0.12001015
0.12023287
0.12037143
0.12052821
0.12090063
0.12111946
0.12122186
0.12154926
0.12172479
0.12206079
0.12220972
0.12261058
0.12288101
0.12305432
0.12332895
0.12363426
0.12386179
0.12409408
0.12451907
0.12475338
0.12505981
0.12536296
0.12566249
0.12593481
0.12625081
0.12638286
0.12674763
0.12703057
0.12731226
0.12768471
0.12791886
0.12797781
0.12814469
0.12843763
0.12851576
0.12869527
0.12900689
0.12935435
0.12969568
0.12995148
0.13026343
0.13064093
0.13107786
0.13127930
0.13171826
0.13206947
0.13235659
0.13253461
0.13281228
0.13298907
0.13334256
0.13357481
0.13367936
0.13406644
0.13431297
0.13461875
0.13471928
0.13490007
0.13527498
0.13560200
0.13579003
0.13598174
0.13629053
0.13643461
0.13664861
0.13689103
0.13700342
0.13729652
0.13752455
0.13795058
0.13841442
0.13879363
0.13881318
0.13915396
0.13934854
0.13977763
0.13993876
0.14019435
0.14043726
0.14057949
0.14077004
0.14108020
0.14145779
0.14169363
0.14182954
0.14199702
0.14224090
0.14251574
0.14278488
0.14296817
0.14320622
0.14323239
0.14350956
0.14387773
0.14411387
0.14442707
0.14461637
0.14477452
0.14511779
0.14526397
0.14562462
0.14606307
0.14620240
0.14658579
0.14687014
0.14689856
0.14697520
0.14719973
0.14738601
0.14767957
0.14791611
0.14825744
0.14852487
0.14873440
0.14897945
0.14917316
0.14956919
0.14976334
0.14986131
0.15012304
0.15042731
0.15062292
0.15091053
0.15111992
0.15138767
0.15177711
0.15199079
0.15225381
0.15244227
0.15270562
0.15289473
0.15308612
0.15351023
0.15386396
0.15416971
0.15432466
0.15468303
0.15498340
0.15520738
0.15533566
0.15573099
0.15611195
0.15632404
0.15646846
0.15670722
0.15702061
0.15729338
0.15764266
0.15806422
0.15814945
0.15848489
0.15866418
0.15878807
0.15882998
0.15910738
0.15923785
0.15934859
0.15961375
0.16001674
0.16016341
0.16040448
0.16078206
0.16104233
0.16132360
0.16164954
0.16186801
0.16197033
0.16211001
0.16249516
0.16267973
0.16311253
0.16332957
0.16365605
0.16400056
0.16433213
0.16452376
0.16461790
0.16477967
0.16488616
0.16511317
0.16539770
0.16556794
0.16582048
0.16602304
0.16618819
0.16651656
0.16676506
0.16699462
0.16733381
0.16742003
0.16752206
0.16777284
0.16808779
0.16838165
0.16871764
0.16896929
0.16915706
0.16940640
0.16953049
0.16983337
0.16992051
0.17021520
0.17023967
0.17055270
0.17081126
0.17088571
0.17106837
0.17135281
0.17163949
0.17187348
0.17212583
0.17251490
0.17275602
0.17292693
0.17310942
0.17335258
0.17368188
0.17390009
0.17427005
0.17457449
0.17484324
0.17517366
0.17553254
0.17574087
0.17600201
0.17611963
0.17647186
0.17680633
0.17707666
0.17738795
0.17752138
0.17770828
0.17810120
0.17843620
0.17868167
0.17891806
0.17924007
0.17953189
0.17978209
0.18013888
0.18025616
0.18048817
0.18056668
0.18070273
0.18098140
0.18121850
0.18154828
0.18191318
0.18215253
0.18242979
0.18257269
0.18286277
0.18309665
0.18333558
0.18343854
0.18363216
0.18381058
0.18390268
0.18396581
0.18438950
0.18474670
0.18477514
0.18508280
0.18527886
0.18567142
0.18594068
0.18611842
0.18613653
0.18617803
0.18651036
0.18695725
0.18722028
0.18730045
0.18754018
0.18773238
0.18798104
0.18817827
0.18840678
0.18864839
0.18904095
0.18920638
0.18944203
0.18976998
0.18998935
0.19028176
0.19070410
0.19091616
0.19099441
0.19135396
0.19157792
0.19188637
0.19213689
0.19237568
0.19254637
0.19277948
0.19303834
0.19313329
0.19328060
0.19345103
0.19354114
0.19386277
0.19407623
0.19443503
0.19447609
0.19480866
0.19493895
0.19535069
0.19547372
0.19553506
0.19583574
0.19595715
0.19625328
0.19660686
0.19692069
0.19729678
0.19741814
0.19752263
0.19776521
0.19807162
0.19815893
0.19844806
0.19890477
0.19917636
0.19931045
0.19952699
0.19965789
0.19989322
0.19999706
0.20023071
0.20060049
0.20091102
0.20126312
0.20144219
0.20170129
0.20200779
0.20220471
0.20236069
0.20277488
0.20303775
0.20312948
0.20324144
0.20347221
0.20358581
0.20385948
0.20406373
0.20451701
0.20478325
0.20498104
0.20518684
0.20538180
0.20572760
0.20599026
0.20632688
0.20661528
0.20682678
0.20717746
0.20740553
0.20767509
0.20797557
0.20829291
0.20867516
0.20906435
0.20937057
0.20970065
0.20981570
0.21008729
0.21023787
0.21058855
0.21071346
0.21096663
0.21114693
0.21139778
0.21156704
0.21188244
0.21221386
0.21248422
0.21265855
0.21276509
0.21288833
0.21311570
0.21321068
0.21356907
0.21366749
0.21379687
0.21421870
0.21424610
0.21449304
0.21477381
0.21500881
0.21525503
0.21550954
0.21579294
0.21611431
0.21631713
0.21660621
0.21702778
0.21718344
0.21723871
0.21757748
0.21782913
0.21803983
0.21822126
0.21850046
0.21867929
0.21900088
0.21915051
0.21928869
0.21966401
0.21990583
0.22025263
0.22040292
0.22051311
0.22058490
0.22068289
0.22106831
0.22122647
0.22128483
0.22153763
0.22155376
0.22185876
0.22210671
0.22243385
0.22271015
0.22296816
0.22316970
0.22341157
0.22372181
0.22384986
0.22408673
0.22443121
0.22482872
0.22528677
0.22555577
0.22583888
0.22591525
0.22601065
0.22626323
0.22650954
0.22682946
0.22713393
0.22759528
0.22783647
0.22817205
0.22832525
0.22845399
0.22860214
0.22882662
0.22914307
0.22943624
0.22964127
0.22992465
0.23011515
0.23032455
0.23049623
0.23069581
0.23098204
0.23105170
0.23114200
0.23146870
0.23182258
0.23190797
0.23223437
0.23241308
0.23259988
0.23284769
0.23308117
0.23332568
0.23361695
0.23388547
0.23395443
0.23429351
0.23466079
0.23500377
0.23527032
0.23548020
0.23583421
0.23612611
0.23647863
0.23675632
0.23708461
0.23749068
0.23793455
0.23800665
0.23810326
0.23837228
0.23849351
0.23880098
0.23921547
0.23945784
0.23977147
0.23996012
0.24011642
0.24038091
0.24057734
0.24092927
0.24115635
0.24141919
0.24166061
0.24192227
0.24224485
0.24260990
0.24304592
0.24322918
0.24356380
0.24374951
0.24403014
0.24414523
0.24438806
0.24460003
0.24488112
0.24513227
0.24524782
0.24554302
0.24594319
0.24616670
0.24643512
0.24651473
0.24686898
0.24712336
0.24738627
0.24764645
0.24780430
0.24783643
0.24813808
0.24855093
0.24872256
0.24897216
0.24939881
0.24974117
0.25013262
0.25051202
0.25075468
0.25085145
0.25110758
0.25154101
0.25173658
0.25208731
0.25228270
0.25261131
0.25270191
0.25300595
0.25336788
0.25356137
0.25368657
0.25390765
0.25417025
0.25441181
0.25458352
0.25482385
0.25521081
0.25543423
0.25552657
0.25575434
0.25599978
0.25627647
0.25660516
0.25687600
0.25717242
0.25734863
0.25752289
0.25764329
0.25784613
0.25816685
0.25837422
0.25855771
0.25884902
0.25906761
0.25931649
0.25960987
0.25992819
0.26022828
0.26040076
0.26056692
0.26064739
0.26085361
0.26095574
0.26124526
0.26131446
0.26135757
0.26159388
0.26187369
0.26200900
0.26222448
0.26248914
0.26256839
0.26279156
0.26317610
0.26359460
0.26379282
0.26397433
0.26425259
0.26456044
0.26474401
0.26481436
0.26527602
0.26560482
0.26587974
0.26612021
0.26639637
0.26660498
0.26700705
0.26721792
0.26733411
0.26772972
0.26797539
0.26813059
0.26837649
0.26851041
0.26874069
0.26907435
0.26926527
0.26950579
0.26975336
0.27013872
0.27025641
0.27037798
0.27075490
0.27088681
0.27120187
0.27144625
0.27161809
0.27166643
0.27189021
0.27203745
0.27225414
0.27262083
0.27275422
0.27308201
0.27339188
0.27359566
0.27400825
0.27427170
0.27467442
0.27505915
0.27521564
0.27539260
0.27572214
0.27595020
0.27617126
0.27637809
0.27647825
0.27674224
0.27696233
0.27715268
0.27747440
0.27778484
0.27799793
0.27827858
0.27851772
0.27877829
0.27896084
0.27929804
0.27963682
0.27982226
0.28001870
0.28033699
0.28064279
0.28091438
0.28124685
0.28153203
0.28165960
0.28203834
0.28241868
0.28264196
0.28294987
0.28306659
0.28350278
0.28394920
0.28403745
0.28437398
0.28456424
0.28488344
0.28504115
0.28551314
0.28574905
0.28600281
0.28624985
0.28663001
0.28689650
0.28715733
0.28755128
0.28797602
0.28833181
0.28855194
0.28860658
0.28893649
0.28912501
0.28943662
0.28956404
0.28979523
0.28994041
0.29030262
0.29063646
0.29105520
0.29126638
0.29148011
0.29172703
0.29203208
0.29236207
0.29272463
0.29310092
0.29321987
0.29362913
0.29384555
0.29424245
0.29443392
0.29466107
0.29500734
0.29542382
0.29555556
0.29598600
0.29617647
0.29647839
0.29677995
0.29718005
0.29736665
0.29737376
0.29772709
0.29809320
0.29836665
0.29865666
0.29896777
0.29922171
0.29938662
0.29964872
0.29983235
0.30025052
0.30048490
0.30071073
0.30093050
0.30109093
0.30139485
0.30175754
0.30213502
0.30241276
0.30267336
0.30293599
0.30319954
0.30345577
0.30376501
0.30401166
0.30438981
0.30459136
0.30476556
0.30491571
0.30494842
0.30508830
0.30532440
0.30565980
0.30575557
0.30617162
0.30638499
0.30672590
0.30697388
0.30716187
0.30752308
0.30775850
0.30806813
0.30820187
0.30827566
0.30842211
0.30872700
0.30885802
0.30907525
0.30938349
0.30943336
0.30951044
0.30968878
0.30979180
0.31016005
0.31039325
0.31049338
0.31072384
0.31097007
0.31120654
0.31149536
0.31167625
0.31191480
0.31208126
0.31216213
0.31229664
0.31253813
0.31282718
0.31298847
0.31319189
0.31321025
0.31337251
0.31369931
0.31395928
0.31435815
0.31455078
0.31469423
0.31477427
0.31513720
0.31553716
0.31567748
0.31602300
0.31615192
0.31656249
0.31702146
0.31723222
0.31739947
0.31757617
0.31777999
0.31810916
0.31833279
0.31844573
0.31875245
0.31891721
0.31914007
0.31939251
0.31964164
0.31994510
0.32027353
0.32067552
0.32104413
0.32123776
0.32144695
0.32160628
0.32176595
0.32219732
0.32248865
0.32285301
0.32295738
0.32322502
0.32336255
0.32369863
0.32373407
0.32399471
0.32428863
0.32442461
0.32470712
0.32511060
0.32530003
0.32556141
0.32584438
0.32620211
0.32648701
0.32690433
0.32717720
0.32735475
0.32777423
0.32799585
0.32822255
0.32852070
0.32861878
0.32888973
0.32890520
0.32911653
0.32939815
0.32981419
0.32994436
0.33004225
0.33013176
0.33038001
0.33065058
0.33110021
0.33128343
0.33145794
0.33167296
0.33211354
0.33241924
0.33279912
0.33301136
0.33321987
0.33357961
0.33377439
0.33400604
0.33413104
0.33439275
0.33448098
0.33468437
0.33479428
0.33490740
0.33530181
0.33554227
0.33576342
0.33597962
0.33613674
0.33647969
0.33682031
0.33704643
0.33723138
0.33748623
0.33762028
0.33770640
0.33776277
0.33783991
0.33794925
0.33830519
0.33842552
0.33884259
0.33910589
0.33932394
0.33952990
0.33990336
0.34019998
0.34063189
0.34105273
0.34123531
0.34153322
0.34186542
0.34188098
0.34207048
0.34230509
0.34240405
0.34275776
0.34303166
0.34333135
0.34366023
0.34374082
0.34404960
0.34446627
0.34479723
0.34493904
0.34516755
0.34535910
0.34566978
0.34602741
0.34630681
0.34640140
0.34662197
0.34681733
0.34697006
0.34729110
0.34776559
0.34785827
0.34816271
0.34820184
0.34839312
0.34865350
0.34903108
0.34945648
0.34969584
0.34993263
0.35020247
0.35041281
0.35066997
0.35098412
0.35145028
0.35161902
0.35193005
0.35226427
0.35243131
0.35276326
0.35309841
0.35332644
0.35365210
0.35410700
0.35426551
0.35461059
0.35481806
0.35521276
0.35541095
0.35556699
0.35571994
0.35608336
0.35613801
0.35637452
0.35660512
0.35683496
0.35709738
0.35737773
0.35772805
0.35791509
0.35820431
0.35835500
0.35846386
0.35858009
0.35885184
0.35921540
0.35937094
0.35967841
0.36009219
0.36034977
0.36057525
0.36071549
0.36104952
0.36131254
0.36150263
0.36191396
0.36224219
0.36256837
0.36292250
0.36306608
0.36326585
0.36365886
0.36390569
0.36413321
0.36427840
0.36454933
0.36490132
0.36521768
0.36556597
0.36576801
0.36604521
0.36640886
0.36660620
0.36682536
0.36699401
0.36720665
0.36744170
0.36769324
0.36799510
0.36833102
0.36862500
0.36900103
0.36921519
0.36954711
0.36959456
0.36977509
0.37015053
0.37038443
0.37077685
0.37083501
0.37118760
0.37151690
0.37166425
0.37200333
0.37236965
0.37247313
0.37273339
0.37315041
0.37361535
0.37387246
0.37428882
0.37451810
0.37493963
0.37532797
0.37559751
0.37596383
0.37619846
0.37646218
0.37663847
0.37688440
0.37705436
0.37714329
0.37720872
0.37741936
0.37785029
0.37811190
0.37851968
0.37883942
0.37910250
0.37932973
0.37948556
0.37977378
0.38005472
0.38026276
0.38038724
0.38064017
0.38090890
0.38112723
0.38136899
0.38142502
0.38167483
0.38198158
0.38232851
0.38240576
0.38242614
0.38256417
0.38299436
0.38319541
0.38349559
0.38372412
0.38395786
0.38401702
0.38431265
0.38442693
0.38468601
0.38510993
0.38533432
0.38550949
0.38565836
0.38606784
0.38629675
0.38668056
0.38692973
0.38727660
0.38770018
0.38785926
0.38826071
0.38845418
0.38868398
0.38871857
0.38884753
0.38918084
0.38941563
0.38955319
0.38983890
0.39029525
0.39050019
0.39059911
0.39070656
0.39084879
0.39093944
0.39119058
0.39135025
0.39156456
0.39184331
0.39210908
0.39237186
0.39261059
0.39303412
0.39330540
0.39354240
0.39381268
0.39412654
0.39427112
0.39451140
0.39471632
0.39497133
0.39518276
0.39560477
0.39584260
0.39610106
0.39642741
0.39664218
0.39705998
0.39746269
0.39773035
0.39797964
0.39816465
0.39827164
0.39836728
0.39861634
0.39896830
0.39913293
0.39927178
0.39949312
0.39970449
0.39983497
0.40011750
0.40050019
0.40072014
0.40105919
0.40129814
0.40161212
0.40176705
0.40200626
0.40212738
0.40222209
0.40262807
0.40290729
0.40329748
0.40367925
0.40371202
0.40392803
0.40404448
0.40443325
0.40450908
0.40454484
0.40471237
0.40480725
0.40503914
0.40530185
0.40571437
0.40582014
0.40617005
0.40645621
0.40655761
0.40698488
0.40720313
0.40723829
0.40729066
0.40755730
0.40783172
0.40824199
0.40842115
0.40870222
0.40910295
0.40936315
0.40970771
0.41003782
0.41042013
0.41062747
0.41082207
0.41099489
0.41143863
0.41181094
0.41207639
0.41228171
0.41249625
0.41288406
0.41315265
0.41346803
0.41383372
0.41404831
0.41424268
0.41448735
0.41459370
0.41504503
0.41523327
0.41549679
0.41581929
0.41612337
0.41642107
0.41667967
0.41680624
0.41696077
0.41707412
0.41724864
0.41745157
0.41767647
0.41807725
0.41841095
0.41862140
0.41874018
0.41913237
0.41929827
0.41963896
0.41981187
0.42002848
0.42032144
0.42052590
0.42069458
0.42105744
0.42134932
0.42168156
0.42184313
0.42210727
0.42245330
0.42276739
0.42320696
0.42344968
0.42384561
0.42427293
0.42462086
0.42501079
0.42529619
0.42539167
0.42572476
0.42615314
0.42654400
0.42680548
0.42700794
0.42721598
0.42751986
0.42766387
0.42797717
0.42817095
0.42847191
0.42867164
0.42894955
0.42911159
0.42957189
0.42978166
0.43008421
0.43018440
0.43049434
0.43078438
0.43099222
0.43118697
0.43137279
0.43152833
0.43181541
0.43226028
0.43255415
0.43278871
0.43307301
0.43335549
0.43356954
0.43396270
0.43400642
0.43417870
0.43447996
0.43472526
0.43485227
0.43514019
0.43554099
0.43571772
0.43585708
0.43621955
0.43649710
0.43672871
0.43689353
0.43714056
0.43743925
0.43775640
0.43800418
0.43818143
0.43846972
0.43888783
0.43914989
0.43939234
0.43965312
0.43975531
0.43981175
0.44020591
0.44029339
0.44062275
0.44086427
0.44106196
0.44138810
0.44179864
0.44206906
0.44225453
0.44257380
0.44280904
0.44305005
0.44323123
0.44346948
0.44370832
0.44401742
0.44407724
0.44442214
0.44476283
0.44493198
0.44514707
0.44524605
0.44552954
0.44559489
0.44584746
0.44609963
0.44620890
0.44641957
0.44651923
0.44675096
0.44702354
0.44724960
0.44749357
0.44791115
0.44815139
0.44823162
0.44846486
0.44867670
0.44905008
0.44949774
0.44982906
0.45027738
0.45050595
0.45060970
0.45082732
0.45103339
0.45138724
0.45165182
0.45183748
0.45218190
0.45248190
0.45263895
0.45298798
0.45328156
0.45348497
0.45377822
0.45409728
0.45442187
0.45478913
0.45506828
0.45540410
0.45559795
0.45584776
0.45598764
0.45625806
0.45647582
0.45681473
0.45713885
0.45743903
0.45773638
0.45786818
0.45833960
0.45865904
0.45899425
0.45923797
0.45948605
0.45976504
0.46001459
0.46014121
0.46053512
0.46093054
0.46123904
0.46142161
0.46158810
0.46185850
0.46215704
0.46251140
0.46273890
0.46290912
0.46314301
0.46344683
0.46362841
0.46387147
0.46407411
0.46427842
0.46468236
0.46484544
0.46507022
0.46526307
0.46552280
0.46582148
0.46600389
0.46635184
0.46652937
0.46660496
0.46683271
0.46719924
0.46755098
0.46776137
0.46800519
0.46829760
0.46857785
0.46871842
0.46885512
0.46929828
0.46973378
0.46980442
0.47005546
0.47021957
0.47039250
0.47050600
0.47082374
0.47100325
0.47138259
0.47162354
0.47186382
0.47192636
0.47222837
0.47241636
0.47258710
0.47290446
0.47306101
0.47335326
0.47374929
0.47411954
0.47429282
0.47437497
0.47464239
0.47481327
0.47504400
0.47536887
0.47572151
0.47596679
0.47628519
0.47672915
0.47695265
0.47721902
0.47743923
0.47778268
0.47802854
0.47825219
0.47833543
0.47837922
0.47880202
0.47913762
0.47943143
0.47951503
0.47982026
0.48012398
0.48021597
0.48026857
0.48051280
0.48082780
0.48110705
0.48137546
0.48171999
0.48194399
0.48207359
0.48218516
0.48243016
0.48280950
0.48306207
0.48350162
0.48368810
0.48392057
0.48415329
0.48444202
0.48464698
0.48491978
0.48526857
0.48555401
0.48572668
0.48605412
0.48639607
0.48668890
0.48685643
0.48702436
0.48736632
0.48769733
0.48811863
0.48827792
0.48848722
0.48883754
0.48900428
0.48938653
0.48970452
0.48990775
0.49033489
0.49053187
0.49067389
0.49087006
0.49090633
0.49125644
0.49157159
0.49169163
0.49187699
0.49199865
0.49222156
0.49250769
0.49284255
0.49307043
0.49350705
0.49383009
0.49404887
0.49409569
0.49448367
0.49480732
0.49514266
0.49521737
0.49558869
0.49568595
0.49590496
0.49623906
0.49649505
0.49668583
0.49678525
0.49691150
0.49710279
0.49726144
0.49741172
0.49780020
0.49799325
0.49825419
0.49845847
0.49876653
0.49895646
0.49919417
0.49948014
0.49963074
0.49987352
0.49999285
0.50034825
0.50060284
0.50089689
0.50108252
0.50142093
0.50166187
0.50201848
0.50206312
0.50251025
0.50274315
0.50296736
0.50326975
0.50339226
0.50373673
0.50395778
0.50425690
0.50472397
0.50493871
0.50527055
0.50545692
0.50551967
0.50581909
0.50615017
0.50627309
0.50636214
0.50659148
0.50665805
0.50687557
0.50711763
0.50730116
0.50754883
0.50781900
0.50809567
0.50828839
0.50855073
0.50892473
0.50931015
0.50962937
0.50998612
0.51015534
0.51038285
0.51067954
0.51109549
0.51122518
0.51157779
0.51175306
0.51207673
0.51226048
0.51248692
0.51278939
0.51314303
0.51339663
0.51362202
0.51379908
0.51384475
0.51423277
0.51430760
0.51456752
0.51469974
0.51511573
0.51527954
0.51562825
0.51581076
0.51597643
0.51621538
0.51654411
0.51694321
0.51697084
0.51728295
0.51752414
0.51778815
0.51803747
0.51832561
0.51876325
0.51907347
0.51942973
0.51981786
0.52009922
0.52027468
0.52071600
0.52076414
0.52101630
0.52141862
0.52182147
0.52217785
0.52242911
0.52265285
0.52277344
0.52291513
0.52307727
0.52319638
0.52340408
0.52356959
0.52358004
0.52382874
0.52417828
0.52440013
0.52455477
0.52497047
0.52518005
0.52548216
0.52574691
0.52587563
0.52614392
0.52639927
0.52655275
0.52666511
0.52679980
0.52714918
0.52739173
0.52745071
0.52767432
0.52782812
0.52795326
0.52818801
0.52841406
0.52860569
0.52881451
0.52921638
0.52945078
0.52951736
0.52971781
0.52984977
0.53007941
0.53021683
0.53043781
0.53070600
0.53085021
0.53113925
0.53136880
0.53163801
0.53205301
0.53227304
0.53258252
0.53289544
0.53325730
0.53330152
0.53345111
0.53383727
0.53399306
0.53415538
0.53441973
0.53450571
0.53470371
0.53490587
0.53511377
0.53545689
0.53575406
0.53588194
0.53604480
0.53616492
0.53663088
0.53685796
0.53712413
0.53755019
0.53785677
0.53794022
0.53825986
0.53853035
0.53878081
0.53919664
0.53939480
0.53982982
0.54019181
0.54036780
0.54042941
0.54072052
0.54095114
0.54132154
0.54154829
0.54184255
0.54202993
0.54239266
0.54270806
0.54310339
0.54342048
0.54376019
0.54419930
0.54444510
0.54463645
0.54487387
0.54510963
0.54545086
0.54558709
0.54586997
0.54607720
0.54616182
0.54624648
0.54665074
0.54708912
0.54753789
0.54787712
0.54809562
0.54819770
0.54849439
0.54875240
0.54900642
0.54921029
0.54944441
0.54964043
0.54984036
0.54992533
0.55034371
0.55059527
0.55089622
0.55109769
0.55144562
0.55173557
0.55196085
0.55218799
0.55223925
0.55238881
0.55266123
0.55278754
0.55300418
0.55332693
0.55343281
0.55367103
0.55383215
0.55406940
0.55432500
0.55436781
0.55453911
0.55478404
0.55489900
0.55512319
0.55540835
0.55582441
0.55615199
0.55637812
0.55678317
0.55701296
0.55710686
0.55736839
0.55777201
0.55810895
0.55824881
0.55833814
0.55876640
0.55907103
0.55918881
0.55938029
0.55978711
0.56020282
0.56050312
0.56087446
0.56094181
0.56138128
0.56173805
0.56207835
0.56232624
0.56270644
0.56288424
0.56297340
0.56315525
0.56319035
0.56340980
0.56369603
0.56380245
0.56394678
0.56408914
0.56429169
0.56451795
0.56475028
0.56518242
0.56553431
0.56575229
0.56586358
0.56602254
0.56638409
0.56667999
0.56697016
0.56706764
0.56722091
0.56743269
0.56771085
0.56793556
0.56811621
0.56845281
0.56878901
0.56907252
0.56912727
0.56954904
0.56964030
0.56998362
0.57025184
0.57042451
0.57083710
0.57097678
0.57128755
0.57166294
0.57209061
0.57249197
0.57290780
0.57322027
0.57326358
0.57350540
0.57377120
0.57398509
0.57414875
0.57418408
0.57427879
0.57449356
0.57471382
0.57495708
0.57520627
0.57549916
0.57578239
0.57599376
0.57635360
0.57646113
0.57667091
0.57681361
0.57707103
0.57735621
0.57747345
0.57766672
0.57789297
0.57807938
0.57851931
0.57883143
0.57893270
0.57930098
0.57957279
0.57999463
0.58026408
0.58053714
0.58099062
0.58132658
0.58159406
0.58174920
0.58197724
0.58218791
0.58244491
0.58254849
0.58280897
0.58301569
0.58318795
0.58322226
0.58351786
0.58364880
0.58377338
0.58380673
0.58401519
0.58430218
0.58450588
0.58482081
0.58504707
0.58528382
0.58547881
0.58558631
0.58575665
0.58606178
0.58632089
0.58637004
0.58656927
0.58677265
0.58703866
0.58747922
0.58772997
0.58807116
0.58821818
0.58829330
0.58862007
0.58880500
0.58903243
0.58924497
0.58940196
0.58975071
0.58988742
0.59001098
0.59021780
0.59032370
0.59056438
0.59076807
0.59104453
0.59126162
0.59147342
0.59181983
0.59206066
0.59245826
0.59276087
0.59309743
0.59327039
0.59336874
0.59356480
0.59364128
0.59397544
0.59434207
0.59471562
0.59495585
0.59515251
0.59534400
0.59558903
0.59594754
0.59630314
0.59639927
0.59647142
0.59664285
0.59692140
0.59725047
0.59753671
0.59776025
0.59815544
0.59836802
0.59861606
0.59883330
0.59914922
0.59940053
0.59961325
0.59973812
0.60005440
0.60025589
0.60055210
0.60068981
0.60097441
0.60120374
0.60154608
0.60171503
0.60205165
0.60245494
0.60275669
0.60288476
0.60323231
0.60331929
0.60363908
0.60377425
0.60405904
0.60431405
0.60446955
0.60461206
0.60497941
0.60525918
0.60552783
0.60594601
0.60602890
0.60641184
0.60663182
0.60707537
0.60736230
0.60758030
0.60789592
0.60799685
0.60811511
0.60842628
0.60851673
0.60876560
0.60918360
0.60949161
0.60983919
0.61007519
0.61036548
0.61056895
0.61095883
0.61128829
0.61135466
0.61162138
0.61186225
0.61205682
0.61242493
0.61259120
0.61297469
0.61326705
0.61355270
0.61360157
0.61380754
0.61406841
0.61439009
0.61465169
0.61504830
0.61523451
0.61554169
0.61597899
0.61613711
0.61619367
0.61643336
0.61657529
0.61680993
0.61715063
0.61738892
0.61763774
0.61771094
0.61810345
0.61815744
0.61827912
0.61864073
0.61892450
0.61895425
0.61920577
0.61946524
0.61985448
0.62014988
0.62031607
0.62067591
0.62080565
0.62102460
0.62142891
0.62172246
0.62185069
0.62218110
0.62248923
0.62276898
0.62310279
0.62345757
0.62385273
0.62417039
0.62426845
0.62461238
0.62488754
0.62505269
0.62539534
0.62579472
0.62604080
0.62636901
0.62668103
0.62692777
0.62711459
0.62732987
0.62764358
0.62785542
0.62814179
0.62829851
0.62858224
0.62883452
0.62917873
0.62944732
0.62968920
0.62984434
0.63000851
0.63009373
0.63021612
0.63039746
0.63053171
0.63073903
0.63097602
0.63140600
0.63165119
0.63177039
0.63196998
0.63227073
0.63263879
0.63278144
0.63302340
0.63316567
0.63332535
0.63378521
0.63388649
0.63412082
0.63421853
0.63457886
0.63471650
0.63506069
0.63548787
0.63572726
0.63594908
0.63616005
0.63637089
0.63655946
0.63674465
0.63708133
0.63723081
0.63750393
0.63769549
0.63812207
0.63839449
0.63859402
0.63878781
0.63908558
0.63940951
0.63959466
0.63987700
0.64022984
0.64053219
0.64072053
0.64093936
0.64118095
0.64142156
0.64159713
0.64180098
0.64206448
0.64225361
0.64248348
0.64277313
0.64296987
0.64329516
0.64358628
0.64388714
0.64403164
0.64428783
0.64444116
0.64472361
0.64487383
0.64506290
0.64525319
0.64569062
0.64586586
0.64601504
0.64620911
0.64641506
0.64667607
0.64692236
0.64724317
0.64747533
0.64766353
0.64807818
0.64826081
0.64849959
0.64887598
0.64902601
0.64904680
0.64929531
0.64950473
0.64987110
0.65015707
0.65039799
0.65072427
0.65092038
0.65121693
0.65157354
0.65172258
0.65182691
0.65215507
0.65240193
0.65273361
0.65297320
0.65320678
0.65345944
0.65368167
0.65405364
0.65431959
0.65465221
0.65490747
0.65509756
0.65538478
0.65544908
0.65581407
0.65607552
0.65637923
0.65658538
0.65679895
0.65722228
0.65740625
0.65771844
0.65780999
0.65802767
0.65844691
0.65871579
0.65891023
0.65926697
0.65957331
0.65979163
0.65994972
0.66018870
0.66040943
0.66069363
0.66111619
0.66128818
0.66133857
0.66156676
0.66173216
0.66210111
0.66228879
0.66270266
0.66311188
0.66354650
0.66368597
0.66385579
0.66407170
0.66431858
0.66458450
0.66480775
0.66520730
0.66528026
0.66562841
0.66599079
0.66628452
0.66661886
0.66681191
0.66712886
0.66748964
0.66768056
0.66783206
0.66809143
0.66844319
0.66862751
0.66883353
0.66918641
0.66942380
0.66965300
0.67006784
0.67028408
0.67049158
0.67082788
0.67122880
0.67145011
0.67182611
0.67204686
0.67234199
0.67254139
0.67281343
0.67311928
0.67351189
0.67368504
0.67407413
0.67419790
0.67442639
0.67466812
0.67501145
0.67520822
0.67536276
0.67553165
0.67572828
0.67581886
0.67596898
0.67619862
0.67641723
0.67680214
0.67695442
0.67722740
0.67735201
0.67744042
0.67766771
0.67813887
0.67828644
0.67856115
0.67869873
0.67893790
0.67926213
0.67968168
0.67987163
0.68011670
0.68022153
0.68054295
0.68084952
0.68097040
0.68114754
0.68140422
0.68165936
0.68185943
0.68228294
0.68261077
0.68283017
0.68307344
0.68344660
0.68368152
0.68385854
0.68409176
0.68439350
0.68459412
0.68480341
0.68523911
0.68541641
0.68559584
0.68577843
0.68600043
0.68619756
0.68634906
0.68663290
0.68692986
0.68702528
0.68723510
0.68729425
0.68750839
0.68787999
0.68827199
0.68851243
0.68873266
0.68914581
0.68928610
0.68953972
0.68957911
0.68970531
0.68996063
0.69020415
0.69041247
0.69082449
0.69114331
0.69132248
0.69154412
0.69165228
0.69179452
0.69221119
0.69249862
0.69275325
0.69301345
0.69324525
0.69352574
0.69362237
0.69389778
0.69395009
0.69435719
0.69458926
0.69489373
0.69528138
0.69560357
0.69585672
0.69605939
0.69631002
0.69650840
0.69682134
0.69690660
0.69707427
0.69729535
0.69760666
0.69787875
0.69803873
0.69828805
0.69858973
0.69869152
0.69873804
0.69879677
0.69906344
0.69943408
0.69960030
0.69971439
0.69997203
0.70023017
0.70042455
0.70066681
0.70108448
0.70129543
0.70172198
0.70198779
0.70226858
0.70261858
0.70279543
0.70311724
0.70329431
0.70367456
0.70381902
0.70401240
0.70409156
0.70420309
0.70447374
0.70475035
0.70509278
0.70536584
0.70579381
0.70603954
0.70642074
0.70678610
0.70679700
0.70701842
0.70730247
0.70766887
0.70783083
0.70810818
0.70844985
0.70856884
0.70902195
0.70936134
0.70984377
0.71016450
0.71044893
0.71065914
0.71090194
0.71116528
0.71153092
0.71171498
0.71194933
0.71220612
0.71251096
0.71285883
0.71305585
0.71315397
0.71342775
0.71357734
0.71379042
0.71399205
0.71424490
0.71430080
0.71463804
0.71495115
0.71533881
0.71559246
0.71591675
0.71614345
0.71654672
0.71670440
0.71699926
0.71731239
0.71761317
0.71793276
0.71814875
0.71847668
0.71860026
0.71900935
0.71911575
0.71941564
0.71949887
0.71979128
0.72000166
0.72024820
0.72059065
0.72081248
0.72118872
0.72158412
0.72194005
0.72216880
0.72262436
0.72290991
0.72297873
0.72334833
0.72359517
0.72400498
0.72420645
0.72426510
0.72459517
0.72483902
0.72517126
0.72542181
0.72567251
0.72583226
0.72596867
0.72639154
0.72672758
0.72685152
0.72707836
0.72734795
0.72757220
0.72782940
0.72799666
0.72828275
0.72841550
0.72860478
0.72885685
0.72901897
0.72931748
0.72960535
0.72978726
0.73008900
0.73024932
0.73059109
0.73072612
0.73101784
0.73127057
0.73161511
0.73185487
0.73204834
0.73234069
0.73254446
0.73272622
0.73309607
0.73334260
0.73355038
0.73382474
0.73407276
0.73453996
0.73484650
0.73515510
0.73540218
0.73565374
0.73585977
0.73603686
0.73621521
0.73645895
0.73652491
0.73677640
0.73697485
0.73702417
0.73711487
0.73739337
0.73756741
0.73782861
0.73810786
0.73838220
0.73849307
0.73880841
0.73886412
0.73911902
0.73956489
0.73969106
0.73995508
0.74023746
0.74056874
0.74092922
0.74120550
0.74150605
0.74166486
0.74192610
0.74234943
0.74245552
0.74274264
0.74304362
0.74307958
0.74348061
0.74361937
0.74382494
0.74415496
0.74441537
0.74454476
0.74478618
0.74511661
0.74529133
0.74540734
0.74546480
0.74576372
0.74603482
0.74629702
0.74651514
0.74668755
0.74690952
0.74722424
0.74743937
0.74782137
0.74812651
0.74847737
0.74865689
0.74890127
0.74914123
0.74928726
0.74957066
0.74970212
0.74990837
0.75019869
0.75044337
0.75060305
0.75081857
0.75100884
0.75116651
0.75124223
0.75147290
0.75167919
0.75193362
0.75228167
0.75255473
0.75287257
0.75302465
0.75324362
0.75350517
0.75363062
0.75393046
0.75396833
0.75405171
0.75427099
0.75452274
0.75456692
0.75466956
0.75496784
0.75505996
0.75531568
0.75570584
0.75582709
0.75599130
0.75637986
0.75664886
0.75693943
0.75723996
0.75752427
0.75778059
0.75814993
0.75860495
0.75864557
0.75894754
0.75907953
0.75941566
0.75966796
0.75984938
0.75998929
0.76024376
0.76053110
0.76079185
0.76110459
0.76126257
0.76141750
0.76161621
0.76172248
0.76190588
0.76221557
0.76259868
0.76303678
0.76327574
0.76350337
0.76380354
0.76419306
0.76456215
0.76483790
0.76521949
0.76536727
0.76554624
0.76590690
0.76601662
0.76615870
0.76655594
0.76676046
0.76709984
0.76738038
0.76771261
0.76794559
0.76821787
0.76841186
0.76885214
0.76901791
0.76914557
0.76925177
0.76946940
0.76991221
0.77004930
0.77044512
0.77066164
0.77080665
0.77105547
0.77125003
0.77133183
0.77160987
0.77194764
0.77216914
0.77250239
0.77287796
0.77324058
0.77338267
0.77360422
0.77385658
0.77413660
0.77444300
0.77478209
0.77508932
0.77519766
0.77530960
0.77555107
0.77585231
0.77610004
0.77624416
0.77647230
0.77662546
0.77678960
0.77712431
0.77747158
0.77776047
0.77810653
0.77832508
0.77871543
0.77897589
0.77913349
0.77935068
0.77965350
0.78000075
0.78013549
0.78038732
0.78075250
0.78094181
0.78124357
0.78147179
0.78151257
0.78178373
0.78184636
0.78211623
0.78228787
0.78263089
0.78293749
0.78316617
0.78347743
0.78376191
0.78404375
0.78430570
0.78458317
0.78487949
0.78525895
0.78549487
0.78568381
0.78582162
0.78594803
0.78612803
0.78633056
0.78667323
0.78698517
0.78712860
0.78741195
0.78754315
0.78790431
0.78817901
0.78848430
0.78878530
0.78894166
0.78914635
0.78948789
0.78979391
0.79012499
0.79027400
0.79048581
0.79087653
0.79099525
0.79130812
0.79150028
0.79174003
0.79193369
0.79219683
0.79242469
0.79260715
0.79279831
0.79314643
0.79326459
0.79350133
0.79372624
0.79396529
0.79430317
0.79465882
0.79484143
0.79524850
0.79541822
0.79587204
0.79603468
0.79632974
0.79652217
0.79675368
0.79682345
0.79708906
0.79733615
0.79756859
0.79785829
0.79807010
0.79843745
0.79859847
0.79876274
0.79906738
0.79910945
0.79920500
0.79962502
0.79965823
0.79987621
0.80010688
0.80054274
0.80060262
0.80094559
0.80131296
0.80151982
0.80158555
0.80182462
0.80191177
0.80231525
0.80241152
0.80254620
0.80283459
0.80310157
0.80322935
0.80335729
0.80370442
0.80379299
0.80422129
0.80457616
0.80476652
0.80519875
0.80528279
0.80567698
0.80581999
0.80597853
0.80631704
0.80655439
0.80692008
0.80703835
0.80720639
0.80740625
0.80780106
0.80800126
0.80824299
0.80854450
0.80886661
0.80901063
0.80919142
0.80926348
0.80967316
0.80971344
0.80996871
0.81029721
0.81056324
0.81088271
0.81093530
0.81133899
0.81150720
0.81180613
0.81217521
0.81253994
0.81274830
0.81295570
0.81321118
0.81355729
0.81382495
0.81420317
0.81441510
0.81465378
0.81482472
0.81493197
0.81535853
0.81560154
0.81565140
0.81604484
0.81633515
0.81652562
0.81684324
0.81700689
0.81734756
0.81773533
0.81794823
0.81805066
0.81846898
0.81875151
0.81908969
0.81917346
0.81950294
0.81971053
0.82014812
0.82057738
0.82103700
0.82136826
0.82163262
0.82173782
0.82205834
0.82221928
0.82258312
0.82267721
0.82303241
0.82326271
0.82331877
0.82336443
0.82369875
0.82397010
0.82435655
0.82473448
0.82494995
0.82530922
0.82559953
0.82568328
0.82598581
0.82619461
0.82649517
0.82688883
0.82697479
0.82732468
0.82761630
0.82804177
0.82847061
0.82869517
0.82890886
0.82926097
0.82955093
0.82966535
0.82989635
0.83017444
0.83042964
0.83076673
0.83100285
0.83126719
0.83132178
0.83159302
0.83190106
0.83229360
0.83271764
0.83283658
0.83291449
0.83298708
0.83346354
0.83389402
0.83433702
0.83448101
0.83474620
0.83496843
0.83537325
0.83573715
0.83607313
0.83614181
0.83633715
0.83665745
0.83672733
0.83706765
0.83735901
0.83769207
0.83807712
0.83848468
0.83888983
0.83905999
0.83937836
0.83961052
0.83986543
0.84003454
0.84025683
0.84049425
0.84072698
0.84093981
0.84098705
0.84130185
0.84155929
0.84192413
0.84209492
0.84254207
0.84268296
0.84283830
0.84319592
0.84352422
0.84392962
0.84418133
0.84441906
0.84484945
0.84514220
0.84532602
0.84548869
0.84577006
0.84600977
0.84640748
0.84668463
0.84681592
0.84698361
0.84732019
0.84743191
0.84779480
0.84820590
0.84848733
0.84883868
0.84908165
0.84931936
0.84949664
0.84980453
0.85014451
0.85027536
0.85063885
0.85085105
0.85115198
0.85139236
0.85162523
0.85187995
0.85206022
0.85226512
0.85260756
0.85281375
0.85305629
0.85334525
0.85364403
0.85406972
0.85434143
0.85452488
0.85474834
0.85505437
0.85518564
0.85565071
0.85591429
0.85616575
0.85639696
0.85672399
0.85705380
0.85733701
0.85768464
0.85796342
0.85810333
0.85816381
0.85827120
0.85829349
0.85845955
0.85872479
0.85901497
0.85910724
0.85917633
0.85945649
0.85959957
0.85980041
0.85992561
0.86024980
0.86059229
0.86089574
0.86127397
0.86152568
0.86171805
0.86196022
0.86210706
0.86232114
0.86251891
0.86262901
0.86297199
0.86323347
0.86352988
0.86392617
0.86408733
0.86421882
0.86445240
0.86471755
0.86491995
0.86513297
0.86532003
0.86555655
0.86572626
0.86582561
0.86598500
0.86614288
0.86647639
0.86674227
0.86703608
0.86720214
0.86748955
0.86773650
0.86789646
0.86807769
0.86821288
0.86856368
0.86886196
0.86914380
0.86944722
0.86984539
0.87015731
0.87041230
0.87079254
0.87120352
0.87129397
0.87149245
0.87160414
0.87199210
0.87229938
0.87243295
0.87251946
0.87282845
0.87290947
0.87332738
0.87346235
0.87374714
0.87407049
0.87425135
0.87441478
0.87465730
0.87494348
0.87505500
0.87531952
0.87547345
0.87564718
0.87577767
0.87601939
0.87623750
0.87636885
0.87654747
0.87701993
0.87719573
0.87730350
0.87753866
0.87760257
0.87792502
0.87822663
0.87849572
0.87869828
0.87886268
0.87915378
0.87943983
0.87977629
0.87998505
0.88030860
0.88051515
0.88065533
0.88090069
0.88107330
0.88132831
0.88144371
0.88178010
0.88192569
0.88220919
0.88252851
0.88268894
0.88290402
0.88310775
0.88331163
0.88355875
0.88386099
0.88411839
0.88426174
0.88440424
0.88473791
0.88477982
0.88499101
0.88524500
0.88546201
0.88557879
0.88564986
0.88588517
0.88614417
0.88652165
0.88678009
0.88695117
0.88734842
0.88750257
0.88769048
0.88796189
0.88833528
0.88860036
0.88874797
0.88894128
0.88903897
0.88937436
0.88973906
0.88983347
0.89016489
0.89040373
0.89044592
0.89068030
0.89092605
0.89111015
0.89148037
0.89187362
0.89234588
0.89253474
0.89286575
0.89311020
0.89334515
0.89367546
0.89379256
0.89418114
0.89422244
0.89431790
0.89456215
0.89479441
0.89517691
0.89533175
0.89555782
0.89583605
0.89613126
0.89638833
0.89663903
0.89690508
0.89719067
0.89722376
0.89753792
0.89784391
0.89816190
0.89839001
0.89859599
0.89873481
0.89889355
0.89914854
0.89944307
0.89957390
0.89987257
0.90016780
0.90044321
0.90050198
0.90092605
0.90125790
0.90152255
0.90187590
0.90198015
0.90235030
0.90240906
0.90261873
0.90276100
0.90312557
0.90315944
0.90338230
0.90352828
0.90363206
0.90399599
0.90422241
0.90452560
0.90491247
0.90510613
0.90540082
0.90559584
0.90585146
0.90610026
0.90636379
0.90664605
0.90674812
0.90683053
0.90726983
0.90742006
0.90766175
0.90777022
0.90819766
0.90865500
0.90872566
0.90893161
0.90916641
0.90950677
0.90979001
0.91002853
0.91039085
0.91069788
0.91105176
0.91136884
0.91170391
0.91184162
0.91218370
0.91244118
0.91287287
0.91305909
0.91324398
0.91340243
0.91359953
0.91369153
0.91389191
0.91422437
0.91449990
0.91480937
0.91510305
0.91541557
0.91553807
0.91568887
0.91593782
0.91631250
0.91651426
0.91682549
0.91710225
0.91729731
0.91768638
0.91794103
0.91830481
0.91858815
0.91883903
0.91910087
0.91926939
0.91956263
0.91979550
0.91996314
0.92032202
0.92076455
0.92103727
0.92144275
0.92176702
0.92190499
0.92204933
0.92230228
0.92255563
0.92265551
0.92301682
0.92320462
0.92346997
0.92374255
0.92416213
0.92440763
0.92483518
0.92503918
0.92527075
0.92563521
0.92578009
0.92595948
0.92634740
0.92647130
0.92672694
0.92686309
0.92712076
0.92736398
0.92760214
0.92774797
0.92811435
0.92827799
0.92859601
0.92888297
0.92916193
0.92938087
0.92959317
0.92992782
0.93002287
0.93032019
0.93070255
0.93108940
0.93135321
0.93144191
0.93161865
0.93186164
0.93198116
0.93225739
0.93252807
0.93275227
0.93299170
0.93320229
0.93343189
0.93357979
0.93399594
0.93420145
0.93435077
0.93461232
0.93479668
0.93484299
0.93502375
0.93513988
0.93539418
0.93551003
0.93568696
0.93597214
0.93602731
0.93616504
0.93646749
0.93661612
0.93683500
0.93727093
0.93747065
0.93775077
0.93790259
0.93829900
0.93864936
0.93903754
0.93926648
0.93932417
0.93964272
0.93986289
0.94010704
0.94029328
0.94034087
0.94052349
0.94072324
0.94102985
0.94104235
0.94128096
0.94146366
0.94184651
0.94228014
0.94257114
0.94273596
0.94291607
0.94301968
0.94326097
0.94360526
0.94390993
0.94411165
0.94441512
0.94452549
0.94479351
0.94490531
0.94510914
0.94529742
0.94549911
0.94559983
0.94564012
0.94594899
0.94612556
0.94640836
0.94658184
0.94681494
0.94714672
0.94751377
0.94772575
0.94783435
0.94787741
0.94829904
0.94853880
0.94882116
0.94916748
0.94930344
0.94968512
0.95005441
0.95030446
0.95070338
0.95093851
0.95113132
0.95131829
0.95158880
0.95180694
0.95191272
0.95222051
0.95244942
0.95284065
0.95300855
0.95314595
0.95316410
0.95347253
0.95372543
0.95405175
0.95415992
0.95452040
0.95474311
0.95489340
0.95497284
0.95520180
0.95547467
0.95580950
0.95601004
0.95626535
0.95656626
0.95673547
0.95694598
0.95724258
0.95765576
0.95799653
0.95819473
0.95859962
0.95885815
0.95911149
0.95927296
0.95955185
0.95981977
0.96013639
0.96015459
0.96023600
0.96062826
0.96094191
0.96122137
0.96137717
0.96159262
0.96175310
0.96211947
0.96232721
0.96279322
0.96295380
0.96320723
0.96359900
0.96380300
0.96401463
0.96425854
0.96447390
0.96472325
0.96485677
0.96505897
0.96518761
0.96553072
0.96578384
0.96607455
0.96625353
0.96668016
0.96684822
0.96701429
0.96744712
0.96764694
0.96784512
0.96808641
0.96838904
0.96858487
0.96879214
0.96911265
0.96927258
0.96942627
0.96963843
0.96991028
0.97032406
0.97054201
0.97093261
0.97136927
0.97161052
0.97191991
0.97217749
0.97234957
0.97272750
0.97293244
0.97308394
0.97348355
0.97383043
0.97410877
0.97442782
0.97452943
0.97472409
0.97487053
0.97511576
0.97541556
0.97553319
0.97583094
0.97601181
0.97625183
0.97649914
0.97675787
0.97694789
0.97724784
0.97752018
0.97761898
0.97787150
0.97820790
0.97830729
0.97855390
0.97860096
0.97893398
0.97904484
0.97932991
0.97955192
0.97977714
0.98004851
0.98023446
0.98031587
0.98067219
0.98095916
0.98107097
0.98114182
0.98144967
0.98161715
0.98199215
0.98229579
0.98271607
0.98301778
0.98335810
0.98363567
0.98400674
0.98432071
0.98459560
0.98486081
0.98513689
0.98548945
0.98552241
0.98585608
0.98607273
0.98643458
0.98670438
0.98690392
0.98697501
0.98713855
0.98732282
0.98768454
0.98787824
0.98827078
0.98856472
0.98902134
0.98937978
0.98973481
0.99016585
0.99035496
0.99068731
0.99110944
0.99124851
0.99135904
0.99178271
0.99192059
0.99219685
0.99234727
0.99260269
0.99265331
0.99274977
0.99307383
0.99341795
0.99365981
0.99371265
0.99399127
0.99421439
0.99432193
0.99450550
0.99460344
0.99493732
0.99511073
0.99530146
0.99550368
0.99587687
0.99601833
0.99611185
0.99637520
0.99662114
0.99687652
0.99702221
0.99725040
0.99735691
0.99770020
0.99794717
0.99828628
0.99870752
0.99876312
0.99898882
0.99920640
0.99941021
0.99962719
0.04659155
