198
173
440
108
1026
853
943
581
857
62
666
91
1
342
288
630
562
637
549
361
697
847
40
76
96
676
267
248
770
166
793
756
1004
433
773
159
114
445
50
799
336
578
83
924
303
895
557
39
465
1011
542
538
414
589
934
889
653
335
906
810
250
395
424
927
181
455
699
732
1018
258
702
892
656
323
541
310
957
896
539
52
428
174
466
214
128
925
814
519
803
690
375
139
955
762
372
717
482
525
842
48
97
158
981
694
767
200
497
550
573
67
828
274
576
359
721
993
409
563
132
683
851
928
753
246
442
603
751
324
493
635
220
340
834
481
374
1008
881
35
23
188
800
926
126
870
432
353
249
30
513
602
152
797
242
733
285
720
10
1016
985
426
580
208
611
68
25
228
283
164
383
406
202
864
320
741
959
177
176
972
230
921
280
42
722
378
613
718
514
734
867
902
675
363
236
485
610
1035
641
399
621
15
920
739
306
856
245
988
423
946
884
875
938
235
195
844
408
373
89
740
523
670
47
402
327
784
586
531
512
350
453
171
156
866
620
302
138
555
758
43
668
125
254
824
796
806
66
1022
673
199
474
669
883
266
674
807
891
243
736
956
32
377
170
511
596
789
107
633
354
975
70
1010
743
651
591
937
748
427
577
189
117
105
816
239
963
186
1001
229
165
190
657
434
897
366
987
817
571
671
376
526
315
737
471
809
658
922
966
503
821
688
437
779
59
292
778
31
347
885
976
365
971
583
393
308
696
1013
461
617
880
411
766
345
547
872
279
355
367
472
879
776
930
649
933
898
244
273
51
774
12
221
643
479
995
553
398
782
763
1028
813
515
293
876
761
153
510
370
640
151
269
343
607
185
412
127
36
1012
102
387
909
26
735
618
622
709
822
216
704
400
823
1023
492
932
330
684
960
725
93
792
754
680
905
329
565
9
678
490
731
271
572
150
475
204
222
888
290
661
878
719
116
356
45
55
757
532
936
788
706
862
746
1017
135
698
112
110
435
745
724
74
328
332
13
379
5
907
585
133
209
755
339
317
311
681
715
351
991
646
802
744
382
546
53
20
349
362
444
947
425
682
69
352
141
197
207
877
708
124
289
536
783
238
691
660
854
56
815
462
251
780
830
609
223
850
278
2
480
627
501
301
665
49
961
918
529
37
908
155
429
438
845
259
193
314
1034
521
561
662
705
284
162
255
910
687
939
625
391
184
791
85
533
605
360
500
632
469
742
29
261
291
281
535
886
1032
716
1002
178
1005
167
179
837
839
869
57
358
534
44
1033
371
318
478
237
106
626
804
489
785
629
964
606
60
161
325
205
654
827
421
544
401
805
187
1042
868
639
46
564
463
506
899
113
679
790
145
227
945
468
309
6
1027
294
368
122
394
1019
104
142
1031
560
247
848
612
537
54
860
598
410
636
496
86
548
16
154
871
337
582
134
137
953
1006
130
712
914
998
313
524
498
459
859
969
300
144
554
257
979
305
707
841
1003
499
81
863
131
118
794
977
344
201
146
34
900
903
90
750
726
8
545
764
768
904
710
148
272
297
417
115
593
808
638
727
422
183
1041
1036
601
616
887
84
777
846
980
685
703
825
600
123
447
140
206
819
210
1015
775
28
882
528
298
812
915
913
160
163
19
624
103
1021
1040
219
256
169
1009
769
781
75
470
63
695
558
218
984
664
64
948
226
452
502
508
129
211
843
992
390
78
861
286
645
111
299
