1999
8199
7568
2783
2749
1031
1681
3967
2730
137
4109
13377
5853
201
809
1089
818
3793
1866
933
934
5159
1141
5579
2805
17
36
130
2849
9963
2804
2906
637
461
101
77
794
3125
3934
71
29
4282
445
931
657
628
771
2401
2975
5400
3524
277
1325
3890
1168
1524
746
74
1431
780
2724
2868
23
7172
4744
3716
1389
4354
202
613
3867
348
3806
3854
2271
108
2042
2879
4060
3818
870
317
792
3874
5702
39
119
811
3864
227
2484
4541
2295
5211
2811
863
4862
3809
1388
7088
5928
2725
55
1612
2184
3278
282
3892
4693
880
10122
439
2163
8445
1487
732
10130
353
311
1387
171
88
6371
208
4121
591
4047
242
755
89
205
57
3914
2851
665
679
291
1417
216
4448
511
83
1770
9404
733
4348
515
3898
10070
5160
238
3875
4334
4787
218
470
4783
4595
5879
1458
26
2852
4530
578
195
902
6533
4247
11529
2002
2817
9854
9
702
337
54
2832
3862
751
2216
428
147
748
2922
2369
1056
4254
561
58
1783
1409
10048
3839
803
430
87
986
4974
2336
3015
3397
2657
231
987
528
1703
5769
112
8647
6198
6469
2850
3794
3868
4638
957
3693
2728
7
1482
3829
391
6163
1803
739
212
5299
5435
8619
482
1375
1981
807
1412
3762
431
131
3378
9090
3999
273
510
762
9937
10125
806
8495
4303
183
11459
4706
4521
97
220
4276
8968
2872
3677
107
457
3683
429
605
5290
1938
182
225
3812
2576
5993
4526
422
5112
896
156
500
1421
694
1535
3876
2651
850
2562
810
1787
699
5184
1044
124
3833
1726
621
819
1752
4714
5823
5373
309
2060
435
9667
194
2449
1464
2781
567
11582
4108
2545
4715
673
3706
415
5537
6973
4418
10123
2468
7354
5156
4804
6435
10127
10126
497
5988
139
16249
307
3761
2109
4673
10369
761
1074
109
365
7256
522
672
452
5900
3293
9962
1529
3872
588
6405
767
163
6355
123
1473
6271
756
6085
3402
772
862
2865
3804
3384
5240
988
3899
6100
3869
5673
4100
4406
148
824
5598
4248
4781
843
3478
3121
327
4373
158
602
1042
1043
47
2012
3087
911
3468
3096
6052
351
2755
1452
6349
1980
691
3211
766
5473
731
3943
8629
9057
1068
594
3803
2839
10463
3871
3877
2952
14669
1968
1967
3772
891
4120
4170
8652
3859
4079
5641
2994
6068
791
153
1677
3946
947
4809
5393
4011
1435
207
3123
8671
305
4029
486
4561
3104
659
189
8352
478
4929
4062
3847
2673
3984
2888
1082
2235
3707
384
4350
1722
448
585
1862
9978
935
3060
2885
5781
67
278
4020
3704
8951
3020
6904
8047
6364
2248
839
3391
1829
211
3805
240
629
4739
3179
2900
667
531
3913
2361
7203
3362
51
11620
357
7370
82
414
6203
3431
407
1
6483
7870
5877
176
1088
713
2179
2497
136
10852
230
1009
2416
3631
3703
2176
3055
4215
2876
6132
973
11000
4659
1486
507
4407
7047
5196
3076
1402
16349
261
6436
143
1073
764
674
110
542
10092
2855
10228
234
641
4440
169
872
168
2999
3963
4409
279
834
410
833
222
4075
146
1561
2807
259
38
4134
4119
4459
2833
297
3831
5210
1095
558
2875
921
918
7820
3168
2834
2793
7102
3066
1823
3801
8468
4295
11
103
3882
2609
7434
3
2535
4067
2913
960
3231
4300
3442
1835
689
961
2075
3752
893
631
4788
3977
2155
4043
299
4261
4165
243
3679
4347
3680
98
3322
4813
636
3906
6576
953
617
3093
4665
3639
4802
363
1755
881
93
2641
7722
7383
10206
2299
4823
4649
4367
1708
5454
4954
2035
5864
3064
6093
1466
8428
4816
1356
1457
248
362
1851
1404
582
8375
487
1494
343
4151
390
10572
2928
5230
545
237
90
5120
1503
210
3640
264
2854
283
925
2814
4076
5069
788
1397
4931
2132
3760
8429
3753
368
5424
573
7179
1102
747
1673
7749
3858
3959
1953
3497
5801
458
926
2884
120
4152
179
4217
6992
5470
3515
408
4549
570
490
338
206
335
4260
1091
3549
8586
122
15
897
2714
6896
600
2615
2778
3479
1933
3792
3837
3603
3571
3987
618
1802
1041
1049
3757
2769
6308
2774
6628
708
7695
1408
4302
1978
272
3499
99
2828
916
1156
4357
2877
1921
4720
2824
5033
4682
892
706
4122
197
5279
3821
10019
5071
35
24
3335
1767
293
705
449
8030
6834
405
4136
942
2726
820
993
2712
1864
4874
10440
859
3979
289
7224
501
675
814
6690
443
2941
4738
871
434
3991
138
2259
127
1656
5849
3099
427
5374
1847
5091
4451
2166
2981
904
8857
3763
2762
4515
1037
4149
3492
3390
2698
763
3002
2305
7142
3863
3997
1955
2572
10129
1475
8412
512
3433
4517
2991
2862
3922
499
4220
2074
1779
3244
255
8517
244
456
967
2983
2977
2280
375
1069
3205
1952
2912
432
2614
204
2015
7742
5727
1890
1627
2357
3827
547
2776
2240
908
3470
1004
1912
1150
2197
4123
4889
6341
6300
6496
4846
2111
6598
790
2465
3810
2759
1724
8565
606
376
1995
4777
2960
7293
4848
466
3000
3709
8417
64
4991
4868
876
523
1522
3551
2653
72
6692
7952
7579
6143
3558
1159
838
5548
1693
801
550
3832
3274
2953
7176
1531
4736
3344
373
3031
1520
2869
2246
3855
114
800
187
3743
1109
56
799
5203
4199
852
5353
7840
2430
868
1075
7016
3557
4426
5136
8
60
4849
254
9082
3971
2722
329
4172
4160
3826
2374
1875
2890
2873
1145
2696
2887
14820
1445
1682
2768
2886
3645
7731
1055
3224
1011
2146
5306
593
9993
7100
288
2840
4055
1162
1161
446
5191
3702
2821
2715
8394
3820
4980
10384
1614
1046
4928
3513
2624
3588
1881
563
4982
3361
2567
1480
4420
2107
736
2763
5095
1800
6548
4057
1832
14195
4455
464
6185
655
5284
8349
4545
684
11543
559
2322
568
460
203
4941
5254
6612
2988
0
653
6537
3700
3701
4006
5558
599
3849
2501
5581
324
898
4054
4360
2254
160
5060
4015
3799
3797
223
149
2705
6544
4853
438
1655
79
383
215
765
939
2916
8739
8244
4988
4461
4587
3050
31
274
1038
3993
7551
7162
1048
3756
70
4013
4676
4278
121
910
134
3447
661
308
2829
5239
92
4488
3032
1395
6746
5305
8401
943
855
556
951
996
8290
3843
4142
4155
8042
2233
2291
2772
356
1040
4723
7458
4153
5000
7446
5096
2262
540
4031
4059
3670
6295
695
258
4112
475
4482
406
4016
471
7855
488
1799
1698
2264
5303
4116
2376
4256
5199
6681
5379
716
553
453
502
5404
4227
2736
6154
7204
269
1562
1586
4117
6620
2700
5365
989
753
2498
4195
2224
6343
6905
3938
3937
3081
7705
709
3834
3889
331
1064
1895
1120
847
7694
8424
878
4610
1005
12499
1809
6247
10251
11563
6516
8419
3893
84
782
8648
175
4096
7192
345
945
53
742
7677
7660
1086
249
2445
647
3740
1939
2101
4425
1946
5253
4764
9377
10196
2050
2546
5538
744
832
954
6911
310
2746
1153
6445
4691
8651
65
769
3425
7756
7801
7299
6340
4687
9397
385
5195
16715
3519
10486
4970
680
8049
7372
4557
922
7810
6892
598
3338
306
1094
1678
3830
349
8634
5286
7169
6549
11532
14355
6230
5103
5683
4387
3599
5862
8506
5399
4140
9949
11574
2800
8376
15948
8077
5011
7857
4933
6727
14404
6289
9984
2017
5734
3712
4842
2743
6170
6287
4696
2717
3263
14358
5278
2156
551
6158
1119
7746
7151
3835
5861
9972
612
13783
7175
2025
4204
8572
1768
12290
12866
6688
2718
14739
6970
10907
6108
4606
16497
12577
8504
4415
1505
6691
8472
4470
6377
9073
654
3990
4599
959
412
4298
842
6697
5183
6780
6773
2782
7874
546
3035
3692
1679
4489
7036
15094
1092
12205
4070
5982
3331
5077
436
1588
1442
6122
10224
1559
9008
525
639
651
4294
404
6920
9139
8151
125
333
6788
4750
514
6639
1556
11782
668
1488
2639
1930
9375
2456
5354
8715
635
883
1111
9979
1087
648
2640
4330
895
66
10785
4951
1026
11496
3268
11460
5241
6370
4590
2601
11002
5059
2636
2343
1760
14391
888
2761
276
11792
6382
11588
5165
5001
9078
3038
7948
2592
7606
10045
4605
10050
4826
172
6226
7091
11577
4499
4815
783
1786
981
3097
972
361
6387
10722
7567
10046
8430
8027
4619
7688
4681
8426
1541
10470
3848
2426
4630
2671
3257
4575
14972
340
867
419
8339
533
12370
6172
9797
835
46
10142
10968
6256
2792
4869
14984
3824
825
750
266
5161
6515
6485
8331
7139
7864
401
1842
6087
4925
4910
1063
16131
11476
7724
4223
2047
4748
4524
3094
11575
5117
609
4728
3226
608
1127
4372
4771
1801
8073
6937
1626
1536
43
7158
3925
7983
5214
5949
1085
7587
10248
2699
8483
5870
7347
209
6429
5376
1515
6997
11364
2889
1573
2413
6951
6960
6953
50
1911
3027
874
696
8522
4930
1115
7155
890
6651
7717
3880
6734
12679
4379
6106
4843
982
581
3272
1126
3673
295
8080
5248
5037
7809
5138
3127
7796
8390
1711
6723
10878
4798
6495
4268
3037
900
11337
864
11598
1061
1167
4467
11024
4250
5925
985
5408
4569
6044
6326
7148
2113
6393
770
781
10439
8720
656
5322
2721
12298
6744
9426
12910
3643
2524
1010
1563
4560
5257
11796
3150
8397
4273
4413
2087
950
741
15146
4058
6572
4653
2798
737
2509
6384
6278
1147
8194
6687
3509
3080
538
2366
2083
775
1977
3388
4921
1484
5218
5027
3641
10076
6138
8920
6786
280
4001
5013
5701
3681
1392
4507
4383
9291
491
8574
8787
1406
68
473
1990
4225
245
2970
2351
2846
1852
2223
2735
7798
2359
4661
4197
1098
5392
7243
1426
3629
7596
7026
5607
4850
6634
369
8452
2687
6090
2040
5895
2895
796
3071
3003
8516
2837
7129
3957
2741
693
4962
9296
192
5724
14642
4457
5017
6889
7432
4539
1078
7902
4431
6134
663
7931
1695
3007
7096
9323
1105
2457
11286
8684
6917
11587
2126
8013
7783
4801
3708
1757
8999
11552
425
4022
625
3217
4189
4936
4154
8303
3932
8119
76
596
8197
4473
6
9938
8319
9992
4837
6427
12999
7185
12917
1059
8642
8958
3630
10074
6838
236
447
6368
316
603
3817
3158
8966
828
2226
4508
4596
7504
4876
8367
527
886
7239
145
1807
734
1689
14930
6177
7335
4115
685
106
3699
8588
8820
15373
252
990
7689
7752
6708
622
7221
8815
2733
8608
6021
15700
7486
646
477
4484
6014
854
4810
4528
86
846
3878
6098
7187
2667
6320
4308
9951
1578
2108
6872
4785
1498
10268
7086
5221
2370
319
256
3208
2838
15413
534
2191
5545
4500
7637
2386
2708
11248
6103
575
303
304
1571
1054
5223
6350
7733
2880
409
12399
5855
1123
298
3860
16437
1663
9294
504
6313
2340
827
8970
4961
217
3828
3896
5750
382
7045
4904
2016
7843
5204
7010
7560
965
10099
313
815
4030
6929
8158
15361
1018
6704
7700
928
7241
1517
4642
1560
17959
2771
3738
5038
798
3183
576
484
6829
6065
4178
7699
389
2241
9297
13072
724
8221
4812
4380
1071
1165
1416
19
4532
5209
69
444
1691
936
974
856
857
6760
6902
6530
5020
6304
8612
8622
13004
3672
159
5079
7141
6209
41
3731
15364
417
1090
6592
4492
3710
2541
8821
4202
1883
6392
4536
4722
5422
10574
10573
7623
8729
1903
10052
577
8169
4516
901
4756
6152
7817
7816
3684
830
10145
8924
4737
5642
6895
10236
7641
2418
5051
2144
1648
403
8925
1065
5232
2203
5175
5174
7653
1858
3972
6473
5789
6291
5063
1021
7667
5366
7011
8872
2027
161
875
4026
1374
4677
3866
4146
8342
1902
7692
6352
1593
11604
4469
2720
1440
341
61
1016
