1.00000000
0.99904123
0.99808245
0.99712368
0.99616491
0.99520614
0.99424736
0.99328859
0.99232982
0.99137105
0.99041227
0.98945350
0.98849473
0.98753595
0.98657718
0.98561841
0.98465964
0.98370086
0.98274209
0.98178332
0.98082454
0.97986577
0.97890700
0.97794823
0.97698945
0.97603068
0.97507191
0.97411314
0.97315436
0.97219559
0.97123682
0.97027804
0.96931927
0.96836050
0.96740173
0.96644295
0.96548418
0.96452541
0.96356663
0.96260786
0.96164909
0.96069032
0.95973154
0.95877277
0.95781400
0.95685523
0.95589645
0.95493768
0.95397891
0.95302013
0.95206136
0.95110259
0.95014382
0.94918504
0.94822627
0.94726750
0.94630872
0.94534995
0.94439118
0.94343241
0.94247363
0.94151486
0.94055609
0.93959732
0.93863854
0.93767977
0.93672100
0.93576222
0.93480345
0.93384468
0.93288591
0.93192713
0.93096836
0.93000959
0.92905081
0.92809204
0.92713327
0.92617450
0.92521572
0.92425695
0.92329818
0.92233941
0.92138063
0.92042186
0.91946309
0.91850431
0.91371045
0.91275168
0.91179291
0.91083413
0.90987536
0.90891659
0.90795781
0.90699904
0.90604027
0.90508150
0.90412272
0.90316395
0.90220518
0.90124640
0.90028763
0.89932886
0.89837009
0.89741131
0.89645254
0.89549377
0.89453500
0.89357622
0.89261745
0.89165868
0.88878236
0.88782359
0.88686481
0.88590604
0.88494727
0.88398849
0.88302972
0.88207095
0.88111218
0.88015340
0.87919463
0.87823586
0.87727709
0.87344199
0.87248322
0.87152445
0.86960690
0.86864813
0.86768936
0.86673058
0.86577181
0.86481304
0.86385427
0.86289549
0.86193672
0.86097795
0.86001918
0.85906040
0.85810163
0.85618408
0.85522531
0.85426654
0.85330777
0.85234899
0.85139022
0.85043145
0.84947267
0.84851390
0.84755513
0.84659636
0.84563758
0.84467881
0.84372004
0.84276127
0.84180249
0.83988495
0.83892617
0.83796740
0.83700863
0.83604986
0.83413231
0.83317354
0.83221477
0.83125599
0.82933845
0.82837967
0.82646213
0.82550336
0.82454458
0.82262704
0.82166826
0.82070949
0.81975072
0.81783317
0.81687440
0.81495686
0.81399808
0.81112176
0.81016299
0.80920422
0.80824545
0.80728667
0.80632790
0.80536913
0.80441035
0.80345158
0.80249281
0.80057526
0.79961649
0.79865772
0.79674017
0.79290508
0.79194631
0.78811122
0.78619367
0.78523490
0.78331735
0.78235858
0.78139981
0.78044104
0.77852349
0.77756472
0.77660594
0.77468840
0.77372963
0.77085331
0.76989453
0.76893576
0.76701822
0.76605944
0.76510067
0.76414190
0.76318313
0.76126558
0.76030681
0.75934803
0.75838926
0.75743049
0.75647172
0.75551294
0.75359540
0.75263663
0.74880153
0.74592522
0.74496644
0.74400767
0.74304890
0.74209012
0.74017258
0.73825503
0.73729626
0.73633749
0.73537872
0.73441994
0.73250240
0.73058485
0.72962608
0.72962608
0.72866731
0.72770853
0.72674976
0.72483221
0.72387344
0.72291467
0.72099712
0.71907958
0.71716203
0.71524449
0.71428571
0.71332694
0.71045062
0.70853308
0.70757430
0.70565676
0.70469799
0.70373921
0.70182167
0.69990412
0.69894535
0.69798658
0.69511026
0.69415149
0.69319271
0.69031640
0.68935762
0.68744008
0.68552253
0.68456376
0.68168744
0.68072867
0.67976989
0.67881112
0.67785235
0.67689358
0.67497603
0.67401726
0.67305849
0.67018217
0.66826462
0.66634708
0.66538830
0.66442953
0.66347076
0.66251198
0.66155321
0.65963567
0.65867689
0.65675935
0.65580058
0.65388303
0.65292426
0.65196548
0.65004794
0.64908917
0.64813039
0.64621285
0.64429530
0.64333653
0.64141898
0.64046021
0.63758389
0.63662512
0.63470757
0.63279003
0.63087248
0.62895494
0.62703739
0.62607862
0.62511985
0.62320230
0.62224353
0.62128476
0.61936721
0.61840844
0.61744966
0.61553212
0.61361457
0.61169703
0.60977948
0.60882071
0.60786194
0.60594439
0.60210930
0.60115053
0.59827421
0.59731544
0.59635666
0.59443912
0.59348035
0.59252157
0.58964525
0.58676894
0.58581016
0.58197507
0.58101630
0.58005753
0.57813998
0.57718121
0.57526366
0.57142857
0.57046980
0.56951103
0.56855225
0.56759348
0.56663471
0.56471716
0.56375839
0.56279962
0.55896453
0.55800575
0.55608821
0.55512943
0.55417066
0.55321189
0.55129434
0.54841802
0.54650048
0.54554171
0.54458293
0.54362416
0.54266539
0.54170662
0.54074784
0.53787152
0.53691275
0.53403643
0.53211889
0.53116012
0.52828380
0.52732502
0.52636625
0.52348993
0.52253116
0.52061361
0.51965484
0.51773730
0.51486098
0.51198466
0.50910834
0.50814957
0.50719080
0.50527325
0.50431448
0.50143816
0.49952061
0.49664430
0.49568552
0.49472675
0.49376798
0.49280920
0.48993289
0.48801534
0.48705657
0.48513902
0.48418025
0.48130393
0.48034516
0.47938639
0.47651007
0.47171620
0.47075743
0.46883988
0.46788111
0.46500479
0.46404602
0.46404602
0.46308725
0.46116970
0.46021093
0.45541707
0.45349952
0.45254075
0.44966443
0.44870566
0.44774688
0.44582934
0.44391179
0.44199425
0.44007670
0.43911793
0.43720038
0.43528284
0.43336529
0.43144775
0.43048897
0.42377756
0.42377756
0.42377756
0.42281879
0.42186002
0.42186002
0.42186002
0.42186002
0.42090125
0.41994247
0.41706616
0.41706616
0.41610738
0.41227229
0.40939597
0.40556088
0.40268456
0.40172579
0.40172579
0.39980825
0.39597315
0.39405561
0.39405561
0.39405561
0.39405561
0.39117929
0.38734420
0.38446788
0.38063279
0.38063279
0.38063279
0.38063279
0.38063279
0.37967402
0.37775647
0.37679770
0.37583893
0.37392138
0.37296261
0.37104506
0.37008629
0.36912752
0.36816874
0.36720997
0.36337488
0.36241611
0.35858102
0.34419942
0.34419942
0.34419942
0.34324065
0.34228188
0.34132311
0.34036433
0.33844679
0.33748802
0.33557047
0.33269415
0.33077661
0.32981783
0.32694151
0.32598274
0.32502397
0.32406520
0.32214765
0.32023011
0.31927133
0.31831256
0.31639501
0.31351870
0.31255992
0.31064238
0.30968360
0.30680729
0.30584851
0.30488974
0.30393097
0.30393097
0.30393097
0.30393097
0.30393097
0.30393097
0.30393097
0.30201342
0.30105465
0.29817833
0.29626079
0.29626079
0.29530201
0.29242570
0.29146692
0.29050815
0.28954938
0.28859060
0.28763183
0.28475551
0.28379674
0.28283797
0.28187919
0.28092042
0.27996165
0.27900288
0.27516779
0.27420901
0.27325024
0.27229147
0.27133269
0.26941515
0.26845638
0.26749760
0.25215724
0.25215724
0.24832215
0.24736337
0.24640460
0.24544583
0.24352828
0.24256951
0.24161074
0.23010547
0.22914669
0.22818792
0.22627037
0.21476510
0.21284756
0.20997124
0.20709492
0.20517737
0.20134228
0.20038351
0.19942474
0.19558965
0.19271333
0.19079578
0.18983701
0.18791946
0.18696069
0.18312560
0.15627996
0.15627996
0.15340364
0.15148610
0.13710451
0.13710451
0.13710451
0.13710451
0.13710451
0.13614573
0.09587728
0.09587728
0.09108341
0.09108341
0.09108341
0.09108341
0.08724832
0.08724832
0.08724832
0.08724832
0.08724832
0.08724832
0.08724832
0.08437200
0.08245446
0.07957814
0.07957814
0.07957814
0.07957814
0.07574305
0.07478428
0.06327900
0.06327900
0.06327900
0.06136146
0.06136146
0.06136146
0.06136146
0.06136146
0.06136146
0.06136146
0.06136146
0.06136146
0.06136146
0.06136146
0.05369128
0.05369128
0.05369128
0.05369128
0.05369128
0.05369128
0.05369128
0.05369128
0.05369128
0.04985618
0.04985618
0.04985618
0.04985618
0.04985618
0.04985618
0.04985618
0.04985618
0.04985618
0.04985618
0.04985618
0.04985618
0.04985618
0.04985618
0.04985618
0.04985618
0.04985618
0.04985618
0.04985618
0.04985618
0.04793864
0.04602109
0.04602109
0.04602109
0.04602109
0.04602109
0.04602109
0.04602109
0.04506232
0.03930968
0.03930968
0.03163950
0.03163950
0.03163950
0.03163950
0.03163950
0.03163950
0.03163950
0.03163950
0.03163950
0.03163950
0.03163950
0.03163950
0.03163950
0.03163950
0.03163950
0.03163950
0.03163950
0.03163950
0.03163950
0.03163950
0.03163950
0.03163950
0.03163950
0.03163950
0.03163950
0.03163950
0.03163950
0.03163950
0.03163950
0.03163950
0.03163950
0.02972196
0.02972196
0.02972196
0.02972196
0.02972196
0.02972196
0.02972196
0.02972196
0.02972196
0.02972196
0.02972196
0.02972196
0.02684564
0.02684564
0.02684564
0.02684564
0.02684564
0.02684564
0.02684564
0.02684564
0.02684564
0.02684564
0.02684564
0.02684564
0.02684564
0.02684564
0.02684564
0.02684564
0.02684564
0.02684564
0.02684564
0.02684564
0.02684564
0.02684564
0.02588686
0.02492809
0.02396932
0.02301055
0.02109300
0.01917546
0.01821668
0.01725791
0.01629914
0.01534036
0.01438159
0.01054650
0.00671141
0.00671141
0.00671141
0.00671141
0.00671141
0.00671141
0.00671141
0.00671141
0.00575264
0.00575264
0.00575264
0.00575264
0.00575264
0.00575264
0.00479386
0.00383509
0.00287632
0.00191755
0.00095877
0.00095877
0.00095877
0.00095877
0.00095877
0.00095877
0.00095877
0.00095877
0.00095877
0.00095877
0.00095877
0.00095877
0.00095877
0.00095877
0.00095877
0.00095877
0.00095877
0.00095877
0.00095877
0.00095877
0.00095877
0.00095877
0.00095877
0.00095877
0.00095877
0.00095877
0.00095877
0.00095877
0.00095877
0.00095877
0.00095877
0.00095877
0.00095877
0.00095877
0.00095877
0.00095877
0.00095877
0.00095877
0.00095877
0.00095877
0.00095877
0.00095877
0.00095877
0.00095877
0.00095877
0.00095877
0.00095877
0.00095877
0.00095877
0.00095877
0.00095877
0.00095877
0.00095877
0.00095877
0.00095877
0.00095877
0.00095877
0.00095877
0.00095877
0.00095877
0.00095877
0.00095877
0.00095877
0.00095877
0.00095877
0.00095877
0.00095877
0.00095877
0.00095877
0.00095877
0.00095877
0.00095877
0.00095877
0.00095877
0.00095877
0.00095877
0.00095877
0.00095877
0.00095877
0.00095877
0.00095877
0.00095877
0.00095877
0.00095877
0.00095877
0.00095877
0.00095877
0.00095877
0.00095877
0.00095877
0.00095877
0.00095877
0.00095877
0.00095877
0.00095877
0.00095877
0.00095877
0.00095877
0.00095877
0.00095877
0.00095877
0.00095877
0.00095877
0.00095877
0.00095877
0.00095877
0.00095877
0.00095877
0.00095877
0.00095877
0.00095877
0.00095877
0.00095877
0.00095877
0.00095877
0.00095877
0.00095877
0.00095877
0.00095877
0.00095877
0.00095877
0.00095877
0.00095877
0.00095877
0.00095877
0.00095877
0.00095877
0.00095877
0.00095877
0.00095877
0.00095877
0.00095877
0.00095877
0.00095877
0.00095877
0.00095877
0.00095877
0.00095877
0.00095877
0.00095877
0.00095877
0.00095877
0.00095877
0.00095877
0.00095877
0.00095877
0.00095877
0.00095877
0.00095877
0.00095877
0.00095877
0.00095877
0.00095877
0.00095877
0.00095877
0.00095877
0.00095877
0.00095877
0.00095877
0.00095877
0.00095877
0.00095877
0.00095877
0.00095877
0.00095877
0.00095877
0.00095877
0.00095877
0.00095877
0.00095877
0.00095877
0.00095877
0.00095877
0.00095877
0.00095877
0.00095877
0.00095877
0.00095877
0.00095877
0.00095877
0.00095877
0.00095877
0.00095877
0.00095877
0.00095877
0.00095877
0.00095877
0.00095877
0.00095877
0.00095877
0.00095877
0.00095877
0.00095877
0.00095877
0.00095877
0.00095877
0.00095877
0.00095877
0.00095877
0.00095877
0.00095877
0.00095877
0.00095877
0.00095877
0.00095877
0.00095877
0.00095877
0.00095877
0.00095877
0.00095877
0.00095877
0.00095877
0.00095877
0.00095877
0.00095877
0.00095877
0.00095877
0.00095877
0.00095877
0.00095877
0.00095877
0.00095877
0.00095877
0.00095877
0.00095877
0.00095877
0.00095877
0.00095877
0.00095877
0.00095877
0.00095877
0.00095877
0.00095877
0.00095877
0.00095877
0.00095877
0.00095877
0.00095877
0.00095877
0.00095877
0.00095877
0.00095877
0.00095877
0.00095877
0.00095877
0.00095877
0.00095877
0.00095877
0.00095877
0.00095877
0.00095877
0.00095877
0.00095877
0.00095877
0.00095877
0.00095877
0.00095877
0.00095877
0.00095877
0.00095877
0.00095877
0.00095877
0.00095877
0.00095877
0.00095877
0.00095877
0.00095877
0.00095877
0.00095877
0.00095877
0.00095877
0.00095877
0.00095877
0.00095877
0.00095877
0.00095877
0.00095877
0.00095877
0.00095877
0.00095877
0.00095877
0.00095877
0.00095877
0.00095877
0.00095877
0.00095877
0.00095877
0.00095877
0.00095877
0.00095877
0.00095877
0.00095877
0.00095877
0.00095877
0.00095877
0.00095877
0.00095877
0.00095877
0.00095877
0.00095877
