1.00000000
0.99481865
0.98963731
0.98445596
0.96891192
0.95854922
0.94818653
0.93782383
0.93264249
0.91709845
0.91191710
0.90673575
0.89637306
0.88601036
0.87564767
0.86528497
0.86010363
0.85492228
0.84455959
0.83419689
0.82383420
0.81865285
0.80829016
0.80310881
0.79792746
0.79274611
0.78238342
0.77202073
0.76165803
0.74093264
0.73575130
0.72538860
0.70984456
0.70466321
0.69948187
0.69430052
0.68911917
0.67875648
0.66839378
0.66321244
0.65803109
0.64766839
0.64248705
0.63730570
0.62176166
0.61658031
0.60621762
0.60103627
0.59585492
0.59067358
0.58031088
0.57512953
0.56994819
0.56476684
0.55958549
0.55440415
0.54404145
0.52331606
0.51813472
0.51295337
0.50777202
0.50259067
0.49222798
0.46632124
0.45595855
0.44559585
0.44041451
0.43005181
0.41450777
0.40414508
0.39896373
0.38860104
0.37823834
0.36787565
0.35751295
0.34715026
0.34196891
0.32642487
0.32124352
0.31606218
0.30569948
0.29533679
0.29015544
0.27461140
0.25906736
0.25388601
0.24352332
0.23834197
0.22797927
0.20207254
0.18652850
0.10880829
0.08290155
0.04145078
0.03626943
0.03108808
0.03108808
0.03108808
0.03108808
0.02072539
0.02072539
0.02072539
0.02072539
0.02072539
0.01554404
0.01554404
0.01554404
0.01554404
0.00518135
0.00518135
0.00518135
0.00518135
0.00518135
0.00518135
0.00518135
0.00518135
0.00518135
0.00518135
0.00518135
0.00518135
0.00518135
0.00518135
0.00518135
0.00518135
0.00518135
0.00518135
0.00518135
0.00518135
0.00518135
0.00518135
0.00518135
0.00518135
0.00518135
0.00518135
0.00518135
0.00518135
0.00518135
0.00518135
0.00518135
0.00518135
0.00518135
0.00518135
0.00518135
0.00518135
0.00518135
0.00518135
0.00518135
0.00518135
0.00518135
0.00518135
0.00518135
0.00518135
0.00518135
0.00518135
0.00518135
0.00518135
0.00518135
0.00518135
0.00518135
0.00518135
0.00518135
0.00518135
0.00518135
0.00518135
0.00518135
0.00518135
0.00518135
0.00518135
0.00518135
0.00518135
0.00518135
0.00518135
0.00518135
0.00518135
0.00518135
0.00518135
0.00518135
0.00518135
0.00518135
0.00518135
0.00518135
0.00518135
0.00518135
0.00518135
0.00518135
0.00518135
0.00518135
0.00518135
0.00518135
0.00518135
0.00518135
0.00518135
0.00518135
0.00518135
0.00518135
0.00518135
0.00518135
0.00518135
0.00518135
0.00518135
0.00518135
0.00518135
0.00518135
0.00518135
0.00518135
0.00518135
0.00518135
0.00518135
0.00518135
0.00518135
0.00518135
0.00518135
0.00518135
0.00518135
