1.00000000
0.98443580
0.97276265
0.96498054
0.96108949
0.95330739
0.94552529
0.93774319
0.92996109
0.92607004
0.91828794
0.90272374
0.89883268
0.89105058
0.87548638
0.86770428
0.86381323
0.85992218
0.85603113
0.84435798
0.84046693
0.83657588
0.82101167
0.81322957
0.80155642
0.78599222
0.77821012
0.76653696
0.76264591
0.75875486
0.75486381
0.71595331
0.70817121
0.70428016
0.69260700
0.68871595
0.67315175
0.66536965
0.65758755
0.65369650
0.64980545
0.64591440
0.64202335
0.63424125
0.63035019
0.61867704
0.61089494
0.60700389
0.60311284
0.59533074
0.55642023
0.55252918
0.53696498
0.53307393
0.50583658
0.49805447
0.49416342
0.47470817
0.46303502
0.40466926
0.39688716
0.39688716
0.36964981
0.33463035
0.30739300
0.29961089
0.29571984
0.26848249
0.26070039
0.15564202
0.14785992
0.12062257
0.12062257
0.12062257
0.12062257
0.11284047
0.06225681
0.06225681
0.06225681
0.06225681
0.06225681
0.06225681
0.06225681
0.06225681
0.06225681
0.06225681
0.06225681
0.06225681
0.06225681
0.03891051
0.01945525
0.01945525
0.01945525
0.01945525
0.01945525
0.01945525
0.01945525
0.01945525
0.01945525
0.01945525
0.01945525
0.01945525
0.01945525
0.01945525
0.01556420
0.01556420
0.01556420
0.01556420
0.01556420
0.01556420
0.01556420
0.01556420
0.01556420
0.01556420
0.01556420
0.01556420
0.01556420
0.01556420
0.01556420
0.01556420
0.01556420
0.01556420
0.01556420
0.01167315
0.01167315
0.01167315
0.00778210
0.00389105
0.00389105
0.00389105
0.00389105
0.00389105
0.00389105
0.00389105
0.00389105
0.00389105
0.00389105
0.00389105
0.00389105
0.00389105
0.00389105
0.00389105
0.00389105
0.00389105
0.00389105
0.00389105
0.00389105
0.00389105
0.00389105
0.00389105
0.00389105
0.00389105
0.00389105
0.00389105
0.00389105
0.00389105
0.00389105
0.00389105
0.00389105
0.00389105
0.00389105
0.00389105
0.00389105
0.00389105
0.00389105
0.00389105
0.00389105
0.00389105
0.00389105
0.00389105
0.00389105
0.00389105
0.00389105
0.00389105
0.00389105
0.00389105
0.00389105
0.00389105
0.00389105
0.00389105
0.00389105
0.00389105
0.00389105
0.00389105
0.00389105
0.00389105
0.00389105
0.00389105
0.00389105
0.00389105
0.00389105
0.00389105
0.00389105
0.00389105
0.00389105
0.00389105
0.00389105
0.00389105
0.00389105
0.00389105
0.00389105
0.00389105
0.00389105
0.00389105
0.00389105
0.00389105
0.00389105
0.00389105
0.00389105
0.00389105
0.00389105
0.00389105
0.00389105
0.00389105
0.00389105
0.00389105
0.00389105
0.00389105
0.00389105
0.00389105
0.00389105
0.00389105
0.00389105
0.00389105
0.00389105
0.00389105
0.00389105
0.00389105
0.00389105
0.00389105
0.00389105
0.00389105
0.00389105
0.00389105
0.00389105
0.00389105
0.00389105
0.00389105
0.00389105
0.00389105
0.00389105
0.00389105
0.00389105
0.00389105
0.00389105
0.00389105
0.00389105
0.00389105
0.00389105
0.00389105
0.00389105
0.00389105
0.00389105
0.00389105
0.00389105
0.00389105
0.00389105
0.00389105
0.00389105
0.00389105
0.00389105
0.00389105
0.00389105
0.00389105
0.00389105
0.00389105
0.00389105
0.00389105
0.00389105
0.00389105
0.00389105
0.00389105
0.00389105
0.00389105
0.00389105
0.00389105
0.00389105
0.00389105
0.00389105
