258
723
1056
1019
601
1944
390
513
626
374
1533
1561
1806
2335
468
900
58
1565
985
184
1304
1816
446
3669
670
769
951
925
3610
600
1872
524
1653
1820
1895
706
1327
1926
792
2130
266
1146
1615
1740
1170
618
2958
355
549
695
1765
3630
663
721
1867
1263
1108
221
359
1903
209
1
2195
1760
1712
368
508
237
3596
1788
2902
1956
1954
1961
474
793
2119
784
3637
1748
339
1268
1134
718
230
1744
1397
1747
707
1650
14
1386
449
1784
1737
1323
722
2474
1624
345
83
1413
1745
1741
364
865
161
1538
381
815
520
530
1807
1522
226
478
1181
660
475
185
53
108
656
101
326
1838
1654
2509
1133
1752
657
1912
993
1269
1804
1859
1443
1802
1962
1791
483
2075
1940
1139
797
1870
1183
1846
590
697
228
973
88
111
1285
342
1810
2149
764
217
290
95
457
431
1866
1179
249
272
569
124
1813
382
1197
1174
1281
1100
701
5
349
1151
321
752
0
1809
1173
874
796
4
1792
2800
1536
484
3626
1887
485
895
3418
1726
302
2030
197
791
2278
289
1856
1184
1664
1330
109
1746
3
1731
1928
594
937
1113
807
128
44
146
1783
3633
1015
1136
533
1288
186
1828
133
333
490
171
795
1022
1830
1771
1251
1265
2358
2600
942
46
599
18
608
2035
2074
688
338
1009
632
2971
2
279
93
1280
546
1598
1274
301
25
1111
438
876
591
1836
1841
3620
164
1291
2888
1279
1861
1198
2325
1437
1900
1325
122
340
1929
73
1080
2203
1645
2170
1907
288
174
1913
2373
178
1794
2087
1904
2772
401
1165
567
291
2210
1626
2067
218
794
933
605
3055
1260
1169
1864
1825
607
378
2197
2300
2142
885
1905
195
934
120
331
3618
353
150
1555
191
496
74
2029
32
173
1301
144
3035
208
298
140
1259
1915
265
3078
1873
172
529
1201
68
47
234
693
1152
2176
1593
3038
67
1321
1697
1619
781
41
293
427
1947
322
3052
43
3392
286
1293
264
586
3629
907
1034
1852
2882
617
1918
2943
393
275
678
1774
915
837
223
127
1988
1266
1886
59
1821
1010
110
257
406
2741
118
7
615
547
1414
323
193
229
206
34
1097
33
292
308
1531
1046
220
462
1157
89
167
151
318
1129
