553
35
39
71
774
51
743
14
68
220
76
54
3930
386
3929
3927
206
232
188
20
1481
41
136
474
11280
9
858
1868
354
248
401
143
3062
56
621
9658
355
262
3928
507
1354
629
59
10896
43
533
2325
7
33
29
3490
81
151
249
460
1389
10132
17914
1460
796
149
26
80
214
4476
3917
114
379
63
171
65
154
6928
519
2537
593
1926
3764
842
1254
2658
64
4817
1390
746
1506
352
20941
2614
29344
28796
328
77
5816
30
7217
6155
1
1276
13242
883
2058
4694
6730
426
2
427
643
2273
37
7291
2834
290
350
1556
575
3048
3632
165
6412
215
2666
397
547
4524
1152
673
17699
104
13492
2045
15785
3749
1235
69
25944
3283
1498
266
1553
737
4045
6809
44
3223
394
306
9868
10875
3724
787
444
885
116
8384
2585
8487
2705
1767
5157
4820
9924
1839
580
471
946
195
2019
1913
8479
609
603
368
1516
3838
2344
8485
1564
53
2890
498
4094
8369
3264
182
1812
289
1441
1595
25242
11653
6781
5699
11461
2778
591
1334
12390
923
6968
16687
1507
236
6905
11576
3004
7252
1422
504
5347
5004
3247
28095
93
2324
565
6867
31485
8581
21318
85
413
161
2430
12798
1438
3571
6323
1587
654
8168
11197
7331
8594
9688
173
15194
5402
641
935
6283
7128
19530
11
11502
5040
3777
6886
94
10349
1757
26329
1919
12971
21816
2949
17785
3225
2766
218
22574
15273
781
14561
492
31575
3973
24360
1127
15939
33746
1006
2130
55
44089
4969
2663
1326
2307
24461
5095
1737
82
1129
5866
12882
6257
6992
1338
6692
5611
343
8486
14223
5167
9114
17242
22026
19361
23187
6201
2924
44178
10244
5457
6078
14126
13121
8495
29038
2497
8980
18517
2557
4265
6572
993
300
489
522
25884
1260
763
6209
678
1515
240
8952
57
944
5659
5787
2555
5308
548
1417
15603
42570
7276
2097
3923
3542
60
3000
8098
8577
7020
5009
2754
29495
34897
14940
3883
2224
7174
16641
90
25093
3248
1695
230
23702
3022
1881
7564
115
7279
295
4919
2942
15809
1139
1733
1245
17604
6088
4487
9984
55720
6587
2225
4397
1315
5007
1133
8878
6260
2457
1299
3171
7672
7039
22047
5211
3874
24501
13447
36783
1739
5423
9503
1151
3246
6924
6478
211
5583
238
4210
3132
2025
882
6780
3245
3249
8182
529
22557
25480
20540
3114
2870
6325
7472
22294
8504
8857
48
7603
6328
938
1221
10185
7193
8092
988
24610
994
4686
3888
1634
5478
10804
7613
8876
8684
25960
4012
704
4517
5385
6037
167
11946
27353
10156
7768
4495
2708
3988
6205
6457
27723
22362
28829
374
12227
6860
2153
3835
8367
1475
950
1651
21975
7629
13345
1462
20441
15892
9094
700
2879
682
977
13241
29584
12399
10139
31320
8601
537
27097
987
34880
9372
16387
43626
27011
39880
13487
28826
17399
10140
26708
21122
17210
5181
28361
5291
9623
8881
32098
45361
1645
19616
18085
7910
2700
2433
4501
21322
9174
12695
20646
2352
35440
21289
18137
416
242
21139
4799
646
1208
2639
6643
7169
9655
1551
49388
25455
7811
766
8407
13396
24258
7878
6579
5236
8354
9760
1668
21965
8021
10585
1920
7436
43685
86
6299
12172
926
3956
3030
16050
9012
10282
44738
42220
9491
32048
20798
7180
10778
33621
13210
10371
37590
4322
1918
2227
6314
8737
7989
24749
7116
39839
14282
7452
2572
2244
22313
32548
53380
54320
9784
12430
7858
1572
101
5439
7192
9133
1439
5876
44032
2470
54523
12696
11496
10305
6471
3357
34628
1419
33055
11337
35548
8681
25779
5237
20279
42649
26098
879
5888
5961
14290
4782
10041
15259
41274
438
19501
2907
21434
7379
14570
34918
46143
9328
10327
9656
21911
9496
5645
25995
48986
7328
3067
5652
582
28904
53372
3170
2938
46863
3273
27578
43866
11015
7396
5784
13486
7351
10301
2564
568
9950
8439
19138
12920
36515
55813
1745
37004
37089
1730
7609
27784
11769
1098
7707
12028
9990
6035
6351
9002
14852
4630
45402
14537
2556
287
721
18166
18724
1488
18626
18525
18531
7047
19877
23883
2295
1810
5481
10047
7148
30956
8038
6879
1797
14296
17033
9842
19191
2226
36078
4638
1731
12597
4534
25933
17095
55947
15444
13711
51375
418
23050
45892
33242
6835
12138
47343
11618
5390
28571
42718
6980
31606
3027
5460
1754
6377
1915
18664
23398
13217
7818
4573
5195
557
5988
5272
52229
1775
33409
6459
21896
5196
5758
5301
26410
10482
7536
26951
16304
1699
2644
36641
3943
18507
9122
28139
13183
30166
43330
42049
27940
44523
31885
22000
2793
4129
7857
17857
16446
10640
42068
47029
6716
32742
15542
4052
11566
51621
30946
8529
1914
31888
1019
610
29718
4302
89
7393
3072
17410
6143
31834
8162
33751
2195
545
3786
5027
1224
4240
1452
2606
8429
7062
18189
39885
11592
1933
12680
21867
22508
18255
15511
19788
13691
21897
8404
4429
14213
5180
25052
19403
38765
17859
706
43732
43365
7106
23238
35231
8152
18839
12081
44639
8436
1569
524
17793
30862
31961
34652
16115
34435
8181
2969
19845
43541
23888
12271
32605
7820
14761
4720
31022
38820
3800
44522
41759
13706
28787
1414
11738
5310
14971
4478
28352
2827
26600
15691
6844
10812
3091
12478
5441
8361
42005
48294
36784
37381
22702
35778
11269
50398
45574
821
35334
49363
42487
5163
9025
21788
42335
1400
1937
44550
30372
10614
22364
10652
4836
24913
19122
8303
18599
14904
31354
6281
14773
43860
23606
9105
15386
40040
38897
52065
19921
19466
49414
17349
455
34664
53394
21524
26307
21192
626
7590
5932
14448
32520
47072
141
17529
6803
41305
1943
8082
41465
12940
33117
8290
26857
32669
13276
9820
21330
17110
26343
23142
8621
14187
50851
2602
4485
3652
16139
21812
45245
30113
3389
53363
27836
4637
5930
41601
11599
11872
39360
2335
5375
36880
41752
52487
16501
2858
4989
14905
27565
11286
46577
7531
25146
22115
16088
3163
40694
41640
1465
441
49057
7109
17530
15376
7129
42830
10466
22834
8130
39690
6216
14191
25707
8712
45484
30091
7635
31936
32754
10495
5895
7168
40078
27320
4111
38796
20282
1940
8472
23063
18100
13156
32437
5428
2558
10524
6097
5463
15738
6686
6005
10750
13560
7034
40776
4380
16299
12324
34100
22709
38584
48213
42276
3947
36539
1990
34225
34693
8792
5325
34361
21082
8554
9068
10570
14285
13588
6915
3938
41528
6408
18435
10054
6827
4403
50246
11249
24584
36091
6087
42234
23843
5781
1560
435
55166
7336
17810
24603
9839
47740
55766
37169
10381
26062
3086
47
45241
9750
5547
44115
9654
19772
5228
41728
52314
20008
43138
9781
41251
39871
2488
9643
17561
6229
11094
3839
15639
19117
17097
13093
35486
16337
5362
26514
51048
11372
41412
23571
45978
16683
4781
55245
1539
53405
45098
36610
7010
28677
5352
30388
389
16424
795
36258
25593
9628
8669
36398
5459
4921
10376
26378
17366
29623
11672
25880
13440
2284
2933
13214
53892
19001
23709
18523
12769
50117
4294
9298
4073
6675
31676
3744
19345
6618
46068
32051
2883
23997
19085
5069
11635
11638
7656
1457
20881
34409
21631
190
6070
19214
13003
40026
9362
27279
23351
5149
35918
5763
44363
28858
5110
11236
6432
18699
31206
2356
39229
12586
22081
16934
6632
42512
43751
8791
5173
5172
9318
3791
6588
7595
25292
21212
12526
28364
7821
18808
35130
35458
21359
17753
39348
4510
14340
14339
4085
27356
20815
33714
31191
10677
5567
11403
31070
9763
7353
313
36214
22549
4502
31835
34828
5943
25050
28354
18636
17306
16165
27633
38615
1410
12397
8934
14550
18224
28237
11805
43449
666
35283
3365
7792
14748
5984
40391
19045
2233
6211
11316
11078
5795
10664
19468
2762
10574
44171
5817
33586
41014
5756
22312
6240
345
2587
39591
16081
7555
5056
1611
15412
1308
22266
1487
15620
31465
26309
25171
11694
16136
6485
36813
1193
47342
15804
2263
12032
13663
530
47015
26679
27779
2004
13078
6486
12512
25516
7158
17145
4039
40992
2613
948
16871
3356
198
6497
1994
18557
6640
12739
11634
43697
6703
5908
19899
390
777
34546
15721
5286
36600
25319
7330
7095
24312
26312
4764
3325
3064
2696
8266
5146
29923
52577
3497
26529
13023
16489
21423
20344
12505
38714
6389
22080
1013
4593
4590
6513
26594
14076
10128
56300
12891
6887
53978
7245
3435
6910
4669
42775
452
13390
6297
35909
33237
40817
4051
408
15515
6368
33684
47118
13962
15697
20770
8203
1291
1719
3503
40428
17854
14895
29510
