1.000000000000000000e+00
9.285714285714286031e-01
8.904761904761904212e-01
8.904761904761904212e-01
8.904761904761904212e-01
6.857142857142857206e-01
5.904761904761904878e-01
5.857142857142857428e-01
2.380952380952380820e-01
2.380952380952380820e-01
2.380952380952380820e-01
2.238095238095238193e-01
1.809523809523809479e-01
1.809523809523809479e-01
1.809523809523809479e-01
1.523809523809523947e-01
1.523809523809523947e-01
1.523809523809523947e-01
1.523809523809523947e-01
1.523809523809523947e-01
1.523809523809523947e-01
1.523809523809523947e-01
1.523809523809523947e-01
1.523809523809523947e-01
1.523809523809523947e-01
8.571428571428571508e-02
8.571428571428571508e-02
8.571428571428571508e-02
8.571428571428571508e-02
8.571428571428571508e-02
8.571428571428571508e-02
8.571428571428571508e-02
8.571428571428571508e-02
8.571428571428571508e-02
8.571428571428571508e-02
8.571428571428571508e-02
8.095238095238095621e-02
8.095238095238095621e-02
8.095238095238095621e-02
8.095238095238095621e-02
8.095238095238095621e-02
8.095238095238095621e-02
8.095238095238095621e-02
8.095238095238095621e-02
8.095238095238095621e-02
4.761904761904761640e-02
4.761904761904761640e-02
4.761904761904761640e-02
4.761904761904761640e-02
4.761904761904761640e-02
4.761904761904761640e-02
4.761904761904761640e-02
4.761904761904761640e-02
4.761904761904761640e-02
4.761904761904761640e-02
4.761904761904761640e-02
4.761904761904761640e-02
4.761904761904761640e-02
4.761904761904761640e-02
4.761904761904761640e-02
4.761904761904761640e-02
3.333333333333333287e-02
2.857142857142857054e-02
2.857142857142857054e-02
2.857142857142857054e-02
2.857142857142857054e-02
2.857142857142857054e-02
2.857142857142857054e-02
2.857142857142857054e-02
2.857142857142857054e-02
2.857142857142857054e-02
2.857142857142857054e-02
2.380952380952380820e-02
2.380952380952380820e-02
2.380952380952380820e-02
2.380952380952380820e-02
2.380952380952380820e-02
2.380952380952380820e-02
2.380952380952380820e-02
2.380952380952380820e-02
2.380952380952380820e-02
2.380952380952380820e-02
2.380952380952380820e-02
2.380952380952380820e-02
2.380952380952380820e-02
2.380952380952380820e-02
2.380952380952380820e-02
2.380952380952380820e-02
2.380952380952380820e-02
2.380952380952380820e-02
2.380952380952380820e-02
2.380952380952380820e-02
2.380952380952380820e-02
1.904761904761904934e-02
1.904761904761904934e-02
1.904761904761904934e-02
1.904761904761904934e-02
1.904761904761904934e-02
1.904761904761904934e-02
1.904761904761904934e-02
1.904761904761904934e-02
1.904761904761904934e-02
1.904761904761904934e-02
1.904761904761904934e-02
1.904761904761904934e-02
1.904761904761904934e-02
1.904761904761904934e-02
1.904761904761904934e-02
1.904761904761904934e-02
1.904761904761904934e-02
1.904761904761904934e-02
1.904761904761904934e-02
1.904761904761904934e-02
1.904761904761904934e-02
1.904761904761904934e-02
1.904761904761904934e-02
1.904761904761904934e-02
1.904761904761904934e-02
1.904761904761904934e-02
1.904761904761904934e-02
1.904761904761904934e-02
1.904761904761904934e-02
1.904761904761904934e-02
1.904761904761904934e-02
1.904761904761904934e-02
1.904761904761904934e-02
1.904761904761904934e-02
1.428571428571428527e-02
1.428571428571428527e-02
1.428571428571428527e-02
1.428571428571428527e-02
1.428571428571428527e-02
1.428571428571428527e-02
1.428571428571428527e-02
1.428571428571428527e-02
1.428571428571428527e-02
1.428571428571428527e-02
1.428571428571428527e-02
1.428571428571428527e-02
1.428571428571428527e-02
1.428571428571428527e-02
1.428571428571428527e-02
1.428571428571428527e-02
1.428571428571428527e-02
1.428571428571428527e-02
1.428571428571428527e-02
1.428571428571428527e-02
1.428571428571428527e-02
1.428571428571428527e-02
1.428571428571428527e-02
1.428571428571428527e-02
1.428571428571428527e-02
1.428571428571428527e-02
1.428571428571428527e-02
1.428571428571428527e-02
1.428571428571428527e-02
1.428571428571428527e-02
1.428571428571428527e-02
1.428571428571428527e-02
1.428571428571428527e-02
1.428571428571428527e-02
1.428571428571428527e-02
1.428571428571428527e-02
1.428571428571428527e-02
1.428571428571428527e-02
1.428571428571428527e-02
1.428571428571428527e-02
1.428571428571428527e-02
1.428571428571428527e-02
1.428571428571428527e-02
1.428571428571428527e-02
1.428571428571428527e-02
1.428571428571428527e-02
1.428571428571428527e-02
1.428571428571428527e-02
1.428571428571428527e-02
1.428571428571428527e-02
1.428571428571428527e-02
1.428571428571428527e-02
1.428571428571428527e-02
1.428571428571428527e-02
1.428571428571428527e-02
1.428571428571428527e-02
1.428571428571428527e-02
1.428571428571428527e-02
1.428571428571428527e-02
1.428571428571428527e-02
1.428571428571428527e-02
1.428571428571428527e-02
1.428571428571428527e-02
1.428571428571428527e-02
1.428571428571428527e-02
1.428571428571428527e-02
1.428571428571428527e-02
1.428571428571428527e-02
1.428571428571428527e-02
1.428571428571428527e-02
1.428571428571428527e-02
1.428571428571428527e-02
1.428571428571428527e-02
1.428571428571428527e-02
1.428571428571428527e-02
1.428571428571428527e-02
1.428571428571428527e-02
1.428571428571428527e-02
1.428571428571428527e-02
1.428571428571428527e-02
1.428571428571428527e-02
1.428571428571428527e-02
1.428571428571428527e-02
1.428571428571428527e-02
1.428571428571428527e-02
1.428571428571428527e-02
1.428571428571428527e-02
1.428571428571428527e-02
1.428571428571428527e-02
1.428571428571428527e-02
1.428571428571428527e-02
1.428571428571428527e-02
1.428571428571428527e-02
1.428571428571428527e-02
1.428571428571428527e-02
1.428571428571428527e-02
9.523809523809524669e-03
9.523809523809524669e-03
9.523809523809524669e-03
9.523809523809524669e-03
9.523809523809524669e-03
9.523809523809524669e-03
9.523809523809524669e-03
9.523809523809524669e-03
9.523809523809524669e-03
9.523809523809524669e-03
9.523809523809524669e-03
9.523809523809524669e-03
9.523809523809524669e-03
9.523809523809524669e-03
9.523809523809524669e-03
9.523809523809524669e-03
9.523809523809524669e-03
9.523809523809524669e-03
9.523809523809524669e-03
9.523809523809524669e-03
9.523809523809524669e-03
9.523809523809524669e-03
9.523809523809524669e-03
9.523809523809524669e-03
9.523809523809524669e-03
9.523809523809524669e-03
9.523809523809524669e-03
9.523809523809524669e-03
9.523809523809524669e-03
9.523809523809524669e-03
9.523809523809524669e-03
9.523809523809524669e-03
9.523809523809524669e-03
9.523809523809524669e-03
9.523809523809524669e-03
9.523809523809524669e-03
9.523809523809524669e-03
9.523809523809524669e-03
9.523809523809524669e-03
9.523809523809524669e-03
9.523809523809524669e-03
9.523809523809524669e-03
9.523809523809524669e-03
9.523809523809524669e-03
9.523809523809524669e-03
9.523809523809524669e-03
9.523809523809524669e-03
9.523809523809524669e-03
9.523809523809524669e-03
9.523809523809524669e-03
9.523809523809524669e-03
9.523809523809524669e-03
9.523809523809524669e-03
9.523809523809524669e-03
9.523809523809524669e-03
9.523809523809524669e-03
9.523809523809524669e-03
9.523809523809524669e-03
9.523809523809524669e-03
9.523809523809524669e-03
9.523809523809524669e-03
9.523809523809524669e-03
9.523809523809524669e-03
9.523809523809524669e-03
9.523809523809524669e-03
9.523809523809524669e-03
9.523809523809524669e-03
9.523809523809524669e-03
9.523809523809524669e-03
9.523809523809524669e-03
9.523809523809524669e-03
9.523809523809524669e-03
9.523809523809524669e-03
9.523809523809524669e-03
9.523809523809524669e-03
9.523809523809524669e-03
9.523809523809524669e-03
9.523809523809524669e-03
9.523809523809524669e-03
9.523809523809524669e-03
9.523809523809524669e-03
9.523809523809524669e-03
9.523809523809524669e-03
9.523809523809524669e-03
9.523809523809524669e-03
9.523809523809524669e-03
9.523809523809524669e-03
9.523809523809524669e-03
9.523809523809524669e-03
9.523809523809524669e-03
9.523809523809524669e-03
9.523809523809524669e-03
9.523809523809524669e-03
9.523809523809524669e-03
9.523809523809524669e-03
9.523809523809524669e-03
9.523809523809524669e-03
9.523809523809524669e-03
9.523809523809524669e-03
9.523809523809524669e-03
9.523809523809524669e-03
9.523809523809524669e-03
9.523809523809524669e-03
9.523809523809524669e-03
9.523809523809524669e-03
9.523809523809524669e-03
9.523809523809524669e-03
9.523809523809524669e-03
9.523809523809524669e-03
9.523809523809524669e-03
9.523809523809524669e-03
9.523809523809524669e-03
9.523809523809524669e-03
9.523809523809524669e-03
9.523809523809524669e-03
9.523809523809524669e-03
9.523809523809524669e-03
9.523809523809524669e-03
9.523809523809524669e-03
9.523809523809524669e-03
9.523809523809524669e-03
9.523809523809524669e-03
9.523809523809524669e-03
9.523809523809524669e-03
9.523809523809524669e-03
9.523809523809524669e-03
9.523809523809524669e-03
9.523809523809524669e-03
9.523809523809524669e-03
9.523809523809524669e-03
9.523809523809524669e-03
9.523809523809524669e-03
9.523809523809524669e-03
9.523809523809524669e-03
9.523809523809524669e-03
9.523809523809524669e-03
9.523809523809524669e-03
9.523809523809524669e-03
9.523809523809524669e-03
9.523809523809524669e-03
9.523809523809524669e-03
9.523809523809524669e-03
9.523809523809524669e-03
9.523809523809524669e-03
9.523809523809524669e-03
9.523809523809524669e-03
9.523809523809524669e-03
9.523809523809524669e-03
9.523809523809524669e-03
9.523809523809524669e-03
9.523809523809524669e-03
9.523809523809524669e-03
9.523809523809524669e-03
9.523809523809524669e-03
9.523809523809524669e-03
9.523809523809524669e-03
9.523809523809524669e-03
4.761904761904762334e-03
