455
515
358
653
529
167
33
454
198
648
372
677
105
339
288
68
308
534
403
393
316
51
77
252
134
256
657
80
668
601
84
431
16
158
347
642
506
161
344
261
294
466
364
24
453
584
670
612
166
496
356
614
107
241
626
563
662
63
94
427
440
436
165
65
596
523
620
125
130
135
153
452
250
251
320
604
185
14
622
255
50
56
70
79
154
162
172
247
262
437
530
341
234
407
426
502
660
2
28
297
387
3
23
26
36
38
44
49
82
111
113
118
124
126
128
132
189
193
270
290
293
370
447
462
522
549
582
15
99
103
139
178
181
242
278
464
485
562
564
634
650
701
0
1
4
6
7
9
22
25
27
30
31
39
41
42
48
53
60
62
72
75
78
85
86
93
110
114
121
122
131
133
157
159
163
164
168
169
175
177
183
184
187
194
196
200
201
204
208
210
211
212
215
217
229
230
264
274
275
283
310
315
317
334
335
338
340
350
352
357
366
374
377
432
450
481
489
508
510
536
538
589
621
66
88
195
224
336
371
674
5
10
12
19
20
21
29
34
37
45
46
52
55
57
58
64
69
71
74
76
83
91
92
95
98
104
106
109
127
136
138
141
143
145
147
150
152
156
170
171
174
176
188
191
192
202
206
209
218
222
226
227
228
231
232
237
238
239
243
245
253
257
258
265
266
271
277
279
281
284
285
287
289
295
300
304
306
307
309
312
323
325
326
328
329
343
353
355
360
365
369
373
378
382
383
385
389
394
395
396
401
405
406
408
411
412
416
418
420
421
428
434
438
441
443
446
473
477
478
482
486
487
491
498
500
503
517
524
531
543
548
553
555
560
565
568
570
573
593
598
600
605
607
611
616
619
628
640
651
672
