1.000000000000000000e+00
9.880952380952381375e-01
9.761904761904761640e-01
9.166666666666666297e-01
9.047619047619047672e-01
8.809523809523809312e-01
8.452380952380952328e-01
8.333333333333333703e-01
3.809523809523809312e-01
3.690476190476190688e-01
3.452380952380952328e-01
3.452380952380952328e-01
3.452380952380952328e-01
3.333333333333333148e-01
3.333333333333333148e-01
3.333333333333333148e-01
1.071428571428571369e-01
1.071428571428571369e-01
1.071428571428571369e-01
1.071428571428571369e-01
1.071428571428571369e-01
2.380952380952380820e-02
2.380952380952380820e-02
2.380952380952380820e-02
2.380952380952380820e-02
2.380952380952380820e-02
2.380952380952380820e-02
2.380952380952380820e-02
2.380952380952380820e-02
2.380952380952380820e-02
2.380952380952380820e-02
2.380952380952380820e-02
2.380952380952380820e-02
2.380952380952380820e-02
2.380952380952380820e-02
2.380952380952380820e-02
2.380952380952380820e-02
2.380952380952380820e-02
2.380952380952380820e-02
2.380952380952380820e-02
2.380952380952380820e-02
1.190476190476190410e-02
