2048
1
4096
3
7
8
9
8199
11
10248
4107
4108
4109
4112
17
4114
4116
22
23
4119
26
2074
29
2077
4125
12319
35
36
4134
39
2087
41
4136
4137
2094
4145
4147
4148
54
55
4152
57
58
6198
60
61
64
67
68
70
71
74
4170
4172
77
78
79
82
83
4178
86
87
88
89
92
93
4189
4191
2146
101
107
108
2157
110
4205
112
2163
119
122
123
124
127
2176
8321
130
131
2178
6271
136
137
2184
143
2191
148
2198
153
2203
158
4254
4256
6304
163
8356
4261
168
169
2216
171
6320
179
180
2229
182
183
4276
2233
6326
187
8380
2235
4921
10432
195
2244
6341
2248
201
202
204
205
206
207
208
8401
4300
211
4302
8405
4306
12498
216
2264
218
6357
220
8412
2271
10463
225
8417
227
2275
229
230
231
10470
8425
2280
4929
8428
8429
238
8431
240
4931
242
243
2295
248
249
6392
2299
252
8445
254
4347
6395
2305
4354
259
260
4357
264
8456
273
8467
8468
277
278
4373
8472
282
4383
288
291
6436
2341
8486
8487
297
299
300
6445
8495
304
8497
2351
307
308
8501
2357
311
312
8503
2361
4409
317
8509
8510
8511
4413
4418
2371
8517
2374
4426
10573
334
4432
338
6483
343
4440
348
349
351
4448
353
6496
2406
4455
4459
365
8558
4461
12284
4464
375
376
8574
383
384
4480
4482
6533
391
8588
2445
398
2446
2449
6548
406
2454
6551
410
4507
414
415
2463
2465
4515
2468
4517
4521
428
429
430
431
4526
2481
4529
435
4533
2486
439
8632
443
445
448
449
4545
452
453
8644
8647
2500
4549
458
6598
461
462
463
464
4564
470
4571
6620
477
478
8671
4573
12767
482
12769
6628
486
487
488
2535
490
4587
8684
2541
497
4595
8697
6651
510
511
512
519
2567
522
523
2572
10764
8718
528
2576
6681
2586
4636
542
545
546
549
550
558
559
561
2609
563
564
568
4665
573
576
2624
582
591
2639
594
4691
4693
599
600
2650
603
2651
605
2653
2657
4706
613
6764
621
6765
2671
4720
4721
6768
634
636
641
4738
4739
6789
647
2696
2698
2702
2705
2706
665
2714
2715
10907
2718
672
673
674
2723
2724
2725
2728
4776
4777
4779
6828
4781
6829
688
2736
690
691
4787
693
694
695
2741
699
701
702
704
705
706
2755
2756
709
4804
12999
713
2762
2763
2774
4827
732
733
2781
736
741
742
743
2793
746
747
6889
751
752
10991
4849
755
756
2804
2805
8951
4853
761
762
763
8956
764
766
2811
2814
2817
4857
4868
4869
8968
777
8969
780
2832
2837
2839
792
4889
794
798
799
800
801
8990
2849
2850
2852
807
8999
809
810
2855
814
2862
2865
818
819
2868
2869
824
2872
2873
2874
828
2875
830
831
2876
833
2877
9027
2878
837
2879
2884
840
2885
2886
843
2888
845
2889
2890
2893
2895
2898
6995
852
2902
2903
2904
2906
4954
862
863
9056
2912
2913
2916
7013
870
871
872
7016
2922
878
880
2928
4980
9078
4982
4983
891
9084
4987
896
897
9090
901
902
904
9096
2952
2954
908
911
913
921
925
2975
2976
2977
5023
933
2982
2986
939
2988
2991
2994
9139
2999
3002
956
957
7103
961
3009
3014
968
3020
973
5071
978
3031
986
3037
5085
5091
7142
999
3047
3050
5101
5102
7151
1010
3060
5112
3066
3068
1021
3070
5121
3076
7172
1032
3081
3083
1037
3087
1041
1042
1044
3093
1046
1047
3096
4925
7192
3099
1056
3108
5156
5160
1069
13360
1075
11315
3125
1082
1086
3134
1088
1089
3138
5191
1102
5198
5199
5201
3157
3159
3161
5209
5211
3178
11372
3181
1134
1141
5239
5240
1145
7293
3198
1156
5255
3208
1162
3211
1168
3220
3231
5279
5284
3237
5290
3244
5293
5294
5299
5302
11448
3257
5305
5306
9404
7354
7365
3274
3277
3278
3287
3293
5351
5353
5361
3318
5368
3323
11529
3340
9486
3343
3344
7447
5400
5407
3362
7458
1317
3372
3384
6371
3389
3391
3397
3398
3402
3413
1374
1375
5470
5476
3431
3433
1387
1388
3437
3450
7551
1417
7573
3478
1431
1435
5537
5539
3493
3499
5548
3509
1464
3515
3520
1473
3526
9671
5579
9691
3551
3557
13797
5607
1520
3568
3570
7667
1529
3577
1531
3588
7692
3599
11792
1556
11798
3610
1563
5658
1570
3631
1586
3637
3639
3642
3645
3650
5702
1607
1612
3670
5718
9818
5722
3680
3684
7783
3695
3700
3701
3702
3703
3704
5750
3706
3707
3709
3716
11911
5769
1682
3738
3739
3740
1693
5789
3743
7840
3748
1703
3752
3753
3754
3756
3757
1710
3760
3761
3762
3763
7857
5814
1724
3772
3792
3793
3794
3797
9942
3799
1752
9945
5849
3803
3804
3805
3806
3807
5853
3812
1770
9962
1772
9963
3818
3819
3821
3824
3826
3828
3829
5877
1783
5879
3833
3834
3835
3836
1790
3839
3840
1800
9993
1803
3854
1807
1808
3855
3859
3862
3863
3867
3868
3869
1823
3871
3872
3874
3875
3876
1829
3877
5921
1832
5925
1835
5936
3890
3892
3893
1847
3895
3896
3898
1851
3899
1862
3913
1866
3922
1875
10070
3926
3927
1881
10074
8030
1890
3943
8042
4855
8047
10105
3967
3973
10123
3979
1933
10125
10126
3980
10129
1938
3984
3986
3988
3991
3993
3996
10142
1952
1953
4014
4015
4017
4020
6068
6904
4023
1980
1981
10173
4031
1995
4043
6091
1999
4047
2002
4050
6098
4057
4060
2015
4064
4075
4076
4079
10228
4088
2042
4092
6144
8194
2050
4
4100
6
6153
10
4111
6159
6163
4118
4120
4121
4122
4123
10270
4127
37
38
12328
6185
2091
4139
4142
47
51
8244
2101
4149
14391
14392
2107
6203
2109
63
2111
10303
66
10304
4160
14404
6214
14411
16462
4176
2130
6227
84
10326
12375
2136
2138
4186
4190
4192
97
98
8290
10340
10341
4197
103
10344
6241
14433
2155
6247
109
16493
12399
4208
14442
4210
4211
6252
6253
2166
4214
121
4217
4219
4224
10369
6274
2179
4227
134
10374
6278
10377
138
139
8331
16522
6281
16528
10384
146
147
8338
149
6289
4247
4248
4250
156
157
8349
8351
8352
161
4253
4258
4259
14492
6305
172
8367
176
16560
2224
4273
6319
8374
8375
4278
4282
6330
194
2246
4295
200
10440
8394
4298
6344
4301
6349
4303
210
8402
212
16595
16596
16597
2262
217
10455
4308
6355
6358
222
223
6364
8424
234
235
4332
237
8430
2285
6380
244
6391
4348
4349
8446
255
4350
8449
8452
261
2308
6405
8457
14605
272
4371
279
4376
281
6426
283
4380
16670
289
8483
292
293
294
4390
296
4942
6437
2348
305
6452
309
8502
2358
8504
4405
8506
4406
4407
6455
12606
319
8516
4420
326
327
8519
4421
16714
16715
16716
4429
8526
335
16718
337
4431
14669
4436
12628
4952
345
8537
6495
8544
2401
357
6505
362
2416
8562
8565
4471
16760
6524
4479
386
6530
4485
390
4488
6997
8586
8589
14739
404
4501
6592
407
408
2456
2457
4505
4511
422
423
2472
8619
4523
4524
432
4530
437
8629
8631
6582
8634
8636
4540
446
8638
8640
4541
8642
8643
2498
2501
4544
4974
456
457
6603
460
8652
8653
8654
8656
8657
466
8658
2509
4561
8662
6605
6612
15241
8666
4572
8670
4576
10722
4579
8678
2536
491
6635
7017
6638
500
502
2552
507
8700
4606
14847
4609
2562
515
2571
4619
525
2574
527
2575
8721
530
531
4626
6682
540
4991
4638
6687
12833
4642
4645
4993
6697
556
6704
4661
2614
567
8760
2615
570
4997
572
6710
8767
578
4674
12866
4676
4677
2631
584
585
8776
4682
588
6724
6727
592
593
2641
4689
10836
4692
7038
8793
602
11109
604
4699
606
6746
612
10852
6759
6760
617
618
4714
4715
11113
622
5007
624
2673
626
11114
628
4722
7043
8823
4727
4732
637
4733
640
8832
4736
4744
14984
651
4747
6797
654
655
656
657
6802
659
2707
661
8854
7051
8857
666
667
8861
4765
8867
11124
6820
8870
679
2726
2727
2730
6823
684
2733
8879
4783
689
4784
8889
2749
4798
6847
708
4806
2759
4809
4810
716
13004
4813
4815
4816
2769
4817
4818
2772
6863
4823
2776
730
731
2778
2783
8933
10983
2792
6888
4842
748
4846
4848
2803
6902
2807
6903
8953
8954
11002
2812
4862
767
2816
771
772
2821
775
2824
4871
17162
8971
2828
8973
6667
6920
2833
2834
790
791
8984
6938
15218
2846
803
2851
2853
806
2854
4900
2857
811
17195
9008
6966
9019
6973
832
4928
834
6979
4934
839
4936
841
842
11081
11083
11084
846
2894
848
11089
850
11090
2900
11091
854
11094
856
9049
858
859
2907
11095
11096
11099
11101
9057
2914
2915
868
869
11102
11103
11105
873
11108
875
876
9069
2921
11111
11112
2926
2927
883
11115
11116
11118
11119
11121
11122
890
9082
892
893
2937
11126
2941
11134
11136
2946
900
11138
11140
11142
11143
11144
11145
2955
11147
11148
910
2958
11149
5001
11154
9107
916
11155
918
919
11159
7060
922
2970
11162
2972
926
11165
2974
11168
11170
931
11172
5022
934
935
936
11175
2985
5029
5033
11181
11182
15279
7088
7105
7091
2997
951
9143
3000
3001
11193
11194
5047
15291
959
960
3007
7100
7102
964
3012
11204
3015
11206
969
970
5060
3021
974
5069
3025
5073
980
11221
982
15318
3032
987
988
11228
3038
11229
5086
5088
11234
3043
5089
15258
11239
3048
5095
1003
1005
1006
3053
3055
1009
11248
1011
5104
3063
3064
1017
11257
3067
7162
11261
3071
11267
1031
11272
7175
7176
5131
7180
5134
5135
1040
11280
3089
1043
5139
7182
3094
15268
1048
3098
15269
3101
1054
5152
3106
7203
7204
6723
9255
1064
1065
3114
5159
1068
5163
5165
1071
1073
3121
3123
5172
1077
7221
1080
9272
5182
9279
5184
9281
13377
1091
9283
3140
9286
1095
3145
5196
9296
9297
9303
7256
11353
5212
3165
5214
1119
1120
3168
3169
5216
5218
7263
3179
5230
3183
5231
7279
9334
7286
1147
3197
1150
1151
3205
1158
1159
11399
1161
7307
5261
3219
9364
9367
3224
7323
9377
9378
7334
9385
5292
3245
17585
3251
5300
7347
5303
3256
15548
11459
9412
3268
5315
9415
9417
9418
7370
9420
9425
7379
11476
7383
1241
11485
6354
3305
3306
3307
6762
3322
5373
11518
3335
7434
7439
9488
5393
3348
5396
3350
5399
7446
7451
5404
3363
7460
9509
7466
1325
7469
7471
3377
3378
5428
11574
11582
5439
7492
1349
5445
1356
15696
13650
3412
11604
13653
7513
1372
3432
7528
3436
1389
5491
1397
1398
3446
1408
1409
3466
3468
7568
1427
7584
1445
1457
1458
5558
7608
1465
9657
9659
3513
7609
11710
3519
1475
3524
3525
15814
7625
1486
1487
9683
9685
9686
7643
7644
5598
1503
3554
3558
1512
5609
1514
7666
1524
9717
3579
1535
1541
5641
3603
1558
5654
1560
1561
1562
3611
13855
3623
7722
7724
7729
7731
1588
7733
7742
1600
9797
9812
3673
3674
1627
3677
3678
3683
3693
1655
1656
3708
9854
3711
3718
7815
1673
9865
7820
1677
3727
7824
1681
3732
5781
1687
1688
1689
1698
5801
7849
7855
1715
1722
1726
5822
5823
3779
9937
9938
14038
3801
9947
7900
7902
9951
1761
3809
3810
9958
1767
5864
16117
3830
3831
3832
9979
1788
3837
7936
7937
3842
3843
3847
3849
1802
5900
7948
3864
14106
1820
3878
5928
6469
3882
3883
3884
14125
7979
7982
3900
5949
3902
10048
3905
10050
3906
1860
3914
5962
1869
1874
10066
3924
5981
3934
3937
16226
16227
1895
1896
5993
3946
1900
14195
3956
3959
3961
3963
1918
1921
3971
3972
3976
3977
10122
6027
10127
10130
3987
3994
3995
10145
1955
6052
1957
4006
10152
4011
1967
1968
4018
4022
4026
4028
4029
4030
1985
4034
6085
4042
6093
1998
6099
10196
6100
2008
2012
10204
10206
4062
4063
2017
2026
2027
2029
10225
6130
8178
6132
10231
10232
10236
8192
8200
16
8214
24
8218
31
32
34
42
8236
50
53
8245
62
69
8268
8269
8270
8271
85
91
94
111
8303
8305
114
115
116
117
118
120
126
128
8322
141
150
8342
8343
8353
8355
8358
8371
181
8373
184
8376
186
188
189
190
192
8384
8386
199
8397
213
214
215
8406
219
8418
241
8435
253
258
8454
269
274
8466
280
8473
8476
286
287
8484
8488
301
8496
8500
314
316
8508
8512
322
329
333
8531
8534
346
8543
8551
8553
363
364
8556
367
368
8559
371
373
374
8568
8570
380
382
8577
392
393
394
399
8599
409
413
8608
418
8612
8616
426
427
8620
8624
434
8626
454
8649
467
8659
469
471
472
475
8667
480
8672
489
8683
493
8687
501
8694
8695
8696
508
8701
8702
8703
8704
513
8707
8708
517
520
8712
8714
526
529
8722
534
536
8731
8732
548
551
552
8745
8746
8748
8751
560
8752
8753
574
8771
580
8779
590
8782
8783
8786
8787
596
8788
601
8797
8799
609
610
611
8804
8805
8810
619
8816
629
631
632
8824
8825
635
8826
8829
8830
643
8835
8836
646
648
8841
650
8842
8846
8850
8855
8864
676
8868
8872
681
682
8873
8874
8876
8878
698
707
8899
710
8904
715
719
720
721
722
723
8911
726
729
735
737
739
744
745
749
750
8955
8957
8958
8959
8960
769
778
779
8970
8975
784
785
786
8977
8978
789
8980
8981
8982
795
8987
8988
8992
8993
8995
8996
805
9002
9003
9006
9007
816
817
9011
820
9017
9020
9023
836
9028
838
9030
9031
9032
844
849
9043
9052
861
866
867
9060
9063
877
9070
9074
886
888
9080
899
905
9100
915
917
932
940
941
943
948
949
9154
971
9163
976
984
989
993
997
1000
1016
9210
1020
1022
1024
1029
1030
1036
1038
1053
1059
9258
1074
9268
1081
9274
1085
9277
9289
1100
9292
1104
9299
1109
1110
9301
1115
1116
1117
1121
1125
9317
9325
1135
1136
1138
1139
9331
1144
9337
1160
9356
17586
17587
9400
9411
9427
9429
9431
9432
9433
9435
9441
9451
9456
9459
9460
9482
9483
9484
1369
1380
1394
1404
1407
1418
1421
9638
1453
1454
9646
1463
1466
9660
9661
9662
1472
1479
1480
1483
9676
9689
1507
1513
9706
1515
9709
9716
9726
1536
1542
1545
9748
1557
9749
9754
1569
1571
1573
1580
1587
1589
1591
9786
9788
9793
1606
1610
9804
9808
9810
1626
1637
1641
1643
1648
1654
1663
1671
1674
1675
9867
1680
1683
1685
9895
1705
1708
1711
1712
1713
9904
1725
9919
1728
1732
9924
1734
1736
9928
1742
1751
1758
1759
1763
1779
1786
1787
1796
1810
1817
1818
10009
10014
10015
10016
10018
10020
10021
10027
1837
10029
10032
1844
10038
10039
10041
10042
10057
1868
10062
1872
1876
1877
10076
10077
10078
1887
10079
10084
10089
1899
10101
1910
10102
1912
1913
10103
10106
10108
1917
10116
1930
1936
1939
10133
1943
10135
1946
10139
1948
1949
1951
1954
10146
1956
10154
10159
1971
1976
1977
1978
1979
1988
10182
10184
1996
10189
10190
2018
10230
10247
2057
10250
2059
2060
2066
10260
10273
10276
10278
2088
2103
10300
2116
10320
10322
2142
2147
2148
10339
10342
2152
10348
2158
10351
2160
2164
10362
2174
2181
2187
2189
2196
10391
2201
10394
2205
2207
2212
2213
10404
10407
10411
2226
2234
2242
10438
2250
2251
10443
2253
10446
2258
10450
2267
10469
10471
2283
10476
10477
2291
10487
2296
2297
10491
10496
10497
10498
2307
10499
10500
2310
10501
2312
10502
10505
10506
2316
10507
10508
10509
10514
2326
2328
10522
2331
10523
10527
10528
10529
2339
10532
10533
2343
10536
2347
10542
10543
2353
10545
10546
10548
10559
2369
2370
10561
10563
10565
10572
2381
2382
10574
2384
10575
2403
2404
2407
10605
10609
2426
2430
2432
2434
2436
2437
2459
2471
2474
2478
10673
2484
10676
10693
10697
10704
2514
2515
2516
2517
10709
2519
10710
10706
10711
2529
2531
2538
10734
10735
2544
2545
2546
2553
2563
10757
10759
10761
10762
10763
2573
10767
10769
2578
10771
10773
2583
10775
10782
2592
10786
10787
10788
10789
10790
10791
2601
10794
10795
10793
2605
10797
10798
10800
10801
2610
10802
10803
10804
10806
10807
10799
10809
10805
10812
10813
10814
10815
10818
10820
10821
10822
2632
2633
2636
10833
2642
2645
10840
10844
10847
2662
2664
2684
10879
2689
2693
2695
2699
2700
2701
10893
2703
10895
10899
2708
10905
10911
2721
2722
10913
2732
2735
10929
2742
2747
2754
10950
10955
2764
2788
10982
2806
2808
11005
2815
2819
2825
2826
2827
2829
2830
2831
11041
11042
2871
11073
11075
2887
2891
2892
2896
2897
2899
2908
2910
2911
2918
2919
2920
2924
11120
2930
2931
2933
2938
2943
2945
2947
2948
2950
2951
2953
2956
2957
2960
2961
2963
2966
2973
11169
2978
11174
2983
11179
2989
2990
2993
11188
2998
3003
3005
3006
3008
3011
11203
3018
3019
11213
3023
3024
3027
3030
3035
11227
11230
3039
3041
3045
3046
3049
3056
3057
3058
3061
3065
3073
3078
3080
3084
11279
3088
3091
3092
11286
3103
11296
3105
11300
11301
3113
3117
11310
11312
3122
11317
3126
3127
3130
3132
3137
11333
3142
3143
3146
3147
3148
3149
3150
11343
3152
3154
11349
3162
3163
11354
11355
11358
3167
11360
3172
3173
3175
3182
3184
11380
11381
3190
11382
3199
3201
3203
3204
11396
11406
3215
3216
3217
11408
11412
3222
11414
3225
3226
3227
3230
11426
3235
3236
11428
3239
11432
3241
3242
11440
3250
11449
3258
3261
3262
3279
3280
3282
3284
3286
3288
3292
3294
3296
3297
3304
3308
3311
3312
3316
3317
3319
3327
11519
11522
3332
3333
11533
11535
11537
3351
3352
3354
3355
3359
3360
11552
3364
3365
3367
3368
11559
11563
3373
11570
3379
3382
3383
3385
3386
3388
3390
3393
3394
11587
3396
3401
11594
3404
3405
11596
11600
3414
3415
3416
11609
11611
3422
3425
11620
3434
3435
3438
3439
3442
3445
11637
3447
3453
3460
3461
3462
3463
11652
3465
3467
3470
3474
3476
3479
11673
3482
3484
3485
3486
3489
3490
3492
11684
3495
3496
3497
3498
11689
3503
3505
3506
3507
3514
11707
3516
3521
3528
11720
11723
3538
3540
3541
3542
11732
3549
3550
3552
11748
11749
3561
3563
3567
3569
11762
3571
3572
3573
3575
3583
3584
11775
11776
3587
11777
3591
3592
11784
11785
3598
3600
11797
3606
11800
3609
3612
3615
3617
3621
3624
3625
3626
11818
11820
3629
3630
3632
3633
3634
3635
3636
3640
3643
11835
3646
3649
3653
3655
3657
3659
3661
3662
3663
3664
3672
3675
3679
3681
11873
3686
3687
3688
3689
3690
3691
3697
3699
3714
11907
11908
3723
3730
3731
3733
11925
3736
3744
3746
3750
3751
3758
3765
11971
11974
11975
3791
11983
3795
11987
3800
11998
12000
12006
3816
12010
12011
3820
12014
12015
3827
12024
12027
12032
12034
3845
12037
12044
12052
3866
3870
3880
3885
3886
12115
12121
3931
3932
3941
3949
12146
3955
3957
3958
12152
12158
12159
3975
12171
3981
3985
3992
12186
12189
12190
4003
12195
12197
4021
12216
4037
4038
4044
4045
12236
4049
4054
4055
4056
4065
12260
4069
4072
4073
12265
4082
4084
4089
4091
4093
4095
4097
4101
4104
4105
4110
4115
4117
4131
12325
4138
12330
4140
4141
12334
4143
4144
4150
4153
4154
4155
4157
4159
4161
4165
12361
4171
4177
4179
4183
4194
12393
12405
4215
4216
12413
4231
4233
4237
4239
4245
12442
12446
4255
12449
12451
12453
4262
4263
4264
4265
4268
4269
12464
4274
4275
12474
12475
12478
4294
12499
12509
12515
12524
12541
4351
12553
12555
4367
4368
4370
12563
12566
12570
12572
12573
12577
12578
4396
12592
4402
4410
12608
4424
4443
4446
4449
4450
12653
4468
4469
4474
12666
4476
4484
12685
4494
12689
4498
4499
12690
12699
12702
4512
12707
4516
4520
4527
4532
12731
12745
4558
4567
4577
12770
12776
12777
4586
12779
12781
12787
12789
4600
4601
4602
4603
12792
12794
12795
12801
4611
12804
4615
4618
12813
12814
12817
12818
4627
12822
4639
12840
12842
12853
12854
4670
12864
4673
4683
12898
12909
4718
12910
4723
4725
12919
12920
4737
12929
12932
4743
12936
4745
4760
12952
12960
12964
12969
12985
12987
12989
12990
4800
13000
4811
4812
13012
4821
13014
13016
4845
13040
4850
13042
13045
4854
13046
13047
13050
13051
4866
4867
13065
4876
13069
4884
4891
13086
4898
4901
13101
13102
13109
4922
13115
13136
13137
13140
4951
4959
13156
13158
13161
4970
13168
4978
4986
4988
13181
13189
13193
5002
5006
13199
13202
13204
5013
13207
13208
13209
5018
13216
5025
13225
5038
13235
5048
5049
13246
5063
5065
13265
13266
13269
5080
5084
5090
5094
13287
5096
5097
13288
5099
5103
13295
5105
5113
13305
5117
5120
5128
13327
5136
13331
13333
5151
13351
10796
5170
5174
5181
5190
5193
13388
5197
5200
5204
5205
5206
5210
5215
13407
5223
5233
5234
5235
13430
5242
13446
5280
13480
5297
13489
5324
5326
13528
13529
5349
13548
13550
5372
13570
13571
5385
13584
5398
13593
13607
5420
5421
5422
5437
5438
13629
5440
13632
5455
5456
5458
5460
13654
13660
5477
5478
13671
13676
13678
5493
5495
5502
5504
5508
5516
5527
5532
5533
5535
5538
13733
5542
13744
5560
5569
5572
5575
5578
13773
5584
5590
13790
5599
5602
13796
5605
5608
5611
5621
5631
5649
5650
13842
13846
5664
5666
5671
5673
5676
5684
5689
5709
13911
5723
5726
5729
5730
13925
5736
5739
5740
5743
5747
5748
5751
5757
5759
5760
5761
5764
5766
5768
5770
5774
5777
13969
13972
5782
5788
13990
5799
5805
5813
5818
5827
5828
5831
5839
5841
5842
5856
5862
5863
5867
5870
5873
5876
5880
14074
5889
5896
5899
5901
14094
5908
5911
5912
14108
5917
5919
5923
5929
5930
5932
14129
5938
5940
5942
14135
5946
14138
5952
5953
5958
5960
14152
5967
5972
5973
5978
5983
5986
14179
5992
5996
6000
6005
6006
6008
6012
14205
6014
6016
6022
14217
14219
6031
6032
6034
14234
6051
6061
6062
6066
6074
14266
6097
6105
6110
6121
6131
6134
6143
6152
6161
6167
6169
14363
6172
6173
6177
6223
14417
6228
6235
6237
6261
14475
6287
14479
6291
6310
6313
14507
6318
6322
6339
6340
14531
6343
6356
6370
14570
6381
6386
14581
6390
14586
6410
6421
6427
6429
6431
14631
6440
6444
14644
6480
6490
6497
6500
6503
6507
6515
6523
6535
6537
6538
6543
6546
6549
6586
14784
6596
6614
6615
6626
14832
6666
6686
6692
6696
6706
6709
6716
14911
6736
6745
6747
6756
6775
6778
6784
6788
14980
6808
6809
6811
6817
6831
6838
6850
6864
6878
15078
6898
6910
6914
15114
6940
6947
6948
6950
6969
6970
6971
6972
6978
6982
6994
6996
7037
7049
7054
7058
7078
15280
15283
7094
7095
7104
7114
7118
7133
7135
15346
7166
7179
7184
7186
7193
7194
7199
15398
7207
7244
15443
7267
7271
7272
7273
7274
7281
15475
7330
7335
7339
7355
7356
7357
7360
7371
7390
7400
15599
7409
15622
7437
7438
7442
7456
7457
7463
7465
7467
7468
7470
15670
7516
7525
7527
7583
7585
7591
15784
15806
7629
15826
7660
7662
7668
7679
15874
15883
7693
7718
7723
7739
7751
7753
7760
7776
7780
7781
7800
7806
7809
7819
7821
16036
7858
7859
7885
7899
7907
7915
7920
7924
16118
7928
16125
7935
16129
16130
7939
16131
16132
16133
16134
16135
16136
16137
16138
16139
7949
16140
16141
7952
7953
7954
16142
7956
16143
16144
16145
16146
16147
16148
16150
16151
16152
16153
16154
16155
7969
16156
16159
16163
16166
16167
16168
16170
16176
16177
16178
16181
16183
16189
8018
8028
8031
8043
8045
8054
8075
8076
8080
8084
8101
8103
8149
8164
8171
8172
