0.000000000000000000e+00
3.951663883434102355e-04
5.863674390188628946e-04
6.368370557727749768e-04
7.982478531251098117e-04
1.093829925037606565e-03
1.389913720532588454e-03
1.596985721694835171e-03
1.895412400818616977e-03
2.136661593451169919e-03
2.373426207221101050e-03
2.705739850066385746e-03
3.009692744030382887e-03
3.265674534456565470e-03
3.528436832026565512e-03
3.679082187468770294e-03
4.055685307456047446e-03
4.393033846872204488e-03
4.723642478494810733e-03
4.961683402207904721e-03
5.234593645943710905e-03
5.392353528883461235e-03
5.640725716008146082e-03
5.715874859467431381e-03
5.907137423765518140e-03
6.155534777273295906e-03
6.302827747298069341e-03
6.655874263761504817e-03
6.980870519601060226e-03
7.267926934676293034e-03
7.456910484523867830e-03
7.795760060734342571e-03
8.091108862241456687e-03
8.169201041050339410e-03
8.323940483373419574e-03
8.559907485897019080e-03
8.733078861041928750e-03
9.043216105678606245e-03
9.238704202533755752e-03
9.381484114512689959e-03
9.601388364439621473e-03
9.848675618313469313e-03
1.013575962461650201e-02
1.022949647306472219e-02
1.031576945283170510e-02
1.049365890060217216e-02
1.062065124244063706e-02
1.104697209342339614e-02
1.140312597669605743e-02
1.170332793821561405e-02
1.188416944990810208e-02
1.227990226557849028e-02
1.256613929895979490e-02
1.285123280451143206e-02
1.305175263128032122e-02
1.323064597473481291e-02
1.364204948906541474e-02
1.383476298990051444e-02
1.423482930136919615e-02
1.468832196873808525e-02
1.497511082349304787e-02
1.518529368064505149e-02
1.545895266327121376e-02
1.562567700809192051e-02
1.582017387978303102e-02
1.595410480063513825e-02
1.621542976629297694e-02
1.649178428050608602e-02
1.674177527584732109e-02
1.714002186856430215e-02
1.754332230516832472e-02
1.759413086904930076e-02
1.776983813682700419e-02
1.786791018902856437e-02
1.791361430164207375e-02
1.816573750354607761e-02
1.835085048599646371e-02
1.842273672066432541e-02
1.854733901441734875e-02
1.881993981678595912e-02
1.921108267258246974e-02
1.944802959427158195e-02
1.965301824927673593e-02
1.975003169566224778e-02
1.991479809051404509e-02
2.012850615744992896e-02
2.033795661324097614e-02
2.055899611529221280e-02
2.085480122381249551e-02
2.098845954004908976e-02
2.114887517029476194e-02
2.128463491049621681e-02
2.151387908100850163e-02
2.183205618920074434e-02
2.200522939018454555e-02
2.229930285603311940e-02
2.274351104941514656e-02
2.300173512409735971e-02
2.319833338122413019e-02
2.350447130659322204e-02
2.370365229937809390e-02
2.377441299703540734e-02
2.402766598292914446e-02
2.409301171906510705e-02
2.425348200924101749e-02
2.451197500228428916e-02
2.486087656349908470e-02
2.505200402948707869e-02
2.527042719948881591e-02
2.550145906518534039e-02
2.565324238605727614e-02
2.584338786793525036e-02
2.609548751413049567e-02
2.619627911103428880e-02
2.638858295530157119e-02
2.663196502848214076e-02
2.709597553118765073e-02
2.741302483742264970e-02
2.771923392468367275e-02
2.809254013610144873e-02
2.839182460510002518e-02
2.861697775486714279e-02
2.897011234727253637e-02
2.924110041285182815e-02
2.928552671416184694e-02
2.967371620230154286e-02
2.992933515897849145e-02
3.005735975957993938e-02
3.014084234004220375e-02
3.043379785910504606e-02
3.064260509015600750e-02
3.075506937354364340e-02
3.099335150372907466e-02
3.118779769188870232e-02
3.157364408611596646e-02
3.174466351639817357e-02
3.193241584395515448e-02
3.204692731403034622e-02
3.219406714967221889e-02
3.231942204868362006e-02
3.260332705829929734e-02
3.298321149691951087e-02
3.331655485330637517e-02
3.350316941781215224e-02
3.376153364716468624e-02
3.398465842071203558e-02
3.430629284613206237e-02
3.440052025897702426e-02
3.459812815507876810e-02
3.486491207918157587e-02
3.522811817210100976e-02
3.542328617098366300e-02
3.561512927680239582e-02
3.582730994282133652e-02
3.604432860532811450e-02
3.623609760819015285e-02
3.652470727572272591e-02
3.677936307923620335e-02
3.714706772600655932e-02
3.724405662552992408e-02
3.737810209224133595e-02
3.750842220024031004e-02
3.787684933864984838e-02
3.815446458308126287e-02
3.828309340213574552e-02
3.867821478650330241e-02
3.892661260237152004e-02
3.921633943830820507e-02
3.950424707337413938e-02
3.974853686874320335e-02
3.989364981802987625e-02
4.001950434049338090e-02
4.022739437650778294e-02
4.061153679232847730e-02
4.077167040727888714e-02
4.113166793114911290e-02
4.147453313911599049e-02
4.168348608760844010e-02
4.180954341364689908e-02
4.208042532841926864e-02
4.223421597626585144e-02
4.238016194086595412e-02
4.263819306321930264e-02
4.283272437603248550e-02
4.320683640674687076e-02
4.345428469127923798e-02
4.381439232957554802e-02
4.408075599713704579e-02
4.425533781446865100e-02
4.447016686738479441e-02
4.478409240173764072e-02
4.486219747364850879e-02
4.518473497662366806e-02
4.543175481223461765e-02
4.567621617218931007e-02
4.600073420411279063e-02
4.626569003211629394e-02
4.642757744308249196e-02
4.672694384753623559e-02
4.711592875362227706e-02
4.747453365725265440e-02
4.754962819141286129e-02
4.771820548049467148e-02
4.806790108329148103e-02
4.834515711469652977e-02
4.872611824335521674e-02
4.896649365287997907e-02
4.941477713050019399e-02
4.970444176027209032e-02
4.975852517686098903e-02
5.002510802199032491e-02
5.029580795339495813e-02
5.058940197826206076e-02
5.085435775198922370e-02
5.115299756208147031e-02
5.125624806600113242e-02
5.133423332800807898e-02
5.159814017246193429e-02
5.184946689358439081e-02
5.223076937335595360e-02
5.248313907673275713e-02
5.259588518331927143e-02
5.293929066902641062e-02
5.316353546496573046e-02
5.363496261365762602e-02
5.394806528189464295e-02
5.437520859572027992e-02
5.457594216070682513e-02
5.490800542493520092e-02
5.513613418805955735e-02
5.549963162644696441e-02
5.560171533436761987e-02
5.584772562566607534e-02
5.617914492979277086e-02
5.641893815348784924e-02
5.667336240778152873e-02
5.686578358336826650e-02
5.696882557687684562e-02
5.720343052849435894e-02
5.749583876374016883e-02
5.768699160261513137e-02
5.778627698242440325e-02
5.812379402056335603e-02
5.843486480241678882e-02
5.858660119966312835e-02
5.877887288806170341e-02
5.911207130616315253e-02
5.933387582008931710e-02
5.950637305841009750e-02
5.975125669252624033e-02
6.005614116255505314e-02
6.035059185603668802e-02
6.065939573613483848e-02
6.087631070175993780e-02
6.111708419976802364e-02
6.137476295395322134e-02
6.155601739374695625e-02
6.171313080186426742e-02
6.197109173935114873e-02
6.219532005570128225e-02
6.237158359931778417e-02
6.261687084225636690e-02
6.288229348434330734e-02
6.304945114183223287e-02
6.327414511717595336e-02
6.349787603628444244e-02
6.370425903583032401e-02
6.400664444559459043e-02
6.418280375626114753e-02
6.435143529470098434e-02
6.457751427546484790e-02
6.486894382769450851e-02
6.517596171623429857e-02
6.531572058843640449e-02
6.555381257807692263e-02
6.578629480518197181e-02
6.613309064190611708e-02
6.646023132150120916e-02
6.674038510822724590e-02
6.720173605044656162e-02
6.741943864786548168e-02
6.774355415257582447e-02
6.791908903989704593e-02
6.806517527168165493e-02
6.829123587813962226e-02
6.853811389722096192e-02
6.886778128844690816e-02
6.893760761636021084e-02
6.925376792644506729e-02
6.952911481203755129e-02
6.984325196313365125e-02
7.010801642285620361e-02
7.017865665283982979e-02
7.046999216750421402e-02
7.072696218234421350e-02
7.111788022222276240e-02
7.139728076571101589e-02
7.167753553017389145e-02
7.210514156132852293e-02
7.240550515707819268e-02
7.249038787740229306e-02
7.262654737511219094e-02
7.296042191069330995e-02
7.306612793634047198e-02
7.331738621312126891e-02
7.355893476687035137e-02
7.383329691066781164e-02
7.405627986243398797e-02
7.407740489466296818e-02
7.439024632228344314e-02
7.465075735911362587e-02
7.494456458622809902e-02
7.519685207818509187e-02
7.559410247225946400e-02
7.578810219056365816e-02
7.603479091248610544e-02
7.622299187884466753e-02
7.661007147460197064e-02
7.702774263296929824e-02
7.727426904533669927e-02
7.731040738721341177e-02
7.747581639734305026e-02
7.772447187256061041e-02
7.815097745822928432e-02
7.821743315831922172e-02
7.863926151178694812e-02
7.896572596960492463e-02
7.930899185755539704e-02
7.971225540973815582e-02
7.990441145198745598e-02
8.021733121222088259e-02
8.047259182977269110e-02
8.073905602281901406e-02
8.096574393458873253e-02
8.114491549043012508e-02
8.130612212445277598e-02
8.137269857014318986e-02
8.144033928772033415e-02
8.174649412452150710e-02
8.203381939690504443e-02
8.232460703714730710e-02
8.239783812746696856e-02
8.262262540176673609e-02
8.288649209132943618e-02
8.311821930808720171e-02
8.355101993088021040e-02
8.370423407734564614e-02
8.403107569594632509e-02
8.423789389193007959e-02
8.467634722674924341e-02
8.474738273983606351e-02
8.487753621290433648e-02
8.510267277117523899e-02
8.550352714548499489e-02
8.553172087910754229e-02
8.580650737878774137e-02
8.619455060087075071e-02
8.655777228164390769e-02
8.676368573712171794e-02
8.684197703024662540e-02
8.722012671943532580e-02
8.742205062327543241e-02
8.752968957690711316e-02
8.787847605105447713e-02
8.808293405372732976e-02
8.834901449776250137e-02
8.841087796511475083e-02
8.867126332789863896e-02
8.878853689920312986e-02
8.908980232562703494e-02
8.938009223848554508e-02
8.970123614455641214e-02
8.986760296586333852e-02
8.999976015139876662e-02
9.033108256960031834e-02
9.049688279498821486e-02
9.060674046688899086e-02
9.086344415818105313e-02
9.096575933103948075e-02
9.127889182108335497e-02
9.164406058497129304e-02
9.185616948415033234e-02
9.219852663711719520e-02
9.242798995027366737e-02
9.276482489520203323e-02
9.301062558453181139e-02
9.326521044883374911e-02
9.346126920817399153e-02
9.364763902408772267e-02
9.385964116643166766e-02
9.400014996078244478e-02
9.407479075264459090e-02
9.443734750382960785e-02
9.462222874165045206e-02
9.476855211844106841e-02
9.508168398404573396e-02
9.530985160706932635e-02
9.556811852999608226e-02
9.585161610980441615e-02
9.608390606519474908e-02
9.625569566008343458e-02
9.636786243073992841e-02
9.655005313871778405e-02
9.667804651997574661e-02
9.675825160175674511e-02
9.714815305661697598e-02
9.741778711188431306e-02
9.770205103289898718e-02
9.789224161426697546e-02
9.817795833539144645e-02
9.851710591517409688e-02
9.855844894993356919e-02
9.869700544058758462e-02
9.892729771441820252e-02
9.916970767167811174e-02
9.945682894068454127e-02
9.962540298607530653e-02
9.983426454985659670e-02
9.995843004844925939e-02
1.002929028973733316e-01
1.006254721461384283e-01
1.007866086867923588e-01
1.010600579536920368e-01
1.014502436058020568e-01
5.285125690252773234e-02
