1565
1108
1323
1806
1561
1304
468
1327
390
1926
1765
626
258
1895
513
1170
0
900
706
2130
3610
600
723
1653
355
1056
1100
1956
1654
663
1019
618
508
670
1870
184
1146
524
1740
1903
601
2335
1867
951
722
721
359
221
1788
695
1828
209
1912
1961
1413
1846
791
1
520
1268
449
1816
83
656
1962
657
58
793
865
1944
374
1263
1288
1856
108
228
796
381
1174
3637
364
1533
1136
590
807
345
1285
530
1741
230
474
1615
2902
1872
1624
973
1820
1744
475
53
1133
660
1760
985
382
342
792
1386
326
368
697
549
237
3626
569
1165
95
599
707
483
925
1954
605
993
797
1522
322
249
484
226
2958
764
1747
478
1752
1330
1712
1538
769
1804
14
88
457
2119
331
1134
266
191
794
302
164
3596
815
1784
1748
101
1197
111
1269
2075
2149
1807
937
1841
718
1437
1771
185
339
2474
4
1181
2509
2195
1830
161
1838
701
44
1859
349
438
1940
3418
18
272
1889
264
146
1201
1443
293
288
446
2358
338
1139
1664
321
752
25
279
401
492
358
895
301
74
1745
678
218
1266
290
2
1274
1810
1802
1737
2074
1746
128
2325
1151
1779
2909
1958
1113
781
289
1010
124
485
496
1179
133
73
1907
934
535
2030
3
195
1198
784
5
1291
1905
1791
2278
1090
1281
427
1169
393
1022
942
59
1792
1184
1650
874
173
2170
1397
3630
2035
2016
490
1279
150
120
197
1183
1873
178
1152
703
13
728
3620
2882
162
3035
1724
1173
1626
174
933
2943
286
3618
1847
1164
1988
275
1287
1840
1555
352
217
1904
885
3633
2097
1325
2985
1265
1866
2029
1821
1899
171
3622
3669
122
2087
233
2853
235
1918
1536
522
126
3078
655
1915
296
2914
172
2150
2662
1009
291
2811
43
591
607
688
91
1947
2800
1819
3055
1722
396
547
78
567
300
46
140
431
166
2888
1259
594
1015
1080
2772
1069
1809
1774
1935
1608
617
1726
1302
2142
1668
2480
47
2971
1900
1735
109
915
1825
533
2917
1864
608
830
1260
2067
2198
2006
507
2024
3629
876
144
1024
1414
48
8
33
93
151
177
257
298
353
1157
7
23
24
29
34
67
89
110
155
193
206
219
229
292
323
461
558
615
1045
1529
