1.000000000000000000e+00
9.965095986038394749e-01
9.956369982547993436e-01
9.952006980802792224e-01
9.912739965095985761e-01
9.890924956369983034e-01
9.873472949389179298e-01
9.842931937172775259e-01
9.834205933682373946e-01
9.786212914485166170e-01
9.768760907504363544e-01
9.742582897033158496e-01
9.685863874345549407e-01
9.624781849912740217e-01
9.585514834205933754e-01
9.563699825479929917e-01
9.537521815008725978e-01
9.524432809773123454e-01
9.485165794066318101e-01
9.476439790575915678e-01
9.450261780104711740e-01
9.432809773123909114e-01
9.419720767888307700e-01
9.397905759162303863e-01
9.363001745200698611e-01
9.332460732984293461e-01
9.301919720767888311e-01
9.297556719022687099e-01
9.280104712041884474e-01
9.271378708551483161e-01
9.267015706806283060e-01
9.210296684118673971e-01
9.197207678883071447e-01
9.179755671902268821e-01
9.140488656195462358e-01
9.118673647469458521e-01
9.088132635253054481e-01
9.066317626527050644e-01
9.018324607329842868e-01
9.005235602094240344e-01
8.974694589877836304e-01
8.909249563699825902e-01
8.874345549738219541e-01
8.843804537521815501e-01
8.800174520069807826e-01
8.787085514834206412e-01
8.752181500872600051e-01
8.730366492146597324e-01
8.721640488656196011e-01
8.691099476439790861e-01
8.664921465968586922e-01
8.660558464223385711e-01
8.643106457242583085e-01
8.634380453752181772e-01
8.599476439790575411e-01
8.573298429319371472e-01
8.564572425828970159e-01
8.560209424083770058e-01
8.547120418848167533e-01
8.529668411867364908e-01
8.512216404886562282e-01
8.494764397905759656e-01
8.438045375218150568e-01
8.416230366492146731e-01
8.407504363001745418e-01
8.390052356020942792e-01
8.385689354275741580e-01
8.324607329842932391e-01
8.320244328097731179e-01
8.302792321116928553e-01
8.237347294938918152e-01
8.198080279232111689e-01
8.167539267015706539e-01
8.163176265270506438e-01
8.154450261780105125e-01
8.145724258289703812e-01
8.097731239092496036e-01
8.089005235602094723e-01
8.075916230366492199e-01
8.071553228621290987e-01
8.054101221640488362e-01
8.045375218150087049e-01
7.984293193717277859e-01
7.979930191972076647e-01
7.975567190226876546e-01
7.971204188481675335e-01
7.905759162303664933e-01
7.892670157068062409e-01
7.883944153577661096e-01
7.875218150087259783e-01
7.827225130890052007e-01
7.796684118673647967e-01
7.757417102966841504e-01
7.722513089005235143e-01
7.674520069808028477e-01
7.652705061082024640e-01
7.643979057591623327e-01
7.609075043630016966e-01
7.569808027923211613e-01
7.552356020942407877e-01
7.521815008726003837e-01
7.513089005235602524e-01
7.508726003490401313e-01
7.473821989528796061e-01
7.438917975567189700e-01
7.421465968586387074e-01
7.412739965095985761e-01
7.356020942408376673e-01
7.325479930191971523e-01
7.308027923211168897e-01
7.286212914485166170e-01
7.268760907504363544e-01
7.238219895287958394e-01
7.233856893542757183e-01
7.229493891797557081e-01
7.216404886561954557e-01
7.207678883071553244e-01
7.194589877835950720e-01
7.181500872600349306e-01
7.159685863874345468e-01
7.120418848167539005e-01
7.081151832460732543e-01
7.046247818499127291e-01
7.037521815008725978e-01
7.020069808027923353e-01
7.002617801047120727e-01
6.985165794066318101e-01
6.980802792321116890e-01
6.945898778359511638e-01
6.919720767888307700e-01
6.897905759162303863e-01
6.841186736474694774e-01
6.836823734729493562e-01
6.806282722513089523e-01
6.784467713787085685e-01
6.775741710296684372e-01
6.753926701570680535e-01
6.732111692844676698e-01
6.692844677137871345e-01
6.631762652705061045e-01
6.614310645724258420e-01
6.596858638743455794e-01
6.583769633507853269e-01
6.566317626527050644e-01
6.535776614310645494e-01
6.531413612565445392e-01
6.487783595113437718e-01
6.439790575916229942e-01
6.431064572425828629e-01
6.426701570680628528e-01
6.400523560209424589e-01
6.387434554973822065e-01
6.348167539267015602e-01
6.304537521815009038e-01
6.278359511343803989e-01
6.239092495636998636e-01
6.217277486910994799e-01
6.208551483420593486e-01
6.191099476439790861e-01
6.178010471204188336e-01
6.160558464223385711e-01
6.147469458987783186e-01
6.134380453752181772e-01
6.112565445026177935e-01
6.108202443280977834e-01
6.082024432809772785e-01
6.064572425828970159e-01
6.055846422338568846e-01
6.020942408376963595e-01
5.994764397905759656e-01
5.977312390924955920e-01
5.968586387434554608e-01
5.920593368237346832e-01
5.885689354275741580e-01
5.815881326352531078e-01
5.811518324607329866e-01
5.780977312390924716e-01
5.741710296684118253e-01
5.715532286212914315e-01
5.680628272251309063e-01
5.663176265270506438e-01
5.658813263525305226e-01
5.636998254799301389e-01
5.580279232111692300e-01
5.562827225130889675e-01
5.541012216404886948e-01
5.510471204188481797e-01
5.506108202443280586e-01
5.497382198952879273e-01
5.488656195462477960e-01
5.479930191972076647e-01
5.466841186736475233e-01
5.453752181500872709e-01
5.449389179755671497e-01
5.401396160558463722e-01
5.388307155322862307e-01
5.383944153577661096e-01
5.370855148342059682e-01
5.366492146596858470e-01
5.335951134380453320e-01
5.314136125654450593e-01
5.309773123909249382e-01
5.305410122164049280e-01
5.287958115183245544e-01
5.283595113438045443e-01
5.279232111692844231e-01
5.261780104712041606e-01
5.239965095986038879e-01
5.218150087260035042e-01
5.170157068062827266e-01
5.165794066317626054e-01
5.157068062827224741e-01
5.148342059336823429e-01
5.130890052356020803e-01
5.122164048865619490e-01
5.113438045375218177e-01
5.095986038394415552e-01
5.078534031413612926e-01
5.030541012216405150e-01
5.017452006980802626e-01
4.978184991273996718e-01
4.956369982547992881e-01
4.925828970331588286e-01
4.917102966841186973e-01
4.912739965095985761e-01
4.899650959860383792e-01
4.882198952879581166e-01
4.869109947643979197e-01
4.860383944153577884e-01
4.834205933682373391e-01
4.829842931937172734e-01
4.808027923211169452e-01
4.790575916230366271e-01
4.777486910994764302e-01
4.746945898778359707e-01
4.729493891797556526e-01
4.712041884816753901e-01
4.703315881326352588e-01
4.694589877835951275e-01
4.690226876090750618e-01
4.681500872600349306e-01
4.677137870855148094e-01
4.664048865619546125e-01
4.655322862129144812e-01
4.620418848167539005e-01
4.572425828970331785e-01
4.541884816753926635e-01
4.533158813263525322e-01
4.493891797556718859e-01
4.489528795811518203e-01
4.472076788830715577e-01
4.432809773123909114e-01
4.419720767888307145e-01
4.415357766143106488e-01
4.406631762652705175e-01
4.389179755671901995e-01
4.380453752181500682e-01
4.367364746945898712e-01
4.319371727748690937e-01
4.301919720767888311e-01
4.262652705061081848e-01
4.245200698080279222e-01
4.232111692844677253e-01
4.227748691099476597e-01
4.179755671902268821e-01
4.153577661431064327e-01
4.144851657940663014e-01
4.140488656195462358e-01
4.127399650959860389e-01
4.118673647469459076e-01
4.101221640488656450e-01
4.096858638743455239e-01
4.053228621291448674e-01
4.031413612565444837e-01
4.009598603839441555e-01
3.979057591623036405e-01
3.952879581151832467e-01
3.944153577661431154e-01
3.935427574171029841e-01
3.926701570680628528e-01
3.904886561954624691e-01
3.900523560209424034e-01
3.891797556719022722e-01
3.883071553228621409e-01
3.878708551483420752e-01
3.839441535776614289e-01
3.826352530541012320e-01
3.817626527050611007e-01
3.756544502617801262e-01
3.739092495636998081e-01
3.726003490401396112e-01
3.699825479930192174e-01
3.695462478184991517e-01
3.682373472949388993e-01
3.673647469458987680e-01
3.660558464223385711e-01
3.656195462478185054e-01
3.651832460732984398e-01
3.612565445026177935e-01
3.603839441535776622e-01
3.586387434554973996e-01
3.573298429319371472e-01
3.551483420593368190e-01
3.520942408376963595e-01
3.516579406631762383e-01
3.507853403141361071e-01
3.499127399650959758e-01
3.490401396160558445e-01
3.459860383944153850e-01
3.433682373472949356e-01
3.424956369982548043e-01
3.416230366492146731e-01
3.390052356020942237e-01
3.376963350785340268e-01
3.320244328097731179e-01
3.298429319371727897e-01
3.259162303664921434e-01
3.246073298429319465e-01
3.224258289703315628e-01
3.211169284467713658e-01
3.206806282722513002e-01
3.184991273996509720e-01
3.176265270506108407e-01
3.158813263525305226e-01
3.150087260034903913e-01
3.145724258289703257e-01
3.141361256544502600e-01
3.132635253054101288e-01
3.128272251308900631e-01
3.123909249563699975e-01
3.102094240837696137e-01
3.097731239092495481e-01
3.080279232111692855e-01
3.054101221640488917e-01
3.049738219895287705e-01
3.045375218150087049e-01
3.032286212914485080e-01
3.023560209424083767e-01
2.984293193717277304e-01
2.979930191972076647e-01
2.953752181500872709e-01
2.931937172774868872e-01
2.927574171029668215e-01
2.905759162303664933e-01
2.879581151832460995e-01
2.866492146596858470e-01
2.844677137870855188e-01
2.827225130890052562e-01
2.818499127399650694e-01
2.792321116928446756e-01
2.770506108202443474e-01
2.757417102966840949e-01
2.739965095986038324e-01
2.726876090750436354e-01
2.691972076788830548e-01
2.674520069808027922e-01
2.665794066317626609e-01
2.534904013961605806e-01
2.521815008726003282e-01
2.486910994764398031e-01
2.473821989528795784e-01
2.443280977312390911e-01
2.430191972076788942e-01
2.417102966841186695e-01
2.404013961605584726e-01
2.395287958115183136e-01
2.373472949389179854e-01
2.342931937172774981e-01
2.321116928446771421e-01
2.316753926701570765e-01
2.312390924956370108e-01
2.277486910994764302e-01
2.264397905759162333e-01
2.216404886561954557e-01
2.120418848167539283e-01
2.098603839441535723e-01
2.094240837696335067e-01
2.015706806282722419e-01
1.937172774869110048e-01
1.880453752181500959e-01
1.841186736474694496e-01
1.815008726003490280e-01
1.788830715532286342e-01
1.767015706806282782e-01
1.671029668411867231e-01
1.653577661431064605e-01
1.422338568935427594e-01
1.273996509598603888e-01
1.178010471204188475e-01
1.160558464223385711e-01
3.490401396160558532e-03
3.490401396160558532e-03
3.490401396160558532e-03
3.490401396160558532e-03
1.308900523560209504e-03
1.308900523560209504e-03
1.308900523560209504e-03
1.308900523560209504e-03
1.308900523560209504e-03
1.308900523560209504e-03
1.308900523560209504e-03
1.308900523560209504e-03
1.308900523560209504e-03
8.726003490401396329e-04
8.726003490401396329e-04
8.726003490401396329e-04
8.726003490401396329e-04
8.726003490401396329e-04
8.726003490401396329e-04
8.726003490401396329e-04
8.726003490401396329e-04
8.726003490401396329e-04
8.726003490401396329e-04
8.726003490401396329e-04
8.726003490401396329e-04
8.726003490401396329e-04
8.726003490401396329e-04
8.726003490401396329e-04
8.726003490401396329e-04
8.726003490401396329e-04
8.726003490401396329e-04
8.726003490401396329e-04
8.726003490401396329e-04
4.363001745200698164e-04
