359
241
336
211
171
87
499
389
510
267
357
57
181
519
295
204
501
529
63
353
535
114
186
67
445
361
156
352
24
512
436
429
276
110
503
32
553
310
271
441
363
492
52
549
123
369
338
322
120
498
377
282
152
147
240
453
220
314
208
302
157
383
371
194
273
151
238
509
550
409
15
4
370
86
1
61
72
79
97
112
126
222
259
269
274
301
317
400
411
418
420
426
439
463
469
484
491
522
48
289
118
264
278
281
452
10
16
18
23
36
37
44
45
75
83
84
89
90
93
96
122
132
136
140
167
187
188
191
205
214
216
223
225
234
248
254
260
296
351
364
365
374
376
413
416
532
