1.000000000000000000e+00
9.961089494163424263e-01
9.922178988326848526e-01
9.883268482490272788e-01
9.844357976653697051e-01
9.805447470817120204e-01
9.727626459143968729e-01
9.688715953307392992e-01
9.649805447470817255e-01
9.610894941634241517e-01
9.571984435797665780e-01
9.533073929961090043e-01
9.494163424124513195e-01
9.455252918287937458e-01
9.416342412451361721e-01
9.377431906614785984e-01
9.338521400778210246e-01
9.221789883268483035e-01
9.182879377431906187e-01
9.143968871595330450e-01
9.105058365758754713e-01
9.066147859922178975e-01
9.027237354085603238e-01
8.988326848249027501e-01
8.949416342412451764e-01
8.910505836575876026e-01
8.871595330739299179e-01
8.832684824902723442e-01
8.793774319066147704e-01
8.560311284046692171e-01
8.482490272373540696e-01
8.365758754863813484e-01
8.287937743190662010e-01
8.249027237354085162e-01
8.210116731517509425e-01
8.171206225680933688e-01
8.132295719844357951e-01
8.093385214007782213e-01
8.054474708171206476e-01
8.015564202334630739e-01
7.976653696498055002e-01
7.937743190661478154e-01
7.859922178988326680e-01
7.821011673151750943e-01
7.782101167315175205e-01
7.704280155642023731e-01
7.626459143968871146e-01
7.587548638132295409e-01
7.431906614785992460e-01
7.392996108949416723e-01
7.354085603112840985e-01
7.315175097276264138e-01
7.198443579766536926e-01
7.120622568093385452e-01
7.042801556420233977e-01
7.003891050583657130e-01
6.964980544747081392e-01
6.926070038910505655e-01
6.887159533073929918e-01
6.848249027237354181e-01
6.809338521400778443e-01
6.770428015564202706e-01
6.731517509727626969e-01
6.614785992217898647e-01
6.575875486381322910e-01
6.536964980544747172e-01
6.498054474708171435e-01
6.381322957198443113e-01
6.303501945525291639e-01
6.303501945525291639e-01
6.225680933852140164e-01
6.186770428015564427e-01
6.147859922178988690e-01
6.108949416342412952e-01
6.070038910505836105e-01
6.031128404669260368e-01
5.992217898832684631e-01
5.914396887159533156e-01
5.875486381322957419e-01
5.836575875486381682e-01
5.797665369649805944e-01
5.758754863813229097e-01
5.719844357976653360e-01
5.680933852140077622e-01
5.642023346303501885e-01
5.642023346303501885e-01
5.642023346303501885e-01
5.642023346303501885e-01
5.603112840466926148e-01
5.564202334630350411e-01
5.447470817120622089e-01
5.019455252918287869e-01
5.019455252918287869e-01
4.980544747081712131e-01
4.863813229571984365e-01
4.785992217898832890e-01
4.747081712062256598e-01
4.747081712062256598e-01
4.591439688715953094e-01
4.513618677042801619e-01
4.357976653696498115e-01
4.241245136186770348e-01
4.202334630350194611e-01
4.163424124513618874e-01
4.124513618677042581e-01
4.085603112840466844e-01
4.046692607003891107e-01
4.007782101167315369e-01
3.929961089494163340e-01
3.696498054474708361e-01
3.579766536964980594e-01
1.673151750972762530e-01
1.673151750972762530e-01
1.673151750972762530e-01
1.673151750972762530e-01
1.673151750972762530e-01
1.673151750972762530e-01
1.673151750972762530e-01
1.673151750972762530e-01
1.673151750972762530e-01
1.673151750972762530e-01
1.673151750972762530e-01
1.673151750972762530e-01
1.673151750972762530e-01
1.673151750972762530e-01
1.673151750972762530e-01
1.673151750972762530e-01
1.673151750972762530e-01
1.673151750972762530e-01
1.673151750972762530e-01
1.673151750972762530e-01
1.673151750972762530e-01
1.673151750972762530e-01
1.673151750972762530e-01
1.673151750972762530e-01
1.673151750972762530e-01
1.673151750972762530e-01
1.673151750972762530e-01
1.673151750972762530e-01
1.673151750972762530e-01
1.673151750972762530e-01
1.595330739299610778e-01
1.595330739299610778e-01
1.478599221789883289e-01
1.439688715953307274e-01
1.439688715953307274e-01
1.400778210116731537e-01
1.167315175097276281e-01
1.089494163424124529e-01
1.050583657587548653e-01
9.727626459143969007e-02
7.782101167315175205e-02
6.614785992217898924e-02
3.501945525291828842e-02
3.501945525291828842e-02
3.501945525291828842e-02
3.501945525291828842e-02
3.501945525291828842e-02
3.501945525291828842e-02
3.501945525291828842e-02
3.501945525291828842e-02
3.501945525291828842e-02
2.723735408560311322e-02
1.945525291828793801e-02
1.556420233463035041e-02
1.556420233463035041e-02
1.556420233463035041e-02
1.556420233463035041e-02
1.556420233463035041e-02
1.556420233463035041e-02
1.556420233463035041e-02
1.556420233463035041e-02
1.556420233463035041e-02
1.556420233463035041e-02
1.556420233463035041e-02
1.556420233463035041e-02
1.556420233463035041e-02
1.556420233463035041e-02
1.556420233463035041e-02
1.556420233463035041e-02
1.556420233463035041e-02
1.556420233463035041e-02
1.556420233463035041e-02
1.556420233463035041e-02
1.556420233463035041e-02
1.556420233463035041e-02
1.556420233463035041e-02
1.556420233463035041e-02
1.556420233463035041e-02
1.556420233463035041e-02
1.556420233463035041e-02
1.556420233463035041e-02
1.556420233463035041e-02
1.556420233463035041e-02
1.556420233463035041e-02
1.556420233463035041e-02
1.556420233463035041e-02
1.556420233463035041e-02
1.556420233463035041e-02
1.556420233463035041e-02
1.556420233463035041e-02
1.556420233463035041e-02
1.556420233463035041e-02
1.556420233463035041e-02
1.556420233463035041e-02
1.556420233463035041e-02
1.556420233463035041e-02
1.556420233463035041e-02
1.556420233463035041e-02
1.556420233463035041e-02
1.556420233463035041e-02
1.556420233463035041e-02
1.556420233463035041e-02
1.556420233463035041e-02
1.556420233463035041e-02
1.556420233463035041e-02
1.556420233463035041e-02
1.556420233463035041e-02
1.556420233463035041e-02
1.556420233463035041e-02
1.556420233463035041e-02
1.556420233463035041e-02
1.556420233463035041e-02
1.556420233463035041e-02
1.556420233463035041e-02
1.556420233463035041e-02
1.556420233463035041e-02
1.556420233463035041e-02
1.556420233463035041e-02
1.556420233463035041e-02
1.556420233463035041e-02
1.556420233463035041e-02
1.556420233463035041e-02
1.556420233463035041e-02
1.167315175097276281e-02
1.167315175097276281e-02
1.167315175097276281e-02
1.167315175097276281e-02
1.167315175097276281e-02
1.167315175097276281e-02
1.167315175097276281e-02
1.167315175097276281e-02
7.782101167315175205e-03
7.782101167315175205e-03
7.782101167315175205e-03
7.782101167315175205e-03
7.782101167315175205e-03
7.782101167315175205e-03
7.782101167315175205e-03
7.782101167315175205e-03
7.782101167315175205e-03
7.782101167315175205e-03
3.891050583657587603e-03
