1
2
3
4
5
10
11
12
13
14
15
16
17
18
19
20
21
23
24
26
29
40
43
44
47
49
50
53
54
55
56
57
58
59
60
61
64
65
66
67
68
69
70
71
72
73
76
77
78
79
80
82
83
84
85
89
93
102
103
104
105
107
108
110
112
113
114
115
117
118
126
128
129
130
131
132
133
134
135
136
137
138
139
140
143
144
146
147
148
150
151
152
155
156
157
158
159
160
161
165
166
167
168
169
170
171
174
175
176
177
178
179
180
181
183
185
186
187
188
189
190
192
194
195
196
197
208
209
212
218
219
221
222
223
225
226
232
233
236
237
245
249
250
252
257
262
263
266
267
268
269
270
271
277
0
6
7
8
9
22
27
28
30
31
32
33
34
35
36
37
38
39
41
42
45
46
48
51
52
62
63
74
75
81
86
87
88
90
91
94
95
96
97
98
99
100
101
106
109
111
116
119
120
121
123
124
127
145
149
153
154
162
164
173
182
184
198
200
201
202
203
204
205
206
210
211
220
224
230
231
234
235
238
239
240
241
242
243
244
246
247
248
251
253
254
255
256
258
259
260
261
264
265
272
273
274
275
276
278
193
163
227
141
213
25
122
125
