1
2050
3
6
7
8
9
10
11
8199
4108
4109
4111
6153
17
4116
23
4120
4121
26
2074
4122
29
4123
4127
35
36
38
39
41
2091
2094
47
4142
4145
51
2101
54
55
4149
57
58
6198
60
6203
63
64
2111
67
70
71
6214
74
4170
77
78
79
82
83
84
4178
86
87
88
89
2138
93
97
98
8290
2146
101
103
107
108
109
4205
112
2163
119
4217
122
123
124
127
2176
4224
130
131
2179
4227
134
6271
136
137
138
139
6278
143
146
147
148
149
4247
153
156
158
4254
4256
161
6304
163
4261
168
169
2216
171
172
176
2224
4276
182
183
6326
2233
4282
2235
194
195
2246
4295
201
202
8394
4298
205
4300
207
208
4302
4303
211
212
8405
2262
4306
216
4308
218
220
6364
222
2271
10463
225
227
2275
229
230
231
2280
6371
234
235
8428
237
238
8429
242
243
244
2295
248
249
2299
252
8445
254
255
4348
4350
4354
259
260
261
4357
6405
264
272
273
4371
277
278
279
8472
4373
282
283
4383
288
289
291
292
293
2341
296
297
299
300
6445
305
307
308
309
4406
311
4407
2361
4409
317
319
4418
8516
4420
326
327
2374
6469
10573
334
14669
337
338
6483
343
4440
348
349
351
4448
353
2401
6496
357
4459
365
4461
8565
375
376
6524
383
384
386
4482
6530
6533
390
391
4488
2445
398
404
407
408
2457
410
4505
4507
415
4515
2468
4521
428
429
430
431
432
4526
435
437
2486
439
445
4541
448
449
4545
6592
452
453
2501
6598
456
458
460
461
8652
2509
464
4561
4564
470
6620
478
8671
482
6628
486
2535
2536
490
491
8684
6635
497
4595
500
502
507
510
511
512
4606
2562
515
4609
2567
522
523
4619
527
528
2576
530
531
6681
2586
542
4638
545
4642
556
558
559
6704
561
563
567
568
2615
570
4665
573
2624
578
12866
4676
4677
582
584
585
591
592
2639
594
2641
4693
599
600
6746
604
605
606
2653
2657
4706
613
6760
617
618
622
2671
4720
4721
628
636
637
640
641
4738
2696
4744
651
4747
654
655
2702
657
2705
2706
661
665
8857
667
2714
2715
10907
2718
672
673
674
2724
2725
679
2728
4777
2730
684
4781
4783
688
689
2736
691
4787
2741
694
699
2749
702
4798
704
705
706
2755
708
2756
4804
2759
12999
713
2762
2763
716
4809
4813
2769
2774
4823
2776
2778
731
732
733
2781
2783
736
743
2793
746
747
748
4842
751
752
4848
4849
755
756
2804
2805
8951
6902
761
6903
763
8956
764
766
767
2811
2812
2814
771
772
2817
2821
4862
4868
777
780
2832
2833
2834
790
791
792
2839
794
4889
798
799
800
801
2849
803
2850
2851
806
807
2852
809
810
811
2855
2862
818
2868
2869
824
2872
2873
2875
2876
2877
2878
2879
832
833
834
4928
4929
837
2885
4931
840
4934
2890
843
850
852
856
2906
859
4954
862
863
868
869
870
871
872
875
878
880
2928
4980
4982
9082
891
4987
893
2941
4991
896
9090
900
901
902
4997
2952
908
911
5879
921
925
926
2975
5022
2977
931
933
934
935
7088
951
2999
3002
956
957
959
960
961
5060
3015
969
973
5069
5071
982
3031
986
987
988
3047
1009
1010
1011
3060
3064
3066
3071
7172
1031
1037
1040
1041
1042
1043
1044
3093
1046
3094
1048
3096
3099
1054
1056
5156
7204
5159
1064
1065
1068
1069
1071
1073
3121
3123
3125
7221
1080
1082
1086
5182
1088
1089
13377
1095
5196
1102
5198
5201
5211
5214
1120
3168
3169
11372
1134
1141
5239
5240
1145
1147
7293
3198
1151
1159
3208
1161
3211
5261
1168
3231
5279
5290
3244
5294
5299
7347
5303
5306
9404
3268
3274
6349
3278
11476
7383
3293
5353
3307
3318
3322
5373
3335
7434
3344
5393
5400
3362
7458
3372
1325
3378
3384
3397
5445
3402
1356
5470
1375
3433
1387
1388
1389
1398
1408
1417
7568
1427
3478
1431
1435
5539
1445
3493
3499
5548
1457
1458
5558
9657
3515
3519
3520
1473
1475
3524
9671
5579
1486
1487
5598
3551
3557
1512
1520
1524
1529
3577
1531
1535
3588
3599
3603
1556
5654
1560
1561
7722
7724
1586
1588
3645
5702
1612
3670
1627
3677
3680
3683
7783
3693
3695
3700
3702
1655
3703
5750
3706
3707
3716
7815
1673
1681
1682
1687
3740
5789
1698
1703
3752
3753
5801
3757
7855
3760
3761
3762
1722
3772
5823
3792
3793
3794
3797
3799
1752
3801
5849
3803
3804
3805
3806
5853
3809
3810
3812
1767
5864
1770
9962
1772
9963
3818
3819
3826
3828
3829
5877
1783
3831
3832
3833
3834
1788
3835
1790
3836
3837
3839
3840
7936
3847
1800
1802
1803
5900
3854
1807
1808
3855
3859
3862
3863
3864
3867
3868
3869
1823
3872
3874
3875
3876
1829
3877
3878
5925
3882
1835
3890
3892
1847
3895
3898
1851
3899
5949
3906
1862
3913
1866
3914
3922
1875
10070
1881
3934
8030
1890
8047
3959
3963
3967
3971
3973
3976
3977
3979
6027
1933
10125
10126
3984
10129
1938
10130
3986
3987
3991
3993
10142
1952
1953
1955
6052
4011
4015
1968
4017
4018
4020
6068
6904
4026
1980
1981
4028
4031
1985
4043
1999
4047
2002
6100
4060
2015
2017
2026
4075
2042
4092
2047
0
6145
2
12290
5
12
13
2060
15
2064
4110
18
19
4115
21
2069
6164
8217
27
2075
30
31
33
4130
6177
4132
6183
43
45
48
50
53
4151
6199
16441
10297
59
2108
4154
4155
4159
6204
2116
69
2118
4165
72
6212
2122
6215
8269
2128
2132
85
2134
6230
90
4187
6235
2144
2145
99
100
4195
4196
4199
6256
114
115
4213
118
4215
120
4216
6262
126
6272
129
6273
2181
4232
4234
6282
140
141
4238
2193
8339
6291
2197
8343
6295
4249
6298
6300
6303
160
2211
164
2213
166
167
4262
6308
2218
6313
175
2223
2225
4279
189
190
192
2240
4291
4292
197
4293
203
2255
2259
2260
4307
12499
215
6362
8413
2269
6368
6369
8421
2286
4334
246
253
2303
256
257
2306
4360
6410
2319
4367
2321
274
2322
276
4370
6415
14611
280
2330
4378
6427
2335
2336
6435
8485
295
2347
4398
303
4399
4400
6448
2359
313
315
316
4415
321
2369
4419
324
325
6467
2375
2376
329
2377
4424
339
341
4444
350
2399
2400
6497
356
4452
6501
4456
361
2409
363
364
6507
367
368
369
2417
371
2420
373
374
4468
8568
2425
6523
380
381
2429
2430
388
393
4489
395
4492
6537
399
400
405
409
413
4512
4514
6563
8612
425
2474
2476
6574
2479
4527
433
434
6575
2484
2485
438
6576
441
442
447
2497
12737
6593
459
8651
4557
2511
4560
465
467
4565
471
472
6616
6617
475
8667
6626
483
14820
4581
4584
489
2538
4585
4589
6639
2545
2546
499
6644
501
4599
505
4601
513
4610
4612
4613
8712
10761
12808
8722
6676
534
535
536
8729
16923
541
4639
14880
8737
6690
547
4643
6692
2601
8746
4649
4651
4652
4654
8752
2610
4659
4660
6721
2630
4678
8777
6731
2636
6732
6736
8787
2645
2648
4696
6745
2652
608
2660
6756
4710
615
4711
6761
2670
8816
625
4723
629
12917
631
2679
633
2680
4729
8828
4731
4734
639
4737
643
2700
4751
2708
6816
2722
675
4771
4774
6822
8872
682
2731
6834
4788
6838
2743
6841
2748
8896
2754
4802
710
6854
2761
6860
718
719
720
721
2768
723
10962
725
2771
17112
4824
4825
6876
2784
737
739
4837
10986
6892
749
750
4845
6896
765
8958
4861
2819
4867
774
2825
6922
2827
781
782
4877
785
4881
787
788
8980
8981
4888
6937
6940
8993
4898
805
808
2856
9006
815
817
2866
820
4917
823
826
827
6970
835
4933
838
2887
6982
6986
2892
4941
6990
847
4944
849
2897
6992
2901
860
9052
864
866
4962
13156
4968
881
2932
885
4981
7034
11131
7045
7047
7048
5006
7058
917
5013
7063
5016
5024
7073
2978
5027
7078
2983
7079
937
940
942
5039
944
15280
946
947
9138
5044
953
5052
7106
965
967
977
979
11219
3035
989
990
3039
993
7137
996
5094
15334
1000
1001
7147
1004
5103
5105
7154
1016
3065
5113
15353
1020
1022
1024
5120
1026
15363
7174
3079
3080
15373
11279
5136
5137
5138
7183
11286
1049
5147
1053
3104
1059
9253
5166
1072
1074
3122
5174
7224
3130
1085
9277
1087
11337
1104
1105
15440
5203
1109
9301
9302
3158
9306
1115
5210
1117
7268
1127
1129
5226
1132
1133
5232
5233
1138
5234
15475
5237
15476
9338
7292
1149
7306
15500
9365
5270
9376
11425
17570
17571
5286
3239
5289
7345
5307
7363
5322
3275
5326
7380
3288
17625
5336
9443
5349
11494
3303
5352
7400
9454
7412
5365
5366
3319
5374
17667
3336
9483
5389
7441
7445
11543
5403
5405
3361
11563
5424
11569
5427
7476
17719
3386
5435
3390
17728
3396
3405
5454
5459
5460
3414
5462
3416
1369
1370
5466
5471
1377
3425
5473
11620
5475
5485
1392
5489
3442
1395
5490
5495
1400
3449
1402
7544
1404
1406
1407
1410
5507
1412
11652
1414
1416
5512
5516
1421
3470
1423
5522
3479
5527
1433
7576
7579
5534
1440
1446
3497
1450
7594
1452
5549
1454
5550
1459
1460
7605
1463
5560
1466
1468
1470
11714
9667
1476
1477
9668
17863
1480
3528
1482
1484
5581
9678
7631
7633
5587
1494
1495
1496
1498
5599
1505
9699
1513
9706
1517
1522
1527
1530
1536
7683
7684
11782
7695
7696
7698
7699
1559
5655
5657
1564
3612
1568
1571
1573
5669
5670
5673
5674
3630
1587
3640
1602
7749
1608
7752
1614
1616
1618
1624
5720
3675
9822
3679
9824
3681
5727
9830
9832
1641
1643
1644
5739
7788
5743
1648
7792
1650
1651
1652
1657
1658
1659
9851
15993
3710
1663
1666
7810
1671
7816
1676
1678
5774
1680
5777
9874
5778
3736
1690
1691
7838
1695
1696
3746
1708
9903
1712
1713
9905
5808
1716
3764
1718
16047
1721
7870
5824
5825
7877
5831
1736
5834
5835
1747
1748
1751
1755
1757
9949
1759
5855
5856
5857
3811
5861
3814
1768
5868
1778
1779
16121
9978
1787
7931
7934
1791
1797
1799
3848
1806
5902
3856
1809
3858
5903
5905
5908
7951
7952
1817
7970
1830
5932
1842
3894
7990
5947
3908
5960
1871
8017
8019
3925
5974
12119
1884
12126
3938
5988
5989
1894
10086
3944
5991
5992
10092
1903
8048
8049
3957
1911
1912
16249
6012
6014
1920
1922
1923
6020
6021
1927
3981
6034
6037
1946
3997
3999
8095
4003
1956
10150
1965
4013
4016
1976
4024
1978
6080
1988
4037
6088
1996
8140
8141
8142
4049
8145
2005
8151
2009
16346
4059
16349
2016
6113
4066
4067
6114
4069
6115
6116
8160
8162
8164
6123
8169
2035
4084
2037
2040
2048
4096
8194
6144
4
4100
10248
4107
6159
4112
4114
6163
22
4118
4119
2077
10270
4125
12319
37
4134
2087
4136
4137
12328
4139
6185
4147
8244
4148
14391
4152
14392
2107
61
2109
10303
10304
4160
66
68
14404
14411
4172
16462
4176
2130
6227
10326
12375
2136
4186
92
4088
4189
4190
4191
4192
6241
14433
10340
10341
4197
6247
10344
14442
2155
6252
16493
110
2157
12399
4208
4210
4211
6253
2166
4214
121
4219
8321
10369
2178
6274
10374
2184
10377
16522
8331
6281
2191
16528
10384
8338
6289
2198
4248
4250
2203
14492
157
8349
8351
8352
4253
4258
4259
8356
6305
8367
16560
4273
6319
179
180
2229
8374
8375
4278
6320
6330
187
8380
10432
2244
6341
200
2248
10440
6344
204
4301
206
8401
210
8402
16595
16596
16597
10455
2264
217
12498
6354
8412
6357
6358
223
8417
10470
8424
8425
4332
2285
8430
8431
240
6380
6391
6392
4347
6395
4349
8446
8449
2305
8452
2308
4936
8456
8457
14605
8467
8468
4376
281
6426
4380
16670
8483
6436
4942
294
8486
8487
4390
6437
2348
8495
304
8497
2351
6452
8501
8502
8503
312
8504
8506
2357
2358
8509
8510
8511
4413
12606
15241
2371
8517
4421
8519
16714
16715
16716
4426
8526
335
16718
4429
4431
4432
4436
12628
4952
345
8537
6495
8544
2406
4455
6505
362
8558
2416
12284
8562
4464
4471
16760
8574
4479
4480
6995
4485
6997
8586
8588
8589
2446
15258
2449
14739
6548
4501
406
2454
2456
6551
414
2463
4511
2465
4517
422
423
2472
8619
4523
4524
2481
4529
4530
8629
4533
8631
8632
6582
8634
443
8636
4540
446
8638
8640
4544
8642
8643
8644
2498
2500
8647
4549
457
4974
6603
8653
462
463
8654
8656
466
8657
8658
6605
8662
6612
7013
8666
4571
4572
477
8670
4573
12767
4576
10722
12769
4579
8678
487
488
7016
4587
2541
6638
7017
4983
2552
8697
6651
8700
14847
519
2571
2572
525
8718
10764
2574
8721
2575
11094
11095
4626
11096
6682
540
4636
6687
12833
546
549
550
4645
4993
6697
2609
564
11102
2614
4661
8760
6710
11103
572
8767
576
4674
6723
6724
11105
2631
8776
6727
4682
588
5001
593
4689
4691
10836
4692
7038
8793
602
603
2650
2651
11109
4699
612
10852
6759
4714
4715
5007
621
11113
6762
624
2673
626
11114
4722
6764
6765
8823
11115
4727
634
4732
4733
8832
4736
4739
6789
647
14984
2698
6797
656
6802
659
2707
8854
7051
666
8861
4765
8867
2723
11124
8870
2726
2727
4776
6820
4779
6823
2733
6828
8879
4784
6829
690
693
695
8889
701
6847
709
4806
7060
4810
13004
4815
4816
4817
4818
6863
2772
730
4827
5029
741
742
8933
10983
2792
6888
6889
4846
10991
2803
4853
2807
4855
8953
762
8954
11002
4857
2816
4869
775
8968
8969
17162
8971
2824
8973
2828
4871
6667
6920
2837
8984
6938
15218
8990
2846
4900
2853
2854
8999
2857
17195
814
9008
2865
819
6966
4921
2874
9019
828
4925
830
831
6973
9027
2884
6979
2886
839
2888
841
842
2889
11081
845
846
11083
848
2893
2894
2895
11084
11089
854
2898
11090
9049
858
2900
11091
2902
2903
2904
9056
9057
2907
11099
11101
2912
2913
2914
2915
873
2916
11108
876
9069
2921
2922
11111
11112
2926
883
2927
11116
9078
11118
11119
11121
890
11122
892
9084
2937
11126
11134
897
11136
2946
11138
11140
11142
11143
904
9096
11144
2954
2955
11145
910
11147
2958
913
11148
9107
916
11149
918
919
11154
11155
922
11159
2970
11162
2972
11165
2974
2976
11168
11170
11172
5023
2982
11175
936
2985
2986
939
2988
11181
11182
2991
5033
15279
2994
9139
7091
2997
9143
3000
3001
11193
11194
5047
15291
7100
3007
7102
3009
7103
7105
964
3012
11204
3014
968
11206
970
3020
3021
974
3025
978
5073
980
11221
15318
3032
11228
3037
3038
11229
5085
5086
11234
3043
5088
5089
5091
999
3048
11239
3050
1003
5095
1005
1006
3053
3055
11248
5101
5102
5104
7151
3063
5112
1017
11257
3067
3068
1021
11261
3070
7162
5121
11267
3076
7175
1032
11272
3081
3083
5131
7176
5134
3087
11280
3089
5135
5139
7180
7182
15268
1047
7192
3098
15269
3101
5152
3106
7203
3108
9255
5160
3114
5163
5165
13360
1075
11315
1077
5172
9272
7043
3134
9279
5184
9281
3138
1091
9283
3140
9286
5191
3145
5199
9296
9297
3157
9303
3159
3161
11353
5209
5212
3165
7256
1119
5216
7263
5218
7142
3178
3179
3181
5230
3183
5231
7279
9334
7286
3197
1150
1156
3205
1158
11399
5255
1162
7307
3219
9364
3220
9367
3224
7323
9377
9378
5284
3237
7334
9385
5292
3245
5293
17585
3251
5300
5302
3256
3257
11448
5305
7354
15548
11459
9412
5315
7365
9415
9417
9418
7370
9420
3277
9425
7379
3287
1241
11485
5351
3305
3306
6355
5361
5368
3323
11518
6768
11529
3340
9486
3343
9488
7439
3348
5396
3350
5399
7446
7447
7451
5404
5407
3363
7460
1317
9509
7466
7469
7471
3377
5428
11574
3389
11582
3391
5439
7492
1349
3398
15696
13650
3412
3413
11604
13653
7513
1372
1374
5476
3431
3432
7528
3436
3437
5491
1397
3446
3450
7551
1409
3466
3468
7573
7584
5537
3509
1464
1465
3513
9659
7608
7609
11710
3525
3526
15814
7625
9683
9685
9686
9691
7643
7644
1503
3554
13797
3558
5607
5609
1514
3568
3570
7666
7667
9717
3579
1541
5641
7692
11792
1558
11798
1562
1563
3610
3611
5658
13855
1570
3623
3631
7729
7731
3637
7733
3639
3642
7742
1600
3650
9797
1607
9812
5718
3673
9818
3674
5722
3678
3684
3701
1656
3704
3708
3709
9854
3711
3718
11911
9865
5769
7820
1677
3727
7824
3732
5781
4405
1688
1689
3738
3739
1693
3743
7840
3748
7849
3754
3756
1710
7857
1715
3763
5814
1724
1726
5822
3779
9937
9938
9942
14038
9945
9947
7900
7902
9951
3807
1761
6455
9958
3821
3824
16117
3830
9979
7937
3842
3843
9993
3849
7948
14106
1820
3871
5921
1832
5928
3883
3884
14125
7979
7982
5936
3893
3896
3900
3902
10048
3905
10050
1860
5962
1869
1874
10066
3924
3926
3927
10074
5981
3937
16226
16227
1895
1896
3943
3946
5993
1900
8042
14195
3956
10105
3961
1918
1921
3972
10122
10123
3980
10127
3988
3994
3995
3996
10145
1957
4006
10152
4014
1967
4022
4023
10173
4029
4030
4034
6085
4042
1995
6091
6093
1998
4050
6098
10196
6099
2008
4057
2012
10204
10206
4062
4063
4064
2027
4076
2029
4079
10225
6130
8178
10228
6132
10231
10232
10236
