0.000000000000000000e+00
2.026709853072337399e-03
2.860708194464003928e-03
4.421716816097889802e-03
5.877106510820072870e-03
6.919604437559656249e-03
7.753602778951322778e-03
8.744660376472798702e-03
9.578658717864464364e-03
1.098534635184402961e-02
1.171509490056173858e-02
1.259916443693376818e-02
1.353741257099939227e-02
1.452710103428312381e-02
1.567384875369666475e-02
1.687203680232831488e-02
1.885689026584675548e-02
2.010788777793425658e-02
2.172444413149948392e-02
2.328819102160886029e-02
2.438212927756654852e-02
2.500762803361029907e-02
2.662144611870003591e-02
2.844239465489994609e-02
2.948626171587727385e-02
3.120159132516548209e-02
3.271252875181900749e-02
3.396352626390650858e-02
3.635990236116980190e-02
3.812941056815160462e-02
3.865065953152139328e-02
3.984884758015304340e-02
4.068284592154471080e-02
4.288167550736204925e-02
4.361142405607975475e-02
4.538093226306155747e-02
4.715454787275659421e-02
4.955229310425763450e-02
5.159132516546967306e-02
5.284232267755717416e-02
5.388482060429675841e-02
5.638544649423401361e-02
5.721944483562568101e-02
5.893888184762711979e-02
6.097106823765043732e-02
6.258488632274017416e-02
6.352313445680579651e-02
6.430432333474160600e-02
6.555532084682910710e-02
6.675487802969849727e-02
6.717187720039433096e-02
6.769312616376411962e-02
6.878706441972180785e-02
7.024656151715721886e-02
7.139330923657076500e-02
7.243580716331034230e-02
7.316555571202805475e-02
7.467375487020608271e-02
7.649470340640598942e-02
7.748439186968972270e-02
7.946376879625718925e-02
8.097607535714845817e-02
8.269688150338763699e-02
8.592041027085388361e-02
8.774135880705379031e-02
8.862679747766356864e-02
8.992923531896918066e-02
9.154442253829665754e-02
9.326522868453583637e-02
9.430635747703768057e-02
9.561016445258102570e-02
9.654841258664664805e-02
9.774660063527829124e-02
9.899622901312804535e-02
1.005071664397815673e-01
1.020167347321973422e-01
1.033692437684833182e-01
1.056627392073103966e-01
1.073307358900937314e-01
1.080604844388114438e-01
1.097840288535261166e-01
1.110350263656136177e-01
1.120788934265909420e-01
1.137468901093742768e-01
1.147893880361138541e-01
1.168202052918994316e-01
1.174457040479431752e-01
1.179669530113129639e-01
1.188009513527046312e-01
1.200005085355740214e-01
1.209387566696396438e-01
1.216685052183573562e-01
1.229723121939007013e-01
1.242233097059882024e-01
1.252129981692719218e-01
1.260469965106635892e-01
1.279749331080129449e-01
1.294845014004287198e-01
1.306826894490603630e-01
1.326119951806474517e-01
1.351681688025160588e-01
1.371489148633212585e-01
1.380871629973868808e-01
1.392339107168004131e-01
1.407448481434539489e-01
1.418401555336493702e-01
1.424656542896931277e-01
1.436124020091066600e-01
1.448633995211941472e-01
1.456973978625858146e-01
1.467913361185435028e-01
1.488694863008339364e-01
1.501191146786836905e-01
1.510573628127493129e-01
1.519956109468149352e-01
1.529338590808805576e-01
1.543405467148601107e-01
1.552787948489257330e-01
1.564255425683392653e-01
1.573637907024048876e-01
1.581449795803407110e-01
1.598657857265798898e-01
1.612724733605594429e-01
1.625221017384091970e-01
1.634089095432567085e-01
1.646084667261261125e-01
1.653382152748438250e-01
1.677400679090580993e-01
1.689910654211455865e-01
1.714402509818647447e-01
1.721171900671266131e-01
1.735766871645620379e-01
1.753475645057815946e-01
1.764943122251951269e-01
1.782110109687210786e-01
1.805573158710040149e-01
1.827952635778997692e-01
1.842547606753351941e-01
1.848802594313789516e-01
1.863911968580324874e-01
1.876936346993380855e-01
1.887347634918399297e-01
1.899857610039274169e-01
1.914438889671250810e-01
1.921736375158427934e-01
1.936331346132782183e-01
1.948841321253657055e-01
1.965006884789309294e-01
1.985383514059052279e-01
2.001576460279459457e-01
2.012001439546855230e-01
2.022426418814251003e-01
2.032851398081646777e-01
2.043790780641223659e-01
2.052130764055140333e-01
2.068797039540596350e-01
2.084434508441690148e-01
2.091731993928867273e-01
2.105257084291727032e-01
2.115682063559122805e-01
2.136573096121046900e-01
2.158492935267332935e-01
2.166832918681249609e-01
2.176215400021905833e-01
2.190824062338637412e-01
2.207504029166470760e-01
2.225740897213224767e-01
2.238778966968658357e-01
2.251803345381714339e-01
2.259615234161072572e-01
2.276254126961773649e-01
2.291891595862867448e-01
2.307529064763961246e-01
2.322124035738315495e-01
2.330464019152232169e-01
2.346615891345507077e-01
2.355998372686163300e-01
2.369022751099219282e-01
2.385243080004381400e-01
2.396182462563958282e-01
2.404008042685693847e-01
2.409220532319391872e-01
2.419131108294606536e-01
2.428513589635262759e-01
2.441537968048318741e-01
2.447792955608756316e-01
2.461846140606174516e-01
2.473313617800309838e-01
2.488422992066845196e-01
2.497805473407501420e-01
2.509272950601637020e-01
2.524910419502730541e-01
2.542605501572548499e-01
2.559299159742759455e-01
2.576493529862773912e-01
2.596300990470826187e-01
2.610895961445180435e-01
2.622363438639315758e-01
2.630703422053232154e-01
2.649928022657215831e-01
2.670236195215071606e-01
2.682218075701388038e-01
2.695242454114444297e-01
2.704624935455100521e-01
2.728115367162684546e-01
2.739582844356819868e-01
2.748965325697476092e-01
2.765130889233128331e-01
2.775041465208343272e-01
2.787565131671595475e-01
2.801117604719209897e-01
2.814656386424447265e-01
2.833922061055563213e-01
2.852687023736875660e-01
2.874051385563848315e-01
2.882905772269945821e-01
2.890203257757122945e-01
2.912082022876276710e-01
2.920936409582374216e-01
2.938130779702388673e-01
2.946470763116305069e-01
2.960023236163919491e-01
2.968363219577835888e-01
2.975660705065013012e-01
2.985043186405669235e-01
2.994425667746325459e-01
3.005392432990657281e-01
3.017374313476973713e-01
3.023629301037411010e-01
3.049691749205900582e-01
3.065871004083930429e-01
3.075767888716767762e-01
3.087763460545461802e-01
3.109642225664615567e-01
3.123181007369852935e-01
3.132563488710509159e-01
3.141932278708787774e-01
3.150272262122704170e-01
3.165896039681420637e-01
3.177363516875555960e-01
3.195614076264687298e-01
3.215380462845607301e-01
3.242512791625591362e-01
3.252937770892987412e-01
3.264391556744745126e-01
3.284185326010419792e-01
3.296180897839113833e-01
3.308690872959988982e-01
3.317030856373905379e-01
3.326413337714561602e-01
3.334753321128477999e-01
3.350363407344816857e-01
3.361316481246771071e-01
3.368613966733948195e-01
3.376953950147864592e-01
3.394148320267879049e-01
3.406658295388754198e-01
3.424881472093130874e-01
3.430093961726828899e-01
3.440505249651847341e-01
3.458255097091175179e-01
3.472321973430970710e-01
3.485874446478585131e-01
3.496299425745981182e-01
3.507766902940116505e-01
3.526545556963806560e-01
3.538013034157941883e-01
3.546881112206416997e-01
3.554178597693594122e-01
3.562518581107510518e-01
3.573986058301645841e-01
3.582326041715562237e-01
3.594321613544256278e-01
3.614115382809930943e-01
3.628669279757152921e-01
3.643819728050820550e-01
3.652159711464736946e-01
3.660499694878653343e-01
3.676665258414305582e-01
3.691774632680840940e-01
3.708454599508674288e-01
3.719922076702809610e-01
3.729304558043465834e-01
3.741272747187404657e-01
3.749084635966762891e-01
3.762637109014377312e-01
3.779317075842210660e-01
3.801723935595923143e-01
3.814233910716798293e-01
3.831441972179190358e-01
3.845522539861363498e-01
3.856990017055498821e-01
3.868457494249634143e-01
3.886138884977074492e-01
3.896563864244470543e-01
3.914882880345489369e-01
3.923222863759405765e-01
3.928435353393103791e-01
3.940945328513978940e-01
3.960224694487472497e-01
3.976877278630551182e-01
3.987302257897947233e-01
4.007109718505999507e-01
4.021176594845795038e-01
4.027431582406232335e-01
4.047712372279332893e-01
4.064378647764788632e-01
4.068548639471746831e-01
4.088815738002470335e-01
4.097155721416386731e-01
4.112265095682922089e-01
4.119562581170099214e-01
4.137285045924672389e-01
4.146125741288392841e-01
4.160679638235614819e-01
4.170062119576271042e-01
4.179444600916927266e-01
4.196083493717628343e-01
4.207036567619582557e-01
4.219018448105898988e-01
4.231542114569151192e-01
4.248750176031543258e-01
4.257090159445459654e-01
4.278495595299564580e-01
4.296176986027004929e-01
4.315456352000498486e-01
4.327966327121373635e-01
4.338391306388769686e-01
4.348816285656165737e-01
4.363925659922701095e-01
4.374878733824655308e-01
4.386332519676413022e-01
4.396243095651627963e-01
4.406139980284465296e-01
4.425405654915581244e-01
4.445226806866010572e-01
4.451481794426447869e-01
4.457736781986885166e-01
4.473360559545601634e-01
4.482743040886257857e-01
4.511432270885162299e-01
4.527069739786255820e-01
4.538550908322768751e-01
4.552103381370383173e-01
4.566170257710178704e-01
4.584393434414555379e-01
4.600517923923075347e-01
4.610942903190471398e-01
4.623967281603527657e-01
4.642149384280772062e-01
4.653616861474907385e-01
4.665598741961223817e-01
4.673938725375140213e-01
4.686448700496015363e-01
4.693746185983192487e-01
4.709383654884286008e-01
4.721893630005161158e-01
4.731276111345817381e-01
4.748984884758012948e-01
4.762537357805627369e-01
4.772962337073023420e-01
4.789642303900856768e-01
4.799038476583890600e-01
4.809463455851286651e-01
4.825087233410003118e-01
4.840182916334160867e-01
4.846437903894598165e-01
4.853735389381775289e-01
4.876670343770045934e-01
4.886567228402883267e-01
4.902705409253780844e-01
4.912087890594437067e-01
4.918342878154874365e-01
4.928767857422270415e-01
4.940749737908586847e-01
4.954329593640956486e-01
4.972566461687710215e-01
4.980906445101626612e-01
4.996516531317965470e-01
5.007469605219919684e-01
5.024149572047752477e-01
5.031447057534929046e-01
5.045541316559479794e-01
5.053881299973396191e-01
5.061706880095131478e-01
5.075773756434927009e-01
5.094079081193567671e-01
5.099291570827265696e-01
5.107631554241182092e-01
5.116513323632034815e-01
5.126410208264872148e-01
5.134750191678788545e-01
5.147774570091844248e-01
5.156100862163383036e-01
5.161313351797081062e-01
5.167568339357518914e-01
5.179035816551654792e-01
5.187375799965571188e-01
5.209851116431171159e-01
5.216106103991609011e-01
5.236400585207087177e-01
5.246825564474483228e-01
5.259335539595357822e-01
5.265062432521236957e-01
5.272359918008413526e-01
5.279657403495590096e-01
5.293209876543204517e-01
5.306762349590818939e-01
5.320328513980810969e-01
5.338078361420138807e-01
5.347501916787927856e-01
5.362096887762282105e-01
5.371479369102938328e-01
5.381904348370334379e-01
5.391286829710990602e-01
5.403282401539684088e-01
5.410579887026860657e-01
5.424660454709033797e-01
5.429872944342731822e-01
5.436127931903169674e-01
5.450181116900587597e-01
5.462704783363839800e-01
5.472087264704496024e-01
5.481469746045152247e-01
5.490852227385808471e-01
5.501277206653204521e-01
5.512230280555159290e-01
5.525268350310592602e-01
5.532565835797769171e-01
5.541948317138425395e-01
5.552373296405821446e-01
5.560713279819737842e-01
5.568010765306914411e-01
5.577406937989948243e-01
5.588874415184084121e-01
5.593044406891042319e-01
5.605568073354294523e-01
5.614436151402769637e-01
5.618606143109727835e-01
5.623818632743425860e-01
5.631116118230602430e-01
5.644695973962972069e-01
5.657219640426224272e-01
5.662432130059922297e-01
5.667644619693620323e-01
5.676499006399717828e-01
5.687966483593853706e-01
5.704186812499015824e-01
5.711484297986192393e-01
5.719296186765550072e-01
5.726593672252726641e-01
5.733891157739903210e-01
5.741188643227079780e-01
5.755824688228565744e-01
5.771462157129659820e-01
5.783972132250534415e-01
5.796482107371409009e-01
5.801694597005107035e-01
5.806907086638805060e-01
5.813690168833800520e-01
5.819945156394238372e-01
5.831412633588374250e-01
5.843408205417067736e-01
5.849663192977505588e-01
5.853833184684463786e-01
5.860616266879459246e-01
5.873112550657957343e-01
5.883023126633172284e-01
5.893448105900568335e-01
5.901788089314484731e-01
5.908043076874922583e-01
5.925251138337314094e-01
5.940360512603849452e-01
5.949228590652324566e-01
5.962781063699938988e-01
5.978905553208458956e-01
5.992444334913695769e-01
6.005496096011506690e-01
6.018006071132381285e-01
6.024261058692819137e-01
6.032601042106735534e-01
6.037285437105874841e-01
6.041455428812833039e-01
6.059136819540273944e-01
6.064349309173971969e-01
6.073718099172250584e-01
6.078930588805948609e-01
6.091440563926823204e-01
6.104464942339878908e-01
6.121144909167711701e-01
6.138798917210397388e-01
6.153921982819310355e-01
6.159134472453008380e-01
6.168516953793664603e-01
6.184127040010003462e-01
6.188297031716961660e-01
6.195594517204138230e-01
6.203934500618054626e-01
6.217973994273094940e-01
6.225271479760271509e-01
6.237253360246588496e-01
6.249235240732905483e-01
6.256004631585524445e-01
6.259132125365742816e-01
6.267986512071840322e-01
6.277368993412496545e-01
6.285708976826412941e-01
6.293520865605770620e-01
6.305502746092087607e-01
6.323739614138841336e-01
6.337833873163392084e-01
6.344088860723829937e-01
6.358683831698184186e-01
6.374266535229767827e-01
6.389862930103729077e-01
6.402372905224603672e-01
6.409142296077222634e-01
6.423737267051576882e-01
6.431034752538753452e-01
6.440931637171590785e-01
6.450314118512247008e-01
6.462824093633121603e-01
6.474819665461815088e-01
6.487329640582689683e-01
6.494627126069866252e-01
6.502967109483782648e-01
6.516505891189019462e-01
6.534756450578150799e-01
6.545695833137727959e-01
6.550908322771425984e-01
6.563418297892300579e-01
6.570702092037100650e-01
6.579042075451017046e-01
6.585811466303636008e-01
6.596236445571032059e-01
6.604048334350389737e-01
6.614987716909966897e-01
6.631667683737799690e-01
6.638965169224976259e-01
6.659746671047880318e-01
6.673813547387675849e-01
6.682153530801592245e-01
6.691536012142248468e-01
6.697790999702686321e-01
6.718058098233409270e-01
6.734168896399551629e-01
6.743551377740207853e-01
6.750320768592826814e-01
6.756575756153264667e-01
6.761788245786962692e-01
6.779538093226290529e-01
6.787878076640206926e-01
6.801917570295247240e-01
6.812342549562643290e-01
6.818597537123081143e-01
6.824852524683518995e-01
6.829022516390477193e-01
6.835277503950915046e-01
6.841532491511352898e-01
6.851957470778748949e-01
6.855084964558967320e-01
6.868095651629645415e-01
6.874350639190083267e-01
6.886874305653335471e-01
6.890001799433553842e-01
6.894171791140512040e-01
6.905111173700089200e-01
6.909281165407047398e-01
6.917093054186405077e-01
6.921263045893363275e-01
6.941612292478350765e-01
6.954664053576161686e-01
6.961961539063338256e-01
6.974485205526590459e-01
6.986480777355283944e-01
6.991693266988981970e-01
6.998990752476158539e-01
7.005245740036596391e-01
7.014628221377252615e-01
7.023997011375531230e-01
7.040203648938315739e-01
7.045416138572013764e-01
7.053756121985930161e-01
7.061053607473106730e-01
7.067308595033544583e-01
7.074606080520721152e-01
7.083974870518999767e-01
7.088144862225957965e-01
7.095442347713134534e-01
7.112149697225722544e-01
7.122046581858559877e-01
7.128301569418997730e-01
7.146565820150506676e-01
7.150735811857464874e-01
7.156990799417902727e-01
7.164288284905079296e-01
7.169500774538777321e-01
7.178883255879433545e-01
7.191921325634866857e-01
7.196091317341825055e-01
7.202346304902262908e-01
7.210158193681620586e-01
7.215370683315318612e-01
7.222140074167937573e-01
7.225267567948155945e-01
7.227352563801635599e-01
7.237777543069031649e-01
7.245075028556208219e-01
7.252886917335565897e-01
7.259141904896003750e-01
7.264868797821882884e-01
7.267996291602101255e-01
7.274251279162539108e-01
7.279463768796237133e-01
7.283633760503195331e-01
7.287275657575594812e-01
7.296658138916251035e-01
7.306054311599284867e-01
7.321136303181065008e-01
7.328433788668241577e-01
7.341458167081297281e-01
7.345628158788255480e-01
7.349798150495213678e-01
7.361279319031726054e-01
7.364406812811944425e-01
7.370661800372382277e-01
7.377959285859558847e-01
7.383171775493256872e-01
7.392554256833913096e-01
7.401936738174569319e-01
7.408719820369564779e-01
7.420715392198258265e-01
7.428540972319993552e-01
7.433753461953691577e-01
7.438451548295208493e-01
7.445749033782385062e-01
7.452004021342822915e-01
7.460357696099116920e-01
7.466612683659554772e-01
7.473910169146731342e-01
7.485377646340867219e-01
7.491632633901305072e-01
7.496845123535003097e-01
7.501543209876520013e-01
7.511968189143916064e-01
7.527605658045010140e-01
7.535945641458926536e-01
7.540115633165884734e-01
7.546370620726322587e-01
7.553140011578941548e-01
7.559909402431560510e-01
7.564079394138518708e-01
7.571904974260253995e-01
7.576074965967212194e-01
7.584414949381128590e-01
7.590669936941566442e-01
7.595882426575264468e-01
7.619318092913338614e-01
7.625058677181595357e-01
7.629228668888553555e-01
7.632356162668771926e-01
7.640696146082688323e-01
7.647465536935307284e-01
7.653720524495745137e-01
7.658933014129443162e-01
7.665702404982062124e-01
7.668829898762280495e-01
7.674042388395978520e-01
7.680297375956416372e-01
7.686552363516854225e-01
7.692807351077292077e-01
7.708444819978386153e-01
7.717827301319042377e-01
7.721997293026000575e-01
7.727209782659698600e-01
7.731379774366656799e-01
7.736592264000354824e-01
7.749102239121229418e-01
7.758484720461885642e-01
7.765782205949062211e-01
7.770994695582760237e-01
7.786117761191673203e-01
7.791858345459929946e-01
7.801240826800586170e-01
7.815808415090185202e-01
7.825190896430841425e-01
7.833530879844757822e-01
7.837700871551716020e-01
7.842913361185414045e-01
7.849168348745851898e-01
7.855423336306289750e-01
7.865848315573685801e-01
7.867933311427165455e-01
7.873660204353044589e-01
7.879915191913482442e-01
7.892953261668915754e-01
7.897651348010432670e-01
7.905991331424349067e-01
7.915888216057186400e-01
7.924728911420906297e-01
7.936196388615042174e-01
7.950777668247018815e-01
7.954947659953977013e-01
7.963287643367893409e-01
7.967457635074851607e-01
7.972670124708549633e-01
7.984137601902685510e-01
7.988307593609643709e-01
7.992477585316601907e-01
7.996647577023560105e-01
8.009171243486812308e-01
8.013855638485951616e-01
8.018025630192909814e-01
8.025323115680086383e-01
8.032620601167262953e-01
8.036790592874221151e-01
8.042003082507919176e-01
8.045130576288137547e-01
8.053470559702053944e-01
8.061810543115970340e-01
8.067537436041849475e-01
8.070664929822067846e-01
8.073792423602286217e-01
8.076405514090323479e-01
8.084745497504239875e-01
8.091514888356858837e-01
8.095684880063817035e-01
8.099854871770775233e-01
8.107152357257951802e-01
8.112364846891649828e-01
8.117577336525347853e-01
8.123304229451226988e-01
8.130601714938403557e-01
8.137384797133399017e-01
8.145724780547315413e-01
8.151979768107753266e-01
8.157192257741451291e-01
8.159277253594930945e-01
8.162404747375149316e-01
8.166574739082107515e-01
8.169702232862325886e-01
8.175957220422763738e-01
8.181169710056461764e-01
8.187424697616899616e-01
8.192637187250597641e-01
8.196807178957555839e-01
8.203062166517993692e-01
8.208274656151691717e-01
8.211402149931910088e-01
8.218699635419086658e-01
8.224954622979524510e-01
8.228082116759742881e-01
8.246318984806496610e-01
8.251531474440194636e-01
8.256743964073892661e-01
8.260913955780850859e-01
8.265083947487809057e-01
8.272381432974985627e-01
8.286420926630025940e-01
8.291633416263723966e-01
8.297888403824161818e-01
8.305185889311338387e-01
8.309355881018296586e-01
8.315597177236356830e-01
8.318724671016575201e-01
8.322894662723533399e-01
8.328107152357231424e-01
8.337475942355510039e-01
8.341645934062468237e-01
8.347900921622906090e-01
8.356240905036822486e-01
8.361453394670520511e-01
8.371892065280294171e-01
8.379189550767470740e-01
8.387529534181387136e-01
8.392742023815085162e-01
8.395869517595303533e-01
8.398997011375521904e-01
8.405766402228140866e-01
4.613582041171403469e-01
