0.000000000000000000e+00
2.876299917784932818e-03
3.835409933270202999e-03
4.737173478054901993e-03
5.558396808911107538e-03
6.485002302797134716e-03
6.996752793537749579e-03
7.987996484300746020e-03
9.735166026693616026e-03
1.039386674955360482e-02
1.109256974592341335e-02
1.120643858438785320e-02
1.157231017682680725e-02
1.287195537388768213e-02
1.371711414061484342e-02
1.406658925424025298e-02
1.512341886025742911e-02
1.571636884727590014e-02
1.611478616646093084e-02
1.637502836498905268e-02
1.664330398233660607e-02
1.742398937277413531e-02
1.778170393095315077e-02
1.833481646504914186e-02
1.869261343352182983e-02
2.014794276901770917e-02
2.208391904864735397e-02
2.231161552042939741e-02
2.258817178747739296e-02
2.283218232777931012e-02
2.320633456991870805e-02
2.361299133365734812e-02
2.500219908699019208e-02
2.595261640130666972e-02
2.672489752660325152e-02
2.696894927205200493e-02
3.055960697237725815e-02
3.351718879673371704e-02
3.385887772242070215e-02
3.533806008349386213e-02
3.553325203367665996e-02
3.587489975421681576e-02
3.672022334153131340e-02
3.728071001209737334e-02
3.881575545858504533e-02
3.899459213510113320e-02
3.944982025807788201e-02
4.046631794941055876e-02
4.168587618915812337e-02
4.391167362348984138e-02
4.440756330232576571e-02
4.540762330969805999e-02
4.586305745840898312e-02
4.697628581674952175e-02
4.787022196844896438e-02
4.876403450470790518e-02
4.912990609714686097e-02
4.983738420497912935e-02
5.004073318942186405e-02
5.048001809020025155e-02
5.091098113613136411e-02
5.174036150124750738e-02
5.305689763888395138e-02
5.381265866992648167e-02
5.430887798993708909e-02
5.451214456408615822e-02
5.597505406178628073e-02
5.701478670149371514e-02
5.777878717708985479e-02
5.901346453609907644e-02
5.956620622387355513e-02
5.998110243216580456e-02
6.026573332318006793e-02
6.072915968556358984e-02
6.375970156164430247e-02
6.454854398634177204e-02
6.506853392163598759e-02
6.540997561644196212e-02
6.592222056894460336e-02
6.632084391386380839e-02
6.718194590278932232e-02
6.765348809428593790e-02
6.779990265949645267e-02
6.987034559656785104e-02
7.039873979700302098e-02
7.104858299810687394e-02
7.196649579082410597e-02
7.280325029241031809e-02
7.507189315538347063e-02
7.541354087592362643e-02
7.724957248709227176e-02
7.944430757996397141e-02
8.055774196403868437e-02
8.085864571842599213e-02
8.115147484884702167e-02
8.304448208439471624e-02
8.317462378623219355e-02
8.382450819248288276e-02
8.405224586941176246e-02
8.533537097221859102e-02
8.561192723926658310e-02
8.596169078891983950e-02
8.614065108087642919e-02
8.675032718788312780e-02
9.235020965559011252e-02
9.280527295797952325e-02
9.337416389368653757e-02
9.425178597686610649e-02
9.560033217433977493e-02
9.673799043031329481e-02
9.722601151091712912e-02
9.760024616335019609e-02
9.861538408483731810e-02
9.951677678330049515e-02
1.005810629360814057e-01
1.011417144272348106e-01
1.021898101269363562e-01
1.031650693903541638e-01
1.042867432189824861e-01
1.047743934532648080e-01
1.072461792749465209e-01
1.083831782485706746e-01
1.086513714556245624e-01
1.092202623913315768e-01
1.101057118675964064e-01
1.111053598235003520e-01
1.114386444840463897e-01
1.118855507521758635e-01
1.130478861366633614e-01
1.144528310864603854e-01
1.148185790634588394e-01
1.169717048820941574e-01
1.172886342689734851e-01
1.184832681493260542e-01
1.193775339422001730e-01
1.215626698206727085e-01
1.230921129520042151e-01
1.243843840125950229e-01
1.280323469784740154e-01
1.290717087718599443e-01
1.314056491140594418e-01
1.317960742195718737e-01
1.338509859859132733e-01
1.354428422361926565e-01
1.358815502649153573e-01
1.384655155140412652e-01
1.387583858496091449e-01
1.411144898063656783e-01
1.451151830924700403e-01
1.460572373467924068e-01
1.466585503938049873e-01
1.480400955746399017e-01
1.482271716957095919e-01
1.491781658820817702e-01
1.499334324513622863e-01
1.511190027842245487e-01
1.523055208354640033e-01
1.547912308271491566e-01
1.550840599575701861e-01
1.563021760171785235e-01
1.574075769824337945e-01
1.630964451343570598e-01
1.652744541072405371e-01
1.672980975063877440e-01
1.686305356610757200e-01
1.694597100004576751e-01
1.700777903726053142e-01
1.711176466277532504e-01
1.717917137007559103e-01
1.756600402070937206e-01
1.796435953217415116e-01
1.820397427571547044e-01
1.847553742985509895e-01
1.866741299964303769e-01
1.869667531011172390e-01
1.874055023349867621e-01
1.879172940308742046e-01
1.888350007978572553e-01
1.891517653641492380e-01
1.895096035377687727e-01
1.914757768507748814e-01
1.919715429141702900e-01
1.923375381220497615e-01
1.940593712535792770e-01
1.962283166789724476e-01
1.971546749419774702e-01
1.982587573425340366e-01
2.018251499658136605e-01
2.050033013563631046e-01
2.067088204193727463e-01
2.099924775883925121e-01
2.102690338554405181e-01
2.154869366879228476e-01
2.160800927006754912e-01
2.165191715757197044e-01
2.189723770458056051e-01
2.214013586439927128e-01
2.230601193742249855e-01
2.264157064662981333e-01
2.296101719253674511e-01
2.302521877333860434e-01
2.309833540462082613e-01
2.341449029322099917e-01
2.358830501322593809e-01
2.373943249634634378e-01
2.405655966793048273e-01
2.424347920944220636e-01
2.436214337611020408e-01
2.458057867417847153e-01
2.479006595764890741e-01
2.522645461204880979e-01
2.525003996265300921e-01
2.534021631713148093e-01
2.537031081308489533e-01
2.545477724358141125e-01
2.552223751757256021e-01
2.568630912212709339e-01
2.570338120686739281e-01
2.585048786006339805e-01
2.589272313556899574e-01
2.596744233010042091e-01
2.617695021614427353e-01
2.640362907928083258e-01
2.670429796433117509e-01
2.682125243436819795e-01
2.686351243296190017e-01
2.702835029476622353e-01
2.719241777880607169e-01
2.734669682173399563e-01
2.752952136405701911e-01
2.762052990402021901e-01
2.768796545492326899e-01
2.772537243810784258e-01
2.774976937162335067e-01
2.797894891172877374e-01
2.799926732811431340e-01
2.803257519159549904e-01
2.808870214843109392e-01
2.838372703773441863e-01
2.844303439798031574e-01
2.856083341504611628e-01
2.864782936611428021e-01
2.874289994114871405e-01
2.884206551537185081e-01
2.887620556433776464e-01
2.932807610177281532e-01
2.937034434139588202e-01
2.955477144696810887e-01
2.957834443602825880e-01
2.959703968659117557e-01
2.968562995987917841e-01
2.988469852197245258e-01
2.993425452573857948e-01
2.998222444831423750e-01
3.029674380954773816e-01
3.047218169537529997e-01
3.065657583683005782e-01
3.073293467924283484e-01
3.076383663759287290e-01
3.081177359605106192e-01
3.091662025065337049e-01
3.102140921805010554e-01
3.135386993414078782e-01
3.145868774514030686e-01
3.147251349823536604e-01
3.150583372326060116e-01
3.155218048001363629e-01
3.193750945975061817e-01
3.199927629181854583e-01
3.206186294782715218e-01
3.208950621298790051e-01
3.213014304575897984e-01
3.217324347086677472e-01
3.222856296530574038e-01
3.263384363562142898e-01
3.272074893536655593e-01
3.282956285320237644e-01
3.300434161516191400e-01
3.314815661105116051e-01
3.320179113194725584e-01
3.339425577685359858e-01
3.353969805908014745e-01
3.383643676552912649e-01
3.397457480155388621e-01
3.405987753804980978e-01
3.415823977039100234e-01
3.422651574780814498e-01
3.439139481475930737e-01
3.477751065431949895e-01
3.483356344189079135e-01
3.495141602564748040e-01
3.515465787670844500e-01
3.526035319885421071e-01
3.539529434940992814e-01
3.546924728669156313e-01
3.554563085219244467e-01
3.568384717799619188e-01
3.582925237559059228e-01
3.586825780150968423e-01
3.592676594038832216e-01
3.614040178973834672e-01
3.635889065449749991e-01
3.648084235795757135e-01
3.661088516744264720e-01
3.669945483815723053e-01
3.677336657029202649e-01
3.701153120962743515e-01
3.719505196045063133e-01
3.728114979779913463e-01
3.731449886642715374e-01
3.781665045973128803e-01
3.784999128732994267e-01
3.794748012903957357e-01
3.798487887119477713e-01
3.836005680452768685e-01
3.872038741408670992e-01
3.875451922202325927e-01
3.890316663074821490e-01
3.893000243351233958e-01
3.893731492074349876e-01
3.900804624946799248e-01
3.920229476026961257e-01
3.926244666754428736e-01
3.950531186324552912e-01
3.952563852066043326e-01
3.966132120537784189e-01
3.986445180254235554e-01
4.011960611632439111e-01
4.016755131581194460e-01
4.031385874764069066e-01
4.044386447249361249e-01
4.051211572682265616e-01
4.113075633048591806e-01
4.147111036789679073e-01
4.212251508558435553e-01
4.214609219515918492e-01
4.221597897685490097e-01
4.242231882103250085e-01
4.249141462239032219e-01
4.266784539377526664e-01
4.274993064222873396e-01
4.297911018233415703e-01
4.298724249350599491e-01
4.306770457613684489e-01
4.343819431464796543e-01
4.368992099413868679e-01
4.371919566615142250e-01
4.384188890377318515e-01
4.385571053635355931e-01
4.395574538069357273e-01
4.409382985002744393e-01
4.414829655640826744e-01
4.419871770977658598e-01
4.424263795882505956e-01
4.431499245337217063e-01
4.461819085899416670e-01
4.483279899132815993e-01
4.503275330559705081e-01
4.513834973539041506e-01
4.520747850086570541e-01
4.540495274073914622e-01
4.554877597765775721e-01
4.559347484550007046e-01
4.575273051927762902e-01
4.593075149236772736e-01
4.630965373704916122e-01
4.641279893604985940e-01
4.649160900925530249e-01
4.656074189524527784e-01
4.658188013557149620e-01
4.663632623937890020e-01
4.676875847193638913e-01
4.697288195465828542e-01
4.705981609800619636e-01
4.716217031666900539e-01
4.718656725018451348e-01
4.724592405660661409e-01
4.742066573393400319e-01
4.788679879902056347e-01
4.798351726296571917e-01
4.804447251212233816e-01
4.815660693086770139e-01
4.824354107421561233e-01
4.852386681979231620e-01
4.855473169351020579e-01
4.877009372154993971e-01
4.881558356973014767e-01
4.900798640691623742e-01
4.912341660348304440e-01
4.913235637705150594e-01
4.916973863714797499e-01
4.919494303306011229e-01
4.922827149911471745e-01
4.927056858234056813e-01
4.946788624265603396e-01
4.957599159044763226e-01
4.963129048231317841e-01
4.971749133252876818e-01
4.980931145540327676e-01
5.010601307722010178e-01
5.032306419931739105e-01
5.038406889465021354e-01
5.045315645497866486e-01
5.048324270990270923e-01
5.051495213064937095e-01
5.056127004379962209e-01
5.060433338427526850e-01
5.093209354400011213e-01
5.101580607879088181e-01
5.127516252514339179e-01
5.135481302486293309e-01
5.145226066142573051e-01
5.167966045615055570e-01
5.173090555397423795e-01
5.181133055197293391e-01
5.222433576098812757e-01
5.225605754327884434e-01
5.228856618539277079e-01
5.232515746515135069e-01
5.237234052790379346e-01
5.245042966952095931e-01
5.248784901424958793e-01
5.270005124145243913e-01
5.275373520852473241e-01
5.278461656430135651e-01
5.295275432444180863e-01
5.324674924355559114e-01
5.348470373664213628e-01
5.366576913615798139e-01
5.374702219912672607e-01
5.384618365283517782e-01
5.392340352433546702e-01
5.402095005325066035e-01
5.410142449742555426e-01
5.410793364277477480e-01
5.411932464713590241e-01
5.412664537539643161e-01
5.413640909342025687e-01
5.414617281144408212e-01
5.416895482016633734e-01
5.417627554842686655e-01
5.418929383912529651e-01
5.419254841179990123e-01
5.421451471709616277e-01
5.421614200343346512e-01
5.422997187704320377e-01
5.424136288140433138e-01
5.424624474041623845e-01
5.426739946280119131e-01
5.427390860815041185e-01
5.428936576809745285e-01
5.432842064019274275e-01
5.433167521286734747e-01
5.433492978554195219e-01
5.437886651664916027e-01
5.440571468095732888e-01
5.443826040770340935e-01
5.444314226671531642e-01
5.444802412572722350e-01
5.445046299497583453e-01
5.446999043102348503e-01
5.447893844562131660e-01
5.448707487730783949e-01
5.450253203725488049e-01
5.450741389626678757e-01
5.451555032795331046e-01
5.452531404597713571e-01
5.453426206057496728e-01
5.456029864197182722e-01
5.460667424232764633e-01
5.460992881500225105e-01
5.463189512029851258e-01
5.464003155198503547e-01
5.464328612465964019e-01
5.490383720330768158e-01
5.492173323250334471e-01
5.494042848306626148e-01
5.495669310540993724e-01
5.496726428583038615e-01
5.497864704916214373e-01
5.498352066714469188e-01
5.499815800315106529e-01
5.500140845531098499e-01
5.501523008789136471e-01
5.502742855464911598e-01
5.505345277450193198e-01
5.506239666858507853e-01
5.509894674319681940e-01
5.513473880158813456e-01
5.514774885125719450e-01
5.515831591116295840e-01
5.516481681548280891e-01
5.517945415148918231e-01
5.520629407476799200e-01
5.527530746583214638e-01
5.531267736438456595e-01
5.532406424823100854e-01
5.540849359409537600e-01
5.542148304119102198e-01
5.543366090537535928e-01
5.543690723702060508e-01
5.545073299011565870e-01
5.547106788855993287e-01
5.547838449630577706e-01
5.549790781183874255e-01
5.551010215808180881e-01
5.551741876582765300e-01
5.554177861471101263e-01
5.554665635320824579e-01
5.556208466955250280e-01
5.559700333731225630e-01
5.561730527163906146e-01
5.565388006933890130e-01
5.572615627410703043e-01
5.573346876133818961e-01
5.574647881100724955e-01
5.580900777981028238e-01
5.584394292962877593e-01
5.585450586901985481e-01
5.586019519042839665e-01
5.587319699906809767e-01
5.590978003779730754e-01
5.591872393188045409e-01
5.592440913277431092e-01
5.593903822775131429e-01
5.594391184573386244e-01
5.604308566098636923e-01
5.606988437911833989e-01
5.613164297015690307e-01
5.614140256766604331e-01
5.614708364804521512e-01
5.616496731569682321e-01
5.617878894827720293e-01
5.618936012869765184e-01
5.628599618234914059e-01
5.630549889530868102e-01
5.632582143220890014e-01
5.633883148187796008e-01
5.634126623061188610e-01
5.636481861709861096e-01
5.637212698381508513e-01
5.637618901888632461e-01
5.638757590273276721e-01
5.642010102690542261e-01
5.645343361347471278e-01
5.645668406563463249e-01
5.648106039657672106e-01
5.649162745648248496e-01
5.650382180272555122e-01
5.651276981732338278e-01
5.654934049450854872e-01
5.659810551793678091e-01
5.660216755300802038e-01
5.668015368175810531e-01
5.668747028950394951e-01
5.672403684617443043e-01
5.692618279881092036e-01
5.693999206984724504e-01
5.696030224520342022e-01
5.696761885294926442e-01
5.700579621389830764e-01
5.705615143903168818e-01
5.712362407456689217e-01
5.712849357203475531e-01
5.713255560710599479e-01
5.715530465171078101e-01
5.717887352025624592e-01
5.719269515283662564e-01
5.721787894617533787e-01
5.723981640786881542e-01
5.727232504998274187e-01
5.734702364194075308e-01
5.735189725992330123e-01
5.736652223438561959e-01
5.737220743527947642e-01
5.737871246011401194e-01
5.740471607739340287e-01
5.743233873998073724e-01
5.746156808633196000e-01
5.747783270867563576e-01
5.748433773351017129e-01
5.758177300852891367e-01
5.764021933968730416e-01
5.764915911325576570e-01
5.769627624777328156e-01
5.770603172476773679e-01
5.772961707537193066e-01
5.774018825579237957e-01
5.778808812961842012e-01
5.780676689812260793e-01
5.781245621953114977e-01
5.782952418375676418e-01
5.783358209831331864e-01
5.785632290188873483e-01
5.789936151927628227e-01
5.801466397988790380e-01
5.802034506026707561e-01
5.806666297341732674e-01
5.816013922623192167e-01
5.818289651186607792e-01
5.819102882303791580e-01
5.820078842054705603e-01
5.823408804299887720e-01
5.824383939947864741e-01
5.835518695840080650e-01
5.844538803596738274e-01
5.846571469338228688e-01
5.852419810917282028e-01
5.853638421438652761e-01
5.856240019320997359e-01
5.857133584626375011e-01
5.859166250367865425e-01
5.861845710129593989e-01
5.880447028805863008e-01
5.882719460957531732e-01
5.884345511140430807e-01
5.887352900478430850e-01
5.887596375351823452e-01
5.888002578858947400e-01
5.889872928018176079e-01
5.895965156522091632e-01
5.896940292170068654e-01
5.898810641329297333e-01
5.899298415179020649e-01
5.899867347319874833e-01
5.900192392535866803e-01
5.903443256747259449e-01
5.905232447615357261e-01
5.908157854559289435e-01
5.908320171141551169e-01
5.914085706223600747e-01
5.915061253923046269e-01
5.916362258889952264e-01
5.917825168387652601e-01
5.918312942237375918e-01
5.918800716087099234e-01
5.919450806519084285e-01
5.920669829091923519e-01
5.921970009955893621e-01
5.923108698340537881e-01
5.925870964599271318e-01
5.927497426833638894e-01
5.931315987031480219e-01
5.931802936778266533e-01
5.932615343792513318e-01
5.940980004448096485e-01
5.941305049664088456e-01
5.941955140096073507e-01
5.946828758078618327e-01
5.947397278168004009e-01
5.947559594750265743e-01
5.947721911332527478e-01
5.949836559468085762e-01
5.951218310674655232e-01
5.963803202469052378e-01
5.974599727498288715e-01
5.975250229981742267e-01
5.978744569066527514e-01
5.979720116765973037e-01
5.986051699628597289e-01
5.986782948351713207e-01
5.987677337760027863e-01
5.991172088896281611e-01
5.995962900381821559e-01
5.999618319894464147e-01
6.001323880162620084e-01
6.002299015810597105e-01
6.003111422824843890e-01
6.003599196674567207e-01
6.007907178928004743e-01
6.011563422543584334e-01
6.014164608374460430e-01
6.016277196252677317e-01
6.018957892168811386e-01
6.026105178457429323e-01
6.027973879410783997e-01
6.028298924626775968e-01
6.034228424496960175e-01
6.034797356637814358e-01
6.035203148093469805e-01
6.038048632900675505e-01
6.038698311281192055e-01
6.042598029770164247e-01
6.045360708080366186e-01
6.045848481930089502e-01
6.048529177846223570e-01
6.051454172738687243e-01
6.052511290780732134e-01
6.055597366101053147e-01
6.057385320814745455e-01
6.060960406139194179e-01
6.064455981378384930e-01
6.068433973798209591e-01
6.076637554025936527e-01
6.080049910716655015e-01
6.082648624238721213e-01
6.083217556379575397e-01
6.083461031252967999e-01
6.087927209573984477e-01
6.093531252176708213e-01
6.096375088778041018e-01
6.102792774549417043e-01
6.103523611221064460e-01
6.110184771865833087e-01
6.111484540678334687e-01
6.117005364732586159e-01
6.118306781750960655e-01
6.118956872182945705e-01
6.120338623389515176e-01
6.121151442455230463e-01
6.121394917328623064e-01
6.122207736394338351e-01
6.124239990084360263e-01
6.124808922225214447e-01
6.127328125662022673e-01
6.132854718436830943e-01
6.142523268419599614e-01
6.142929471926723561e-01
6.144798996983015238e-01
6.145449087415000289e-01
6.147317788368354963e-01
6.147561263241747564e-01
6.147804738115140166e-01
6.148129783331132137e-01
6.148861444105716556e-01
6.152031150025978334e-01
6.163076094546227068e-01
6.165757614565297029e-01
6.166163818072420977e-01
6.166407292945813579e-01
6.166732338161805549e-01
6.172983174784767435e-01
6.176884129428145132e-01
6.177127604301537733e-01
6.179482430898742829e-01
6.180295249964458115e-01
6.184517541360612380e-01
6.189880993450221913e-01
6.190693812515937200e-01
6.192482179281098009e-01
6.192644495863359744e-01
6.196874204185944812e-01
6.198662158899637120e-01
6.199230266937554301e-01
6.200612018144123772e-01
6.201831040716963006e-01
6.202237244224086954e-01
6.204187103468573605e-01
6.206379613483515856e-01
6.207191196394825639e-01
6.207353512977087373e-01
6.208409394864727870e-01
6.209303372221574024e-01
6.209790321968360338e-01
6.210440412400345389e-01
6.214173693792371944e-01
6.215798919872334016e-01
6.217343811764102224e-01
6.220107726228708556e-01
6.224904306434805301e-01
6.227666984745007239e-01
6.231647861525110299e-01
6.234003924276719788e-01
6.235304929243625782e-01
6.244970182814647552e-01
6.248464933950901301e-01
6.258126067007239168e-01
6.265272117141452712e-01
6.266328823132029102e-01
6.267222388437406755e-01
6.268279506479451646e-01
6.268522981352844248e-01
6.275833820378129424e-01
6.277378300218429130e-01
6.279085508692459072e-01
6.280223785025634831e-01
6.280955033748750749e-01
6.282661006068375187e-01
6.283961186932345289e-01
6.286399644129491149e-01
6.288269993288719828e-01
6.290625643988860816e-01
6.291926648955766810e-01
6.293633857429796752e-01
6.295339417697952689e-01
6.296884309589720896e-01
6.298834580885674939e-01
6.299402688923592120e-01
6.300782379872819083e-01
6.303056872281829204e-01
6.306795098291476664e-01
6.309962743954397046e-01
6.318083517685119110e-01
6.324906170809213579e-01
6.331081617861601396e-01
6.331975595218447550e-01
6.333114283603091810e-01
6.333683215743945993e-01
6.334332894124462543e-01
6.336038866444086981e-01
6.336201183026348716e-01
6.341967954262802687e-01
6.344405587357011544e-01
6.344974107446397227e-01
6.346191893864830957e-01
6.346516939080822928e-01
6.347085047118740109e-01
6.347815471738919024e-01
6.355123014352457300e-01
6.355366489225849902e-01
6.358859592156230756e-01
6.366083504169828267e-01
6.366896323235543553e-01
6.369413878466478884e-01
6.375180237651464354e-01
6.375586441158588302e-01
6.378105232543928027e-01
6.383220677193992554e-01
6.384032260105302337e-01
6.387365106710762852e-01
6.388177513725009637e-01
6.391185315114477072e-01
6.402385983393494850e-01
6.410989174304850824e-01
6.415131955615748227e-01
6.415538159122872175e-01
6.415863204338864145e-01
6.418382819827140873e-01
6.419600606245574603e-01
6.433078651293880901e-01
6.435435538148427392e-01
6.437141922519520332e-01
6.441772889731608442e-01
6.443398115811570515e-01
6.446407153355443453e-01
6.451037296464595672e-01
6.459974597724248424e-01
6.463549683048697148e-01
6.464199361429213697e-01
6.466151692982510246e-01
6.466720625123364430e-01
6.468672544625192478e-01
6.471676637551445621e-01
6.471920112424838223e-01
6.472569378753886271e-01
6.477200758017442883e-01
6.482561737798242518e-01
6.484105805587073723e-01
6.487027916119258997e-01
6.489141740151880278e-01
6.494422797795953439e-01
6.495073300279406991e-01
6.495886119345122278e-01
6.499949802622230211e-01
6.503768362820071536e-01
6.504256136669794852e-01
6.504824656759180534e-01
6.505312430608903851e-01
6.505799380355690165e-01
6.506610963266999947e-01
6.507748415497239813e-01
6.510350425431052912e-01
6.510675058595577491e-01
6.513192201775044321e-01
6.513841880155560871e-01
6.516279513249769728e-01
6.520100133704952450e-01
6.525622193913608315e-01
6.527652387346288831e-01
6.529926467703830451e-01
6.531633676177860393e-01
6.533746264056077280e-01
6.560951597746640385e-01
6.566070338808451812e-01
6.568428873868871198e-01
6.573307848520504315e-01
6.575015056994534257e-01
6.577534260431342483e-01
6.580702318145730256e-01
6.584604508943512347e-01
6.587042142037721204e-01
6.588180006319428461e-01
6.594029584052887305e-01
6.596547139283822636e-01
6.604024415406053450e-01
6.613202307178820405e-01
6.618078397470175123e-01
6.619622877310474829e-01
6.622223651089882424e-01
6.624174334437304967e-01
6.630186640804494047e-01
6.633193206039557088e-01
6.636442422045076839e-01
6.640667185750042112e-01
6.643997147995224228e-01
6.648950688114494412e-01
6.652769248312335737e-01
6.654639185420095915e-01
6.657888401425615665e-01
6.660161245628752891e-01
6.661299109910460148e-01
6.662274657609905670e-01
6.665525109769829815e-01
6.665768584643222416e-01
6.668858368426757721e-01
6.669345730225012536e-01
6.670809051774181375e-01
6.677956750114267814e-01
6.679500405851630518e-01
6.681614229884251799e-01
6.681857704757644401e-01
6.687464631720646535e-01
6.693153129026248038e-01
6.694372975702023165e-01
6.695591174171925397e-01
6.696810196744764632e-01
6.698517405218794574e-01
6.700466440360344222e-01
6.703149196533819687e-01
6.709237716574519839e-01
6.710049299485829621e-01
6.723696253939891454e-01
6.726055201051779342e-01
6.726298675925171944e-01
6.727272987470213073e-01
6.727841919611067256e-01
6.734581354186688351e-01
6.735799964708059084e-01
6.736125009924051055e-01
6.737913788740680365e-01
6.740026788670365754e-01
6.742140612702987035e-01
6.743929391519616345e-01
6.745068079904260605e-01
6.749862599853015954e-01
6.750431531993870138e-01
6.752056346022363709e-01
6.755466642455739690e-01
6.759367185047648885e-01
6.761724483953663878e-01
6.762780365841304375e-01
6.767330174762261619e-01
6.769037383236291561e-01
6.769525157086014877e-01
6.771232365560044819e-01
6.777812367913682579e-01
6.781549769820393037e-01
6.786422151648532353e-01
6.793245216824095323e-01
6.803639246809423113e-01
6.804452065875138400e-01
6.805264472889385186e-01
6.808513276843436435e-01
6.818266693580551374e-01
6.818591738796543344e-01
6.823303864299762322e-01
6.832804328979712460e-01
6.835971974642632842e-01
6.836215449516025444e-01
6.838246467051642963e-01
6.847016095059944574e-01
6.850265311065464324e-01
6.852948891341876791e-01
6.855466034521343621e-01
6.859449795661725080e-01
6.863675383469626246e-01
6.867492707513063177e-01
6.867655024095324912e-01
6.872691370711599967e-01
6.875047021411740955e-01
6.876509930909441293e-01
6.877647795191148550e-01
6.880492455895417248e-01
6.886340385423002086e-01
6.890644659213224221e-01
6.891862445631657952e-01
6.892430553669575133e-01
6.893975445561343340e-01
6.896738123871545278e-01
6.897632101228391432e-01
6.905594266840067164e-01
6.907708502924156946e-01
6.911450025345551307e-01
6.912669047918390541e-01
6.916327763842780030e-01
6.916978266326233582e-01
6.918360429584271554e-01
6.920636158147687178e-01
6.925996313825549811e-01
6.934359738326728584e-01
6.940125685460246663e-01
6.942887539667511598e-01
6.945487077292514799e-01
6.945730552165907401e-01
6.945974027039300003e-01
6.951989629818235983e-01
6.956050840786534017e-01
6.959138976364196427e-01
6.961333546636481184e-01
6.961495863218742919e-01
6.964503252556742963e-01
6.964827885721267542e-01
6.966535506246765985e-01
6.969218674471709951e-01
6.969543719687701921e-01
6.970923410636928885e-01
6.973116332703339637e-01
6.975389588957945364e-01
6.976283978366260019e-01
6.977828870258028227e-01
6.978235073765152174e-01
6.979210621464597697e-01
6.982057754477677403e-01
6.986285402542921075e-01
6.987504425115760309e-01
6.991001236509356564e-01
6.992952331908247610e-01
6.996606103215017303e-01
7.000259874521786996e-01
7.000747648371510312e-01
7.001559643334288596e-01
7.001721959916550331e-01
7.002290067954467512e-01
7.002859000095321695e-01
7.011628216052155915e-01
7.012765668282395781e-01
7.013496917005511699e-01
7.014065849146365883e-01
7.016503894292043242e-01
7.019836328846035256e-01
7.023169175451495772e-01
7.025688378888303998e-01
7.030239011912198244e-01
7.031133401320512899e-01
7.037793737862345633e-01
7.040150212665423624e-01
7.040393687538816225e-01
7.040961795576733406e-01
7.043478938756200236e-01
7.043884730211855683e-01
7.049249418455869609e-01
7.051769858047083339e-01
7.053964428319368096e-01
7.059894752292489306e-01
7.062818098979078973e-01
7.065256968227693335e-01
7.070291666638095496e-01
7.075408347442564416e-01
7.080198746876635862e-01
7.081741166459593062e-01
7.084994502979795605e-01
7.085482276829518922e-01
7.085970050679242238e-01
7.088898341983452811e-01
3.961746351628269158e-01
