0.000000000000000000e+00
3.486990366761359705e-03
9.825500044965695262e-03
1.571154242909968482e-02
1.830566620642956957e-02
2.219685187242439670e-02
2.764249496119725730e-02
3.265980675331821292e-02
4.072370961683939583e-02
4.795508588447520981e-02
5.113640872228659984e-02
5.388940026344608142e-02
5.574952521517408804e-02
5.792738569456128833e-02
6.165970359672651863e-02
6.468215867070831182e-02
7.071500081996268117e-02
7.646631143768550798e-02
7.934196674654692139e-02
8.090849216803418231e-02
8.235235382181950448e-02
8.521594113197170084e-02
9.008645315897227668e-02
9.342664376061325660e-02
9.761142895684883636e-02
9.862695931398224314e-02
1.005112202631286838e-01
1.021018816820343789e-01
1.259396507488110828e-01
1.506340824088916175e-01
1.650867507260637690e-01
1.777154980876355650e-01
1.870764628398216833e-01
1.984564203075654121e-01
2.098605137727275749e-01
2.220850658350659035e-01
2.278363764527887303e-01
2.317637661149112294e-01
2.359726873085652432e-01
2.423353329841880233e-01
2.489674421926331149e-01
2.539968219834632945e-01
2.571781448212746568e-01
2.625011241423456099e-01
2.663923098083404439e-01
2.681177029936572809e-01
2.710054263012279252e-01
2.745909444382727549e-01
2.780417308089064288e-01
2.814804491808309272e-01
2.846497040199331141e-01
2.875253593287945275e-01
2.931178021826877922e-01
2.980124502071068160e-01
3.013405728100385650e-01
3.056721577713945037e-01
3.096739392063820318e-01
3.119744634534711847e-01
3.191213637301424377e-01
3.264029957732248466e-01
3.313961715679273334e-01
3.343944906444906717e-01
3.369765464231113117e-01
3.489195669539181255e-01
3.536674152132167626e-01
3.572770693476800541e-01
3.626121166674601826e-01
3.707866152999740872e-01
3.726708762491205418e-01
3.745672051969762273e-01
3.776258642670856647e-01
3.800852562780043797e-01
3.816879856956192918e-01
3.854203035977845082e-01
3.904376153899054569e-01
3.930076031698169214e-01
3.953081274169060744e-01
3.979022511942359452e-01
4.002148434400342736e-01
4.013771735622880810e-01
4.020870363904714972e-01
4.046690921690921372e-01
4.069696164161812901e-01
4.090006771304481314e-01
4.110196698460057418e-01
4.124755994985002672e-01
4.137847293858744058e-01
4.159505218665524029e-01
4.165256529283246634e-01
4.171007839900969238e-01
4.324221828992820815e-01
4.466174556823411246e-01
4.482081171012468057e-01
4.528333015928435179e-01
4.594412748038701477e-01
4.630388609396242083e-01
4.672357141345689913e-01
4.699645696783100179e-01
4.742961546396659567e-01
4.803289967889203260e-01
4.912202829664660264e-01
5.015605740796579282e-01
5.076054842276215284e-01
5.127816637835720393e-01
5.176763118079910075e-01
5.220078967693470018e-01
5.258749464379234295e-01
5.314673892918166942e-01
5.357627702570449957e-01
5.425416792306104741e-01
5.477540627826886777e-01
5.545329717562541560e-01
5.574327630625339758e-01
5.607488176667565494e-01
5.656555336898847486e-01
5.673929948739108164e-01
5.714309803050260372e-01
5.750285664407801534e-01
5.806330772933826490e-01
5.853929935513905169e-01
5.887090481556130905e-01
5.924655020551967688e-01
5.940682314728117364e-01
5.965276234837304514e-01
5.985707521967065237e-01
6.001734816143214912e-01
6.052149294038609018e-01
6.072459901181277431e-01
6.088487195357427106e-01
6.098642498928761313e-01
6.121768421386745151e-01
6.143667706167709186e-01
6.159574320356766552e-01
6.194202864050195600e-01
6.238866031327866546e-01
6.273253215047110976e-01
6.286344513920852917e-01
6.323667692942505081e-01
6.362458869615361667e-01
6.381422159093917967e-01
6.401853446223678690e-01
6.433183954653424186e-01
6.496327691461283305e-01
6.543564814080085057e-01
6.556414752979642380e-01
6.587745261409387876e-01
6.658972904201916343e-01
6.740114490591594398e-01
6.788698930874508264e-01
6.841446004136848558e-01
6.888562446768558001e-01
6.937026207064379557e-01
6.995524590944443011e-01
7.045335668904375570e-01
7.065404916072859365e-01
7.107373448022307194e-01
7.149221299984662714e-01
7.190827791972833616e-01
7.206493046187706364e-01
7.223746978040874733e-01
7.238185594578727677e-01
7.280033446541083197e-01
7.311363954970828694e-01
7.349793091682408352e-01
7.378187604809746114e-01
7.417964059185436776e-01
7.436444628715624949e-01
7.447826569963978960e-01
7.454925198245813123e-01
7.464839141842962711e-01
7.477689080742520034e-01
7.497758327911003828e-01
7.537896822247971418e-01
7.549520123470508937e-01
7.568121372987789419e-01
7.589537937820385327e-01
7.608139187337665810e-01
7.622457123888426445e-01
7.649745679325836711e-01
7.681317547729765716e-01
7.725860035020344352e-01
7.778848468256869264e-01
7.807484341358391644e-01
7.830610263816375483e-01
7.869280760502139760e-01
7.902320626557273187e-01
7.943565078584168271e-01
7.999127467161823990e-01
8.034861968545180533e-01
8.063497841646702913e-01
8.092133714748225293e-01
8.122116905513858676e-01
8.156383409246010796e-01
8.214881793126074250e-01
8.246212301555819746e-01
8.264813551073100228e-01
8.279010807636768554e-01
8.296144059502844614e-01
8.317439944348348213e-01
8.336161873852721005e-01
8.370790417546150053e-01
8.383881716419891994e-01
8.399909010596041670e-01
8.420219617738710083e-01
8.436126231927767449e-01
8.466471462654677760e-01
8.493760018092088027e-01
8.514070625234756440e-01
8.516885940550071865e-01
8.538423185369758972e-01
8.557145114874131764e-01
8.580029677357930984e-01
8.638769421212179056e-01
8.648924724783513263e-01
8.680979313135811504e-01
8.727351838038870380e-01
8.756108391127485069e-01
8.792325612459209738e-01
8.808352906635359414e-01
8.838456777388085106e-01
8.877006594086757074e-01
8.898664518893536490e-01
8.920201763713223597e-01
8.946022321499430552e-01
8.960581618024375805e-01
8.967800926293302277e-01
8.975020234562228749e-01
8.999372794697231281e-01
9.030944663101160286e-01
9.055297223236162818e-01
9.079770463358257659e-01
9.101428388165037076e-01
9.118803000005297754e-01
9.136056931858466124e-01
9.181705376838972255e-01
9.230169137134793811e-01
9.264435640866945931e-01
9.292950833981376002e-01
9.321586707082898382e-01
9.337251961297771130e-01
9.375560418022258480e-01
9.381311728639981640e-01
9.412762917056819445e-01
9.442746107822452828e-01
9.464162672655048736e-01
9.479827926869921484e-01
9.506875122333147132e-01
9.518257063581501143e-01
9.531107002481058466e-01
9.558154197944284114e-01
9.581038760428083334e-01
9.636601149005739053e-01
9.655081718535927227e-01
4.192061920930323371e-01
