0.000000000000000000e+00
9.156909395494693821e-03
1.345300470487592083e-02
2.785166274593658953e-02
4.554729826062155901e-02
5.170574030510401847e-02
5.692743976333042299e-02
6.196535500427709925e-02
6.663570181066430509e-02
8.171380453378955522e-02
8.731421086398630238e-02
9.441162318220698568e-02
9.945399379811800666e-02
1.046912870687196351e-01
1.067485564585114732e-01
1.101145922440831676e-01
1.140408914314227640e-01
1.177767233390361046e-01
1.187112382378099767e-01
1.239463038209294293e-01
1.274983515112630417e-01
1.321753813800967681e-01
1.383471895494722825e-01
1.420852491445677990e-01
1.469416078557169159e-01
1.488084099657824844e-01
1.547942062303960808e-01
1.617100620188192117e-01
1.663848642001707623e-01
1.680678820929566164e-01
1.706854148845163288e-01
1.759182527801536056e-01
1.824665401340172799e-01
1.863950670088390382e-01
1.893846236099225866e-01
1.942432100085538793e-01
1.964864913031076077e-01
2.007803589250066745e-01
2.047088857998284328e-01
2.086351849871680153e-01
2.121716388651264107e-01
2.144104647847158152e-01
2.153427519960075254e-01
2.196254811804957130e-01
2.214878279155969576e-01
2.229759231536921904e-01
2.255800898203588756e-01
2.267006166238946518e-01
2.283769514542339785e-01
2.300510585970911293e-01
2.345153443113768832e-01
2.393717030225260001e-01
2.412385051325915686e-01
2.427266003706868291e-01
2.445867194183058979e-01
2.451447551325916241e-01
2.483136405759905352e-01
2.511060468349012864e-01
2.553976867693181774e-01
2.583738772455086430e-01
2.613522954091813122e-01
2.630286302395206111e-01
2.654467850014253782e-01
2.678716228257767007e-01
2.730799561591100710e-01
2.853678803108067319e-01
2.877860350727114991e-01
2.898343937125746339e-01
2.978418163672652552e-01
3.028685931708010592e-01
3.116156080695750008e-01
3.125456675933845352e-01
3.158961095665810404e-01
3.168283967778727228e-01
3.177584563016822572e-01
3.226125873253491982e-01
3.270902391645280072e-01
3.282063105930994595e-01
3.308127049472482928e-01
3.350909787567721287e-01
3.360232659680638112e-01
3.399361990305103665e-01
3.451489877388080885e-01
3.473855859709152893e-01
3.505500160393498765e-01
3.581809595095523657e-01
3.654354237952666673e-01
3.712062482178500877e-01
3.740031098517251906e-01
3.751214089677787911e-01
3.769815280153978598e-01
3.786578628457372142e-01
3.833170712147135339e-01
3.846213822355290524e-01
3.879718242087255575e-01
3.892739075420588724e-01
3.920640861134874755e-01
3.948564923723982267e-01
3.983929462503565944e-01
4.056518659110352476e-01
4.076979968634162343e-01
4.091883197889936707e-01
4.123549775449104060e-01
4.149613718990592393e-01
4.199948317650415430e-01
4.216711665953808419e-01
4.272626621756488996e-01
4.287574404761906877e-01
4.302455357142859205e-01
4.347165044910181741e-01
4.373340372825779143e-01
4.388243602081553507e-01
4.442476653835188971e-01
4.472349942971202696e-01
4.498413886512691029e-01
4.537676878386087131e-01
4.550764542343885832e-01
4.588011477045910724e-01
4.616002370259483789e-01
4.640317579127462011e-01
4.659007877102939732e-01
4.677631344453951900e-01
4.698114930852583249e-01
4.714922832905619754e-01
4.735450973053894619e-01
4.748538637011693320e-01
4.789661747932708047e-01
4.817563533646994078e-01
4.845621257485032141e-01
4.854966406472771001e-01
4.873656704448248722e-01
4.903485439834618931e-01
4.918410945965214776e-01
4.935241124893073317e-01
4.968812375249503366e-01
5.002472733105219893e-01
5.022978596378673277e-01
5.028558953521530261e-01
5.065917272597663112e-01
5.090210204590819298e-01
5.125752958368977596e-01
5.148096663815228125e-01
5.176109833903622670e-01
5.224717974764757633e-01
5.230298331907614617e-01
5.241503599942972658e-01
5.263914136013688738e-01
5.301250178215000108e-01
5.333005863273454494e-01
5.349836042201312480e-01
5.372291132021671523e-01
5.389121310949529509e-01
5.407789332050185749e-01
5.417089927288281093e-01
5.426412799401197917e-01
5.448756504847448445e-01
5.469262368120901829e-01
5.472982606216140189e-01
5.484143320501854157e-01
5.508458529369831824e-01
5.517803678357570130e-01
5.529008946392928170e-01
5.549559363416024516e-01
5.577550256629597580e-01
5.588755524664955621e-01
5.596196000855432340e-01
5.616724141003707205e-01
5.639045569575136252e-01
5.648346164813231596e-01
5.672661373681209263e-01
5.689491552609067249e-01
5.710064246506985075e-01
5.724989752637581475e-01
5.739892981893355284e-01
5.751075973053891843e-01
5.758538726119190043e-01
5.773464232249786443e-01
5.790227580553179987e-01
5.799572729540918292e-01
5.816402908468776278e-01
5.833233087396634264e-01
5.846320751354432410e-01
5.855665900342170715e-01
5.872473802395207221e-01
5.902369368406042982e-01
5.921059666381520703e-01
5.935985172512117103e-01
5.952770797690332127e-01
5.963976065725690168e-01
5.967696303820928527e-01
5.991944682064441752e-01
6.004965515397775455e-01
6.014266110635870799e-01
6.034771973909324183e-01
6.042212450099800902e-01
6.057137956230397302e-01
6.062718313373254286e-01
6.072041185486171111e-01
6.077621542629028095e-01
6.088804533789564655e-01
6.113097465782720841e-01
6.143015308668378083e-01
6.159845487596236069e-01
6.176675666524094055e-01
6.197181529797547439e-01
6.234539848873680290e-01
6.255067989021955155e-01
6.281198763187908485e-01
6.303609299258624565e-01
6.314814567293982606e-01
6.331644746221840592e-01
6.354077559167378153e-01
6.363422708155116458e-01
6.372767857142854764e-01
6.391458155118332485e-01
6.412008572141428830e-01
6.436301504134585016e-01
6.454991802110062737e-01
6.469939585115480618e-01
6.497952755203875164e-01
6.511040419161673309e-01
6.520385568149411615e-01
6.535333351154829495e-01
6.542818381094949176e-01
6.552163530082687481e-01
6.563368798118045522e-01
6.580198977045903508e-01
6.591426521956083029e-01
6.606374304961500910e-01
6.621322087966918790e-01
6.625042326062157150e-01
6.630622683205014134e-01
6.636203040347871118e-01
6.664127102936978631e-01
6.675332370972336671e-01
6.679052609067575030e-01
6.692073442400908734e-01
6.708836790704302278e-01
6.716299543769600477e-01
6.725600139007695821e-01
6.736783130168232381e-01
6.749826240376387565e-01
6.753546478471625925e-01
6.770332103649840949e-01
6.777794856715139149e-01
6.785257609780437349e-01
9.242277136481930055e-02
