0.000000000000000000e+00
1.052188245512531654e-03
1.129972937485151582e-02
1.200118820519320388e-02
1.375483528104742316e-02
1.624953183452369429e-02
1.870463774071959989e-02
2.665264234780791858e-02
3.156285416019972978e-02
3.261504240571225927e-02
3.401796006639563191e-02
3.651265661987190131e-02
3.861703311089696722e-02
4.157564461103274017e-02
4.325011039232623533e-02
4.395156922266792165e-02
5.088697623152407118e-02
5.193916447703660066e-02
5.264062330737828699e-02
5.419911035200690452e-02
5.591316678058076001e-02
6.129008674480829200e-02
6.561202525834708421e-02
6.767681110209178286e-02
6.872899934760431928e-02
7.083337583862937825e-02
7.562481570918010154e-02
8.076419178972545077e-02
8.216710945040882341e-02
8.707732126280064155e-02
8.812950950831317798e-02
8.933726713777094541e-02
9.424747895016276356e-02
9.580596599479138109e-02
9.857221066887776606e-02
1.043734549324844413e-01
1.052700737940517328e-01
1.078807490841928729e-01
1.099851255752179319e-01
1.127909608965846772e-01
1.150877042136591311e-01
1.172316713519645642e-01
1.241246945083641362e-01
1.287605649949696285e-01
1.305142120708238374e-01
1.354244238832156555e-01
1.364766121287281919e-01
1.385809886197532648e-01
1.416979627090104998e-01
1.429057203384682673e-01
1.446593674143224761e-01
1.469193132892927800e-01
1.504266074410012255e-01
1.518295251016845981e-01
1.525309839320262983e-01
1.558035274052287644e-01
1.565049862355704646e-01
1.579079038962538373e-01
1.624277956461944450e-01
1.648829015523903541e-01
1.697535227175017980e-01
1.708057109630143344e-01
1.718578992085268708e-01
1.805469532932372501e-01
1.820658496905855073e-01
1.868968802084166048e-01
1.875983390387583050e-01
1.904041743601250503e-01
1.928196896190405851e-01
1.942226072797239578e-01
1.987820896769449397e-01
2.036923014893367578e-01
2.063029767794778979e-01
2.077058944401612706e-01
2.126161062525530887e-01
2.190056238150127899e-01
2.259806214711493066e-01
2.277342685470035155e-01
2.291371862076868882e-01
2.298386450380285884e-01
2.347488568504204065e-01
2.354503156807621067e-01
2.368532333414454794e-01
2.425044946314593441e-01
2.439074122921427168e-01
2.446088711224844170e-01
2.467132476135094898e-01
2.502573392073220715e-01
2.527124451135179806e-01
2.562565367073305622e-01
2.624113035912842840e-01
2.646712494662545878e-01
2.688800024483047335e-01
2.695814612786464060e-01
2.710635602338904993e-01
2.738693955552572445e-01
2.745708543855989170e-01
2.759737720462823174e-01
2.766752308766239898e-01
2.791303367828198989e-01
2.849739648988831586e-01
2.884812590505915764e-01
2.917538025237940702e-01
2.941693177827096051e-01
2.987288001799305870e-01
3.032486919298711947e-01
3.039501507602128672e-01
3.055482284521218728e-01
3.069511461128052732e-01
3.104584402645136909e-01
3.118613579251970913e-01
3.177445766885407252e-01
3.184460355188823977e-01
3.219901271126949793e-01
3.244452330188908884e-01
3.293554448312827065e-01
3.316153907062530104e-01
3.409663129740246879e-01
3.438485363847759713e-01
3.487191575498874152e-01
3.494206163802290876e-01
3.509791034248577191e-01
3.520312916703702277e-01
3.542120562507797832e-01
3.556149739114631836e-01
3.590826774158912826e-01
3.597841362462329551e-01
3.629407009827705366e-01
3.636421598131122090e-01
3.678509127951623547e-01
3.704219974380231206e-01
3.711234562683647931e-01
3.740848609736767694e-01
3.789950727860685875e-01
3.821516375226061690e-01
3.872966000135039666e-01
3.985539455358989014e-01
4.019820583930466262e-01
4.042420042680169301e-01
4.050990324823038335e-01
4.068130889108776960e-01
4.078652771563902046e-01
4.093445829064580876e-01
4.100460417367997601e-01
4.107475005671414325e-01
4.161584247682968973e-01
4.192358082102737860e-01
4.211054340227928794e-01
4.241036361702090196e-01
4.285839372728692531e-01
4.296361255183817618e-01
4.322072101612425277e-01
4.348914803355919956e-01
4.371514262105622994e-01
4.396065321167582085e-01
4.427207130008392055e-01
4.461064420055303459e-01
4.467287195413113254e-01
4.482872065859399568e-01
4.499220817199530709e-01
4.549086816217293716e-01
4.561164392511871668e-01
4.571686274966996755e-01
4.616065447469033245e-01
4.628143023763611197e-01
4.647603162782647512e-01
4.671362408898999119e-01
4.691218454390838621e-01
4.699788736533707656e-01
4.710310618988832743e-01
4.725895489435119057e-01
4.736417371890244143e-01
4.750446548497078147e-01
4.799548666620996329e-01
4.806563254924413053e-01
4.813577843227829778e-01
4.824099725682954865e-01
4.859172667200039042e-01
4.873201843806873046e-01
4.880216432110289770e-01
4.916053254521219329e-01
4.926575136976344416e-01
4.933589725279761140e-01
4.943715701262083040e-01
4.964759466172333768e-01
4.987358924922036807e-01
5.000596288583263327e-01
5.032134003896877594e-01
5.043815673718651249e-01
5.054337556173776891e-01
5.078888615235735982e-01
5.092917791842569430e-01
5.131074188986796125e-01
5.153645715684737061e-01
5.202747833808655242e-01
5.215985197469881207e-01
5.236633055907328194e-01
5.258072727290382664e-01
5.270150303584960616e-01
5.280672186040086258e-01
5.294701362646919707e-01
5.320412209075527921e-01
5.341823948406819733e-01
5.352741737334748562e-01
5.359360419165362099e-01
5.373389595772195548e-01
5.383911478227321190e-01
5.396357028942940781e-01
5.410386205549774230e-01
5.431429970460024403e-01
5.446223027960703789e-01
5.460252204567537238e-01
5.472329780862115189e-01
5.500388134075783197e-01
5.527258767871039424e-01
5.530370155549944045e-01
5.552969614299646528e-01
5.577520673361605619e-01
5.584535261665022343e-01
5.595057144120147985e-01
5.619608203182107076e-01
5.647666556395775084e-01
5.655077051171996105e-01
5.676120816082246279e-01
5.696768674519693265e-01
5.707290556974818907e-01
5.717812439429944549e-01
5.728730228357873377e-01
5.734189122821837792e-01
5.758344275410993696e-01
5.767310464026667027e-01
5.774325052330083752e-01
5.788354228936917201e-01
5.795368817240333925e-01
5.804335005856007257e-01
5.816412582150585209e-01
5.830441758757418658e-01
5.879543876881336839e-01
5.907998136567808034e-01
5.922027313174641483e-01
5.930993501790314815e-01
5.941515384245440456e-01
5.974240818977465395e-01
5.995284583887715568e-01
6.002695078663936590e-01
6.051797196787854771e-01
6.072840961698104945e-01
6.076744162322617049e-01
6.097787927232867222e-01
6.118831692143117396e-01
6.132464962277147658e-01
6.148049832723433417e-01
6.162079009330266866e-01
6.183122774240517039e-01
6.207673833302476130e-01
6.217799809284797474e-01
6.229481479106571129e-01
6.236496067409987853e-01
6.247413856337916682e-01
6.268457621248166856e-01
6.275472209551583580e-01
6.293008680310125946e-01
6.305878069550311382e-01
6.312892657853728107e-01
6.319907246157144831e-01
6.330429128612270473e-01
6.356535881513681874e-01
6.367057763968807516e-01
6.402130705485892248e-01
6.413812375307665903e-01
6.428237458387303649e-01
6.442662541466941395e-01
6.446565742091453499e-01
6.468005413474507970e-01
6.483590283920793729e-01
6.508141342982752819e-01
6.523330306956235392e-01
6.530344895259652116e-01
6.537755390035873138e-01
6.547117485124349656e-01
6.557639367579475298e-01
6.568161250034600940e-01
6.582190426641434389e-01
6.596219603248267838e-01
6.606741485703393479e-01
6.620770662310226928e-01
6.634799838917060377e-01
6.646877415211638329e-01
6.657399297666763971e-01
6.670240754855186749e-01
6.688937012980378238e-01
6.720842702715033035e-01
6.735635760215712420e-01
6.746921523564682888e-01
6.778855145351100342e-01
6.796363684057880050e-01
6.813504248343618119e-01
6.820122930174231657e-01
6.833756200308261919e-01
6.845437870130035574e-01
6.854008152272904608e-01
6.869197116246387180e-01
6.881670599013768319e-01
6.900762763611762995e-01
6.907381445442376533e-01
6.921014715576406795e-01
6.936203679549889367e-01
6.944773961692758402e-01
6.957219512408377993e-01
6.971248689015211442e-01
6.976311677006372669e-01
6.981374664997533896e-01
6.988389253300950621e-01
7.000070923122724276e-01
7.006689604953337813e-01
7.034324119642439976e-01
7.048749202722077722e-01
7.055763791025494447e-01
7.076807555935744620e-01
7.098247227318799091e-01
7.118499179283442890e-01
7.132528355890276339e-01
7.144605932184854291e-01
7.162142402943396657e-01
7.183186167853646831e-01
7.202278332451641507e-01
7.209292920755058232e-01
7.219418896737379576e-01
7.226433485040796301e-01
7.245525649638790977e-01
7.254095931781660012e-01
7.259158919772821239e-01
7.270048776648988520e-01
7.278619058791857555e-01
7.285633647095274279e-01
7.294599835710947611e-01
7.300058730174912025e-01
7.310580612630037667e-01
7.326165483076323426e-01
7.331624377540287840e-01
7.352272235977734827e-01
7.362794118432860468e-01
7.374871694727438420e-01
7.380330589191402835e-01
2.084118750243898477e-01
