0.000000000000000000e+00
2.019537689852327067e-02
6.114735697499033840e-02
1.125170998632010616e-01
1.211591076502156888e-01
1.369085201164544074e-01
1.831833806868005954e-01
2.296160861482338111e-01
3.068153916307129747e-01
3.189343716019501507e-01
3.465659967027954758e-01
3.683748991546527685e-01
3.845320775895330057e-01
3.949542249815846118e-01
4.295354098705670420e-01
4.378573432950996214e-01
4.569214984741658547e-01
4.713818443298605221e-01
4.895559297064082660e-01
5.070854817776839774e-01
5.373040092602333617e-01
5.855387772282434344e-01
5.994335122242095970e-01
6.144594689396327691e-01
6.255261496369564078e-01
6.376451296081935283e-01
6.445113823704791134e-01
6.524255498263702435e-01
6.632510786067553621e-01
6.735109965274119759e-01
6.833631484794271405e-01
6.981435686976038557e-01
7.092102493949274944e-01
7.200357781753126130e-01
7.316680697323647564e-01
7.361096495843413301e-01
7.462073380336029516e-01
7.586463923673221199e-01
7.672884001543367471e-01
7.764170963555363514e-01
7.878871584411935025e-01
7.936221894840220781e-01
2.975146528498098242e-01
