0.000000000000000000e+00
4.544536900498560156e-02
7.777719261287829866e-02
9.450266835194157111e-02
1.329216698265571206e-01
1.518546801488659392e-01
1.652183835404816836e-01
1.769099782318657166e-01
1.960273154975071819e-01
2.240581770943051443e-01
2.434432273014535131e-01
2.536119303419703264e-01
2.697185941998454517e-01
3.097745944807245855e-01
3.174680499964889213e-01
3.489440699389086964e-01
3.946527631486552168e-01
4.173820307562670084e-01
4.306623481497084960e-01
4.435740116564846902e-01
4.855917772628325357e-01
5.251167403974438264e-01
5.743100905835262227e-01
6.315479952250542262e-01
6.464170353205531683e-01
6.691814128221331703e-01
6.777613931605925846e-01
6.940523839618003565e-01
7.076838002949230599e-01
7.237070781546238729e-01
7.324713854364158783e-01
7.349466329611683557e-01
7.469893265922336045e-01
7.509699108208692797e-01
3.589351104141147442e-01
