0.000000000000000000e+00
8.937004690279802543e-02
1.426572861070678211e-01
1.629993530648553013e-01
2.076904415332363751e-01
2.291242115477924168e-01
3.034570596797672160e-01
3.333616367459163454e-01
3.426896328643054823e-01
3.765890344492965891e-01
4.277494743651950593e-01
4.429645803008250282e-01
4.826823548439270750e-01
5.327510917030569004e-01
5.786875303250850200e-01
5.966116771793629203e-01
6.092147824680577139e-01
6.235039624777617417e-01
6.308143296134564038e-01
6.455321041565584839e-01
6.615073588872717458e-01
2.728640470285910724e-01
