0.000000000000000000e+00
1.590391756961060266e-04
2.817401341060342163e-04
4.722552703502664088e-04
5.700404362681021127e-04
1.367114318799166322e-03
1.722662828356210903e-03
2.485553059810877326e-03
2.658831666376869872e-03
2.830425207745715724e-03
3.598190542059269241e-03
4.075513854121810831e-03
5.425224396631020754e-03
5.516172832333576803e-03
5.635780222508457796e-03
1.581555392164539151e-02
1.604287677618843402e-02
1.800625935735900018e-02
1.830270842334755579e-02
1.876043485454785553e-02
1.982694537542979002e-02
2.004490390196183441e-02
2.024646843141421348e-02
2.241412323256542979e-02
2.270522769468246230e-02
2.296074000268519613e-02
2.315668336610680889e-02
2.412731241736311080e-02
2.428082689645514464e-02
2.620430819109185322e-02
2.647180889432799999e-02
2.656659696143748306e-02
2.670165934666676386e-02
2.694921582969640045e-02
2.713129279383406575e-02
2.726026451201994660e-02
2.739186029742823880e-02
2.748749089713629565e-02
2.861659315364937714e-02
2.976725391838109386e-02
2.990268933519631481e-02
3.039283072897000504e-02
3.143635484589372281e-02
3.220174698290243637e-02
3.252900956957309464e-02
3.274087742906173909e-02
3.291509503765299716e-02
3.309221327562591325e-02
3.324067255912650787e-02
3.366993297470786961e-02
3.393396707812303126e-02
3.530518474436753623e-02
3.536054102595579535e-02
3.609047601663941535e-02
3.638120744717050770e-02
3.857821588148258735e-02
3.877125861552253860e-02
3.910189133258749200e-02
3.957732379447866100e-02
4.027831042240986870e-02
4.037356799053198192e-02
4.058992507517273501e-02
4.078671097119292155e-02
4.146763121724925810e-02
4.303809160012464496e-02
4.392274378796397205e-02
4.404319371073742856e-02
4.445325596928415696e-02
4.484448025626135842e-02
4.508285250401254662e-02
4.515703391104949893e-02
4.549132616678882440e-02
4.735952195702229639e-02
4.756801968611664572e-02
4.816363835474286176e-02
4.908284722524453025e-02
4.946088039892464205e-02
4.956203569523676827e-02
4.992469749716833827e-02
5.020718369444625295e-02
5.160726610013730703e-02
5.180976963161495336e-02
5.196159904550984310e-02
5.281010595491637816e-02
5.323899333891179975e-02
5.337237065894393645e-02
5.377773790736432857e-02
5.387252597447381164e-02
5.621905485598011759e-02
5.692030519994974169e-02
5.707587777582485977e-02
5.716682621152741756e-02
5.730235809776933198e-02
5.783052277402634528e-02
5.795275423142363935e-02
6.132106862890247811e-02
6.155138858225387560e-02
6.189514163543089614e-02
6.202757995343776559e-02
6.227447399660138161e-02
6.245280779875881511e-02
6.290650165969879914e-02
6.361132791903693906e-02
6.377346066296808724e-02
6.424176698636389904e-02
6.486086725220263638e-02
6.539915516576336185e-02
6.595448667014894295e-02
6.644828760259700873e-02
6.663692473479070066e-02
6.682743987103492711e-02
6.691407917431792252e-02
6.714729975705098497e-02
6.740524319342273973e-02
6.763425111316292981e-02
6.782466977998047319e-02
6.877843533314446922e-02
7.020008909317498880e-02
7.031932345176393484e-02
7.044886114038914626e-02
7.051704834980938863e-02
7.086959976055808019e-02
7.156952522479566314e-02
7.217720306584031464e-02
7.224969940768011245e-02
7.234149037598124055e-02
7.273629057832695088e-02
7.304725563734464078e-02
7.363940770614986475e-02
7.427389218985798458e-02
7.448370195256354132e-02
7.472226713916811647e-02
7.633936906936594768e-02
7.691848442536496078e-02
7.709550619391118687e-02
7.718083346358298180e-02
7.823846200358738900e-02
7.843121532934725637e-02
7.887667680315489649e-02
7.958365762870281412e-02
7.981163007699104694e-02
8.023658136015285325e-02
8.064813574504334226e-02
8.111363790848419297e-02
8.144370465510981927e-02
8.157539690994480841e-02
8.174689398188696166e-02
8.271302096187031772e-02
8.276575317623616201e-02
8.342260016239898268e-02
8.370864942892457250e-02
8.392435691982014223e-02
8.415551940577011003e-02
8.556896017136997323e-02
8.570439558818519765e-02
8.615632076062217093e-02
8.702758889631101447e-02
8.718194590800161514e-02
8.733424482290913504e-02
8.750995455784414678e-02
8.813216123803876978e-02
8.833934693352191170e-02
8.896040882671704675e-02
8.906718528905993582e-02
8.912254157064819493e-02
8.942798193306181198e-02
8.978905513922293136e-02
9.071922977962688928e-02
9.083452803738220616e-02
9.145859987550652992e-02
9.189367439597204146e-02
9.205749220510034414e-02
9.268203354423729112e-02
9.306820263562305684e-02
9.320410755345090448e-02
9.345624973105934319e-02
9.354073446813256087e-02
9.434297286180259867e-02
9.466798441283678922e-02
9.493998718734587838e-02
9.699103824371141380e-02
9.726480970672352067e-02
9.796849117906217264e-02
9.836506006991090068e-02
9.846499980203851643e-02
9.882710847965159306e-02
9.915202356125908667e-02
9.967792435575879850e-02
9.997502301549253401e-02
1.001727479135379878e-01
1.005749251242966380e-01
1.005912226519496133e-01
1.018283169349901013e-01
1.023400039908615861e-01
1.027297489976158607e-01
1.027906299758081926e-01
1.030457692522249863e-01
1.041844416217232866e-01
1.046547352647171636e-01
1.047349108693708258e-01
1.049471517604454035e-01
1.051393519618867844e-01
1.062495454696453095e-01
1.064151448133974498e-01
1.065738109575076198e-01
1.066072485454121338e-01
1.066805874198505089e-01
1.069108109037752163e-01
1.073096308302604052e-01
1.075355451817655433e-01
1.077018905886895639e-01
1.079392273649887879e-01
1.084234710305724686e-01
1.085894434059105490e-01
1.088135762227918496e-01
1.092462196148883402e-01
1.100609866819894367e-01
1.103075076935671056e-01
1.105574953049657666e-01
1.108628391979526867e-01
1.113085900800404038e-01
1.113694710582327357e-01
1.118182061930079740e-01
1.119158948894991151e-01
1.121938918616249142e-01
1.124143779859526765e-01
1.126715753591525648e-01
1.129708285850960781e-01
1.133981981505060715e-01
1.134337903046203633e-01
1.134612336949081812e-01
1.138787951235362139e-01
1.141219460047196016e-01
1.142768689868495363e-01
1.147167221407472404e-01
1.149688643183556791e-01
1.151601255177717859e-01
1.161097877234904541e-01
1.162560924407812640e-01
1.168207882731778502e-01
1.174608682306750584e-01
1.186407539203184203e-01
1.196195060431595319e-01
1.197695539224305772e-01
1.201336242274000515e-01
1.203167366629896706e-01
1.205698178426233835e-01
1.207001015944204753e-01
1.209114999528964896e-01
1.211889309545829685e-01
1.214359214671732745e-01
1.215900019167046320e-01
1.218584416219660460e-01
1.224137859724724609e-01
1.224892794131206136e-01
1.225806008804091046e-01
1.226457909910209920e-01
1.229514114461671553e-01
1.231751712314625158e-01
1.235815867974557059e-01
1.236772173971637662e-01
1.237535533704104962e-01
1.240235816714423678e-01
1.240947659796709651e-01
1.244241831325514080e-01
1.246196569949603872e-01
1.247234363584949351e-01
1.249507592130379846e-01
1.250588477089920880e-01
1.251463295448736468e-01
1.256862060542048298e-01
1.257805246203016758e-01
1.263832308890607548e-01
1.268886343390354665e-01
1.277464091070263097e-01
1.282541600620641931e-01
1.288267280961280237e-01
1.295523411082712406e-01
1.297045435537520774e-01
1.302910616104057118e-01
1.305286877949850266e-01
1.306483916545866097e-01
1.306775201100715544e-01
1.318556242650910926e-01
1.348102425575904983e-01
1.353196914239463422e-01
1.356811376616934017e-01
1.360247813993228916e-01
1.361062690375877682e-01
1.361440157579118515e-01
1.365323394155073811e-01
1.367046790200480977e-01
1.368282225110565853e-01
1.370284750068977431e-01
1.371721556569661382e-01
1.374458434966723819e-01
1.376787875172461872e-01
1.387957084396724550e-01
1.390325757149590558e-01
1.391598623679477786e-01
1.392846214231407975e-01
1.396754726785320588e-01
1.398774102395703711e-01
1.406062004432545032e-01
1.407767585131713961e-01
1.416862428701969601e-01
1.419745431723590245e-01
1.423054524515832142e-01
1.425091715472453779e-01
1.427948477821850415e-01
1.430279718954914070e-01
1.431780197747624661e-01
1.434348441163764143e-01
1.435514544077429455e-01
1.436817381595400234e-01
1.438481800358907270e-01
1.441090369477649735e-01
1.444679555877163013e-01
1.446609018523295487e-01
1.447024882040605642e-01
1.449412334833976856e-01
1.454531842553075938e-01
1.459349003230955566e-01
1.460549772142830660e-01
1.461205403564808936e-01
1.471275461633858861e-01
1.474810365761598518e-01
1.475698304456526389e-01
1.477011496689016878e-01
1.481771481012321978e-01
1.484114041554172037e-01
1.484654484033942623e-01
1.486748851345138789e-01
1.495252315096084472e-01
1.498240152345393372e-01
1.499359433619003590e-01
1.502133743635868379e-01
1.502987016332586190e-01
1.504230876568656838e-01
1.505242429531778170e-01
1.510791885798566103e-01
1.512232422615109595e-01
1.512648286132419750e-01
1.513287066902426481e-01
1.514444744490106021e-01
1.516837856987870714e-01
1.520246381225824339e-01
1.524572686685580769e-01
1.529513461631653859e-01
1.533134548407784625e-01
1.536335076656479004e-01
1.537527420242368326e-01
1.538942681080954500e-01
1.542545952510846752e-01
1.545769827348964509e-01
1.547999964570199449e-01
1.551997553855304079e-01
1.553112140118788065e-01
1.554740928189818350e-01
1.556207705678585851e-01
1.557991043700160116e-01
1.559011986683534190e-01
1.561404134487031914e-01
1.568735256309277126e-01
1.570352853432729345e-01
1.571768114271315520e-01
1.574585515612375863e-01
1.577226821340794449e-01
1.584911678393232104e-01
1.588361364566847345e-01
1.590883751037198701e-01
1.592681174089151941e-01
1.593615934424134628e-01
1.599493270632516007e-01
1.600762406846543973e-01
1.603443073583298850e-01
1.610185838130243352e-01
1.613725308806900904e-01
1.618772011136137556e-01
1.620224703594526083e-01
1.622601930134586201e-01
1.624017190973172375e-01
1.624943525982169290e-01
1.626452430100865376e-01
1.629607937636830262e-01
1.631568335965313254e-01
1.645011287579840054e-01
1.647160901857077087e-01
1.656465413882708959e-01
1.657837583397099579e-01
1.660907872978940325e-01
1.662668700644149844e-01
1.665265950354105906e-01
1.688102170807639912e-01
1.688466517674768741e-01
1.688968563840470005e-01
1.690242395064624203e-01
1.692202793393107196e-01
1.692610231584431579e-01
1.696407413973204104e-01
1.697904162450055154e-01
1.699528255510959207e-01
1.700972522643361962e-01
1.705587347036375545e-01
1.706921120236696843e-01
1.710828796557550824e-01
1.713046778136940451e-01
1.714152939074438664e-01
1.715302191336132431e-01
1.716627539210467956e-01
1.719675318435943956e-01
1.724021368630472839e-01
1.728794473289889944e-01
1.733588158917137856e-01
1.736892556699253520e-01
1.741341511732936720e-01
1.744712475889879655e-01
1.747166495058078139e-01
1.756800944875045734e-01
1.758598367926998973e-01
1.760557801561214997e-01
1.766075357451385719e-01
1.766619530247015568e-01
1.770500965895645540e-01
1.772044536012551685e-01
1.774007699962627249e-01
1.780057529928999460e-01
1.782710026604996112e-01
1.788325213013552961e-01
1.792641163758789957e-01
1.802647164152188231e-01
1.811124901075743254e-01
1.812034385432768901e-01
1.814006939403097207e-01
1.816378506238763846e-01
1.817938927007641259e-01
1.820165333913016659e-01
1.821545928753393051e-01
1.823144745836339786e-01
1.827850447887870988e-01
1.830036529090643405e-01
1.830430846945855783e-01
1.832806144097381962e-01
1.835925184707811464e-01
1.839131244199690707e-01
1.839718508319516110e-01
1.843339466634438539e-01
1.846413486532138548e-01
1.850221859868489416e-01
1.852378934777445252e-01
1.853725828313878554e-01
1.855506400713860526e-01
1.857705602252744947e-01
1.860877960440681378e-01
1.871681858103548535e-01
1.875359992773045492e-01
1.885279682056844319e-01
1.892230571054256405e-01
1.893512827604396376e-01
1.895129460033581625e-01
1.899965272290758123e-01
1.906304328962237504e-01
1.908014604671532666e-01
1.912222955567488836e-01
1.912853311011510071e-01
1.922135184219568860e-01
1.923764936984866114e-01
1.926502780076195520e-01
1.929290210429172314e-01
1.937012756023828997e-01
1.943692941434222166e-01
1.950132265784471908e-01
1.968373791963389519e-01
1.969744996783513169e-01
1.970744394104789188e-01
1.974274603222402336e-01
1.974592128449476069e-01
1.980776506709203133e-01
1.983037579612788315e-01
1.985584277366830019e-01
1.989801889821830594e-01
1.993065125668284643e-01
2.001368310984106558e-01
2.002067033730280388e-01
2.003580632859102983e-01
2.016896305355385111e-01
2.022599603800867007e-01
2.032115005898559035e-01
2.034040738228832246e-01
2.040578272408109795e-01
2.043305760784919489e-01
2.045757850564584313e-01
2.056750256404355215e-01
2.062198737220522771e-01
2.065330898167064277e-01
2.068592204624984388e-01
2.071344968979751400e-01
2.074276594568752463e-01
2.080600858438002854e-01
2.086688827796027434e-01
2.108155772817971729e-01
2.110604132281777012e-01
2.111367492014244174e-01
2.112568260926119268e-01
2.114180198345178008e-01
2.116403711167752499e-01
2.135768377397348206e-01
2.140349500486418977e-01
2.146348650035668493e-01
2.157751838998998029e-01
2.160874609925287071e-01
2.164680217640045368e-01
2.171924063658424164e-01
2.184891917551324003e-01
2.194576083091147323e-01
2.205526813150422982e-01
2.208025724570142623e-01
2.209663902661425650e-01
2.236123975512682993e-01
2.241292362721579168e-01
2.244017921709854924e-01
2.249828948465825706e-01
2.261814706538854414e-01
2.265021730725000626e-01
2.268449742775309752e-01
2.273399779280427246e-01
2.275881840048175342e-01
2.278612094046577607e-01
2.286221251626351925e-01
2.287242194609725998e-01
2.289197897928082759e-01
2.290956924665966954e-01
2.293127119911034795e-01
2.295554898407009270e-01
2.297202466518545039e-01
2.299229302760646965e-01
2.301038881454445517e-01
2.302740731837754906e-01
2.303903104435560678e-01
2.306783213374380415e-01
2.309660556691607858e-01
2.314018634066773439e-01
2.317845787443629513e-01
2.318990344695197048e-01
2.329302422445674314e-01
2.331052059163305767e-01
2.332663996582364507e-01
2.335481397923424851e-01
2.340781824726500260e-01
2.342802165031150352e-01
2.344016054279137451e-01
2.352512185859572669e-01
2.356409507465907216e-01
2.358605943383199066e-01
2.359677438322487497e-01
2.361143251116988029e-01
2.366468953898020755e-01
2.368573547462528295e-01
2.369958837313030919e-01
2.371716899356648145e-01
2.374271057742408653e-01
2.379423302071183577e-01
2.381005268502158767e-01
2.382917880496319973e-01
2.384572909239574545e-01
2.386117444050747660e-01
2.389553045193983927e-01
2.395103594616247167e-01
2.396008383963146304e-01
2.397611896056219549e-01
2.401385603394360357e-01
2.402724071604808165e-01
2.408010284916296262e-01
2.411049638815786489e-01
2.413283506352880692e-01
2.421412525444594788e-01
2.423470297369047233e-01
2.427310571082015311e-01
2.428519765319876178e-01
2.443730234464080997e-01
2.444077730679238281e-01
2.446801488740188713e-01
2.460350947048520753e-01
2.470351159276317488e-01
2.484621208381146418e-01
2.485938130929496170e-01
2.494644895659574590e-01
2.495905606547616784e-01
2.498937499815388208e-01
2.502680271471178775e-01
2.504673406409337888e-01
2.509730206530677576e-01
2.510781120502135200e-01
2.512763064492716247e-01
2.515738746100180112e-01
2.516708172433372859e-01
2.521673387124344634e-01
2.522608147459327599e-01
2.525344061162123066e-01
2.527699742040085407e-01
2.529277978155201612e-01
2.531169044487264763e-01
2.533214660769871895e-01
2.543112804391572945e-01
2.549229200732772149e-01
2.552117863458785996e-01
2.553485337963050106e-01
2.555976788751050943e-01
2.556804785469811714e-01
2.558387716595054151e-01
2.562432963753272230e-01
2.565886380242746734e-01
2.568112787148122411e-01
2.569523352976582076e-01
2.621757253962992973e-01
2.626822479410318434e-01
2.630398545473719984e-01
2.631517826747330480e-01
2.634143246518044768e-01
2.637126388757227158e-01
2.641069567309349830e-01
2.646422475456873813e-01
2.648740596253825186e-01
2.650661633573971887e-01
2.651441843958410871e-01
2.653299208986531488e-01
2.658668003091759768e-01
2.660451341113334034e-01
2.663381165775009496e-01
2.669709031498910812e-01
2.672251034242826284e-01
2.673250431564102580e-01
2.683389179323530382e-01
2.684671435873670631e-01
2.685683953531058932e-01
2.689999068043237296e-01
2.691289749919362762e-01
2.692147717626207082e-01
2.693326940875984676e-01
2.696017833866050650e-01
2.698087761432348408e-01
2.707945128502012855e-01
2.709188988738083781e-01
2.710145294735164523e-01
2.712924299762155544e-01
2.714935250046552895e-01
2.716084502308246940e-01
2.719592201069495618e-01
2.755803907534270514e-01
2.763260444552034789e-01
2.764590487436496824e-01
2.767394768441445163e-01
2.768917757590520501e-01
2.769697967974959485e-01
2.771327720740257017e-01
2.775605275171424413e-01
2.776270296613655431e-01
2.777457945189418242e-01
2.779533532460108924e-01
2.782541950677248632e-01
2.783069272820907214e-01
2.784981884815068143e-01
2.796421926087557797e-01
2.798073224514953106e-01
2.802308652316192195e-01
2.804233419952198436e-01
2.804872200722205444e-01
2.806725835434466521e-01
2.809326815460281845e-01
2.809900959243995522e-01
2.810492918373947435e-01
2.811659021287612470e-01
2.813181045742420561e-01
2.815860747784908469e-01
2.816778657467919889e-01
2.828563429333974533e-01
2.830668022898482072e-01
2.833198834694818924e-01
2.839905968549286674e-01
2.842624066905843905e-01
2.844098305026330209e-01
2.848900415979563894e-01
2.849873572628616181e-01
2.851288833467202632e-01
2.853588302684857414e-01
2.859108752657829045e-01
2.860065058654909786e-01
2.862983563907798845e-01
2.866094179192242852e-01
2.871658685183676729e-01
2.872066123375001112e-01
2.873575027493697198e-01
2.877429257775835914e-01
2.879552631380848937e-01
2.880942616241478071e-01
2.881765917950112610e-01
2.884775300861519010e-01
2.890428047351086271e-01
2.892370630333330750e-01
2.893583554887050879e-01
2.894899512741133663e-01
2.896193924933118669e-01
2.904266860825733265e-01
2.907584378943960934e-01
2.908677419545346865e-01
2.909946555759374553e-01
2.920757785592751898e-01
2.925202174077516926e-01
2.929177253006257087e-01
2.941705254486381982e-01
2.942164209327887692e-01
2.948133387889053658e-01
2.952498089662879410e-01
2.954392886310802102e-01
2.961198486916714612e-01
2.964544046634491892e-01
2.974743250214920143e-01
2.983050037385392983e-01
2.990019449500893600e-01
2.991753200260820478e-01
2.995576623321817289e-01
3.002440236515362959e-01
3.005712862382069472e-01
3.007553376758218544e-01
3.013422287640614150e-01
3.021070098456874464e-01
3.029477410228534340e-01
3.030978853715511900e-01
3.033268932912913662e-01
3.035637605665779670e-01
3.037751589250539674e-01
3.039877728477144991e-01
3.042997733781841463e-01
3.050137453344382021e-01
3.051548019172841686e-01
3.051882395051886965e-01
3.054149963892924258e-01
3.056057880876958954e-01
3.059091575072055980e-01
3.062398866936972275e-01
3.064140078328617678e-01
3.071691931092608852e-01
3.072446865499090518e-01
3.083203941521902580e-01
3.085013520215700855e-01
3.093636031685921828e-01
3.096691400004324968e-01
3.099405768045022658e-01
3.102282146667982854e-01
3.104584381507229929e-01
3.111011550215634358e-01
3.114249510084131090e-01
3.117367586000293622e-01
3.119193050651796750e-01
3.122265269622171435e-01
3.126595305397787405e-01
3.130876590144814342e-01
3.131588433227100454e-01
3.134143556307127931e-01
3.135966255337038211e-01
3.137256937213163677e-01
3.137921958655394694e-01
3.140503322407646181e-01
3.142707218956656834e-01
3.144173031751157366e-01
3.145867421502748229e-01
3.147034489110680511e-01
3.149371389948137367e-01
3.153567456741040442e-01
3.160604399925635022e-01
3.162490771247571941e-01
3.164532657214320088e-01
3.170942975270752973e-01
3.175721611173354941e-01
3.179900827314286471e-01
3.181148417866216382e-01
3.185031654442171956e-01
3.186720384489369340e-01
3.189591103407936612e-01
3.192206168464131189e-01
3.194175956812866923e-01
3.198257799357828723e-01
3.201150063938493773e-01
3.204921005655042010e-01
3.208363102735730110e-01
3.225305327785519816e-01
3.226030291203917932e-01
3.228857082565230741e-01
3.239597693319696270e-01
3.243037024778792077e-01
3.244156306052402572e-01
3.245798214459544861e-01
3.247809164743942212e-01
3.250236943239916410e-01
3.262644224534648196e-01
3.267863035238250391e-01
3.270915509473852900e-01
3.274130122752926253e-01
3.278042494083906466e-01
3.279590759210939122e-01
3.284487349677341350e-01
3.288494200521490107e-01
3.294896221713146112e-01
3.298133216887376151e-01
3.300900066272521860e-01
3.305680631563657768e-01
3.308557010186617964e-01
3.323822275447430030e-01
3.328530743120553526e-01
3.331336953514035804e-01
3.334755704005300525e-01
3.338376662320222676e-01
3.340486915589123140e-01
3.341862815419373023e-01
3.346114257639524747e-01
3.349568510362058160e-01
3.353325367048227701e-01
3.361073060159633363e-01
3.402266703506143242e-01
3.405220839451509329e-01
3.407961448164431029e-01
3.411560989278463740e-01
3.415109013742315125e-01
3.417795340183463204e-01
3.426428077906995551e-01
3.429221039503157487e-01
3.431339718098043723e-01
3.446342125787181243e-01
3.454736188761520777e-01
3.457411195793882452e-01
3.459605702322640641e-01
3.461718721213133954e-01
3.465654439133537545e-01
3.467740381118747939e-01
3.472967745609544243e-01
3.476649739056109079e-01
3.478969789241594390e-01
3.485978690826639359e-01
3.487620599233781649e-01
3.488937521782131679e-01
3.491832680445597359e-01
3.492566069189981248e-01
3.495095916292051408e-01
3.498205566882228168e-01
3.507496701649331361e-01
3.509365257625030043e-01
3.510652209185296524e-01
3.514199268954881217e-01
3.516863921272723181e-01
3.517957926568376359e-01
3.523216098280314568e-01
3.526883042002233459e-01
3.537752669806869532e-01
3.539403968234264841e-01
3.540883866059144625e-01
3.544059954562940318e-01
3.547606049638258319e-01
3.554569802049365457e-01
3.556803669586459660e-01
3.563384552012349715e-01
3.588662635992237449e-01
3.595270595323410423e-01
3.599312112165768962e-01
3.601774556659953497e-01
3.609581355514467349e-01
3.625610945202013546e-01
3.632850224671474448e-01
3.636717575289725168e-01
3.641139324956917389e-01
3.645149069883867332e-01
3.646744156650954527e-01
3.648173502519919675e-01
3.649485730058143473e-01
3.653289408384368109e-01
3.658389428291111689e-01
3.667224502299509803e-01
3.669309479590453504e-01
3.670976663975553111e-01
3.678049237852624720e-01
3.681493264321846759e-01
3.685250121008016300e-01
3.687355679266790531e-01
3.688942340707891954e-01
3.693893470368484477e-01
3.695530683765500535e-01
3.700892981933276982e-01
3.705183785161765275e-01
3.707442928676816796e-01
3.709746128210330562e-01
3.714226018926364281e-01
3.717454588774608548e-01
3.725611906388289207e-01
3.727668713618474960e-01
3.730193865710418888e-01
3.732252602329138025e-01
3.735552305101127457e-01
3.738493320710381540e-01
3.747192624808741157e-01
3.748470186348754618e-01
3.749168909094928726e-01
3.750460555665321438e-01
3.752587659586193447e-01
3.755756287458270615e-01
3.757291432249190710e-01
3.758788180726042039e-01
3.761711380989057329e-01
3.764971851213918530e-01
3.768323070636089289e-01
3.770474485840651924e-01
3.773128911905182514e-01
3.777855066463336464e-01
3.779878172389579127e-01
3.782134550283038354e-01
3.785568222037740682e-01
3.787270072421050071e-01
3.787892002539085534e-01
3.789268867063602664e-01
3.791459643276501312e-01
3.793350709608564464e-01
3.798359980317998486e-01
3.800701576165581574e-01
3.803610819859426506e-01
3.805573983809502070e-01
3.807748874064696420e-01
3.809713002709038676e-01
3.814844794531191408e-01
3.817961905753087248e-01
3.819807951372420907e-01
3.820365244504163038e-01
3.823969352167114200e-01
3.827229822391975400e-01
3.832313699418597452e-01
3.833243764743453630e-01
3.834684301559996844e-01
3.836430207961769034e-01
4.161954688543459957e-01
4.167759090900770569e-01
4.173216833275982252e-01
4.177697688686282662e-01
4.191284707075625393e-01
4.192420839001206878e-01
4.193029648783130336e-01
4.194512312229602413e-01
4.196368712563455783e-01
4.203267956449477927e-01
4.205429726368559717e-01
4.205957048512218299e-01
4.207938992502799347e-01
4.209350523025526258e-01
4.209822598203143973e-01
4.210795754852196260e-01
4.211430805306343728e-01
4.212202590364796939e-01
4.213146740720032368e-01
4.218269270983140418e-01
4.221578492236590652e-01
4.223878926148512125e-01
4.224479310604449811e-01
4.225844019487121628e-01
4.228230636047434210e-01
4.229285280334750818e-01
4.229877239464702732e-01
4.230340889316334674e-01
4.231062122418873250e-01
4.231246643357500781e-01
4.232259161014889082e-01
4.233541417565029330e-01
4.235253622662858430e-01
4.236403839618819167e-01
4.236832823472241327e-01
4.237467873926388795e-01
4.238154441030717590e-01
4.239802009142253358e-01
4.240458605258498603e-01
4.240703068173293233e-01
4.243475577262832421e-01
4.245517463229580568e-01
4.247022637032417114e-01
4.248163463968125386e-01
4.251364956911086734e-01
4.252415870882544358e-01
4.252548875170990561e-01
4.252681879459436765e-01
4.254041893331982349e-01
4.254324752560846301e-01
4.256699085018105788e-01
4.259194266121966166e-01
4.260484947998091632e-01
4.260824018887263143e-01
4.261732538550021543e-01
4.263333285021502217e-01
4.263590868272408851e-01
4.265452928310655700e-01
4.268096163427608225e-01
4.268405263328696186e-01
4.269289471707764516e-01
4.269838339513520875e-01
4.271688243909922411e-01
4.272048860461191699e-01
4.273657067564390899e-01
4.274880346832630740e-01
4.275455455310611108e-01
4.275905984826131045e-01
4.278153937393604500e-01
4.279445583963997213e-01
4.282282601578621395e-01
4.283132143959479943e-01
4.283719408079305624e-01
4.286159342217125134e-01
4.286910546307747261e-01
4.287806910328660903e-01
4.288308956494362167e-01
4.289745762995046396e-01
4.290144775860385007e-01
4.291642489031503027e-01
4.293357459750924421e-01
4.293962539216988339e-01
4.295146457476892166e-01
4.297975178226738913e-01
4.299848429212563827e-01
4.301646816958784036e-01
4.302878521553009650e-01
4.304872621185435455e-01
4.305078687786160763e-01
4.305735283902406008e-01
4.305941350503131315e-01
4.306507068960859219e-01
4.306773077537751626e-01
4.307030660788658261e-01
4.307082177438839588e-01
4.308180877744618997e-01
4.309228061400217080e-01
4.310009236478922756e-01
4.311000208474213280e-01
4.311141638088645256e-01
4.312565324253216925e-01
4.314058342414208713e-01
4.316289444329710623e-01
4.316843007145593214e-01
4.317966983429329941e-01
4.318833376462160034e-01
4.319506823230376824e-01
4.320081931708357192e-01
4.321377308594609445e-01
4.323067968030340769e-01
4.324745507129960087e-01
4.325114549007215148e-01
4.325521987198539531e-01
4.326358409243286074e-01
4.326847335072875333e-01
4.329773429418691810e-01
4.331026679675015201e-01
4.332329517192985979e-01
4.333179059573844527e-01
4.333762593377810668e-01
4.334174726579261283e-01
4.334753565373101192e-01
4.338259463207024269e-01
4.339528599421051958e-01
4.341412205121396584e-01
4.343462516414130503e-01
4.343766921305092232e-01
4.344448793399294795e-01
4.347925684939401014e-01
4.348397760117018729e-01
4.349955415264303848e-01
4.350036902902568725e-01
4.351749108000397825e-01
4.352495617080893719e-01
4.353092271220971865e-01
4.354091668542248161e-01
4.357292196790942818e-01
4.357815788618741859e-01
4.357957218233173835e-01
4.359943857233881115e-01
4.360394386749401052e-01
4.362257411481914593e-01
4.363158470512954468e-01
4.363986467231715238e-01
4.378419554608473652e-01
4.378604075547101182e-01
4.379929423421436985e-01
4.380534502887500903e-01
4.380993457729006613e-01
4.382413413577719297e-01
4.383357563932954726e-01
4.384503085878789230e-01
4.384975161056406945e-01
4.386352990275190766e-01
4.388471668870077003e-01
4.389501037179436849e-01
4.390792683749829561e-01
4.392393430221310235e-01
4.393585773807199835e-01
4.395729728380043388e-01
4.396223349219758880e-01
4.396828428685822798e-01
4.397613334080388015e-01
4.398625851737776316e-01
4.398831918338501623e-01
4.400332397131211937e-01
4.401301823464404683e-01
4.406620194074926666e-01
4.411376576543580841e-01
4.412415334873193151e-01
4.412719739764154880e-01
4.414130305592614545e-01
4.415066030621864201e-01
4.415807844692233863e-01
4.416382953170214232e-01
4.417934948613105872e-01
4.417986465263287199e-01
4.418200957189998279e-01
4.419630303058963428e-01
4.420780520014924164e-01
4.421209503868346324e-01
4.421703124708061816e-01
4.422411237474488388e-01
4.424115017246331716e-01
4.424638609074130757e-01
4.426453847472322511e-01
4.428136081582068062e-01
4.428599731433700004e-01
4.429891378004092717e-01
4.430689403734769938e-01
4.433358879523946472e-01
4.433646433762936656e-01
4.434238392892888569e-01
4.435212514236207548e-01
4.435560010451364832e-01
4.435804473366159462e-01
4.436903173671938871e-01
4.437838898701188528e-01
4.439138970597567013e-01
4.440550501120293925e-01
4.442811574023879384e-01
4.443017640624604692e-01
4.443455049804012624e-01
4.444214679220620523e-01
4.444725150712307560e-01
4.446128255909048699e-01
4.447385236481231630e-01
4.448753675679762987e-01
4.449152688545101597e-01
4.449860801311528169e-01
4.451280757160240853e-01
4.451881141616178539e-01
4.451984174916541193e-01
4.453288941823045910e-01
4.454143179214030690e-01
4.455228759183698095e-01
4.456434223105699699e-01
4.457570355031281184e-01
4.459020281868077418e-01
4.459655332322224885e-01
4.461200831827664692e-01
4.462503669345635471e-01
4.463991992496501027e-01
4.464622347940522262e-01
4.465643290923896336e-01
4.467496925636157412e-01
4.469933129458117382e-01
4.470872584803226579e-01
4.471486089595276270e-01
4.472949136768184508e-01
4.475496799216492905e-01
4.476859578710630783e-01
4.478245833255400377e-01
4.479378234865122876e-01
4.479837189706628586e-01
4.481021107966532413e-01
4.482003654635837164e-01
4.485618245474515819e-01
4.486369449565137946e-01
4.486613912479932575e-01
4.487814681391807947e-01
4.488080689968700354e-01
4.489179390274479764e-01
4.490234999256063619e-01
4.490861624384225315e-01
4.491985600667962042e-01
4.493071180637629447e-01
4.495575751761742289e-01
4.497051919270762532e-01
4.503846457390304758e-01
4.504567690492843335e-01
4.506095374652044905e-01
4.507746673079440214e-01
4.508321781557420582e-01
4.510648456141566065e-01
4.511107410983071775e-01
4.513803127444472318e-01
4.514056015685252721e-01
4.514218990961782474e-01
4.515017016692459695e-01
4.515888104735416020e-01
4.516308663262852408e-01
4.517252813618087837e-01
4.517475730870784689e-01
4.518285912243307223e-01
4.520122696303596754e-01
4.520933842370385980e-01
4.523066605995651468e-01
4.523504015175059401e-01
4.523829965728118907e-01
4.524036032328844215e-01
4.525271467238929368e-01
4.526300835548289214e-01
4.528568404389326507e-01
4.529250276483529070e-01
4.530464165731516446e-01
4.530773265632604407e-01
4.531253766136207894e-01
4.534631226230602663e-01
4.535476073601334979e-01
4.536051182079315347e-01
4.536265674006026427e-01
4.536621595547169483e-01
4.540723182826903459e-01
4.541867740078470717e-01
4.543717644474872253e-01
4.544335844277048175e-01
4.546479798849891729e-01
4.547050212317745865e-01
4.547389283206917376e-01
4.549109913630732249e-01
4.549397467869722433e-01
4.551091857621313297e-01
4.552421900505775332e-01
4.553073801611894345e-01
4.554897465336071871e-01
4.556415759475020977e-01
4.557063930265280449e-01
4.557655889395232363e-01
4.558106418910752300e-01
4.559140482230238378e-01
4.559466432783297885e-01
4.560522041764881740e-01
4.561165517545014980e-01
4.562225821536725068e-01
4.562611714065951674e-01
4.565038527867659179e-01
4.565223048806286710e-01
4.565831858588210168e-01
4.568299962786787627e-01
4.570273481451382902e-01
4.570376514751745556e-01
4.572054053851364874e-01
4.574017217801440438e-01
4.574694394885516768e-01
4.576311027314701740e-01
4.576688494517942574e-01
4.577847136799889083e-01
4.578340757639604575e-01
4.579254937006756454e-01
4.581328594888913197e-01
4.583865066389643528e-01
4.584809216744878957e-01
4.585684999797961514e-01
4.592420560635603888e-01
4.593145524054002005e-01
4.594098099735223206e-01
4.594613266237036475e-01
4.595333534645308360e-01
4.595488084595852341e-01
4.596504332569100182e-01
4.596941741748508115e-01
4.598138780344523946e-01
4.600083292715302363e-01
4.600276238979915666e-01
4.600868198109867580e-01
4.601185723336941313e-01
4.603814873423514586e-01
4.604831121396762428e-01
4.605311621900365915e-01
4.606204255605420017e-01
4.606676330783037732e-01
4.607289835575087422e-01
4.608169348944029520e-01
4.608340749546545045e-01
4.608889617352301404e-01
4.609563064120518194e-01
4.610163448576455880e-01
4.613489520481877659e-01
4.613630950096309635e-01
4.615300063869943181e-01
4.616334127189429259e-01
4.617012268967772282e-01
4.619141302277178229e-01
4.619673319430963043e-01
4.620170670586538075e-01
4.620539712463793136e-01
4.622303434211803563e-01
4.623144551266676339e-01
4.624164529555783165e-01
4.626174515145913824e-01
4.627515748977953924e-01
4.627978434135319175e-01
4.629183898057320778e-01
4.629338448007864759e-01
4.631663193203476303e-01
4.633349157629081394e-01
4.634211820346051947e-01
4.635185941689370925e-01
4.636309917973107653e-01
4.637000215393295988e-01
4.638907167683063992e-01
4.642156446960347127e-01
4.643971685358538881e-01
4.645198694942638262e-01
4.646846263054174031e-01
4.647433527173999712e-01
4.647845660375450327e-01
4.648772960078714211e-01
4.649738656096047418e-01
4.652305098584861298e-01
4.654596142476530307e-01
4.655419444185164846e-01
4.657475415182291689e-01
4.657698332434988542e-01
4.658762366742558170e-01
4.660770551405363227e-01
4.661650064774305324e-01
4.664002851569466479e-01
4.666471792001102847e-01
4.669130913075759670e-01
4.669654504903558712e-01
4.670796296533533676e-01
4.671938088163508640e-01
4.672367072016930800e-01
4.672521621967474781e-01
4.672757659556283638e-01
4.673645598251211508e-01
4.673757056877559934e-01
4.674478289980098511e-01
4.676828311153667372e-01
4.683073853006245457e-01
4.683855028084951133e-01
4.684249345940163511e-01
4.685098888321022059e-01
4.689801824750960968e-01
4.691431577516258500e-01
4.692813137050901862e-01
4.693898717020569267e-01
4.696425798501047133e-01
4.697518839102433064e-01
4.698097677896272972e-01
4.699564455385040751e-01
4.700813010631237909e-01
4.701469606747483154e-01
4.702138358505573712e-01
4.702477429394745223e-01
4.703407494719601400e-01
4.704007879175539086e-01
4.705800607217365816e-01
4.706126557770425323e-01
4.707860308530352200e-01
4.708066375131077508e-01
4.708868131177614269e-01
4.710322753024536735e-01
4.711900024445385693e-01
4.712936853386464064e-01
4.716903635450426790e-01
4.717324193977863178e-01
4.717791574145354661e-01
4.719040129391551819e-01
4.720056377364799660e-01
4.720785071099057317e-01
4.721347059240925681e-01
4.722484155860774413e-01
4.722655556463289939e-01
4.723402065543785833e-01
4.724049271639778613e-01
4.724654351105842531e-01
4.725992819316290339e-01
4.726267253219168518e-01
4.726696237072590678e-01
4.727605721429616326e-01
4.728455263810474873e-01
4.729253289541152094e-01
4.730257381872554623e-01
4.731063832929217616e-01
4.732471633136084987e-01
4.735227163112444293e-01
4.736012068507009509e-01
4.736758577587505403e-01
4.737444179997567506e-01
4.740668054835684986e-01
4.742458017255919422e-01
4.742955368411494455e-01
4.743264468312582416e-01
4.745081507638099771e-01
4.747502661735413798e-01
4.749879888275473916e-01
4.750776252296387558e-01
4.751102202849447065e-01
4.751797195279761632e-01
4.752552129686243299e-01
4.754044183152967840e-01
4.754747600909268179e-01
4.755073551462327686e-01
4.755472564327666296e-01
4.756295866036300835e-01
4.757823550195502404e-01
4.758505422289704967e-01
4.760350631675980271e-01
4.760904194491862862e-01
4.761268541358991691e-01
4.762207996704100887e-01
4.763954867800139770e-01
4.764603038590399242e-01
4.765918996444482025e-01
4.767419475237192339e-01
4.768350505256315763e-01
4.770126382646171503e-01
4.770877586736793630e-01
4.771225082951950913e-01
4.771800191429931282e-01
4.772632883158818284e-01
4.773443064531340818e-01
4.774274791565961129e-01
4.775622649796661401e-01
4.778643352116854759e-01
4.780145760298099011e-01
4.780634686127688271e-01
4.782229772894775466e-01
4.783661884385332907e-01
4.784494576114219910e-01
4.785257935846687349e-01
4.786051266567238338e-01
4.786420308444493399e-01
4.789819442662194282e-01
4.790106996901184466e-01
4.791038026920307891e-01
4.792574136405495233e-01
4.793462075100423103e-01
4.793744934329287055e-01
4.794813663646982915e-01
4.797539351096467009e-01
4.798358922489242007e-01
4.798766360680566390e-01
4.799092311233625896e-01
4.800373603089498897e-01
4.801295243088369857e-01
4.802766715587263868e-01
4.805285371741755962e-01
4.806868302866998399e-01
4.808701356611428390e-01
4.809387923715757185e-01
4.811996492834499928e-01
4.812335563723671439e-01
4.813940040511011653e-01
4.814661273613550230e-01
4.814897311202359087e-01
4.816398754689336648e-01
4.817436548324682266e-01
4.818204603067275937e-01
4.818783441861115846e-01
4.819898992818866801e-01
4.821163434022768257e-01
4.822038252381584122e-01
4.822222773320211653e-01
4.822904645414414215e-01
4.824071713022346497e-01
4.825543185521240508e-01
4.829218426107936835e-01
4.829904993212265629e-01
4.829986480850530506e-01
4.832248518448382657e-01
4.833771507597457995e-01
4.835594206627368274e-01
4.836967340836025864e-01
4.837331687703154692e-01
4.839094444756897873e-01
4.840702651860097072e-01
4.841599015881010715e-01
4.842079516384614202e-01
4.842452288577728803e-01
4.845911364771596785e-01
4.846391865275200272e-01
4.847524266884922772e-01
4.848965768395733233e-01
4.849892103404730426e-01
4.850518728532892121e-01
4.850806282771882305e-01
4.851393546891707986e-01
4.856886083726338343e-01
4.858325655848614866e-01
4.858823007004189898e-01
4.859724066035229773e-01
4.862485255715982557e-01
4.863253310458576228e-01
4.865068548856767983e-01
4.866617778678067330e-01
4.867033642195377485e-01
4.867685543301496498e-01
4.868526660356369273e-01
4.870050614199711303e-01
4.871423748408368892e-01
4.873654850323870802e-01
4.874414479740478701e-01
4.877763062002265504e-01
4.878444934096468066e-01
4.879028467900434207e-01
4.880117778185961153e-01
4.883133657034819941e-01
4.884840202428255562e-01
4.885282306617789727e-01
4.885724410807323892e-01
4.886183365648829602e-01
4.887810352792534285e-01
4.890579131566213933e-01
4.890763652504841463e-01
4.891651591199769333e-01
4.892316612642000351e-01
4.894394129301224972e-01
4.895290493322138614e-01
4.895977060426467409e-01
4.897950579091062684e-01
4.898568778893238607e-01
4.899268466333679406e-01
4.899865120473757552e-01
4.900671571530420545e-01
4.901238254682415141e-01
4.901371258970861344e-01
4.902998246114566028e-01
4.904560596271977380e-01
4.906672778929411782e-01
4.907522321310270330e-01
4.907985971161902272e-01
4.908406529689338660e-01
4.909088401783541222e-01
4.911110543015516638e-01
4.912753416116926175e-01
4.913955149723068239e-01
4.914942391402499222e-01
4.915509074554493818e-01
4.916293979949059034e-01
4.917847904780484614e-01
4.919139551350877326e-01
4.919839238791318126e-01
4.920524841201380228e-01
4.921078404017262820e-01
4.922108737020889357e-01
4.922477778898144418e-01
4.925798062637964381e-01
4.927205862844831752e-01
4.928686725363978227e-01
4.929373292468307022e-01
4.930016768248440262e-01
4.930385810125695323e-01
4.931462964769376955e-01
4.932672159007238100e-01
4.934959472583047568e-01
4.935598253353054576e-01
4.938864383282309256e-01
4.939173483183397217e-01
4.940438889081565921e-01
4.941103910523796938e-01
4.942185760177604803e-01
4.942451768754497210e-01
4.942636289693124740e-01
4.943726564672918378e-01
4.944558291707538689e-01
4.944927333584793749e-01
4.946772542971069053e-01
4.947858122940736458e-01
4.948986794234599418e-01
4.951768693344391070e-01
4.952270739510092334e-01
4.952837422662086930e-01
4.953249555863537545e-01
4.954129069232479643e-01
4.957189132561009015e-01
4.960845850029616533e-01
4.961051916630341840e-01
4.962758462023777462e-01
4.964529644403506414e-01
4.968152660568170842e-01
4.969625097761331545e-01
4.970200206239311913e-01
4.971477767779325374e-01
4.972237397195933273e-01
4.973900851265173340e-01
4.974561177697278125e-01
4.976272418100839978e-01
4.979680942338793326e-01
4.981174925194051806e-01
4.982388814442039182e-01
4.982787827307377793e-01
4.987565755438129744e-01
4.990072255950776525e-01
4.990771943391217325e-01
4.991629911098061645e-01
4.993122929259053433e-01
4.995059016303846078e-01
5.000020372217750531e-01
5.002024826564696047e-01
5.002989557887762562e-01
5.004477881038628118e-01
5.005731131294951508e-01
5.006615339674019838e-01
5.008958864910136866e-01
5.009400969099671030e-01
5.013289029146961173e-01
5.016096204234710143e-01
5.017984504945181001e-01
5.019211514529280382e-01
5.022384001178424873e-01
5.029320933606665767e-01
5.029741492134102154e-01
5.031634487854699245e-01
5.033218383674208374e-01
5.034523150580713091e-01
5.034849101133772598e-01
5.043859691444171345e-01
5.045875336738695482e-01
5.047858245423543222e-01
5.049455261579164356e-01
5.052219345342717771e-01
5.053936245450673104e-01
5.057881481852537497e-01
5.057962969490802374e-01
5.058962366812078670e-01
5.059279892039152404e-01
5.061305892048195698e-01
5.062301559053612454e-01
5.064520505327269051e-01
5.065434684694420930e-01
5.065537717994783584e-01
5.070031822202404337e-01
5.070783026293026463e-01
5.071697205660178343e-01
5.074170004868882033e-01
5.076689625717640819e-01
5.077852963009713561e-01
5.078295067199247725e-01
5.079440589145082230e-01
5.080938302316200250e-01
5.083882212008254964e-01
5.084929395663853047e-01
5.085599112116210296e-01
5.086659416107920384e-01
5.095459373268675929e-01
5.098580343267639092e-01
5.099596591240886934e-01
5.101188912386381835e-01
5.101446495637288470e-01
5.104873671454539519e-01
5.106643889140001225e-01
5.113353209305419034e-01
5.116078896754903127e-01
5.117997168453457535e-01
5.119827328115086340e-01
5.120543866207498684e-01
5.121453350564524332e-01
5.123462499921596081e-01
5.126921576115464063e-01
5.127496684593444431e-01
5.129248250699609546e-01
5.129707205541115256e-01
5.130839607150837756e-01
5.131602966883305195e-01
5.132302654323745994e-01
5.132941435093753002e-01
5.134241506990131487e-01
5.135949981772101047e-01
5.138606337225165577e-01
5.139713462856930759e-01
5.140361633647190231e-01
5.141442518606731404e-01
5.141605493883261158e-01
5.141991386412487763e-01
5.142794107153291217e-01
5.143647379850009305e-01
5.143870297102706157e-01
5.144024847053250138e-01
5.144415434592602976e-01
5.145870056439525442e-01
5.146518227229784914e-01
5.147847305419980257e-01
5.148826121773425468e-01
5.151329728203271063e-01
5.152059386631795412e-01
5.153410975178355224e-01
5.154830931027067908e-01
5.156384855858493488e-01
5.156900022360306757e-01
5.160315878768770848e-01
5.161170116159755628e-01
5.161890384568027512e-01
5.162941298539485135e-01
5.164720906245200416e-01
5.165583568962170968e-01
5.167123408763217851e-01
5.169436963011251329e-01
5.170153501103663674e-01
5.171488238998251941e-01
5.172329356053124716e-01
5.174483665340487981e-01
5.175543969332198069e-01
5.176715731950256583e-01
5.177187807127874297e-01
5.179772064962926414e-01
5.183006294515564161e-01
5.184148086145539125e-01
5.186021337131363484e-01
5.186767846211859379e-01
5.188622445618387147e-01
5.189086095470019089e-01
5.190489200666760228e-01
5.192613538966039943e-01
5.196455742067541683e-01
5.197416743074748657e-01
5.197734268301822391e-01
5.199491365651172092e-01
5.199980291480761352e-01
5.200224754395555982e-01
5.201902293495175300e-01
5.203095601775331591e-01
5.204082843454762575e-01
5.205396035687253065e-01
5.207177572781501729e-01
5.208712717572422379e-01
5.209716809903824908e-01
5.210077426455094196e-01
5.211706214526125036e-01
5.212461148932606703e-01
5.213735944851027870e-01
5.213817432489292747e-01
5.217452475834594150e-01
5.217829943037834983e-01
5.218705726090917540e-01
5.219336081534938776e-01
5.219756640062375164e-01
5.222600282075660072e-01
5.224262771450632892e-01
5.227259162487135624e-01
5.228237978840580835e-01
5.229872426616004599e-01
5.231323318147067525e-01
5.232649630715670019e-01
5.233430805794375695e-01
5.235596306029317581e-01
5.236214505831493504e-01
5.237714984624204373e-01
5.240336674079059121e-01
5.241345461420587881e-01
5.242233400115515751e-01
5.242911541893858773e-01
5.243302129433211611e-01
5.245182004817696697e-01
5.245958484886276141e-01
5.246717149608617348e-01
5.247927308540745184e-01
5.248111829479372714e-01
5.249467148341792067e-01
5.255189226827778892e-01
5.256339443783739629e-01
5.257090647874361755e-01
5.257275168812989286e-01
5.258777576994233538e-01
5.259776974315509834e-01
5.260498207418048411e-01
5.261051770233931002e-01
5.261721486686288252e-01
5.262253503840073066e-01
5.262699338345466771e-01
5.264367487424833625e-01
5.264818016940353562e-01
5.265740621633491214e-01
5.266620135002433312e-01
5.267529619359458959e-01
5.268494350682525473e-01
5.269842208913225745e-01
5.271742665265541916e-01
5.272416112033758706e-01
5.272815124899097317e-01
5.274033709157210925e-01
5.274630363297289071e-01
5.276677908968430142e-01
5.280146246721342251e-01
5.280279251009788455e-01
5.284176701077331062e-01
5.295195604511743204e-01
5.295521555064802710e-01
5.296572469036260333e-01
5.297272156476701133e-01
5.298289369144215666e-01
5.299074274538780882e-01
5.299846059597234094e-01
5.302442473074131524e-01
5.303039127214209669e-01
5.303717268992552691e-01
5.304167798508072629e-01
5.305677667321035962e-01
5.306252775799016330e-01
5.307180075502280214e-01
5.309315604749138551e-01
5.310400220024539264e-01
5.312262280062786113e-01
5.314363143311434667e-01
5.315513360267395404e-01
5.316435964960533056e-01
5.318113504060152374e-01
5.318756979840285615e-01
5.320336180649668512e-01
5.321860134493010541e-01
5.322855801498427297e-01
5.323941381468094702e-01
5.324666344886492819e-01
5.326797179123224923e-01
5.327423804251386619e-01
5.328118796681701186e-01
5.329904064091809390e-01
5.331723997500127377e-01
5.332058373379172656e-01
5.333868916767238177e-01
5.334753125146306507e-01
5.335396600926439747e-01
5.339427055282428558e-01
5.339611576221056088e-01
5.341732184204476264e-01
5.342568606249222807e-01
5.344043809063976358e-01
5.344301392314882992e-01
5.345756014161805458e-01
5.349292847678078777e-01
5.350614465236555040e-01
5.351829319178809108e-01
5.352485915295054353e-01
5.352931749800448058e-01
5.353420675630037318e-01
5.355720144847692099e-01
5.360064394114895103e-01
5.361702572206178408e-01
5.363067281088850224e-01
5.364355197343383397e-01
5.364642751582373581e-01
5.366153585089603606e-01
5.367303802045564343e-01
5.368896123191059244e-01
5.369582690295388039e-01
5.370268292705450142e-01
5.371113140076182457e-01
5.379372654757167416e-01
5.380144439815620627e-01
5.384396846730039599e-01
5.386473398694997528e-01
5.386679465295722835e-01
5.389329196350126638e-01
5.389934275816190556e-01
5.390449442318003825e-01
5.391714848216172529e-01
5.393546937266335828e-01
5.395199200387997829e-01
5.397572696612198406e-01
5.398782855544326242e-01
5.401168507410372133e-01
5.401456061649362317e-01
5.403992533150092648e-01
5.405278520016092436e-01
5.405484586616817744e-01
5.408446183193902357e-01
5.409373482897166241e-01
5.409476516197528895e-01
5.409691008124239975e-01
5.410282967254191888e-01
5.414537303557144243e-01
5.418924644148542802e-01
5.419387329305908052e-01
5.420558127229699874e-01
5.423649126240579488e-01
5.424987594451027295e-01
5.426563064944550652e-01
5.427502520289659849e-01
5.427996141129375340e-01
5.428691133559689908e-01
5.430712438558606969e-01
5.431493613637312645e-01
5.432513591926420027e-01
5.433040914070078609e-01
5.433890456450937156e-01
5.434148039701843791e-01
5.434302589652387772e-01
5.435781522783000863e-01
5.436704127476138515e-01
5.437424395884410400e-01
5.442270691317314668e-01
5.443351576276855841e-01
5.444355668608258370e-01
5.444982293736420065e-01
5.446228919594082729e-01
5.447030675640619490e-01
5.448231444552494862e-01
5.448797163010222766e-01
5.450694725279737751e-01
5.453645002448035406e-01
5.454249117219832632e-01
5.455625017050083070e-01
5.456944705220025948e-01
5.457818558884575122e-01
5.458465764980567902e-01
5.461848756318147258e-01
5.463370780772955904e-01
5.464077928845115784e-01
5.465539046629489528e-01
5.466691064512775311e-01
5.466810948465109510e-01
5.469077552611879556e-01
5.470131232204930027e-01
5.470590187046435737e-01
5.472316348713435197e-01
5.474596073196317247e-01
5.476987256305547724e-01
5.478920449267539183e-01
5.480770225202732382e-01
5.483240966561694352e-01
5.484509138081455903e-01
5.485819436231145207e-01
5.486774777533959258e-01
5.488582426839223594e-01
5.489118174308867948e-01
5.490682325393604346e-01
5.491329531489597127e-01
5.492888987564207293e-01
5.494395126061311085e-01
5.499837690250668487e-01
5.499949148877016913e-01
5.500090578491448889e-01
5.501564816611935749e-01
5.502593220227028903e-01
5.503630049168107830e-01
5.503921333722957554e-01
5.505689622019885876e-01
5.507716458261987524e-01
5.508007742816837249e-01
5.508757017518925991e-01
5.509314310650668123e-01
5.509640261203727629e-01
5.510479448870067021e-01
5.511318636536406412e-01
5.512197185211081818e-01
5.512886517937003461e-01
5.513791307283902876e-01
5.514194050465101027e-01
5.514874957865036897e-01
5.515367614010485697e-01
5.515898666470003819e-01
5.516288289315089965e-01
5.517098470687612499e-01
5.517599552159047072e-01
5.518648536741970201e-01
5.519860496601423083e-01
5.520207992816580367e-01
5.520868319248685152e-01
5.521467739010356146e-01
5.521900453179637847e-01
5.522765881518201248e-01
5.522937282120716773e-01
5.523416817930053568e-01
5.525315344893835245e-01
5.526909466966655193e-01
5.527072442243184947e-01
5.527222297183602695e-01
5.527505156412466647e-01
5.527989387231929674e-01
5.528555105689657578e-01
5.529112398821399710e-01
5.529536687664695638e-01
5.530612877614110579e-01
5.531075562771475829e-01
5.532343734291237380e-01
5.539113447282255631e-01
5.540211182893768349e-01
5.540455645808562979e-01
5.541034484602402888e-01
5.553474374045602735e-01
5.557054041963654933e-01
5.557893229629994325e-01
5.558472068423834234e-01
5.558673440014433309e-01
5.559363737434621644e-01
5.559693418303540691e-01
5.561578824931210363e-01
5.562033084762589841e-01
5.562577257558219967e-01
5.564534761803902052e-01
5.570204938256082539e-01
5.570943022010592660e-01
5.571783174371198744e-01
5.572082884252034241e-01
5.573286418785501350e-01
5.574640772953654011e-01
5.574850569870238859e-01
5.576306992644486371e-01
5.576714430835810754e-01
5.577661346812639032e-01
5.578025693679767860e-01
5.578539895487314437e-01
5.578925788016541043e-01
5.579637631098827155e-01
5.579942035989788884e-01
5.580430961819378144e-01
5.581241143191900678e-01
5.585473676910338581e-01
5.587804918043401958e-01
5.588199235898614337e-01
5.589947907921978265e-01
5.591366899076424257e-01
5.592082472474569910e-01
5.592592943966256946e-01
5.593081869795846206e-01
5.595327892974785167e-01
5.595978829386637488e-01
5.597527094513670143e-01
5.598739054373123025e-01
5.600384693096124300e-01
5.601786833598598747e-01
5.607575929308846741e-01
5.609551248900767062e-01
5.610515980223833576e-01
5.613273439588727376e-01
5.613882249370650834e-01
5.616119847223604022e-01
5.616878511945945229e-01
5.618245986450209895e-01
5.618743337605784927e-01
5.619102989462787523e-01
5.619492612307873669e-01
5.619792322188709166e-01
5.619822293176792716e-01
5.621608396819959275e-01
5.622405457856369804e-01
5.623177242914823015e-01
5.623892816312968668e-01
5.625915922239210776e-01
5.626897504214248835e-01
5.627245000429406119e-01
5.629791698183447268e-01
5.632080812686581783e-01
5.633082975629450928e-01
5.634330566181381394e-01
5.635131357533651464e-01
5.635624013679100264e-01
5.637273382717961079e-01
5.637676125899159230e-01
5.638181902380720034e-01
5.643332345782169357e-01
5.643392287758336456e-01
5.643563688360851982e-01
5.644395415395472293e-01
5.647598709265758687e-01
5.649013970104345139e-01
5.650136981693815175e-01
5.650767337137836410e-01
5.650968708728435486e-01
5.653807655731594162e-01
5.654999999317483761e-01
5.655896363338397403e-01
5.657328474828955400e-01
5.657957865578709944e-01
5.658137691507211242e-01
5.658197633483378342e-01
5.659513591337461680e-01
5.661150804734477182e-01
5.661283809022923386e-01
5.662197023695808573e-01
5.662338453310240549e-01
5.662921987114206690e-01
5.663341580947376386e-01
5.664040303693550493e-01
5.665891044323010384e-01
5.665950986299177483e-01
5.667018750922606651e-01
5.667734324320752304e-01
5.668737451957888140e-01
5.669110224151002742e-01
5.669482996344117343e-01
5.670044019791719014e-01
5.671598780856202948e-01
5.672828556061895178e-01
5.673179782592912002e-01
5.675150407174706091e-01
5.676956255552645381e-01
5.677611886974623934e-01
5.681838760988668913e-01
5.682203107855797741e-01
5.682618971373107897e-01
5.684096939809453186e-01
5.684842484195682388e-01
5.686017012435333751e-01
5.686955503086176256e-01
5.687671076484321908e-01
5.688425046196536883e-01
5.689483420799713587e-01
5.690456577448765874e-01
5.690726316341517821e-01
5.690927687932116896e-01
5.691248943475050170e-01
5.693426599351836259e-01
5.695359792313827718e-01
5.696396621254906645e-01
5.697030707014787421e-01
5.697553334148319770e-01
5.698002898969573016e-01
5.700708841684285488e-01
5.701849668619993761e-01
5.702608333342334967e-01
5.703199327778020189e-01
5.703572099971134790e-01
5.704017934476528495e-01
5.705878065126240850e-01
5.706263957655467456e-01
5.706671395846791839e-01
5.707682948809913448e-01
5.708291758591836906e-01
5.709610482067511983e-01
5.710300779487700318e-01
5.712096273151119341e-01
5.712859632883586780e-01
5.715477463561373650e-01
5.715610467849819853e-01
5.717616723124090417e-01
5.718931716283905953e-01
5.720718784621339204e-01
5.721288233394926648e-01
5.723803030772350864e-01
5.724527029496482289e-01
5.725285694218823496e-01
5.725705288051993191e-01
5.726876085975785013e-01
5.727317225471052486e-01
5.728770882623708260e-01
5.729349721417548169e-01
5.729611034984314344e-01
5.730660984261505275e-01
5.732447087904671834e-01
5.733222603278984586e-01
5.733252574267068136e-01
5.735694309332213248e-01
5.736683351938969277e-01
5.741757838945338310e-01
5.742156851810676921e-01
5.743044790505604791e-01
5.743871822530098870e-01
5.746892524850292228e-01
5.747676465550590752e-01
5.748396733958862637e-01
5.749886858037053239e-01
5.755870829400447919e-01
5.756599523134705576e-01
5.758052215593094658e-01
5.759522723397721977e-01
5.761647897930060047e-01
5.764351911256238026e-01
5.765342883251528550e-01
5.766597934435176986e-01
5.769338414686890903e-01
5.769569757265573529e-01
5.770216963361566309e-01
5.770722739843127114e-01
5.771442043557132306e-01
5.781748333142008311e-01
5.786864946778306207e-01
5.787289235621602135e-01
5.788111572635969981e-01
5.789967008275556104e-01
5.791730730023566531e-01
5.792634554676199254e-01
5.795776941876051858e-01
5.796337965323653529e-01
5.796539336914252605e-01
5.797593016507303076e-01
5.798671972078309755e-01
5.799447487452622507e-01
5.800346617095128998e-01
5.801564236658975915e-01
5.802159926104787369e-01
5.803402821646591603e-01
5.804492131932118548e-01
5.805220825666376205e-01
5.813031097914332923e-01
5.814865952586089071e-01
5.829826170649897721e-01
5.834762958357694318e-01
5.834852871321944967e-01
5.835114184888711142e-01
5.835902820599135898e-01
5.836872246932328645e-01
5.837865984549212017e-01
5.838752958549873195e-01
5.840488510237125119e-01
5.841147871974963213e-01
5.842351406508430323e-01
5.842535927447057853e-01
5.843281471833287055e-01
5.844602124697496626e-01
5.845450702384088482e-01
5.846144730120136357e-01
5.846835027540324692e-01
5.846894969516491791e-01
5.848082618092255158e-01
5.850078518652006565e-01
5.851093801930987714e-01
5.859255300709961256e-01
5.860711723484208768e-01
5.861059219699366052e-01
5.861801033769735714e-01
5.862495061505783589e-01
5.863574017076790268e-01
5.866623597229592146e-01
5.869695687738758494e-01
5.871431239426010418e-01
5.873015971478577901e-01
5.873950731813560866e-01
5.874173649066257719e-01
5.875428700249906155e-01
5.876564832175488196e-01
5.877537024130273791e-01
5.878312539504586542e-01
5.879324092467708152e-01
5.879915086903393373e-01
5.880064941843811122e-01
5.881466117652017767e-01
5.883134266731384621e-01
5.883832989477558728e-01
5.884094303044324903e-01
5.886491982091007769e-01
5.892747493274480552e-01
5.893382543728628020e-01
5.894269517729289198e-01
5.894848356523129107e-01
5.895349437994563679e-01
5.895850519465998252e-01
5.896198015681155535e-01
5.896887348407077178e-01
5.897371579226540206e-01
5.898134938959007645e-01
5.899035033295780828e-01
5.900591723748799255e-01
5.901002892255983179e-01
5.902288879121982967e-01
5.903125301166729511e-01
5.905481818277750206e-01
5.906849292782014871e-01
5.907641658808299168e-01
5.908006005675427996e-01
5.908855548056286544e-01
5.910910554359146696e-01
5.912289219810988872e-01
5.914140925134715454e-01
5.915114081783767741e-01
5.915495279302868115e-01
5.915718196555564967e-01
5.918205788566498482e-01
5.919109613219131205e-01
5.919422443436078707e-01
5.920271021122670563e-01
5.920991289530942447e-01
5.921368756734183281e-01
5.923711188814825279e-01
5.924452038190928249e-01
5.925146065926976124e-01
5.925771726360871128e-01
5.926363685490823041e-01
5.927075528573109153e-01
5.929896660230028482e-01
5.930933489171107409e-01
5.932223206352966738e-01
5.932634374860150661e-01
5.933341522932310541e-01
5.933645927823272270e-01
5.933847299413871346e-01
5.935303722188118858e-01
5.935826349321651207e-01
5.937552510988650667e-01
5.938783250888609588e-01
5.939473548308797923e-01
5.942133505616513656e-01
5.942613041425850451e-01
5.942702954390101100e-01
5.943826930673837827e-01
5.946336068346869119e-01
5.946953303454778350e-01
5.949125299627171515e-01
5.959033541040975601e-01
5.959226487305588904e-01
5.961990442607933982e-01
5.962529920393437877e-01
5.963237068465597757e-01
5.964519325015738005e-01
5.965882104509876438e-01
5.966688555566539431e-01
5.967018236435458478e-01
5.967897749804400576e-01
5.968797844141173758e-01
5.970091291638891517e-01
5.971192757566263776e-01
5.971762206339851220e-01
5.972301684125355115e-01
5.973428426030684690e-01
5.973651343283381543e-01
5.973792772897813519e-01
5.974255458055178769e-01
5.975463687598773221e-01
5.977729327051276575e-01
5.978458020785534233e-01
5.979843310636037135e-01
5.980096198876817537e-01
5.982477991965795550e-01
5.982619421580227526e-01
5.982833913506938606e-01
5.983159864059998112e-01
5.984986293405768487e-01
5.985303818632842221e-01
5.987676221701567769e-01
5.987817651315999745e-01
5.988374944447741877e-01
5.989783580887667602e-01
5.989843522863834702e-01
5.990147927754796431e-01
5.991121084403848718e-01
5.991720504165519712e-01
5.992273102287135611e-01
5.993126374983853699e-01
5.993653697127512281e-01
5.994490119172258824e-01
5.995004320979805401e-01
5.995673072737895959e-01
5.996084241245079882e-01
5.997551018733847661e-01
5.998146708179659115e-01
5.998866011893664307e-01
5.999161991458640264e-01
6.000469523986737830e-01
6.001078333768661288e-01
6.003305576907095320e-01
6.004489495166999147e-01
6.004965300660476402e-01
6.006199770876294863e-01
6.006392717140908166e-01
6.007237564511640482e-01
6.008060866220275020e-01
6.008540402029611815e-01
6.009127666149437497e-01
6.009543529666747652e-01
6.009916301859862253e-01
6.011655583862973717e-01
6.012508856559691806e-01
6.012650286174123782e-01
6.013339618900045425e-01
6.013888486705801784e-01
6.014999342653426506e-01
6.015260656220192681e-01
6.015543515449056633e-01
6.015997775280436111e-01
6.017180728846073245e-01
6.017763297955772694e-01
6.025256044976655678e-01
6.026400602228223491e-01
6.028738339298739257e-01
6.029818259564013738e-01
6.030585349612340718e-01
6.031908768098142026e-01
6.032294660627368632e-01
6.034488202461859574e-01
6.036018652242653992e-01
6.037389857062778198e-01
6.038713275548579507e-01
6.047873335415769880e-01
6.048344445899120903e-01
6.048768734742416830e-01
6.050225157516664343e-01
6.050696268000015365e-01
6.052642581298119939e-01
6.053774018213575747e-01
6.056788932368167844e-01
6.057910979263370077e-01
6.058300602108456223e-01
6.059958396473302811e-01
6.060900617440004856e-01
6.061500037201675850e-01
6.062858121685686941e-01
6.063450080815638854e-01
6.063882794984920555e-01
6.064949594914083031e-01
6.065811292936786892e-01
6.066851852193724248e-01
6.067031678122225546e-01
6.067562730581743669e-01
6.068239907665819999e-01
6.069264580965053613e-01
6.069354493929304262e-01
6.070958970716644476e-01
6.072784435368147049e-01
6.074129399516046135e-01
6.074189341492213234e-01
6.074279254456463883e-01
6.076680792280214627e-01
6.077923687822018861e-01
6.080194986978915139e-01
6.088966260234078831e-01
6.089159206498692134e-01
6.089879474906964019e-01
6.093426406215340929e-01
6.093987429662942601e-01
6.094982131974092665e-01
6.095929047950920943e-01
6.096970571902126101e-01
6.098557233343228079e-01
6.101533751183750853e-01
6.102103199957338298e-01
6.103735718344227568e-01
6.104254615161900377e-01
6.105557452679871711e-01
6.110820190940727814e-01
6.112096787786474028e-01
6.112482680315700634e-01
6.113164552409903196e-01
6.114943195421350675e-01
6.116771425694446096e-01
6.118407674397194906e-01
6.119081121165411696e-01
6.119500714998581392e-01
6.119968095166072874e-01
6.121013349433137574e-01
6.122521288857566413e-01
6.123699547413077315e-01
6.123999257293912812e-01
6.124808473972168654e-01
6.125288974475772141e-01
6.125991427537805789e-01
6.126710731251810982e-01
6.127669802870483462e-01
6.128363830606531337e-01
6.129246109597066283e-01
6.129695674418319529e-01
6.130954455917827506e-01
6.131584811361848741e-01
6.133864535844730792e-01
6.134344071654067587e-01
6.135787374092203095e-01
6.136438310504055416e-01
6.137996801884398890e-01
6.138835989550738281e-01
6.139997397454277639e-01
6.141449125218398919e-01
6.142584292449714267e-01
6.143616426380666962e-01
6.143890860283545141e-01
6.146127493442231637e-01
6.146487145299234234e-01
6.148308879634877266e-01
6.148883023418590943e-01
6.149332588239844188e-01
6.154655268476867391e-01
6.155614340095539871e-01
6.156153817881043766e-01
6.156894667257146736e-01
6.158056075160686094e-01
6.159525618271045611e-01
6.160005154080382406e-01
6.160627084198417869e-01
6.161046678031587565e-01
6.161406329888590161e-01
6.163294502137852682e-01
6.164829646928773332e-01
6.165578921630862075e-01
6.167087825749558716e-01
6.167790278811592364e-01
6.168899205370682592e-01
6.169768364025105534e-01
6.170680614003724029e-01
6.173423023643971330e-01
6.173602849572472628e-01
6.174057109403852106e-01
6.174446732248938252e-01
6.174776413117857299e-01
6.175345861891444743e-01
6.175645571772280240e-01
6.177209722857016638e-01
6.177663982688396116e-01
6.178674570957249923e-01
6.179924927130772128e-01
6.180893388769698182e-01
6.181642663471786925e-01
6.182731009063047178e-01
6.183809964634053857e-01
6.184131220176987132e-01
6.184474021382018183e-01
6.184743760274770130e-01
6.186067178760571439e-01
6.186491467603867367e-01
6.186971003413204162e-01
6.188647577818556789e-01
6.190082454930706524e-01
6.190322222835374921e-01
6.191101468525547213e-01
6.192267571439212803e-01
6.192597252308131850e-01
6.194211955348782883e-01
6.194511665229618380e-01
6.195470736848290860e-01
6.196040185621878305e-01
6.197630577378839822e-01
6.198979271842598449e-01
6.199608662592352992e-01
6.199908372473188489e-01
6.200238053342107536e-01
6.202359497558586066e-01
6.202976732666495296e-01
6.203546181440082741e-01
6.204125020233922649e-01
6.205440013393738186e-01
6.207046291108403446e-01
6.208648838507209167e-01
6.209702518100259638e-01
6.210122111933429334e-01
6.210751502683183878e-01
6.212473934034323797e-01
6.213425545021278307e-01
6.213686858588044482e-01
6.217848259382737774e-01
6.219034943264234450e-01
6.219377744469265501e-01
6.220067077195187144e-01
6.220499791364468845e-01
6.222072367775191015e-01
6.222461990620277161e-01
6.222701758524945559e-01
6.223001468405781056e-01
6.223245931320575686e-01
6.223275902308659235e-01
6.224116054669265319e-01
6.224437310212198593e-01
6.228561150925880918e-01
6.231238923579834887e-01
6.231894555001813440e-01
6.233129025217631902e-01
6.233909235602070886e-01
6.235027552181414690e-01
6.235327262062250187e-01
6.235828343533684759e-01
6.236643219916333525e-01
6.236882987821001922e-01
6.237894540784123532e-01
6.242495151685549803e-01
6.244149215734536851e-01
6.244916305782863830e-01
6.245653424843107260e-01
6.246099259348500965e-01
6.246528243201923125e-01
6.247256936936180782e-01
6.247646559781266928e-01
6.247856356697851776e-01
6.248533533781928107e-01
6.249073011567432001e-01
6.251648715615290008e-01
6.253358026630317923e-01
6.253717678487320519e-01
6.254527859859843053e-01
6.256143527594760778e-01
6.256443237475596275e-01
6.257372338106185206e-01
6.258019544202177986e-01
6.258160973816609962e-01
6.259734514921599935e-01
6.260981140779262599e-01
6.261743535817463346e-01
6.262013274710215294e-01
6.263118470953447092e-01
6.264181540566750028e-01
6.265352338490541850e-01
6.266034210584744413e-01
6.266759174003142530e-01
6.267898071550316308e-01
6.269555865915162896e-01
6.270279864639294320e-01
6.271415031870609669e-01
6.272516497797981927e-01
6.273951374910131662e-01
6.274946077221281726e-01
6.275845206863788217e-01
6.277724953787064965e-01
6.277999387689943145e-01
6.278239155594611542e-01
6.279880099307486585e-01
6.282312444352379233e-01
6.283251899697488430e-01
6.283551609578323927e-01
6.284241906998512261e-01
6.285895971047499309e-01
6.287474207162615514e-01
6.287833859019618110e-01
6.289088910203266547e-01
6.290010550202137507e-01
6.291261871069927514e-01
6.291621522926930110e-01
6.292324940683230450e-01
6.293083605405571657e-01
6.293255006008087182e-01
6.293932183092163513e-01
6.294103583694679038e-01
6.295555311458800318e-01
6.295974905291970014e-01
6.296535928739571686e-01
6.296595870715738785e-01
6.297482844716399963e-01
6.297894013223583887e-01
6.298206843440531388e-01
6.298536524309450435e-01
6.299624869900710689e-01
6.301947685707788294e-01
6.302217424600540241e-01
6.302547105469459288e-01
6.302984514648867220e-01
6.303258948551745400e-01
6.304300472502950559e-01
6.306340429081164212e-01
6.307115944455476964e-01
6.307463440670634247e-01
6.327403537766435049e-01
6.328140656826678478e-01
6.328659553644351288e-01
6.328904016559145917e-01
6.329156904799926320e-01
6.331189400746422002e-01
6.332346113639835128e-01
6.333323965299013647e-01
6.334787012471921885e-01
6.336154486976186551e-01
6.336578775819482479e-01
6.337728028081176523e-01
6.338268470560947110e-01
6.342362340286545885e-01
6.342555286551159188e-01
6.343279285275290613e-01
6.343986433347450493e-01
6.346706461092541662e-01
6.347550343769007286e-01
6.348785778679092440e-01
6.350204769833538432e-01
6.350577542026653033e-01
6.351542273349719547e-01
6.352420822024394953e-01
6.352695255927273132e-01
6.353466076291459652e-01
6.354259407012010641e-01
6.354974980410156293e-01
6.356667440773212663e-01
6.357078609280396586e-01
6.358544422074897673e-01
6.358715822677413199e-01
6.359526004049935732e-01
6.372820967117178714e-01
6.373820364438455011e-01
6.375101656294328567e-01
6.375487548823555173e-01
6.375851895690684001e-01
6.377616453671752783e-01
6.380622942500359107e-01
6.382349104167358567e-01
6.383415904096521043e-01
6.386402776651562974e-01
6.387585730217200108e-01
6.388095237014620453e-01
6.389029997349603418e-01
6.391334033116176094e-01
6.391393975092343194e-01
6.392525412007799002e-01
6.393430201354698417e-01
6.395765172803621335e-01
6.397008068345425569e-01
6.397535390489084151e-01
6.397676820103516127e-01
6.399516369785398506e-01
6.400999033231870028e-01
6.401268772124621975e-01
6.401676210315946358e-01
6.402731819297530214e-01
6.403113016816630587e-01
6.404883234502092293e-01
6.406408989272760479e-01
6.408506958438607848e-01
6.409514781085869917e-01
6.409759244000664546e-01
6.410792342625883933e-01
6.411181965470970079e-01
6.411854447544920177e-01
6.413041131426416852e-01
6.413731428846605187e-01
6.414061109715524234e-01
6.415141994675065407e-01
6.415261878627399605e-01
6.415441704555900904e-01
6.417878744610919783e-01
6.420650160544983942e-01
6.421267395652893173e-01
6.425402555775362456e-01
6.425514014401710883e-01
6.427266416740934352e-01
6.431145794539822047e-01
6.431766759963590818e-01
6.436761688720229468e-01
6.437031427612981416e-01
6.437202828215496941e-01
6.438471964429525185e-01
6.438883132936709108e-01
6.439444156384310780e-01
6.440266493398678627e-01
6.441697640194968821e-01
6.442117234028138517e-01
6.444254564202321900e-01
6.445552706710165891e-01
6.446589535651244818e-01
6.447283563387292693e-01
6.447853012160880137e-01
6.448165842377827639e-01
6.448367213968426714e-01
6.449789935438732247e-01
6.450552330476932994e-01
6.455374893936789427e-01
6.456378021573925263e-01
6.458059290989404122e-01
6.460608754365038120e-01
6.461268116102876213e-01
6.461379574729224640e-01
6.465986681568103300e-01
6.466316362437022347e-01
6.466676014294024943e-01
6.468320688322759526e-01
6.469023141384793174e-01
6.470321283892637165e-01
6.471370268475560295e-01
6.472039020233650852e-01
6.472368701102569899e-01
6.472922263918452490e-01
6.473629411990612370e-01
6.474331865052646018e-01
6.474679361267803301e-01
6.475896980831650218e-01
6.477228824643437299e-01
6.477867605413444307e-01
6.478526967151282401e-01
6.480698963323675565e-01
6.481088586168761712e-01
6.482017686799350642e-01
6.482398884318451016e-01
6.482968333092038460e-01
6.483191250344735312e-01
6.483958340393062292e-01
6.484760096439599053e-01
6.485869987692957084e-01
6.491735876031343722e-01
6.495440122911856351e-01
6.495744527802818080e-01
6.496503192525159287e-01
6.497552177108082416e-01
6.499158454822747677e-01
6.499269913449096103e-01
6.499839362222683548e-01
6.501463455283587045e-01
6.502380400272331773e-01
6.503455625527480022e-01
6.503648571792093325e-01
6.504197439597849684e-01
6.505324181503179259e-01
6.506554921403138181e-01
6.508537701626777583e-01
6.509882665774676669e-01
6.510923225031614026e-01
6.511342818864783721e-01
6.511672499733702768e-01
6.513501694701064881e-01
6.516250728739972908e-01
6.517223885389025195e-01
6.517626628570223346e-01
6.518410569270521870e-01
6.519049350040528878e-01
6.524029229072521030e-01
6.525332066590492364e-01
6.527633336735472191e-01
6.528229026181283645e-01
6.528473489096078275e-01
6.534473346417177808e-01
6.534816147622208860e-01
6.540151948195344067e-01
6.541025801859893241e-01
6.542088871473196177e-01
6.543138820750387108e-01
6.543331767015000411e-01
6.543473196629432387e-01
6.544355475619967333e-01
6.545049503356015208e-01
6.545726680440091538e-01
6.545859684728537742e-01
6.545889655716621292e-01
6.546553712464585617e-01
6.546665171090934043e-01
6.547359198826981919e-01
6.548130983885435130e-01
6.548272413499867106e-01
6.548465359764480409e-01
6.549374844121506056e-01
6.550218726797971680e-01
6.550501586026835632e-01
6.551589931618095886e-01
6.552901194462052992e-01
6.553243995667084043e-01
6.553754467158771080e-01
6.554298639954401207e-01
6.555635178776314520e-01
6.555806579378830046e-01
6.556179351571944647e-01
6.556770346007629868e-01
6.557545861381942620e-01
6.558716659305734442e-01
6.560824018491834275e-01
6.561702567166509681e-01
6.562790912757769934e-01
6.563587973794180463e-01
6.564192088565977690e-01
6.565161514899170436e-01
6.566619867061952442e-01
6.568951108195015820e-01
6.570394410633151328e-01
6.570668844536029507e-01
6.571229867983631179e-01
6.571890194415735964e-01
6.572794019068368687e-01
6.575338787433876453e-01
6.575591675674656855e-01
6.577013432450694586e-01
6.578731168791708273e-01
6.579108635994949106e-01
6.581401480813943161e-01
6.582378367778854988e-01
6.583536045366534806e-01
6.584268469416652003e-01
6.585005588476895433e-01
6.585649064257028673e-01
6.586622220906080960e-01
6.587693715845369669e-01
6.588756785458672605e-01
6.589623178491502697e-01
6.590248838925397701e-01
6.590866074033306932e-01
6.591479578825356622e-01
6.592809621709818657e-01
6.595725361341114867e-01
6.598472465991488400e-01
6.599329469004066029e-01
6.602544918516197736e-01
6.603200549938176289e-01
6.604992313285736882e-01
6.610969660250471946e-01
6.612200400150430868e-01
6.613061133478868037e-01
6.613210988419285785e-01
6.615194733337191879e-01
6.623327225822348563e-01
6.624487669031620118e-01
6.628385826871012743e-01
6.629209128579647281e-01
6.630172895208447104e-01
6.630665551353895903e-01
6.632040486489878539e-01
6.632936850510792182e-01
6.633974644146137800e-01
6.634613424916144808e-01
6.635423606288667342e-01
6.636220667325077871e-01
6.638886284337186527e-01
6.640047692240725885e-01
6.641513505035226972e-01
6.642130740143136203e-01
6.642764825903016979e-01
6.643317424024632878e-01
6.645172859664219001e-01
6.646574035472425646e-01
6.646826923713206048e-01
6.652523340837610544e-01
6.654023819630321412e-01
6.655357592830642988e-01
6.657913680604937712e-01
6.659558354633672295e-01
6.660518390946612577e-01
6.661109385382297798e-01
6.679533117727683988e-01
6.680862195917879331e-01
6.681153480472729056e-01
6.681633016282065851e-01
6.681962697150984898e-01
6.682134097753500424e-01
6.682987370450218512e-01
6.683523117919862866e-01
6.683909010449089472e-01
6.684800679459876882e-01
6.684985200398504412e-01
6.685550918856232316e-01
6.685735439794859847e-01
6.687088829268744705e-01
6.689193422833251690e-01
6.689424765411934315e-01
6.690183430134275522e-01
6.690616144303557222e-01
6.691057283798824695e-01
6.692569918233379767e-01
6.693662958834766252e-01
6.695257080907586200e-01
6.696225542546512255e-01
6.696907414640714817e-01
6.699155238746979935e-01
6.700099389102215364e-01
6.703837465747879421e-01
6.705208670568003626e-01
6.707453729052675895e-01
6.712464543767019398e-01
6.713240059141332150e-01
6.714358375720675953e-01
6.714499805335107929e-01
6.715005581816668734e-01
6.715897250827456144e-01
6.716060226103985897e-01
6.717860414777531153e-01
6.719625937452866626e-01
6.720195386226454071e-01
6.720897839288487718e-01
6.724098239075974037e-01
6.725374835921720251e-01
6.725739182788849080e-01
6.726424785198911183e-01
6.726707644427775135e-01
6.727337999871796370e-01
6.728344857824791747e-01
6.729471599730121323e-01
6.729844371923235924e-01
6.732214974064635316e-01
6.736318233810486555e-01
6.737184626843316648e-01
6.737767195953016097e-01
6.738761898264166161e-01
6.738791869252249711e-01
6.738821840240333261e-01
6.740267072067003262e-01
6.740811244862633389e-01
6.743414990510041562e-01
6.745247915793263216e-01
6.765149616574994695e-01
6.765603876406374173e-01
6.766804645318249545e-01
6.767944507559691125e-01
6.768167424812387978e-01
6.768728448259989650e-01
6.769135886451314033e-01
6.769628542596762832e-01
6.770760944206485332e-01
6.771940167456262927e-01
6.780546536046362371e-01
6.785146182253521951e-01
6.787323838130308040e-01
6.789439622642393646e-01
6.790527968233653899e-01
6.791145203341563130e-01
6.791509550208691959e-01
6.792268214931033166e-01
6.793091516639667704e-01
6.794312866519374161e-01
6.795761828661903703e-01
6.796074658878851205e-01
6.798482692640053227e-01
6.799806111125854535e-01
6.800303462281429567e-01
6.802048403988935066e-01
6.806116033042309832e-01
6.810561257760133769e-01
6.811161642216071455e-01
6.812800785001621451e-01
6.814260938091728503e-01
6.814500705996396901e-01
6.816433898958388360e-01
6.817419211249285960e-01
6.819077005614132547e-01
6.819874066650543076e-01
6.822760671526815202e-01
6.823493095576932399e-01
6.824131876346939407e-01
6.824860570081197064e-01
6.825477805189106295e-01
6.826878980997312940e-01
6.828288582131505358e-01
6.828789663602939930e-01
6.829629815963546013e-01
6.831334431968447696e-01
6.832298198597247518e-01
6.833630042409034600e-01
6.835347778750048287e-01
6.837221029735872646e-01
6.838703693182344168e-01
6.839980290028090382e-01
6.840323091233121433e-01
6.840738954750431589e-01
6.841043359641393318e-01
6.842260014510973543e-01
6.844289616374668039e-01
6.844619297243587086e-01
6.844978949100589682e-01
6.845437903942095392e-01
3.565870126190057166e-01
