0.000000000000000000e+00
1.166423593686524707e-02
2.127556000131431216e-02
3.416626901271298256e-02
4.470465886144765755e-02
5.929361162389179540e-02
7.562617429266135782e-02
8.663222759397327943e-02
1.021531934786245044e-01
1.131361436453031111e-01
1.251624687104212763e-01
1.336100015383420436e-01
1.406306474329103440e-01
1.562472929660429499e-01
1.715595838710062548e-01
1.778412094953042977e-01
1.919930229466867144e-01
2.021949004707625230e-01
2.092353357170167460e-01
2.188219230918584390e-01
2.329638418673979083e-01
2.456178254265538874e-01
2.540810403822257313e-01
2.640973460612469070e-01
2.784702028371209281e-01
2.867997929959136827e-01
2.956869388038568802e-01
3.058409765036920192e-01
3.175481049268764622e-01
3.276114103161517077e-01
3.383411594618491169e-01
3.515254883115874751e-01
3.613982745178865863e-01
3.738040043939828694e-01
3.866617155949052531e-01
3.987507224980285092e-01
4.070225781567375911e-01
4.132497830638994230e-01
4.275071708396061543e-01
4.436137428459626664e-01
4.525792526196620869e-01
4.584237389328983947e-01
4.665298120982387942e-01
4.749872396020025089e-01
4.823468714901904542e-01
4.906360428316247080e-01
5.005814055517718852e-01
5.062700040474824581e-01
5.150647839898917502e-01
5.237110971216574207e-01
5.329553847199320904e-01
5.415785947170644876e-01
5.473001910232513367e-01
5.575771187301359344e-01
5.658011345646043466e-01
5.748944816832747273e-01
5.772740112045068317e-01
5.861265256469997409e-01
5.930391235482830314e-01
5.997834652872368055e-01
6.050052404443567733e-01
6.108975665818338063e-01
6.174183913273352253e-01
6.226022213360574709e-01
6.310398594881352352e-01
6.355803488750685348e-01
6.454201372708914253e-01
6.526115129967499096e-01
6.638534516363178151e-01
6.725599729371278812e-01
6.773792401486364856e-01
6.841936847324776583e-01
6.894228808964798505e-01
6.949786947092979617e-01
7.015572539548831088e-01
7.083948016733575548e-01
7.145312742699594377e-01
7.193736446161013154e-01
7.264924438281117336e-01
7.305454804107819333e-01
7.332722570465025624e-01
7.378531652507943628e-01
7.418814651438572216e-01
7.446057681106170723e-01
7.496444450916431856e-01
7.524792697206488246e-01
7.590479342903909687e-01
7.660991043264747669e-01
7.689166132727552894e-01
7.713794540976650627e-01
7.769781603968023420e-01
7.809586204656244757e-01
7.834816694595786446e-01
7.900173362188445125e-01
7.944976174367335275e-01
7.992872006207132340e-01
8.024106977501370697e-01
8.069313977853844744e-01
8.105778191985084646e-01
8.147438511123852312e-01
8.184727437152002905e-01
8.210840513507535743e-01
8.251544036161488904e-01
8.277228187653830060e-01
8.351269766948642426e-01
8.416123299609287178e-01
8.462130275169064131e-01
8.501835929098855438e-01
8.554853655877358021e-01
8.605009394341286422e-01
8.674333266870978276e-01
8.727680971754243622e-01
5.599268520151774453e-01
