0.000000000000000000e+00
3.463967073139542253e-03
6.550860239793414655e-03
8.985862924048333353e-03
1.812511184395524527e-02
2.023416928701068582e-02
2.234322673006612636e-02
2.445228417312156691e-02
2.656134161617700745e-02
2.932228954163140430e-02
3.348927576245609716e-02
3.717693074622273330e-02
3.923485952399197868e-02
4.204693611473256376e-02
4.415599355778800778e-02
4.729401538972807101e-02
5.221514942352410010e-02
5.362118771889439611e-02
5.854232175269042521e-02
6.368714369711354906e-02
6.579620114016898613e-02
7.418130224710456355e-02
8.141600838510079652e-02
9.251092875220456868e-02
9.391696704757486469e-02
9.532300534294516070e-02
1.005189559526544762e-01
1.019249942480247723e-01
1.043599969322796944e-01
1.067949996165346166e-01
1.082010379119049126e-01
1.099330214484746798e-01
1.113390597438449758e-01
1.205997392438065974e-01
1.289337116854559762e-01
1.356571311705902783e-01
1.377661886136457292e-01
1.398752460567011802e-01
1.419843034997566311e-01
1.491678809724666654e-01
1.512769384155221164e-01
1.533859958585775674e-01
1.668456169951677559e-01
1.689546744382232069e-01
1.717667510289637989e-01
1.752818467673895320e-01
1.854500600761810614e-01
1.868560983715513435e-01
1.885880819081211246e-01
1.920520489812606590e-01
1.952411994784869209e-01
1.976762021627418431e-01
2.008142239946819063e-01
2.042781910678214408e-01
2.056842293631917229e-01
2.142418897154682034e-01
2.156479280108384855e-01
2.177569854538939365e-01
2.226269908224037808e-01
2.240330291177740629e-01
2.261420865608295139e-01
2.296060536339690483e-01
2.317151110770244993e-01
2.359332259631353734e-01
2.408032313316452178e-01
2.429122887747006687e-01
2.493417184344393633e-01
2.507477567298096455e-01
2.528568141728650964e-01
2.595610604085170636e-01
2.616701178515725146e-01
2.634532300534284666e-01
2.648592683487987487e-01
2.672431423677674722e-01
2.722154050668497138e-01
2.736214433622199960e-01
2.757305008052754469e-01
2.771365391006457291e-01
2.824347470409274141e-01
2.875092670705819975e-01
2.889153053659522796e-01
2.910243628090077306e-01
2.931334202520631815e-01
3.014673926937125881e-01
3.042794692844531523e-01
3.056855075798234345e-01
3.087724007464773268e-01
3.175345757598985741e-01
3.226793977043216910e-01
3.268975125904325929e-01
3.299332770918002589e-01
3.323171511107689824e-01
3.351292277015095467e-01
3.394687731676751530e-01
3.426067949996152162e-01
3.449906690185839397e-01
3.470997264616393907e-01
3.494836004806081142e-01
3.522445484060625076e-01
3.536505867014327897e-01
3.604762635171395169e-01
3.618823018125097990e-01
3.656722141268488047e-01
3.684842907175893689e-01
3.691361811999883114e-01
3.715711838842432058e-01
3.753610961985822114e-01
3.774701536416376624e-01
3.837653705550000960e-01
3.854973540915698771e-01
3.886865045887961112e-01
3.921504716619356734e-01
3.938824551985054545e-01
3.956144387350752356e-01
4.015837104072382258e-01
4.050988061456639588e-01
4.101924994248009049e-01
4.136053378326542407e-01
4.171715622363661446e-01
4.192806196794215956e-01
4.206355293095057069e-01
4.223163841807892616e-01
4.233453485696738738e-01
4.257803512539287683e-01
4.302732827159529427e-01
4.336861211238062785e-01
4.376294194340038524e-01
4.397384768770593033e-01
4.422246082266004241e-01
4.461679065367979979e-01
4.489799831275385622e-01
4.511912979011664104e-01
4.554094127872773123e-01
4.587008206150759437e-01
4.604839328169318957e-01
4.622670450187878477e-01
4.661080859984130798e-01
4.696231817368388128e-01
4.714574226039809912e-01
4.742694991947215555e-01
4.770815757854621197e-01
4.795677071350032405e-01
4.849681724058573229e-01
4.880550655725112152e-01
4.897870491090809963e-01
4.925479970345353897e-01
4.947081831428770116e-01
4.975202597336175758e-01
5.014124293785290343e-01
5.050809111128133910e-01
5.078929877035539553e-01
5.092990259989242929e-01
5.114080834419797439e-01
5.138942147915208647e-01
5.195183679730019932e-01
5.237876115243991215e-01
5.263248715392264687e-01
5.302681698494240425e-01
5.313482629035948257e-01
5.324283559577656089e-01
5.349144873073067297e-01
5.379502518086743956e-01
5.417401641230134013e-01
5.437469642354965105e-01
5.488406575146334010e-01
5.514482194442291707e-01
5.535061482219983953e-01
5.576220057775368444e-01
5.626645703913876195e-01
5.644988112585297424e-01
5.687169261446406443e-01
5.720083339724393312e-01
5.747181532326075537e-01
5.786103228775190122e-01
5.806682516552882367e-01
5.834803282460288010e-01
5.852634404478848085e-01
5.880243883733392574e-01
5.897563719099090385e-01
5.918143006876782630e-01
5.935462842242480441e-01
5.977643991103589460e-01
5.994452539816425007e-01
6.000971444640414987e-01
6.015031827594118363e-01
6.025321471482965041e-01
6.046412045913519551e-01
6.070250786103207341e-01
6.098371552010612984e-01
6.112431934964316360e-01
6.140041414218860849e-01
6.168162180126266492e-01
6.185482015491964303e-01
6.213602781399369945e-01
6.224403711941077777e-01
6.238464094894781153e-01
6.267607434107911324e-01
6.289209295191328097e-01
6.307551703862749326e-01
6.325382825881309401e-01
6.360533783265567287e-01
6.395684740649825173e-01
1.736475775022777723e-01
