0.000000000000000000e+00
3.974323838235051774e-03
5.193256367653868548e-03
6.819213442729668215e-03
7.541623130813119788e-03
7.981941898905478908e-03
9.077011356434471628e-03
1.046562665935837043e-02
1.256519672496190718e-02
1.315228841575171934e-02
1.452944879327180278e-02
1.783756701666640992e-02
1.914706839553967366e-02
2.414773213888083206e-02
2.575077936314900534e-02
2.852800996899680294e-02
2.903598773573598177e-02
2.970219335057642726e-02
3.301138212774709646e-02
3.474974734930890569e-02
3.591247580548471985e-02
3.894888748051598265e-02
3.938920624860834524e-02
3.989718401534752407e-02
4.151168616501951097e-02
4.322821208954975847e-02
4.352175793494466455e-02
4.381530378033957063e-02
4.723583015022018300e-02
4.842146845720362441e-02
4.971951491067307799e-02
5.045337952416034666e-02
5.246345129408550023e-02
5.876216149089610874e-02
5.955223017762638349e-02
6.398871208098536045e-02
6.505048731607897261e-02
6.534403316147388563e-02
6.690126068412680094e-02
6.778189822031152612e-02
6.822221698840388870e-02
7.233185882393257382e-02
7.365281512820964771e-02
7.483845343519308912e-02
7.557231804868035085e-02
7.799979873589023283e-02
7.858689042668004499e-02
7.939986896421794005e-02
7.984018773231030264e-02
8.053968756958612696e-02
8.175862009900494720e-02
8.234571178979475936e-02
8.293280348058457152e-02
8.402787293811356251e-02
8.520205631969318683e-02
8.711010431476007287e-02
8.888283431253332645e-02
8.961669892602058818e-02
9.121974615028875799e-02
9.430197752693528224e-02
9.530647813500982279e-02
9.574679690310218538e-02
9.684186636063117637e-02
9.765484489816907143e-02
9.951707319162070298e-02
1.016728473304672475e-01
1.051610326989946831e-01
1.061655333070692236e-01
1.098796055223447421e-01
1.124424042068482704e-01
1.179739555677362384e-01
1.197123207892980545e-01
1.233712594851066324e-01
1.241727830972407243e-01
1.250648755588292527e-01
1.256519672496190787e-01
1.273341283979378957e-01
1.292307214676009786e-01
1.350787285246914937e-01
1.366474109727482122e-01
1.390956604032135835e-01
1.413097797228552721e-01
1.421113033349893640e-01
1.429575760949626517e-01
1.432511219403575509e-01
1.438382136311473769e-01
1.455089198540623630e-01
1.474627875507445174e-01
1.486484258577279449e-01
1.493031765471645733e-01
1.529506603175693480e-01
1.541810477723919715e-01
1.564159358352891493e-01
1.567094816806840485e-01
1.588194361179153247e-01
1.620931895650984944e-01
1.642947834055602796e-01
1.655480807111905373e-01
1.684606293143319777e-01
1.691944939278192395e-01
1.694880397732141386e-01
1.729876800671453774e-01
1.759907975197412544e-01
1.764311162878336170e-01
1.770182079786234430e-01
1.794789828882687177e-01
1.810258260392938745e-01
1.831139411794935890e-01
1.835542599475859515e-01
1.847846474024085750e-01
1.853717390931984010e-01
1.883186524725512789e-01
1.899549939192548276e-01
1.931038137407720956e-01
1.956322476490641726e-01
1.998210034086435050e-01
2.007130958702320334e-01
2.013678465596686618e-01
2.027564618625925519e-01
2.063466710059782550e-01
2.072835126154059793e-01
2.081641501515907045e-01
2.093383335331703288e-01
2.102980849934056873e-01
2.105916308388005864e-01
2.123529059111700368e-01
2.129399976019598628e-01
2.139674080608420237e-01
2.151072266662102106e-01
2.165302067453455659e-01
2.179302769736732870e-01
2.183705957417656496e-01
2.194656651992946406e-01
2.211592812730172608e-01
2.215996000411096234e-01
2.237668291053599712e-01
2.243539207961497972e-01
2.255281041777294215e-01
2.276953332419797693e-01
2.290162895462568571e-01
2.298292680837947521e-01
2.307546547678186732e-01
2.310482006132135724e-01
2.322223839947931967e-01
2.331030215309779219e-01
2.348528416779435413e-01
2.380370968294483192e-01
2.389968482896836777e-01
2.392903941350785768e-01
2.409496454325897596e-01
2.421238288141693840e-01
2.436821268905983717e-01
2.505460894811672445e-01
2.521262268546277663e-01
2.539437060002401880e-01
2.563711866874500700e-01
2.583583486065675894e-01
2.594648729895003836e-01
2.610450103629609053e-01
2.635390794950415172e-01
2.641938301844781734e-01
2.659425797776677203e-01
2.683586055394737713e-01
2.692392430756584965e-01
2.708652001507342866e-01
2.713055189188266492e-01
2.720393835323139387e-01
2.741618634487251183e-01
2.750425009849098434e-01
2.760584565183882289e-01
2.789366403453182319e-01
2.819397577979141367e-01
2.826059634127545683e-01
2.835095107997468999e-01
2.840966024905366982e-01
2.854404686456213924e-01
2.878002903341844720e-01
2.883988369503781013e-01
2.892003605625121931e-01
2.894939064079071200e-01
2.918422731710663687e-01
2.922825919391587313e-01
3.020361932820613826e-01
3.049487418852028231e-01
3.061562194892178401e-01
3.065965382573102027e-01
3.081319264829315285e-01
3.085722452510238911e-01
3.106489054658198024e-01
3.112922012298526275e-01
3.124663846114322796e-01
3.131325902262727112e-01
3.147127275997332330e-01
3.152998192905230312e-01
3.156610241345647605e-01
3.186297768109492279e-01
3.192168685017390262e-01
3.203004830338642139e-01
3.210343476473515034e-01
3.226373948716196871e-01
3.241727830972410129e-01
3.250534206334257381e-01
3.261255802401470949e-01
3.272653988455152541e-01
3.278410356109012769e-01
3.292181959884213360e-01
3.304829482194553969e-01
3.334860656720513017e-01
3.365006380500509819e-01
3.375727976567723387e-01
3.405977544063997775e-01
3.444242347681613081e-01
3.459138032921674211e-01
3.471327358215862136e-01
3.491198977407037329e-01
3.518283987941286384e-01
3.538384705640538197e-01
3.562888611020713081e-01
3.578804534009356608e-01
3.600935021668012492e-01
3.621025033829503581e-01
3.626895950737401564e-01
3.648120749901513360e-01
3.651056208355462629e-01
3.660539173703777904e-01
3.668668959079157132e-01
3.689217168256800350e-01
3.700729903564520251e-01
3.712357188126278462e-01
3.724099021942074983e-01
3.744876329627794820e-01
3.756847261951667405e-01
3.780434773299537476e-01
3.783370231753486745e-01
3.844556662270264269e-01
3.854154176872617854e-01
3.867811231393780691e-01
3.880344204450083545e-01
3.912748796697561593e-01
3.922346311299915178e-01
3.934088145115711699e-01
3.942894520477558951e-01
3.956780673506797852e-01
3.962651590414695835e-01
3.977099784176365005e-01
3.993921395659553175e-01
3.999001173326944825e-01
4.005996171699702790e-01
4.023379823915320674e-01
4.045395762319938804e-01
4.098566956715375964e-01
4.114930371182411450e-01
4.121363328822739702e-01
4.140891300251800522e-01
4.150374265600115797e-01
4.161210410921367675e-01
4.182997250817909185e-01
4.198018190849768794e-01
4.247358943834472766e-01
4.273892619174052276e-01
4.318819478940071899e-01
4.326158125074944794e-01
4.329093583528894063e-01
4.337899958890741314e-01
4.351213365649789777e-01
4.356064044809105362e-01
4.366338149397926971e-01
4.370741337078850597e-01
4.375821114746242246e-01
4.386771809321532434e-01
4.398284544629252335e-01
4.401105453829163294e-01
4.404040912283112563e-01
4.409911829191010546e-01
4.415782746098908529e-01
4.432489808328058389e-01
4.438360725235956372e-01
4.445470272862752648e-01
4.454838688957030168e-01
4.465789383532320356e-01
4.470192571213243982e-01
4.482714838731786111e-01
4.498287113958315264e-01
4.500431433171758200e-01
4.506978940066124761e-01
4.511382127747048387e-01
4.517585986879300020e-01
4.523342354533160248e-01
4.527745542214083874e-01
4.540955105256854751e-01
4.543890563710804020e-01
4.547617161405259623e-01
4.553488078313157605e-01
4.568269214299180425e-01
4.579781949606900326e-01
4.584185137287823952e-01
4.607887197889732334e-01
4.612290385570655959e-01
4.621773350918971235e-01
4.626176538599894861e-01
4.634191774721235779e-01
4.640062691629133762e-01
4.649316558469372973e-01
4.658122933831220225e-01
4.662526121512143851e-01
4.675059094568446705e-01
4.677994553022395974e-01
4.683074330689787623e-01
4.689621837584154185e-01
4.695378205238014413e-01
4.699552294410861975e-01
4.709482751237569209e-01
4.718174577345378151e-01
4.720204347304782777e-01
4.737129802504248532e-01
4.752931176238853750e-01
4.758572994638675668e-01
4.766359132251939967e-01
4.770762319932863593e-01
4.793891634264580981e-01
4.796827092718530250e-01
4.799762551172479519e-01
4.806872098799275794e-01
4.812743015707173777e-01
4.816240514893552760e-01
4.824255751014893678e-01
4.829335528682285328e-01
4.844345763176384212e-01
4.856753481440888032e-01
4.859688939894837301e-01
4.864092127575760927e-01
4.870639634470127488e-01
4.879893501310366699e-01
4.884296688991290325e-01
4.888585327418175641e-01
4.907322159606730128e-01
4.918949444168488339e-01
4.928994450249233883e-01
4.932606498689651175e-01
4.940621734810992094e-01
4.951905371610635931e-01
4.960035156986015159e-01
4.967935843853317768e-01
4.972339031534241394e-01
4.975274489988190663e-01
4.989035388225631085e-01
4.994906305133529067e-01
5.001901303506287588e-01
5.004722212706198547e-01
5.007657671160147261e-01
5.017588127986855051e-01
5.023344495640714724e-01
5.030797691029625929e-01
5.035200878710549555e-01
5.049419973964142105e-01
5.058226349325989357e-01
5.067032724687836609e-01
5.069968183141785323e-01
5.077983419263125686e-01
5.087351835357403207e-01
5.099541160651591687e-01
5.111272288929626928e-01
5.114884337370043665e-01
5.117819795823992379e-01
5.125272991212903584e-01
5.134755956561218859e-01
5.139159144242142485e-01
5.152025059522798989e-01
5.180577799284022955e-01
5.183513257737971669e-01
5.188707584659401073e-01
5.191528493859312032e-01
5.195931681540235658e-01
5.217478717390940934e-01
5.220414175844889648e-01
5.226847133485217345e-01
5.231250321166140971e-01
5.238474418046975556e-01
5.245251023449417627e-01
5.250101702608732657e-01
5.266465117075768143e-01
5.274136705434994132e-01
5.280122171596930425e-01
5.284410810023816296e-01
5.296152643839612262e-01
5.307550829893293853e-01
5.314098336787660415e-01
5.322904712149507667e-01
5.330805399016810275e-01
5.343213117281313540e-01
5.347616304962237166e-01
5.353487221870135704e-01
5.362293597231982956e-01
5.366696784912906582e-01
5.373015193299196524e-01
5.375950651753145237e-01
5.394791327657977309e-01
5.400433146057799227e-01
5.410363602884507017e-01
5.420752256727366936e-01
5.430006123567605592e-01
5.437344769702477931e-01
5.443892276596844493e-01
5.452355004196577370e-01
5.460370240317917734e-01
5.468832967917650612e-01
5.477639343279497863e-01
5.490172316335800717e-01
5.498749593189571350e-01
5.501685051643520064e-01
5.508680050016278029e-01
5.514550966924176567e-01
5.515904146897112614e-01
5.523471891540061574e-01
5.535557373117971913e-01
5.540637150785363563e-01
5.546508067693262101e-01
5.555314443055109352e-01
5.559717630736032978e-01
5.564797408403424628e-01
5.567732866857373342e-01
5.584221536116207307e-01
5.611879292920647355e-01
5.615491341361064093e-01
5.628586355149797216e-01
5.632989542830720842e-01
5.635925001284669555e-01
5.644960475154593427e-01
5.652299121289465766e-01
5.656702308970389392e-01
5.658961177437870083e-01
5.662011185145857661e-01
5.667205512067287065e-01
5.671608699748210691e-01
5.676011887429134317e-01
5.678947345883083031e-01
5.686285992017955371e-01
5.690689179698878997e-01
5.693624638152827711e-01
5.698027825833751336e-01
5.711237388876522214e-01
5.720501961254521595e-01
5.729537435124445466e-01
5.733149483564862203e-01
5.739696990459228765e-01
5.751095176512910356e-01
5.762045871088200544e-01
5.768593377982567105e-01
5.773673155649958755e-01
5.778638384063312650e-01
5.784509300971211188e-01
5.795230897038424756e-01
5.810012033024447575e-01
5.815768400678307248e-01
5.832360913653419354e-01
5.838231830561317892e-01
5.842635018242241518e-01
5.860466161936251916e-01
5.863401620390200630e-01
5.870740266525072970e-01
5.873675724979021684e-01
5.876611183432970398e-01
5.884740968808349626e-01
5.889144156489273252e-01
5.899980301810524574e-01
5.903821448759017931e-01
5.914886692588345873e-01
5.920757609496244411e-01
5.929563984858091663e-01
5.936340590260533734e-01
5.948196973330368564e-01
5.952600161011292190e-01
5.962988814854152109e-01
5.971909739470037115e-01
5.977780656377935653e-01
5.986587031739782905e-01
5.997766824823148601e-01
6.002170012504072227e-01
6.005105470958020941e-01
6.013911846319868193e-01
6.018315034000791819e-01
6.028589138589613983e-01
6.040445521659448813e-01
6.050386684023917327e-01
6.056257600931815865e-01
6.060098747880309222e-01
6.063034206334257936e-01
6.068905123242156474e-01
6.073308310923080100e-01
6.077711498604003726e-01
6.087985603192825890e-01
6.092388790873749516e-01
6.108762910878545727e-01
6.113280647813507107e-01
6.122878162415860137e-01
6.128072489337289541e-01
6.137784553193681436e-01
6.156073893903843963e-01
6.163641638546792922e-01
6.169512555454691460e-01
6.182836667751500093e-01
6.187239855432423719e-01
6.194922149329410432e-01
6.201698754731852503e-01
6.210505130093699755e-01
6.216376047001598293e-01
6.223267201658079228e-01
6.231282437779419592e-01
6.235685625460343218e-01
6.242909722341177803e-01
6.261199063051340330e-01
6.264134521505289044e-01
6.267069979959237758e-01
6.273732036107642074e-01
6.282205469245135676e-01
6.289429566125970261e-01
6.316067085181827911e-01
6.327808918997623877e-01
6.330744377451572591e-01
6.334585524400065948e-01
6.357850799061343094e-01
6.366095133690760077e-01
6.369259690652785411e-01
6.373662878333709036e-01
6.385071769925151353e-01
6.390942686833049891e-01
6.393992694541037469e-01
6.398395882221961095e-01
6.403590209143390499e-01
6.409461126051289037e-01
6.413187723745744639e-01
6.420526369880616979e-01
6.431477064455907167e-01
6.437347981363805705e-01
6.440283439817754418e-01
6.444686627498678044e-01
6.449089815179601670e-01
6.456313912060436255e-01
6.464329148181776619e-01
6.482389390383862526e-01
6.486792578064786152e-01
6.498534411880582118e-01
6.502937599561505744e-01
6.505873058015454458e-01
6.510276245696378083e-01
6.517614891831250423e-01
6.526879464209249804e-01
6.540890872030287184e-01
6.545179510457173055e-01
6.559409311248526331e-01
6.564259990407841361e-01
6.571598636542713701e-01
6.582101839639611374e-01
6.591699354241964404e-01
6.606709588736063843e-01
6.613142546376391540e-01
6.623073003203099329e-01
6.635595270721641459e-01
6.648128243777944313e-01
6.654790299926348629e-01
6.663815068258511776e-01
6.670362575152878337e-01
6.673974623593295075e-01
6.683686687449686969e-01
6.690577842106167905e-01
6.705255134375913695e-01
6.714623550470191216e-01
6.720265368870013134e-01
6.732902185642593018e-01
6.741594011750402515e-01
6.747235830150224434e-01
6.757957426217438002e-01
6.762475163152399382e-01
6.764734031619880072e-01
6.772749267741220436e-01
6.775570176941131395e-01
6.786520871516421582e-01
6.792277239170281256e-01
6.801083614532128507e-01
6.816770439012695970e-01
6.822526806666555643e-01
6.835392721947212147e-01
6.840587048868641551e-01
6.848602284989981914e-01
6.859209331803157728e-01
6.863727068738119108e-01
6.872533444099966360e-01
6.880548680221306723e-01
6.885743007142736127e-01
6.895340521745089157e-01
6.903355757866429521e-01
6.907873494801390901e-01
6.913858960963327194e-01
6.920635566365769265e-01
6.927297622514173581e-01
6.933053990168033254e-01
6.938810357821892927e-01
6.947616733183740179e-01
6.952019920864663804e-01
6.959358566999536144e-01
6.965114934653395817e-01
6.974035859269280824e-01
6.981259956150115409e-01
6.985663143831039035e-01
6.993792929206418263e-01
7.002599304568265515e-01
7.010281598465252229e-01
7.018182285332554837e-01
7.025520931467427177e-01
7.027103209948439844e-01
7.031620946883401224e-01
7.041218461485754254e-01
7.048109616142235190e-01
7.052512803823158816e-01
7.056915991504082442e-01
7.059174859971563132e-01
7.063578047652486758e-01
7.066628055360474336e-01
7.072728070776448384e-01
7.076225569962827366e-01
7.081305347630219016e-01
7.089091485243483870e-01
7.100833319059279836e-01
7.105913096726671485e-01
7.115729004299340410e-01
7.120694232712694305e-01
7.127356288861098621e-01
7.130291747315047335e-01
7.133227205768996049e-01
7.138192434182349944e-01
7.148466538771172107e-01
7.153993807916956271e-01
7.159750175570815944e-01
7.165391993970637863e-01
7.171377460132574155e-01
7.175666098559460027e-01
7.178601557013408740e-01
7.183681334680800390e-01
7.188084522361724016e-01
7.192487710042647642e-01
7.196099758483064379e-01
7.200388396909950250e-01
7.202532716123393186e-01
7.207497944536747081e-01
7.213816352923037023e-01
7.220134761309326965e-01
7.229503177403604486e-01
7.235374094311503024e-01
7.247907067367805878e-01
7.261564121888968160e-01
7.264385031088879119e-01
7.272962307942649751e-01
7.277365495623573377e-01
7.283798453263901074e-01
7.290231410904228770e-01
7.297226409276986736e-01
7.300838457717403474e-01
7.307833456090161439e-01
7.313360725235945603e-01
7.322843690584260878e-01
7.329505746732665195e-01
7.333908934413588820e-01
7.339217810589057089e-01
7.341476679056537780e-01
7.344526686764525358e-01
7.348929874445448984e-01
7.361806495263866212e-01
7.367906510679840260e-01
7.372309698360763885e-01
7.378971754509168202e-01
7.384842671417066740e-01
7.392972456792445968e-01
7.395231325259926658e-01
7.402007930662368729e-01
7.410928855278253735e-01
7.416123182199683139e-01
7.422337746869696051e-01
7.423805476096670963e-01
2.669084545483818571e-01
