0.000000000000000000e+00
1.678175041825999414e-02
2.305751822418732749e-02
3.010678701601332552e-02
4.119347887786799223e-02
4.573972275334599324e-02
4.812978011472265893e-02
5.222882185109932462e-02
5.535130108747599031e-02
6.325389504660598738e-02
6.853256079708398840e-02
7.021073583890999337e-02
7.715730685348932971e-02
8.218156220124266109e-02
8.888399259082199744e-02
9.610551356357532882e-02
9.802782923040133378e-02
1.035711751613286602e-01
1.050052095781546652e-01
1.088395711340819916e-01
1.138638264818353230e-01
1.181967390654873190e-01
1.244211579827913111e-01
1.301881049832692983e-01
1.354667707337472993e-01
1.414573188037759610e-01
1.426574823733266217e-01
1.469595856238046228e-01
1.544047076661086149e-01
1.682796441802099363e-01
1.721858941802099363e-01
1.741287494024852667e-01
1.753391827497605970e-01
1.821135015834126070e-01
1.847990484584126070e-01
1.909025640834126070e-01
2.093956329170646169e-01
2.127725225561659383e-01
2.149595184034412687e-01
2.183774871534412687e-01
2.188657684034412687e-01
2.205747527784412687e-01
2.237485809034412687e-01
2.252031548757165991e-01
2.271562798757165991e-01
2.346835601398179205e-01
2.378573882648179205e-01
2.412650872370932509e-01
2.429638018343685812e-01
2.453743987511945723e-01
2.512337737511946001e-01
2.572551311543972430e-01
2.604084197239479037e-01
2.652912322239479037e-01
2.696857634739479037e-01
2.711403374462232341e-01
2.745069573075998859e-01
2.798677812798752162e-01
2.874053313217012073e-01
2.927764250717012073e-01
2.969165459189765377e-01
3.013008073912518681e-01
3.025215105162518681e-01
3.054409282385271984e-01
3.068955022108025288e-01
3.112900334608025288e-01
3.122563261830778591e-01
3.198041460026285199e-01
3.229677043499038502e-01
3.270872856417298413e-01
3.363543596140051717e-01
3.385413554612805020e-01
3.419490544335558324e-01
3.545416691563091360e-01
3.559962431285844664e-01
3.596275431704104575e-01
3.625572306704104575e-01
3.669106828095117789e-01
3.725053776290624397e-01
3.753939860181637611e-01
3.775707120877144218e-01
3.802254496295404129e-01
3.826668558795404129e-01
3.850671830186417344e-01
3.862776163659170647e-01
3.905899893941197076e-01
3.925328446163950380e-01
3.959200040332210291e-01
4.021649625059743327e-01
4.045960989782496631e-01
4.062845437978003238e-01
4.082068594646263149e-01
4.173198867710316562e-01
4.182964492710316562e-01
4.233309743965096295e-01
4.247958181465096295e-01
4.293523317997122724e-01
4.334205642029149153e-01
4.396552528979436048e-01
4.442117665511462477e-01
4.499889833293488905e-01
4.536100135934502120e-01
4.570177125657255424e-01
4.603740626493775245e-01
4.625302491634788460e-01
4.654393971080295067e-01
4.671381117053048371e-01
4.705458106775801674e-01
4.741565711639568192e-01
4.765568983030581407e-01
4.796999170948841318e-01
4.821105140117101229e-01
4.864536963730867747e-01
4.874199890953621050e-01
4.919765027485647479e-01
4.948548413599413998e-01
4.984758716240427212e-01
5.001540466658687123e-01
5.037442675967960248e-01
5.073652978608973463e-01
5.085654614304480070e-01
5.121762219168246588e-01
5.148514990140999892e-01
5.165296740559259803e-01
5.201404345423026321e-01
5.232937231118532928e-01
5.249718981536792839e-01
5.268942138205052750e-01
5.293150805150559357e-01
5.305357836400559357e-01
5.317564867650559357e-01
5.334654711400559357e-01
5.341978930150559357e-01
5.361407482373312661e-01
5.392632274737079179e-01
5.414194139878092393e-01
5.440536119741858911e-01
5.469422203632872126e-01
5.493425475023885340e-01
5.519767454887651859e-01
5.536754600860405162e-01
5.546520225860405162e-01
5.561065965583158466e-01
5.580391820028665073e-01
5.592598851278665073e-01
5.604805882528665073e-01
5.616910216001418377e-01
5.624234434751418377e-01
5.643457591419678288e-01
5.657900633365184895e-01
5.674887779337938198e-01
5.701537852533444806e-01
5.725643821701704717e-01
5.747205686842717931e-01
5.759207322538224538e-01
5.792976218929237753e-01
5.809757969347497664e-01
5.828981126015757575e-01
5.845762876434017485e-01
5.869766147825030700e-01
5.886650596020537307e-01
5.910859262966043914e-01
5.920522190188797218e-01
5.930287815188797218e-01
5.956937888384303825e-01
5.978602451302563736e-01
5.990706784775317040e-01
6.029358493666330254e-01
6.039124118666330254e-01
6.073201108389083558e-01
6.082966733389083558e-01
6.114396921307343469e-01
6.131281369502850076e-01
6.160475546725603380e-01
6.179801401171109987e-01
6.206246078812123201e-01
6.223130527007629809e-01
6.242353683675889719e-01
6.259135434094149630e-01
6.273475778262409541e-01
6.283036007707916148e-01
6.299817758126176059e-01
6.321379623267189274e-01
6.330939852712695881e-01
6.350163009380955792e-01
6.367047457576462399e-01
6.388917416049215703e-01
6.410684676744722310e-01
6.420347603967475614e-01
6.432451937440228917e-01
6.449336385635735525e-01
6.468662240081242132e-01
6.475986458831242132e-01
6.485649386053995435e-01
6.524301094945008650e-01
6.534066719945008650e-01
6.538949532445008650e-01
6.553495272167761954e-01
6.572718428836021864e-01
6.587161470781528472e-01
6.594485689531528472e-01
6.604251314531528472e-01
6.609134127031528472e-01
6.618797054254281775e-01
5.180797819190972181e-02
