511
0
513
1028
1029
518
1031
1033
10
11
523
13
14
526
1041
531
1045
1046
1048
26
27
538
1050
1055
545
1058
547
549
1061
39
44
1068
46
1073
564
54
1082
571
61
62
63
1088
66
1095
584
1097
1098
77
78
1104
1106
83
1107
1108
1109
1110
1113
604
93
1116
99
1124
101
614
1127
616
1128
1129
107
108
620
1131
623
1133
113
628
1140
123
124
636
1151
1156
1160
649
652
146
659
148
660
1175
152
665
1176
156
157
668
164
1190
1191
1192
1198
687
182
183
1209
702
704
193
1217
707
198
710
711
1222
715
719
208
720
1231
211
1236
725
731
220
1243
1246
223
224
1248
1249
740
231
748
1260
238
751
1265
755
1268
245
1269
1271
760
1276
254
255
768
769
261
265
1290
1291
1296
785
1297
787
1302
791
280
792
283
795
285
798
808
298
811
1323
814
303
1332
1337
1338
827
1343
832
833
322
1347
325
327
1352
841
331
846
1359
337
338
849
851
853
1362
856
858
347
860
350
862
864
1375
868
1380
871
1383
363
876
1388
368
1394
372
1396
375
376
380
383
384
895
898
900
392
904
396
918
923
412
416
419
931
932
423
424
936
938
429
944
949
951
952
955
445
959
451
963
965
457
458
969
471
472
477
990
485
487
1002
1005
494
495
1017
506
508
512
1025
517
524
1037
1038
1040
23
29
31
32
1057
34
1059
548
1060
551
1065
42
555
1069
565
566
58
59
1083
1085
1087
64
577
1089
72
1096
586
588
590
591
80
1105
598
605
1118
618
1134
118
120
1146
128
641
1154
132
646
139
1170
1172
662
1183
1185
1189
680
1195
684
176
693
699
1211
1215
1219
197
713
1225
204
212
727
216
1245
734
738
1255
750
239
1266
243
757
761
250
251
1274
1284
1286
1292
1293
274
790
1309
1311
289
294
807
297
812
302
1331
821
822
311
312
824
1335
334
847
339
341
345
351
353
354
1379
869
870
360
1386
1395
1397
888
890
892
896
897
386
395
397
909
415
927
934
427
945
436
444
960
972
979
991
482
994
1003
496
1008
1010
1012
1019
2
3
1026
519
522
1039
20
534
536
25
540
30
546
1063
1078
1079
572
65
73
76
589
1100
1103
81
1111
88
91
606
97
1121
111
1137
627
1141
630
632
633
1145
640
133
1162
1163
653
144
1178
155
669
163
1187
1200
179
694
698
700
190
706
200
1226
1227
716
205
1228
207
209
213
215
222
227
1256
1257
234
237
1275
765
766
770
777
780
782
1307
284
803
805
806
295
1317
1320
1322
299
301
815
306
818
314
826
1341
831
1345
834
328
842
844
848
343
1371
355
867
365
1391
379
908
400
404
407
919
411
926
417
933
428
433
441
443
966
974
463
468
478
497
1014
1015
504
505
509
291
49
1080
1114
843
961
621
189
581
1367
191
1123
192
391
1132
109
1094
476
69
863
1360
1373
408
773
1157
218
786
857
866
17
82
602
1125
1262
329
336
601
817
1207
175
916
279
382
349
800
970
1115
995
16
1210
115
304
195
203
1090
595
981
159
1312
957
100
126
171
186
872
663
335
626
968
533
726
1221
1344
37
1374
48
131
178
151
774
1102
539
996
764
656
1180
262
1212
964
1042
420
332
1188
929
440
1350
535
558
319
946
691
1295
776
574
1330
1007
939
950
1135
461
1241
1304
9
188
450
617
270
983
342
393
488
578
585
594
1155
709
845
1159
1153
1240
1
