1.000000000000000000e+00
9.989082969432314663e-01
9.978165938864629325e-01
9.967248908296942878e-01
9.956331877729257540e-01
9.956331877729257540e-01
9.945414847161572203e-01
9.934497816593886865e-01
9.836244541484716608e-01
9.836244541484716608e-01
9.792576419213974148e-01
9.639737991266376094e-01
9.585152838427947186e-01
9.552401746724891174e-01
9.475982532751091592e-01
9.399563318777293119e-01
9.388646288209606672e-01
9.388646288209606672e-01
9.355895196506550660e-01
9.344978165938864212e-01
9.334061135371178874e-01
9.323144104803493537e-01
9.312227074235808200e-01
9.312227074235808200e-01
9.301310043668121752e-01
9.257641921397380402e-01
9.257641921397380402e-01
9.257641921397380402e-01
9.246724890829693955e-01
9.235807860262008617e-01
9.224890829694323280e-01
9.192139737991266157e-01
9.181222707423580820e-01
9.170305676855895483e-01
9.126637554585153023e-01
9.115720524017467685e-01
9.115720524017467685e-01
9.115720524017467685e-01
9.082969432314410563e-01
9.039301310043668103e-01
9.039301310043668103e-01
8.864628820960698263e-01
8.864628820960698263e-01
8.788209606986899791e-01
8.788209606986899791e-01
8.744541484716157331e-01
8.711790393013100209e-01
8.700873362445414871e-01
8.700873362445414871e-01
8.700873362445414871e-01
8.679039301310044197e-01
8.679039301310044197e-01
8.668122270742357749e-01
8.624454148471615289e-01
8.580786026200872829e-01
8.569868995633187492e-01
8.558951965065502154e-01
8.548034934497816817e-01
8.537117903930131479e-01
8.526200873362445032e-01
8.482532751091702572e-01
8.482532751091702572e-01
8.471615720524017235e-01
8.427947598253274775e-01
8.406113537117904100e-01
8.395196506550218762e-01
8.340611353711789855e-01
8.340611353711789855e-01
8.198689956331878248e-01
8.165938864628821126e-01
8.078602620087336206e-01
8.067685589519650868e-01
8.034934497816593746e-01
8.002183406113536623e-01
7.991266375545851286e-01
7.991266375545851286e-01
7.991266375545851286e-01
7.980349344978165949e-01
7.958515283842795274e-01
7.903930131004366366e-01
7.893013100436681029e-01
7.849344978165938569e-01
7.838427947598253231e-01
7.838427947598253231e-01
7.838427947598253231e-01
7.827510917030567894e-01
7.816593886462882557e-01
7.772925764192140097e-01
7.762008733624453649e-01
7.762008733624453649e-01
7.740174672489082974e-01
7.718340611353712299e-01
7.707423580786025852e-01
7.707423580786025852e-01
7.696506550218340514e-01
7.685589519650655177e-01
7.609170305676855595e-01
7.587336244541484920e-01
7.554585152838427797e-01
7.543668122270742460e-01
7.543668122270742460e-01
7.532751091703057122e-01
7.478165938864629325e-01
7.478165938864629325e-01
7.478165938864629325e-01
7.467248908296942878e-01
7.467248908296942878e-01
7.456331877729257540e-01
7.456331877729257540e-01
7.445414847161572203e-01
7.434497816593886865e-01
7.292576419213974148e-01
7.281659388646287701e-01
7.237991266375546351e-01
7.227074235807859903e-01
7.194323144104803891e-01
7.194323144104803891e-01
7.183406113537117443e-01
7.172489082969432106e-01
7.161572052401746769e-01
7.106986899563318971e-01
7.106986899563318971e-01
7.074235807860261849e-01
7.063318777292576511e-01
7.063318777292576511e-01
6.910480349344978457e-01
6.899563318777293119e-01
6.888646288209606672e-01
6.790393013100436415e-01
6.670305676855895483e-01
6.659388646288210145e-01
6.659388646288210145e-01
6.659388646288210145e-01
6.648471615720523697e-01
6.648471615720523697e-01
6.506550218340610980e-01
6.506550218340610980e-01
6.495633187772925643e-01
6.484716157205240306e-01
6.484716157205240306e-01
6.473799126637554968e-01
6.473799126637554968e-01
6.473799126637554968e-01
6.462882096069868521e-01
6.462882096069868521e-01
6.364628820960698263e-01
6.320960698689955803e-01
6.320960698689955803e-01
6.320960698689955803e-01
6.288209606986899791e-01
6.255458515283842669e-01
6.244541484716157331e-01
6.135371179039301737e-01
6.124454148471615289e-01
6.113537117903929952e-01
6.037117903930131479e-01
5.917030567685589437e-01
5.884279475982532315e-01
5.884279475982532315e-01
5.840611353711789855e-01
5.807860262008733843e-01
5.753275109170306045e-01
5.742358078602619598e-01
5.709606986899563585e-01
5.698689956331878248e-01
5.698689956331878248e-01
5.687772925764191800e-01
5.676855895196506463e-01
5.665938864628821126e-01
5.655021834061135788e-01
5.556768558951965531e-01
5.545851528384279083e-01
5.534934497816593746e-01
5.534934497816593746e-01
5.502183406113536623e-01
5.447598253275108826e-01
5.327510917030567894e-01
5.327510917030567894e-01
5.327510917030567894e-01
5.327510917030567894e-01
5.283842794759825434e-01
5.272925764192140097e-01
4.858078602620087283e-01
4.847161572052401945e-01
4.836244541484716053e-01
4.836244541484716053e-01
4.803493449781659486e-01
4.803493449781659486e-01
4.443231441048035024e-01
4.443231441048035024e-01
4.410480349344977902e-01
4.410480349344977902e-01
4.399563318777292564e-01
4.399563318777292564e-01
4.399563318777292564e-01
4.268558951965065740e-01
4.268558951965065740e-01
4.268558951965065740e-01
4.257641921397379847e-01
4.224890829694323280e-01
4.224890829694323280e-01
4.224890829694323280e-01
4.203056768558952050e-01
4.072052401746724670e-01
4.072052401746724670e-01
4.061135371179039333e-01
3.930131004366811953e-01
3.799126637554585129e-01
3.657205240174672412e-01
3.657205240174672412e-01
3.613537117903929952e-01
3.548034934497816817e-01
3.340611353711790410e-01
3.340611353711790410e-01
3.253275109170305490e-01
3.155021834061135233e-01
3.056768558951964976e-01
3.013100436681222516e-01
2.991266375545851286e-01
2.696506550218340514e-01
2.641921397379912717e-01
2.641921397379912717e-01
2.587336244541484920e-01
2.587336244541484920e-01
2.587336244541484920e-01
2.587336244541484920e-01
2.456331877729257540e-01
2.456331877729257540e-01
2.194323144104803613e-01
2.194323144104803613e-01
2.194323144104803613e-01
2.183406113537117998e-01
2.030567685589519666e-01
2.030567685589519666e-01
1.932314410480349409e-01
1.932314410480349409e-01
1.855895196506550104e-01
1.779475982532751077e-01
1.779475982532751077e-01
1.768558951965065462e-01
1.768558951965065462e-01
1.724890829694323280e-01
1.615720524017467130e-01
1.615720524017467130e-01
1.593886462882096178e-01
1.593886462882096178e-01
1.593886462882096178e-01
1.593886462882096178e-01
1.517467248908296873e-01
1.364628820960698818e-01
8.406113537117904100e-02
8.406113537117904100e-02
8.406113537117904100e-02
8.406113537117904100e-02
8.406113537117904100e-02
8.406113537117904100e-02
8.406113537117904100e-02
8.406113537117904100e-02
3.384279475982533009e-02
2.292576419213973940e-02
2.292576419213973940e-02
2.292576419213973940e-02
2.292576419213973940e-02
2.292576419213973940e-02
2.183406113537117790e-02
2.183406113537117790e-02
2.183406113537117790e-02
2.183406113537117790e-02
2.183406113537117790e-02
2.183406113537117790e-02
2.183406113537117790e-02
2.183406113537117790e-02
2.183406113537117790e-02
2.183406113537117790e-02
2.183406113537117790e-02
2.183406113537117790e-02
2.183406113537117790e-02
2.183406113537117790e-02
2.183406113537117790e-02
2.183406113537117790e-02
2.183406113537117790e-02
2.183406113537117790e-02
1.965065502183406185e-02
1.965065502183406185e-02
1.965065502183406185e-02
1.965065502183406185e-02
1.965065502183406185e-02
1.965065502183406185e-02
1.965065502183406185e-02
1.965065502183406185e-02
1.965065502183406185e-02
1.965065502183406185e-02
1.965065502183406185e-02
1.855895196506550382e-02
1.310043668122270674e-02
1.310043668122270674e-02
1.310043668122270674e-02
1.310043668122270674e-02
1.310043668122270674e-02
1.310043668122270674e-02
1.310043668122270674e-02
1.310043668122270674e-02
1.310043668122270674e-02
1.310043668122270674e-02
1.310043668122270674e-02
1.310043668122270674e-02
1.310043668122270674e-02
1.310043668122270674e-02
1.310043668122270674e-02
1.310043668122270674e-02
1.310043668122270674e-02
1.310043668122270674e-02
1.310043668122270674e-02
1.310043668122270674e-02
1.310043668122270674e-02
1.310043668122270674e-02
1.310043668122270674e-02
1.310043668122270674e-02
1.310043668122270674e-02
1.310043668122270674e-02
1.310043668122270674e-02
1.310043668122270674e-02
1.310043668122270674e-02
1.310043668122270674e-02
1.310043668122270674e-02
1.310043668122270674e-02
1.310043668122270674e-02
1.310043668122270674e-02
1.310043668122270674e-02
1.310043668122270674e-02
1.310043668122270674e-02
1.310043668122270674e-02
1.310043668122270674e-02
1.310043668122270674e-02
1.310043668122270674e-02
1.310043668122270674e-02
1.310043668122270674e-02
1.310043668122270674e-02
1.310043668122270674e-02
1.310043668122270674e-02
1.310043668122270674e-02
1.310043668122270674e-02
1.310043668122270674e-02
1.310043668122270674e-02
1.310043668122270674e-02
1.310043668122270674e-02
1.310043668122270674e-02
1.310043668122270674e-02
1.310043668122270674e-02
1.310043668122270674e-02
1.310043668122270674e-02
1.310043668122270674e-02
1.310043668122270674e-02
1.310043668122270674e-02
1.310043668122270674e-02
1.310043668122270674e-02
1.310043668122270674e-02
1.310043668122270674e-02
1.310043668122270674e-02
1.310043668122270674e-02
1.310043668122270674e-02
1.310043668122270674e-02
1.310043668122270674e-02
1.200873362445414871e-02
1.200873362445414871e-02
1.200873362445414871e-02
1.200873362445414871e-02
1.200873362445414871e-02
1.200873362445414871e-02
1.200873362445414871e-02
1.200873362445414871e-02
1.200873362445414871e-02
1.200873362445414871e-02
1.200873362445414871e-02
1.200873362445414871e-02
1.200873362445414871e-02
1.200873362445414871e-02
1.200873362445414871e-02
1.200873362445414871e-02
1.200873362445414871e-02
1.200873362445414871e-02
1.200873362445414871e-02
1.200873362445414871e-02
1.200873362445414871e-02
1.200873362445414871e-02
1.200873362445414871e-02
1.200873362445414871e-02
1.200873362445414871e-02
1.200873362445414871e-02
1.200873362445414871e-02
1.200873362445414871e-02
1.200873362445414871e-02
1.200873362445414871e-02
1.200873362445414871e-02
1.200873362445414871e-02
1.200873362445414871e-02
1.200873362445414871e-02
1.200873362445414871e-02
1.200873362445414871e-02
8.733624454148471161e-03
8.733624454148471161e-03
8.733624454148471161e-03
8.733624454148471161e-03
8.733624454148471161e-03
8.733624454148471161e-03
8.733624454148471161e-03
8.733624454148471161e-03
8.733624454148471161e-03
8.733624454148471161e-03
8.733624454148471161e-03
8.733624454148471161e-03
8.733624454148471161e-03
8.733624454148471161e-03
8.733624454148471161e-03
8.733624454148471161e-03
8.733624454148471161e-03
8.733624454148471161e-03
8.733624454148471161e-03
8.733624454148471161e-03
8.733624454148471161e-03
8.733624454148471161e-03
8.733624454148471161e-03
8.733624454148471161e-03
8.733624454148471161e-03
8.733624454148471161e-03
8.733624454148471161e-03
8.733624454148471161e-03
8.733624454148471161e-03
8.733624454148471161e-03
8.733624454148471161e-03
8.733624454148471161e-03
8.733624454148471161e-03
8.733624454148471161e-03
8.733624454148471161e-03
8.733624454148471161e-03
8.733624454148471161e-03
8.733624454148471161e-03
8.733624454148471161e-03
8.733624454148471161e-03
8.733624454148471161e-03
8.733624454148471161e-03
8.733624454148471161e-03
8.733624454148471161e-03
8.733624454148471161e-03
8.733624454148471161e-03
8.733624454148471161e-03
8.733624454148471161e-03
8.733624454148471161e-03
8.733624454148471161e-03
8.733624454148471161e-03
8.733624454148471161e-03
8.733624454148471161e-03
8.733624454148471161e-03
8.733624454148471161e-03
8.733624454148471161e-03
8.733624454148471161e-03
8.733624454148471161e-03
8.733624454148471161e-03
8.733624454148471161e-03
8.733624454148471161e-03
8.733624454148471161e-03
8.733624454148471161e-03
8.733624454148471161e-03
8.733624454148471161e-03
8.733624454148471161e-03
8.733624454148471161e-03
8.733624454148471161e-03
8.733624454148471161e-03
8.733624454148471161e-03
8.733624454148471161e-03
8.733624454148471161e-03
8.733624454148471161e-03
8.733624454148471161e-03
8.733624454148471161e-03
8.733624454148471161e-03
8.733624454148471161e-03
8.733624454148471161e-03
8.733624454148471161e-03
8.733624454148471161e-03
8.733624454148471161e-03
8.733624454148471161e-03
8.733624454148471161e-03
8.733624454148471161e-03
8.733624454148471161e-03
8.733624454148471161e-03
8.733624454148471161e-03
8.733624454148471161e-03
8.733624454148471161e-03
8.733624454148471161e-03
8.733624454148471161e-03
8.733624454148471161e-03
8.733624454148471161e-03
8.733624454148471161e-03
8.733624454148471161e-03
8.733624454148471161e-03
8.733624454148471161e-03
8.733624454148471161e-03
8.733624454148471161e-03
7.641921397379912266e-03
7.641921397379912266e-03
7.641921397379912266e-03
7.641921397379912266e-03
7.641921397379912266e-03
7.641921397379912266e-03
7.641921397379912266e-03
7.641921397379912266e-03
7.641921397379912266e-03
7.641921397379912266e-03
7.641921397379912266e-03
7.641921397379912266e-03
7.641921397379912266e-03
7.641921397379912266e-03
7.641921397379912266e-03
7.641921397379912266e-03
7.641921397379912266e-03
7.641921397379912266e-03
7.641921397379912266e-03
7.641921397379912266e-03
7.641921397379912266e-03
7.641921397379912266e-03
7.641921397379912266e-03
7.641921397379912266e-03
7.641921397379912266e-03
7.641921397379912266e-03
7.641921397379912266e-03
7.641921397379912266e-03
7.641921397379912266e-03
7.641921397379912266e-03
7.641921397379912266e-03
7.641921397379912266e-03
7.641921397379912266e-03
7.641921397379912266e-03
7.641921397379912266e-03
7.641921397379912266e-03
7.641921397379912266e-03
7.641921397379912266e-03
7.641921397379912266e-03
7.641921397379912266e-03
7.641921397379912266e-03
7.641921397379912266e-03
7.641921397379912266e-03
7.641921397379912266e-03
7.641921397379912266e-03
7.641921397379912266e-03
7.641921397379912266e-03
7.641921397379912266e-03
7.641921397379912266e-03
7.641921397379912266e-03
7.641921397379912266e-03
7.641921397379912266e-03
7.641921397379912266e-03
6.550218340611353371e-03
6.550218340611353371e-03
5.458515283842794476e-03
5.458515283842794476e-03
5.458515283842794476e-03
5.458515283842794476e-03
5.458515283842794476e-03
5.458515283842794476e-03
5.458515283842794476e-03
5.458515283842794476e-03
5.458515283842794476e-03
5.458515283842794476e-03
5.458515283842794476e-03
5.458515283842794476e-03
5.458515283842794476e-03
5.458515283842794476e-03
5.458515283842794476e-03
5.458515283842794476e-03
5.458515283842794476e-03
5.458515283842794476e-03
5.458515283842794476e-03
5.458515283842794476e-03
5.458515283842794476e-03
5.458515283842794476e-03
5.458515283842794476e-03
5.458515283842794476e-03
5.458515283842794476e-03
5.458515283842794476e-03
5.458515283842794476e-03
5.458515283842794476e-03
5.458515283842794476e-03
5.458515283842794476e-03
4.366812227074235581e-03
4.366812227074235581e-03
4.366812227074235581e-03
4.366812227074235581e-03
4.366812227074235581e-03
4.366812227074235581e-03
4.366812227074235581e-03
4.366812227074235581e-03
4.366812227074235581e-03
4.366812227074235581e-03
3.275109170305676685e-03
3.275109170305676685e-03
3.275109170305676685e-03
3.275109170305676685e-03
3.275109170305676685e-03
3.275109170305676685e-03
3.275109170305676685e-03
3.275109170305676685e-03
3.275109170305676685e-03
3.275109170305676685e-03
3.275109170305676685e-03
3.275109170305676685e-03
3.275109170305676685e-03
3.275109170305676685e-03
3.275109170305676685e-03
3.275109170305676685e-03
3.275109170305676685e-03
3.275109170305676685e-03
3.275109170305676685e-03
3.275109170305676685e-03
3.275109170305676685e-03
3.275109170305676685e-03
3.275109170305676685e-03
3.275109170305676685e-03
3.275109170305676685e-03
3.275109170305676685e-03
3.275109170305676685e-03
3.275109170305676685e-03
3.275109170305676685e-03
3.275109170305676685e-03
3.275109170305676685e-03
3.275109170305676685e-03
3.275109170305676685e-03
3.275109170305676685e-03
3.275109170305676685e-03
3.275109170305676685e-03
3.275109170305676685e-03
3.275109170305676685e-03
3.275109170305676685e-03
3.275109170305676685e-03
3.275109170305676685e-03
3.275109170305676685e-03
3.275109170305676685e-03
3.275109170305676685e-03
3.275109170305676685e-03
3.275109170305676685e-03
3.275109170305676685e-03
3.275109170305676685e-03
3.275109170305676685e-03
3.275109170305676685e-03
3.275109170305676685e-03
3.275109170305676685e-03
3.275109170305676685e-03
3.275109170305676685e-03
3.275109170305676685e-03
3.275109170305676685e-03
3.275109170305676685e-03
3.275109170305676685e-03
3.275109170305676685e-03
2.183406113537117790e-03
2.183406113537117790e-03
2.183406113537117790e-03
2.183406113537117790e-03
2.183406113537117790e-03
2.183406113537117790e-03
2.183406113537117790e-03
2.183406113537117790e-03
2.183406113537117790e-03
2.183406113537117790e-03
2.183406113537117790e-03
2.183406113537117790e-03
2.183406113537117790e-03
2.183406113537117790e-03
2.183406113537117790e-03
2.183406113537117790e-03
2.183406113537117790e-03
2.183406113537117790e-03
2.183406113537117790e-03
2.183406113537117790e-03
2.183406113537117790e-03
2.183406113537117790e-03
2.183406113537117790e-03
2.183406113537117790e-03
2.183406113537117790e-03
2.183406113537117790e-03
