0.00000000
0.00098969
0.00171944
0.00276193
0.00375162
0.00448137
0.00510687
0.00588806
0.00693056
0.00771312
0.00865136
0.00938111
0.01031936
0.01115336
0.01198736
0.01276855
0.01391529
0.01495779
0.01594748
0.01719985
0.01813809
0.01918059
0.02006603
0.02090003
0.02194253
0.02298503
0.02387183
0.02460158
0.02543558
0.02626958
0.02710358
0.02804183
0.02903151
0.02976126
0.03059526
0.03142926
0.03236751
0.03377419
0.03439969
0.03533794
0.03617194
0.03721444
0.03836119
0.03940505
0.04023905
0.04138580
0.04221980
0.04315805
0.04393923
0.04477323
0.04591998
0.04696248
0.04790073
0.04868191
0.04993291
0.05076691
0.05139241
0.05243491
0.05321610
0.05451853
0.05524828
0.05602947
0.05686347
0.05769747
0.05868716
0.05962540
0.06066790
0.06191890
0.06244015
0.06306565
0.06400390
0.06504639
0.06598464
0.06728708
0.06848664
0.06937208
0.07031032
0.07150988
0.07229107
0.07302082
0.07395907
0.07453176
0.07536575
0.07651250
0.07776350
0.07901313
0.08026413
0.08109812
0.08234912
0.08328737
0.08422562
0.08547662
0.08657055
0.08745736
0.08844705
0.08969805
0.09058212
0.09162461
0.09266711
0.09349974
0.09464786
0.09558611
0.09662860
0.09746260
0.09860935
0.09949616
0.10064291
0.10147690
0.10377040
0.10528134
0.10648089
0.10757483
0.10851308
0.10955558
0.11096227
0.11190051
0.11315151
0.11440114
0.11560070
0.11680026
0.11799844
0.11914519
0.12029057
0.12096751
0.12242701
0.12336525
0.12508606
0.12659700
0.12727394
0.12868062
0.13019019
0.13123132
0.13263801
0.13383620
0.13451314
0.13571132
0.13665094
0.13774762
0.13863306
0.13941425
0.14107813
0.14285312
0.14410412
0.14540792
0.14707592
0.14827548
0.14895242
0.14962936
0.15087898
0.15176579
0.15270404
0.15405929
0.15499754
0.15598722
0.15702972
0.15828072
0.15963597
0.16083415
0.16182384
0.16297059
0.16432310
0.16599110
0.16724209
0.16797184
0.16948278
0.17047247
0.17146353
0.17261027
0.17370421
0.17485096
0.17657177
0.17730151
0.17876101
0.18001201
0.18094889
0.18230414
0.18350232
0.18423207
0.18527457
0.18719703
0.18865242
0.19021343
0.19141162
0.19296989
0.19479357
0.19672288
0.19874959
0.20000196
0.20109589
0.20192852
0.20338391
0.20453066
0.20635161
0.20770686
0.20906210
0.20958335
0.21130416
0.21198110
0.21276229
0.21401328
0.21521147
0.21630541
0.21755641
0.21922577
0.22016402
0.22167496
0.22303021
0.22428257
0.22537788
0.22668169
0.22872072
0.23038872
0.23205671
0.23455734
0.23575690
0.23679939
0.23815738
0.23982538
0.24076362
0.24274300
0.24430538
0.24514075
0.24581769
0.24717156
0.24935944
0.25035050
0.25207130
0.25321805
0.25415630
0.25540730
0.25780504
0.25890035
0.26020553
0.26176927
0.26400996
0.26505383
0.26614913
0.26729588
0.26949471
0.27111127
0.27231082
0.27398156
0.27554531
0.27684774
0.27835868
0.27950543
0.28112199
0.28226873
0.28294567
0.28456086
0.28627619
0.28742294
0.28976924
0.29086455
0.29258399
0.29388779
0.29534866
0.29717508
0.29837327
0.30013867
0.30201517
0.30332035
0.30441565
0.30592796
0.30759459
0.30894983
0.31030508
0.31186883
0.31291133
0.31441953
0.31561908
0.31744277
0.31853808
0.32036176
0.32202976
0.32348789
0.32395770
0.32536302
0.32745212
0.32849599
0.33027097
0.33157341
0.33251166
0.33417965
0.33595327
0.33741277
0.33855951
0.34053889
0.34179126
0.34252101
0.34450038
0.34601132
0.34763335
0.34883291
0.35029652
0.35159758
0.35222308
0.35341990
0.35540065
0.35654876
0.35847670
0.36050752
0.36196702
0.36420496
0.36603002
0.36769528
0.36921032
0.37072126
0.37228501
0.37421294
0.37551675
0.37733770
0.37936578
0.38082528
0.38259478
0.38415579
0.38623394
0.38800345
0.38998009
0.39216797
0.39367616
0.39456160
0.39529135
0.39612535
0.39794904
0.39888592
0.40091263
0.40268076
0.40429321
0.40528427
0.40716214
0.40976838
0.41180057
0.41341712
0.41492943
0.41545068
0.41779972
0.41941628
0.42082571
0.42243952
0.42447034
0.42687219
0.42890986
0.43026510
0.43188303
0.43344678
0.43438502
0.43594877
0.43798370
0.43965169
0.44017294
0.44178676
0.44371333
0.44428602
0.44496432
0.44668376
0.44819333
0.44949714
0.45168912
0.45346000
0.45418975
0.45674592
0.45737142
0.45820542
0.45883092
0.46205444
0.46403930
0.46581018
0.46764208
0.46889444
0.47061388
0.47113513
0.47259463
0.47384699
0.47447249
0.47588055
0.47859378
0.48067193
0.48108893
0.48161018
0.48332688
0.48384813
0.48436938
0.48530762
0.48572462
0.48728700
0.48853800
0.48947625
0.49062300
0.49213393
0.49281224
0.49416612
0.49500012
0.49572987
0.49739649
0.49968999
0.50141080
0.50333873
0.50406848
0.50469398
0.50646212
0.50787291
0.50928234
0.51090163
0.51142288
0.51204838
0.51386933
0.51449483
0.51512033
0.51574583
0.51626708
0.51668407
0.51751944
0.51944601
0.52084996
0.52267228
0.52340202
0.52392327
0.52465302
0.52590402
0.52663377
0.52746777
0.52986414
0.53200058
0.53414112
0.53507937
0.53560062
0.53758137
0.53820686
0.53883236
0.54128155
0.54263680
0.54347079
0.54530133
0.54649815
0.54795490
0.54858040
0.55014278
0.55081972
0.55238210
0.55420442
0.55576816
0.55628941
0.55753904
0.55837304
0.56009384
0.56155334
0.56238734
0.56316853
0.56447097
0.56525352
0.56723427
0.56811971
0.56884946
0.56947496
0.56989196
0.57145570
0.57239395
0.57301945
0.57374920
0.57442614
0.57593571
0.57661264
0.57791508
0.57854058
0.57947883
0.58020858
0.58083408
0.58208507
0.58286763
0.58380725
0.58484975
0.58661926
0.58714050
0.58792306
0.58854856
0.58985237
0.59047787
0.59152036
0.59225011
0.59287561
0.59339686
0.59423086
0.59464786
0.59548186
0.59600311
0.59662860
0.59725410
0.59777535
0.59860935
0.59923485
0.60017310
0.60069435
0.60111135
0.60194534
0.60319634
0.60371759
0.60423884
0.60465584
0.60569834
0.60653234
0.60694933
0.60767908
0.60950414
0.61012964
0.61138063
0.61304863
0.61346563
0.61440388
0.61523788
0.61575913
0.61648887
0.61768843
0.61820968
0.61904368
0.62024324
0.62060743
0.62144142
0.62185842
0.62258817
0.62300517
0.62394342
0.62509017
0.62602842
0.62654966
0.62764360
0.62795635
0.62879035
0.63014834
0.63087808
0.63129508
0.63202483
0.63296308
0.63348433
0.63410983
0.63473533
0.63546508
0.63609057
0.63682032
0.63765432
0.63848832
0.63932232
0.64015632
0.64046907
0.64109456
0.64182431
0.64250262
0.64328381
0.64458762
0.64516168
0.64547442
0.64589142
0.64734955
0.64766230
0.64839205
0.65042150
0.65083850
0.65156825
0.65188099
0.65219374
0.65313062
0.65406887
0.65448587
0.65490287
0.65552837
0.65620668
0.65672793
0.65750911
0.65782186
0.65844736
0.65917711
0.65959411
0.65995830
0.66047955
0.66100080
0.66141780
0.66246030
0.66350279
0.66490948
0.66543073
0.66657611
0.66746155
0.66886687
0.66949236
0.66980511
0.67022211
0.67053486
0.67105611
0.67168161
0.67225293
0.67287843
0.67355537
0.67407662
0.67438937
0.67480637
0.67564036
0.67657861
0.67788242
0.67840367
0.67892492
0.67944617
0.67996741
0.68048866
0.68100991
0.68121841
0.68216077
0.68278627
0.68341177
0.68403726
0.68445426
0.68518401
0.68560101
0.68622514
0.68679783
0.68721483
0.68784033
0.68846583
0.68909133
0.68950832
0.68992532
0.69039513
0.69122913
0.69185463
0.69237588
0.69300138
0.69341838
0.69393963
0.69440806
0.69492931
0.69529350
0.69560625
0.69602325
0.69644025
0.69685725
0.69727425
0.69769125
0.69810825
0.69878519
0.69909794
0.69951494
0.70024468
0.70097443
0.70128718
0.70180843
0.70212118
0.70274668
0.70368630
0.70546128
0.70572122
0.70634672
0.70686797
0.70796328
0.70858877
0.70931852
0.71004827
0.71140352
0.71213327
0.71265452
0.71353859
0.71405984
0.71478958
0.71562358
0.71624908
0.71666608
0.71739583
0.71791571
0.71864546
0.71937521
0.72020920
0.72104320
0.72187720
0.72271120
0.72323245
0.72427495
0.72521182
0.72594157
0.72667132
0.72724401
0.72797376
0.72880776
0.72922476
0.73037150
0.73099563
0.73177819
0.73276788
0.73349763
0.73443588
0.73495713
0.73537413
0.73589537
0.73672937
0.73756337
0.73839737
0.73912712
0.74006537
0.74079511
0.74126355
0.74209755
0.74313868
0.74417981
0.74522231
0.74605631
0.74668181
0.74751580
0.74834980
0.74928805
0.74986211
0.75079899
0.75184149
0.75309248
0.75403073
0.75460479
0.75502179
0.75559448
0.75601148
0.75663698
0.75715822
0.75783516
0.75846066
0.75908616
0.75992016
0.76101410
0.76226373
0.76278498
0.76367041
0.76419166
0.76492141
0.76632536
0.76773205
0.76913600
0.77069564
0.77210233
0.77371614
0.77496851
0.77559401
0.77590676
0.77736215
0.77762209
0.77793484
0.77814334
0.77965427
0.78085246
0.78111377
0.78267752
0.78309452
0.78387708
0.78502382
0.78533657
0.78622475
0.78674600
0.78705875
0.78789275
0.78830975
0.78893524
0.78945649
0.79039337
0.79086318
0.79143724
0.79304969
0.79346669
0.79409219
0.79529037
0.79570737
0.79643712
0.79685412
0.79747962
0.79800087
0.79836506
0.79888631
0.79930331
0.79961606
0.79992881
0.80055293
0.80112699
0.80337452
0.80410427
0.80587241
0.80655072
0.80717622
0.80806166
0.80847866
0.80879141
0.80993815
0.81066790
0.81186609
0.81238734
0.81280434
0.81301284
0.81363834
0.81525352
0.81660877
0.81702577
0.81775552
0.81911214
0.81952914
0.82010182
0.82041457
0.82062307
0.82234662
0.82265937
0.82391036
0.82432736
0.82484861
0.82536849
0.82588974
0.82703649
0.82823468
0.82854743
0.82886018
0.82948567
0.82969417
0.83063242
0.83193623
0.83266598
0.83308298
0.83391698
0.83475097
0.83553216
0.83657329
0.83730304
0.83782429
0.83844979
0.83891823
0.84053889
0.84095589
0.84220689
0.84314514
0.84413619
0.84554151
0.84700101
0.84747082
0.84814776
0.84887751
0.84929450
0.84992000
0.85033700
0.85174369
0.85216069
0.85278619
0.85309894
0.85372444
0.85466268
0.85612218
0.85648637
0.85773874
0.85825999
0.85857274
0.85971948
0.86134152
0.86259115
0.86269540
0.86316383
0.86389358
0.86441483
0.86675840
0.86754096
0.86795796
0.86827071
0.86920895
0.86983445
0.87004295
0.87035570
0.87098120
0.87170958
0.87233508
0.87264783
0.87327333
0.87462584
0.87530414
0.87561689
0.87592827
0.87634527
0.87707502
0.87837883
0.87916139
0.87978688
0.88009963
0.88140207
0.88213182
0.88379571
0.88405702
0.88566810
0.88660635
0.88712760
0.88822153
0.88905553
0.88968103
0.88999378
0.89082778
0.89134903
0.89265147
0.89306846
0.89338121
0.89400671
0.89442371
0.89484071
0.89583177
0.89624877
0.89666577
0.89687427
0.89749977
0.89906351
0.90062452
0.90177127
0.90229252
0.90270952
0.90333502
0.90385626
0.90406476
0.90437751
0.90489876
0.90516007
0.90615113
0.90646388
0.90688088
0.90719363
0.90761063
0.90797482
0.90870456
0.91042400
0.91094525
0.91177925
0.91230050
0.91365438
0.91428124
0.91553224
0.91646912
0.91766731
0.91850131
0.91923106
0.91959524
0.92006368
0.92100330
0.92225430
0.92355674
0.92449499
0.92480773
0.92543323
0.92564173
0.92616298
0.92657998
0.92699698
0.92741398
0.92793523
0.92949624
0.92960049
0.93033024
0.93085148
0.93147698
0.93199823
0.93273072
0.93346047
0.93387747
0.93429447
0.93549265
0.93611815
0.93653515
0.93695215
0.93757765
0.93841165
0.93872440
0.93893290
0.93914140
0.93961120
0.94002820
0.94086220
0.94206039
0.94226889
0.94299864
0.94398833
0.94419683
0.94471808
0.94633463
0.94774269
0.94899369
0.94951494
0.95003618
0.95076593
0.95097443
0.95128718
0.95243393
0.95305943
0.95358068
0.95478023
0.95608267
0.95639542
0.95681242
0.95785492
0.95988163
0.96050713
0.96071563
0.96248787
0.96337194
0.96378894
0.96431019
0.96556119
0.96629094
0.96701932
0.96754057
0.96785331
0.96889581
0.97024969
0.97134363
0.97155213
0.97207338
0.97238613
0.97353151
0.97426125
0.97509525
0.97707737
0.97739012
0.97801562
0.97843262
0.97999499
0.98041199
0.98072474
0.98176724
0.98228849
0.98515741
0.98557441
0.98650855
0.98682130
0.98713405
0.98744680
0.98786380
0.98848930
0.99000160
0.99041860
0.99073135
0.99254956
0.99327931
0.99380056
0.99421756
0.99499601
0.99530876
0.99603851
0.99708101
0.99739376
0.99770650
0.99801925
0.99859331
0.99901031
0.99963581
0.41664392
