0.00000000
0.01633256
0.03243913
0.04805578
0.06264473
0.07795702
0.09347799
0.10761991
0.12199277
0.13625015
0.14890414
0.16305595
0.17624028
0.18722323
0.19962896
0.21129319
0.22415091
0.23585803
0.24788436
0.26077507
0.27286408
0.28387013
0.29459988
0.30475392
0.31469928
0.32476258
0.33600452
0.34524881
0.35434216
0.36421494
0.37441682
0.38274641
0.39258620
0.40219752
0.41221383
0.42117934
0.42997412
0.44025105
0.44889736
0.45943575
0.46770761
0.47581368
0.48466619
0.49312941
0.50271600
0.51100517
0.51922918
0.52811633
0.53159697
0.53871577
0.54562836
0.55408579
0.55572383
0.56434704
0.56840007
0.57288036
0.57769962
0.58053445
0.58305750
0.58708580
0.59192817
0.59589873
0.59846715
0.60084668
0.60550263
0.60957299
0.61411348
0.62151763
0.62774484
0.63334355
0.63903214
0.64622352
0.65280208
0.65740278
0.66198368
0.66721288
0.67405043
0.67938520
0.68587055
0.69292172
0.69905819
0.70641783
0.71298649
0.72143402
0.72847446
0.73351314
0.73869697
0.74713460
0.75584113
0.76114290
0.76795734
0.77488973
0.78044554
0.78698121
0.79282570
0.79734640
0.80409074
0.81111138
0.81633316
0.82222549
0.82468833
0.82741510
0.83002641
0.83172960
0.83335280
0.83647629
0.83778276
0.84128814
0.84607772
0.85235935
0.85295485
0.85333673
0.85394212
0.85897501
0.85979650
0.86150796
0.86527727
0.86549336
0.86624475
0.87233833
0.87308477
0.87539420
0.87877916
0.88450076
0.88848122
0.89116510
0.89127315
0.89779397
0.90140492
0.90505134
0.90982525
0.91043311
0.91327205
0.91583715
0.92000318
0.92373207
0.92874765
0.92992133
0.93110491
0.93127069
0.93192640
0.93256727
0.93529157
0.93561572
0.93604049
0.94082018
0.94313702
0.94548934
0.94559492
0.94780372
0.94989952
0.95167860
0.95265351
0.95346758
0.95346758
0.95368615
0.95459837
0.95536955
0.95569864
0.95668344
0.95783155
0.95912813
0.96104247
0.96443980
0.96497261
0.96534460
0.96606299
0.96702058
0.96713110
0.96793775
0.96993045
0.97085999
0.97128971
0.97434558
0.97450641
0.97557947
0.97563473
0.97568999
0.97634818
0.97667232
0.97948983
0.97971087
0.98211845
0.98356350
0.98770479
0.98792336
0.98852134
0.98868217
0.98954656
0.98992349
0.99019484
0.99095118
0.99100644
0.99117222
0.99425861
0.99436666
0.99441945
0.99447224
0.99452750
0.99496711
0.99502237
0.99513289
0.99540178
0.99556261
0.99605501
0.99638410
0.99671319
0.99687898
0.99693424
0.99693424
0.99693424
0.99731364
0.99742169
1.00000000
0.52067750
