0.00000000
0.00006497
0.00014617
0.00020302
0.00022741
0.00025180
0.00042264
0.00062591
0.00091874
0.00177906
0.00190083
0.00202286
0.00223433
0.00293319
0.00296570
0.00307124
0.00329091
0.00347798
0.00351049
0.00378704
0.00382771
0.00385209
0.00389276
0.00475373
0.00479440
0.00483506
0.00486756
0.00530685
0.00539629
0.00542879
0.00553438
0.00568887
0.00577835
0.00593292
0.00597358
0.00603863
0.00607929
0.00616877
0.00620939
0.00628256
0.00635573
0.00641266
0.00648587
0.00652653
0.00658346
0.00666475
0.00685182
0.00690876
0.00706333
0.00794902
0.00797341
0.00805474
0.00812790
0.00820107
0.00869729
0.00911218
0.00915285
0.00917723
0.01022512
0.01028202
0.01054226
0.01064801
0.01068863
0.01089194
0.01094883
0.01100573
0.01107078
0.01109517
0.01226471
0.01401250
0.01498710
0.01506838
0.01513343
0.01519032
0.01524726
0.01529604
0.01535293
0.01537732
0.01571896
0.01606061
0.01614189
0.01624765
0.01632897
0.01641845
0.01648346
0.01654851
0.01702005
0.01819804
0.01827932
0.01846640
0.01853957
0.01861277
0.01869401
0.01874279
0.01878345
0.01884850
0.01906804
0.01916560
0.01924688
0.01936891
0.02014959
0.02097897
0.02144240
0.02150745
0.02206810
0.02214127
0.02222259
0.02230387
0.02238515
0.02244205
0.02248271
0.02253148
0.02262092
0.02374227
0.02379105
0.02384790
0.02388856
0.02396172
0.02419762
0.02426267
0.02433584
0.02439273
0.02441712
0.02449840
0.02457161
0.02466105
0.02521416
0.02528724
0.02548243
0.02554748
0.02558815
0.02567758
0.02733635
0.02739328
0.02745829
0.02752330
0.02757208
0.02765340
0.02769402
0.02773464
0.02777530
0.02783224
0.02789729
0.02802739
0.02807616
0.02818192
0.02825512
0.02858845
0.02929593
0.02935282
0.02942595
0.02956412
0.03185592
0.03195335
0.03214858
0.03219736
0.03225425
0.03238439
0.03247383
0.03259586
0.03268526
0.03270964
0.03276654
0.03287229
0.03294550
0.03303490
0.03309183
0.03316500
0.03321377
0.03535985
0.03543306
0.03549807
0.03562010
0.03570138
0.03575016
0.03586394
0.03592899
0.03601839
0.03607532
0.03616476
0.03618915
0.03626236
0.03638426
0.03651436
0.03656310
0.03666065
0.03668504
0.03674198
0.03676637
0.03679075
0.03683953
0.03688019
0.03694520
0.03704272
0.03710768
0.03833462
0.03842401
0.03847275
0.03857846
0.03868417
0.03877361
0.03914785
0.03923729
0.03927795
0.03940805
0.03967624
0.03973318
0.03982257
0.04002580
0.04022907
0.04029407
0.04037536
0.04044856
0.04049734
0.04057047
0.04061113
0.04070864
0.04079808
0.04086309
0.04090371
0.04095249
0.04102569
0.04109074
0.04111513
0.04233465
0.04255386
0.04259448
0.04299290
0.04336705
0.04349719
0.04431841
0.04447299
0.04483082
0.04543234
0.04557060
0.04567627
0.04575759
0.04585515
0.04593643
0.04597705
0.04653832
0.04660333
0.04671716
0.04675782
0.04683914
0.04689604
0.04697732
0.04703425
0.04729404
0.04752981
0.04775751
0.04793635
0.04805833
0.04810711
0.04815588
0.04818027
0.04826967
0.04839170
0.04968397
0.05000905
0.05011481
0.05016354
0.05021228
0.05045625
0.05050499
0.05073272
0.05080593
0.05086282
0.05096038
0.05104978
0.05111483
0.05117988
0.05122861
0.05125300
0.05134244
0.05140749
0.05343113
0.05355308
0.05365063
0.05369941
0.05374007
0.05382947
0.05386197
0.05391887
0.05395137
0.05404893
0.05414648
0.05422780
0.05436606
0.05731631
0.05742202
0.05752773
0.05759278
0.05764156
0.05777978
0.05807261
0.05817012
0.05825140
0.05829202
0.05841392
0.05850336
0.05862539
0.05874737
0.05886940
0.05890190
0.05896691
0.05901565
0.05908066
0.05913759
0.05920260
0.05932459
0.05939779
0.05943030
0.05948719
0.06107975
0.06116107
0.06121792
0.06130736
0.06337781
0.06345913
0.06350787
0.06361354
0.06370289
0.06427178
0.06432056
0.06436934
0.06445066
0.06458888
0.06466208
0.06548294
0.06555614
0.06564562
0.06573502
0.06581635
0.06592206
0.06604404
0.06610098
0.06614164
0.06914833
0.06992922
0.07002677
0.07018134
0.07029521
0.07040088
0.07049028
0.07058788
0.07076680
0.07087251
0.07099445
0.07106762
0.07110828
0.07113267
0.07118145
0.07120583
0.07124645
0.07127084
0.07136028
0.07140902
0.07183998
0.07259525
0.07266030
0.07273351
0.07283110
0.07287988
0.07315644
0.07325399
0.07328649
0.07340036
0.07347349
0.07352222
0.07361978
0.07371733
0.07380681
0.07392880
0.07587128
0.07599315
0.07639094
0.07660245
0.07671628
0.07683826
0.07691147
0.07701718
0.07722861
0.07736682
0.07747245
0.07759448
0.07769207
0.07774892
0.07978134
0.07982196
0.07987070
0.07994391
0.08000892
0.08004142
0.08012274
0.08021214
0.08026903
0.08036663
0.08046423
0.08079772
0.08091970
0.08127762
0.08137518
0.08146462
0.08173302
0.08184680
0.08195251
0.08244840
0.08248091
0.08258662
0.08265983
0.08269233
0.08274927
0.08283871
0.08290376
0.08300951
0.08390324
0.08582199
0.08609035
0.08617168
0.08624488
0.08636691
0.08644823
0.08656202
0.08665150
0.08674909
0.08683857
0.08699315
0.08709070
0.08814753
0.08822885
0.08857862
0.08872499
0.08902594
0.08914792
0.08922113
0.08928610
0.08942431
0.08966016
0.08980654
0.08983904
0.09127728
0.09143988
0.09151301
0.09165122
0.09178136
0.09184637
0.09195204
0.09197643
0.09204144
0.09213092
0.09222028
0.09230156
0.09239104
0.09249679
0.09257799
0.09274039
0.09283782
0.09295169
0.09315467
0.09321964
0.09327649
0.09340651
0.09349586
0.09360953
0.09428413
0.09470681
0.09477182
0.09487749
0.09640693
0.09643944
0.09656138
0.09667521
0.09675653
0.09682974
0.09687852
0.09690291
0.09700854
0.09708174
0.09748840
0.09756964
0.09762649
0.09771589
0.09780533
0.09982679
0.09989176
0.10002985
0.10045282
0.10264755
0.10272880
0.10280200
0.10286701
0.10298076
0.10323280
0.10331412
0.10341979
0.10350919
0.10359863
0.10444396
0.10620826
0.10631397
0.10648478
0.10667997
0.10678564
0.10685069
0.10694829
0.10727354
0.10738741
0.10751751
0.10764761
0.10824118
0.10840382
0.10846887
0.10860709
0.10920016
0.10959059
0.11048440
0.11060634
0.11086638
0.11103710
0.11112650
0.11130533
0.11147606
0.11173630
0.11228904
0.11255752
0.11267131
0.11272004
0.11293954
0.11302902
0.11313473
0.11329738
0.11349261
0.11546736
0.11558122
0.11569497
0.11624816
0.11650837
0.11663031
0.11672791
0.11678480
0.11689055
0.11701245
0.11715067
0.11728889
0.11765488
0.11797173
0.11810999
0.11816684
0.11844339
0.11924802
0.11938623
0.11945932
0.12093850
0.12123124
0.12136139
0.12172726
0.12238596
0.12268686
0.12284951
0.12295522
0.12314225
0.12329674
0.12339434
0.12350817
0.12381665
0.12396302
0.12410124
0.12424761
0.12441022
0.12454823
0.12462947
0.12475137
0.12487340
0.12508486
0.12640140
0.12659663
0.12677551
0.12693000
0.12706014
0.12719840
0.12730407
0.12743417
0.12749914
0.12779197
0.12794650
0.13074976
0.13082288
0.13092855
0.13108304
0.13121310
0.13144080
0.13152204
0.13169276
0.13179851
0.13193681
0.13206683
0.13216438
0.13231895
0.13243270
0.13258719
0.13269282
0.13282288
0.13294482
0.13309939
0.13315633
0.13337591
0.13552903
0.13561839
0.13615523
0.13630976
0.13642363
0.13654553
0.13661058
0.13678929
0.13690308
0.13699244
0.13719579
0.13733400
0.13866644
0.13881273
0.13904047
0.13927624
0.13946327
0.13963412
0.13972352
0.13977229
0.13995933
0.14003249
0.14390082
0.14405535
0.14420984
0.14433174
0.14446176
0.14448615
0.14464064
0.14476262
0.14490900
0.14498216
0.14511222
0.14529930
0.14547822
0.14567341
0.14574658
0.14582786
0.14642052
0.14655874
0.14663186
0.14677012
0.14683509
0.14691637
0.14707901
0.14714402
0.14725773
0.14737963
0.14760733
0.14766418
0.14786744
0.14799750
0.14820889
0.15018206
0.15029585
0.15044214
0.15057220
0.15065348
0.15101935
0.15114945
0.15128763
0.15143400
0.15156406
0.15166965
0.15385400
0.15397590
0.15421176
0.15438240
0.15460198
0.15508143
0.15513828
0.15532532
0.15546349
0.15559359
0.15578054
0.15591880
0.15606509
0.15614637
0.15687746
0.15717033
0.15730043
0.15825954
0.15918614
0.16030782
0.16033221
0.16040533
0.16055175
0.16194095
0.16211168
0.16227436
0.16272934
0.16288383
0.16299766
0.16384282
0.16749078
0.16791338
0.17009827
0.17022829
0.17035015
0.17051276
0.17065093
0.17079726
0.17096798
0.17152880
0.17156942
0.17172387
0.17188635
0.17191885
0.17223599
0.17239859
0.17277266
0.17299229
0.17311427
0.17323621
0.17347207
0.17356954
0.17366701
0.17382142
0.17408969
0.17418721
0.17439047
0.17453685
0.17470761
0.17484591
0.17502487
0.17721001
0.17734006
0.17741327
0.17747824
0.17758391
0.17777906
0.17790092
0.17811218
0.17826667
0.18075238
0.18090683
0.18113457
0.18291478
0.18298790
0.18303664
0.18414204
0.18427206
0.18444278
0.18460534
0.18472720
0.18498748
0.18645056
0.18657238
0.18673494
0.18717369
0.18728748
0.18744188
0.18788109
0.18918114
0.18930305
0.18944934
0.18956312
0.18991260
0.19009951
0.19313005
0.19322752
0.19337382
0.19377244
0.19425214
0.19442282
0.19465051
0.19544673
0.19754160
0.19772864
0.19788309
0.19800503
0.19812693
0.19823252
0.19857392
0.19866340
0.19885855
0.19903743
0.19916745
0.19921623
0.19936256
0.19943568
0.19962276
0.20005376
0.20051694
0.20067147
0.20231215
0.20250705
0.20297888
0.20329602
0.20350748
0.20359696
0.20373510
0.20385696
0.20394631
0.20608267
0.20626967
0.20644854
0.20665181
0.20672493
0.20679806
0.20697686
0.20717188
0.20765990
0.20775742
0.20780619
0.21076378
0.21088568
0.21125159
0.21138161
0.21360741
0.21372931
0.21379428
0.21384305
0.21402201
0.21413580
0.21619071
0.21636139
0.21663766
0.21674325
0.21697894
0.21714154
0.21733665
0.21753996
0.21996861
0.22014749
0.22052148
0.22065961
0.22074893
0.22098466
0.22123674
0.22165971
0.22522610
0.22546999
0.22557562
0.22567313
0.22594961
0.22616919
0.22633167
0.22646980
0.22669734
0.22686810
0.22700627
0.22725028
0.22744539
0.22758369
0.22857494
0.22888367
0.22907062
0.22924958
0.22942850
0.22961557
0.23000563
0.23119120
0.23136180
0.23249945
0.23267018
0.23284905
0.23316627
0.23328014
0.23341827
0.23446645
0.23463717
0.23569314
0.23588013
0.23618915
0.23650624
0.23670947
0.23682322
0.23693708
0.23701021
0.23749728
0.23770063
0.23785504
0.23854517
0.23869150
0.23887850
0.23904926
0.23935016
0.23952892
0.24044683
0.24058505
0.24074749
0.24092637
0.24100761
0.24115390
0.24403020
0.24411955
0.24437151
0.24474546
0.24492426
0.24667864
0.24672741
0.24689813
0.24707689
0.24720691
0.24784892
0.24817413
0.24841798
0.24871884
0.24888145
0.24893834
0.24908459
0.24923891
0.24992142
0.25010022
0.25022221
0.25035226
0.25065271
0.25080716
0.25101838
0.25126227
0.25461785
0.25482112
0.25503250
0.25519498
0.25534119
0.25751170
0.25771501
0.25796706
0.25826796
0.25845500
0.25866625
0.25985277
0.26005596
0.26020229
0.26042170
0.26093415
0.26108040
0.26118603
0.26143004
0.26160060
0.26179563
0.26186879
0.26224295
0.26241367
0.26255180
0.26290960
0.26308831
0.26321833
0.26332388
0.26347828
0.26366524
0.26378706
0.26394146
0.26484323
0.26487573
0.26623256
0.26637872
0.26657383
0.26754909
0.26775219
0.26786606
0.26805293
0.26823976
0.26838597
0.26938562
0.27027956
0.27049914
0.27083254
0.27102769
0.27164578
0.27183265
0.27201964
0.27227160
0.27295387
0.27313270
0.27340065
0.27544188
0.27562060
0.27592150
0.27608398
0.27792825
0.27808266
0.27820452
0.27852985
0.27862745
0.27874115
0.27886302
0.27956172
0.27973244
0.27985430
0.28005753
0.28014688
0.28028510
0.28255374
0.28270003
0.28283005
0.28298446
0.28403255
0.28503261
0.28517071
0.28573119
0.28628327
0.28642145
0.28668989
0.28757534
0.28781107
0.28892430
0.28914363
0.28928992
0.28955799
0.28979360
0.29028125
0.29267740
0.29365187
0.29381448
0.29404197
0.29433459
0.29454597
0.29515553
0.29535064
0.29561084
0.29565146
0.29589530
0.29609849
0.29622043
0.29639119
0.29665955
0.29782189
0.29799244
0.29814681
0.29850452
0.29901677
0.29922815
0.30087653
0.30103098
0.30116915
0.30343594
0.30404599
0.30423294
0.30447691
0.30540327
0.30567953
0.30602093
0.30624871
0.30650887
0.30672833
0.30708600
0.30735420
0.30763063
0.30860609
0.30884178
0.30906940
0.30928078
0.31029728
0.31058187
0.31093155
0.31176072
0.31211032
0.31233794
0.31436924
0.31458050
0.31479180
0.31662783
0.31682282
0.31704240
0.31722124
0.31740819
0.31821293
0.31855433
0.31887962
0.31908285
0.31987169
0.32006680
0.32030261
0.32047329
0.32109043
0.32162644
0.32193526
0.32487521
0.32502965
0.32517594
0.32536281
0.32554964
0.32574475
0.32602110
0.32629729
0.32654105
0.32688258
0.32716704
0.32730518
0.32758977
0.32776032
0.32820702
0.32862109
0.32871049
0.32890544
0.32896229
0.33031083
0.33044085
0.33066031
0.33096929
0.33116427
0.33134299
0.33154617
0.33192016
0.33214773
0.33226959
0.33444760
0.33484614
0.33824968
0.33837150
0.33855837
0.33885100
0.33906230
0.33930606
0.33967189
0.34001341
0.34016770
0.34033022
0.34061477
0.34205292
0.34224799
0.34233734
0.34262206
0.34283356
0.34337823
0.34376000
0.34422355
0.34443489
0.34467882
0.34486577
0.34521546
0.34547566
0.34762928
0.34809274
0.34830404
0.34850727
0.34877555
0.34893811
0.34923893
0.35023055
0.35070963
0.35092908
0.35109165
0.35134357
0.35138419
0.35466784
0.35491181
0.35520456
0.35554621
0.35870776
0.35878900
0.35893525
0.36395676
0.36412740
0.36439580
0.36539615
0.36606218
0.36615162
0.36750103
0.36918241
0.36953185
0.36989768
0.37045058
0.37066992
0.37101136
0.37123889
0.37145011
0.37264474
0.37299426
0.37394525
0.37483952
0.37511591
0.37535156
0.37558729
0.37587192
0.37606699
0.37626201
0.37650594
0.37947333
0.38413466
0.38440297
0.39000286
0.39023047
0.39216645
0.39246715
0.39480109
0.39507748
0.39525619
0.39784016
0.39810839
0.40065993
0.40085496
0.40111500
0.40135880
0.40164343
0.40187920
0.40624309
0.40883665
0.41335536
0.41371307
0.41391622
0.41603824
0.41640428
0.41709560
0.41806279
0.41826581
0.42129779
0.42202134
0.42226527
0.42626596
0.42959057
0.43106163
0.43724804
0.44095294
0.44413109
0.44458652
0.44730215
0.45109118
0.45296037
0.45525217
0.45930497
0.45975196
0.46302956
0.46540911
0.46725305
0.47085636
0.47382337
0.47466804
0.47656104
0.47774769
0.47798346
0.48367232
0.48566301
0.48813480
0.49198809
0.49597164
0.49651610
0.50173400
0.50373355
0.50495311
0.51146715
0.51243368
0.51426192
0.51839198
0.52225313
0.52431653
0.52464162
0.52534893
0.52852020
0.53087631
0.53195736
0.53370478
0.53689924
0.53732988
0.53907705
0.54053996
0.54292160
0.54519560
0.54834079
0.54903208
0.55008904
0.55154436
0.55351054
0.55496496
0.55871674
0.56009890
0.56173962
0.56333148
0.56692213
0.56909108
0.57160835
0.57406155
0.57649053
0.57781485
0.57899338
0.57986334
0.58038333
0.58100100
0.58372153
0.58411150
0.58603553
0.58695373
0.58783964
0.58870898
0.59022025
0.59101676
0.59182883
0.59287730
0.59335667
0.59419343
0.59600408
0.59687342
0.59802772
0.59861280
0.59930376
0.60004288
0.60099359
0.60183071
0.60251347
0.60354492
0.60526676
0.60652524
0.60710188
0.60732937
0.60867718
0.61041532
0.61139894
0.61226095
0.61461549
0.61567978
0.61721482
0.61806785
0.61852308
0.61885628
0.61966053
0.62045671
0.62183809
0.62260209
0.62339019
0.62503898
0.62566485
0.62621783
0.62792335
0.62865452
0.62941835
0.63071878
0.63121434
0.63216476
0.63339944
0.63379773
0.63465871
0.63533278
0.63607231
0.63679507
0.63865520
0.64003675
0.64131987
0.64286266
0.64382902
0.64451133
0.64555118
0.64646889
0.64758237
0.64871937
0.65064401
0.65165915
0.65219525
0.65403046
0.65480265
0.65537933
0.65572044
0.65671218
0.65768752
0.65785017
0.65849194
0.65854883
0.65938530
0.65991340
0.66037716
0.66066179
0.66127938
0.66132815
0.66144202
0.66201862
0.66207551
0.66246556
0.66336758
0.66597309
0.66615205
0.66615205
0.66622525
0.66633097
0.66644479
0.66654243
0.66655870
0.66668889
0.66668889
0.66678652
0.66701434
0.66714453
0.66844417
0.66849291
0.66863928
0.66867179
0.66871245
0.66898072
0.66901327
0.66902954
0.66909463
0.66914345
0.66915972
0.66952522
0.66988302
0.67003759
0.67014326
0.67015954
0.67039547
0.67076917
0.67083426
0.67094813
0.67096440
0.67101322
0.67104577
0.67137123
0.67221552
0.67239452
0.67242707
0.67250843
0.67328071
0.67332953
0.67358990
0.67383395
0.67396384
0.67430553
0.67432992
0.67445170
0.67448416
0.67448416
0.67450855
0.67452482
0.67458176
0.67471190
0.67479326
0.67499661
0.67499661
0.67501289
0.67525648
0.67528903
0.67544331
0.67547586
0.67550025
0.67584943
0.67589010
0.67590637
0.67627212
0.67647547
0.67652428
0.67658938
0.67670329
0.67677641
0.67680080
0.67681707
0.67694717
0.67710174
0.67710986
0.67773515
0.67775142
0.67810077
0.67820640
0.67823079
0.67828769
0.67849095
0.67854780
0.67861290
0.67862917
0.67966890
0.67988856
0.67992111
0.68005941
0.68007568
0.68034367
0.68040876
0.68045758
0.68055518
0.68063654
0.68076672
0.68082353
0.68100237
0.68111628
0.68116510
0.68202620
0.68215630
0.68218065
0.68222947
0.68246499
0.68261145
0.68265207
0.68276594
0.68291235
0.68294486
0.68347325
0.68371701
0.68380649
0.68417220
0.68465985
0.68470047
0.68548033
0.68555350
0.68591916
0.68612226
0.68619543
0.68669898
0.68672337
0.68739810
0.68752824
0.68817812
0.68843849
0.68850358
0.68865004
0.68869873
0.68873935
0.68887757
0.68905653
0.68930837
0.68991804
0.68995059
0.69016996
0.69018624
0.69020251
0.69020251
0.69065757
0.69122646
0.69197345
0.69285107
0.69291616
0.69296490
0.69298117
0.69299744
0.69302999
0.69307881
0.69315202
0.69405341
0.69416732
0.69416732
0.69428123
0.69433808
0.69433808
0.69461431
0.69461431
0.69490660
0.69497165
0.69594600
0.69653047
0.69658740
0.69663622
0.69668504
0.69675013
0.69683953
0.69731070
0.69732697
0.69742453
0.69775781
0.69777408
0.69825308
0.69843987
0.69887924
0.69891990
0.70032485
0.70069059
0.70074749
0.70079630
0.70083688
0.70106429
0.70149468
0.70264770
0.70270451
0.70316769
0.70348462
0.70357410
0.70360665
0.70365547
0.70459023
0.70481780
0.70486662
0.70486662
0.70488289
0.70521589
0.70523216
0.70524844
0.70628780
0.70633662
0.70692145
0.70692957
0.70702720
0.70711656
0.70755527
0.70761220
0.70770168
0.70771796
0.70775050
0.70775050
0.70801845
0.70824569
0.70827824
0.70831078
0.70847339
0.70857102
0.70858730
0.70868493
0.70898567
0.70901002
0.70995207
0.70995207
0.70995207
0.71055339
0.71056150
0.71061028
0.71121950
0.71125205
0.71127644
0.71137395
0.71142277
0.71143904
0.71147970
0.71149598
0.71155287
0.71158538
0.71161792
0.71194301
0.71195928
0.71197555
0.71199183
0.71200810
0.71230064
0.71231687
0.71235753
0.71239819
0.71297475
0.71307230
0.71312112
0.71316994
0.71318621
0.71339776
0.71343031
0.71347908
0.71352786
0.71359287
0.71372289
0.71373916
0.71375543
0.71386930
0.71388557
0.71388557
0.71416180
0.71419435
0.71421874
0.71421874
0.71460059
0.71464929
0.71586740
0.71594864
0.71606255
0.71607067
0.71616015
0.71617642
0.71638797
0.71642047
0.71644486
0.71652623
0.71652623
0.71652623
0.71659124
0.71707860
0.71713545
0.71715168
0.71716791
0.71726555
0.71731437
0.71839402
0.71845907
0.71850789
0.71860545
0.71923860
0.71933624
0.71968572
0.72005126
0.72006753
0.72013262
0.72021386
0.72023014
0.72066093
0.72070975
0.72075041
0.72111604
0.72118113
0.72144125
0.72144125
0.72145752
0.72166878
0.72193685
0.72265158
0.72266785
0.72268412
0.72268412
0.72271663
0.72330958
0.72382137
0.72386195
0.72417871
0.72421126
0.72426008
0.72427635
0.72434132
0.72440641
0.72440641
0.72440641
0.72442268
0.72445523
0.72448777
0.72453659
0.72457725
0.72462607
0.72464235
0.72473998
0.72482135
0.72485389
0.72498408
0.72499219
0.72500847
0.72513865
0.72517119
0.72566696
0.72566696
0.72571574
0.72574013
0.72600820
0.72604074
0.72633324
0.72641461
0.72643088
0.72644715
0.72655286
0.72660980
0.72663419
0.72694279
0.72730030
0.72764986
0.72847022
0.72850276
0.72856785
0.72869804
0.72903927
0.72905555
0.72905555
0.72931542
0.72934796
0.72935608
0.72941297
0.73051705
0.73051705
0.73054960
0.73057395
0.73059022
0.73103684
0.73159724
0.73159724
0.73159724
0.73159724
0.73188163
0.73191413
0.73193040
0.73200349
0.73266960
0.73266960
0.73268588
0.73281585
0.73284840
0.73291349
0.73297858
0.73299485
0.73301113
0.73301924
0.73361240
0.73361240
0.73367741
0.73369368
0.73370995
0.73374250
0.73374250
0.73418158
0.73418158
0.73418158
0.73418158
0.73420593
0.73421404
0.73421404
0.73427094
0.73452286
0.73507551
0.73507551
0.73509179
0.73605864
0.73606676
0.73608303
0.73612365
0.73631060
0.73634315
0.73636750
0.73639184
0.73642435
0.73649752
0.73649752
0.73649752
0.73649752
0.73681449
0.73688769
0.73688769
0.73799219
0.73826034
0.73826034
0.73826034
0.73827661
0.73827661
0.73827661
0.73827661
0.73831723
0.73831723
0.73834158
0.73837409
0.73899917
0.73938926
0.73941361
0.73944616
0.73947870
0.73971419
0.73979547
0.73979547
0.74021770
0.74025024
0.74078659
0.74078659
0.74078659
0.74078659
0.74078659
0.74078659
0.74078659
0.74083541
0.74085164
0.74085164
0.74085164
0.74085164
0.74085164
0.74085164
0.74175340
0.74175340
0.74175340
0.74175340
0.74193220
0.74198901
0.74198901
0.74198901
0.74218399
0.74218399
0.74220838
0.74220838
0.74220838
0.74220838
0.74220838
0.74225720
0.74233041
0.74234668
0.74234668
0.74256593
0.74264709
0.74266332
0.74276891
0.74276891
0.74285831
0.74290700
0.74290700
0.74297201
0.74298828
0.74298828
0.74298828
0.74336161
0.74337789
0.74339416
0.74339416
0.74387382
0.74388193
0.74415820
0.74455629
0.74455629
0.74468639
0.74510874
0.74585593
0.74585593
0.74585593
0.74585593
0.74585593
0.74585593
0.74620541
0.74620541
0.74620541
0.74830049
0.74831676
0.74831676
0.74928287
0.74928287
0.74928287
0.74928287
0.74928287
0.74928287
0.74929915
0.74929915
0.75001375
0.75001375
0.75001375
0.75001375
0.75001375
0.75001375
0.75001375
0.75001375
0.75001375
0.75001375
0.75004630
0.75004630
0.75004630
0.75006257
0.75006257
0.75008692
0.75010319
0.75011131
0.75014385
0.75014385
0.75081821
0.75081821
0.75083448
0.75083448
0.75085075
0.75085075
0.75092388
0.75094827
0.75094827
0.75094827
0.75094827
0.75097266
0.75098077
0.75098889
0.75115948
0.75115948
0.75115948
0.75115948
0.75115948
0.75115948
0.75115948
0.75136267
0.75139521
0.75139521
0.75139521
0.75139521
0.75139521
0.75139521
0.75163078
0.75176088
0.75176088
0.75176088
0.75176088
0.75193144
0.75193144
0.75193144
0.75193144
0.75212646
0.75218327
0.75232124
0.75254869
0.75292251
0.75323928
0.75323928
0.75323928
0.75325555
0.75325555
0.75325555
0.75325555
0.75387310
0.75390564
0.75390564
0.75390564
0.75396254
0.75396254
0.75401135
0.75401135
0.75407632
0.75424692
0.75426315
0.75426315
0.75450691
0.75450691
0.75450691
0.75450691
0.75450691
0.75450691
0.75450691
0.75453130
0.75458816
0.75470993
0.75470993
0.75470993
0.75470993
0.75476674
0.75483979
0.75557054
0.75559489
0.75594420
0.75666659
0.75674787
0.75699963
0.75699963
0.75699963
0.75704025
0.75704025
0.75729213
0.75729213
0.75729213
0.75732467
0.75732467
0.75783622
0.75783622
0.75785249
0.75787688
0.75795804
0.75795804
0.75795804
0.75829132
0.75829132
0.75829132
0.75829132
0.75829132
0.75829132
0.75829132
0.75829132
0.75829132
0.75829132
0.75859210
0.75971217
0.75971217
0.75974471
0.75974471
0.75974471
0.76015899
0.76015899
0.76015899
0.76015899
0.76019961
0.76026470
0.76026470
0.76026470
0.76029721
0.76054917
0.76054917
0.76054917
0.76067095
0.76067095
0.76067095
0.76067095
0.76113405
0.76129657
0.76139421
0.76140232
0.76140232
0.76140232
0.76140232
0.76140232
0.76140232
0.76140232
0.76142671
0.76145926
0.76192227
0.76200363
0.76203618
0.76239369
0.76269410
0.76272664
0.76275099
0.76281592
0.76281592
0.76281592
0.76283219
0.76329533
0.76334415
0.76335226
0.76388836
0.76418057
0.76418057
0.76427821
0.76431076
0.76432703
0.76453841
0.76460346
0.76460346
0.76468474
0.76509111
0.76547297
0.76547297
0.76547297
0.76552174
0.76557860
0.76562737
0.76562737
0.76567607
0.76567607
0.76575723
0.76575723
0.76575723
0.76575723
0.76583859
0.76585486
0.76587114
0.76591996
0.76595250
0.76606625
0.76606625
0.76606625
0.76606625
0.76606625
0.76606625
0.76606625
0.76608252
0.76611498
0.76636670
0.76636670
0.76674876
0.76675687
0.76730908
0.76751210
0.76791847
0.76814588
0.76814588
0.76820281
0.76837353
0.76838165
0.76859291
0.76910478
0.76910478
0.76910478
0.76910478
0.76959268
0.76959268
0.77046173
0.77046173
0.77154987
0.77154987
0.77155799
0.77163935
0.77163935
0.77172071
0.77172071
0.77203752
0.77204564
0.77243586
0.77243586
0.77267962
0.77272844
0.77284222
0.77342718
0.77367894
0.77367894
0.77421528
0.77496301
0.77588080
0.77636841
0.77662849
0.77662849
0.77682355
0.77742478
0.77772544
0.77805036
0.77847284
0.77880584
0.77930119
0.77968305
0.78000797
0.78023525
0.78023525
0.78056030
0.78058464
0.78129941
0.78185994
0.78201431
0.78201431
0.78209567
0.78209567
0.78212002
0.78268071
0.78324956
0.78324956
0.78337138
0.78338765
0.78358256
0.78419141
0.78427257
0.78563726
0.78566161
0.78711566
0.78721309
0.78726999
0.78728626
0.78733508
0.78800902
0.78802529
0.78804157
0.78809039
0.78812293
0.78813920
0.78817175
0.78826939
0.78830189
0.78831817
0.78833444
0.78835071
0.78836698
0.78838326
0.78840765
0.78843203
0.78846458
0.78854594
0.78902540
0.78902540
0.78902540
0.78902540
0.78904978
0.78939081
0.78940709
0.78964282
0.78974841
0.78974841
0.78974841
0.78975652
0.78976464
0.78976464
0.78976464
0.78976464
0.78976464
0.78978091
0.78978091
0.78978091
0.78978091
0.79043891
0.79081265
0.79129989
0.79233929
0.79242053
0.79274541
0.79275353
0.79276164
0.79276976
0.79280226
0.79327348
0.79422352
0.79423164
0.79454840
0.79457275
0.79477585
0.79565282
0.79597774
0.79600213
0.79625384
0.79665222
0.79666033
0.79668472
0.79710728
0.79711540
0.79712351
0.79750524
0.79752148
0.79752959
0.79803323
0.79826879
0.79841508
0.79842320
0.79900799
0.79943842
0.79956020
0.79956831
0.79962512
0.79990139
0.79993394
0.80090883
0.80125014
0.80273662
0.80275289
0.80276916
0.80313504
0.80336261
0.80419895
0.80419895
0.80419895
0.80419895
0.80419895
0.80419895
0.80447514
0.80448325
0.80448325
0.80474321
0.80474321
0.80474321
0.80474321
0.80476759
0.80496287
0.80496287
0.80496287
0.80498722
0.80501156
0.80501156
0.80501156
0.80501156
0.80501156
0.80501156
0.80501156
0.80561312
0.80601924
0.80601924
0.80601924
0.80604363
0.80626309
0.80627932
0.80658006
0.80661252
0.80662064
0.80670200
0.80670200
0.80670200
0.80671012
0.80671012
0.80671012
0.80671012
0.80684809
0.80684809
0.80685621
0.80685621
0.80707550
0.80730282
0.80731094
0.80731094
0.80731094
0.80732721
0.80732721
0.80742477
0.80784753
0.80791262
0.80799399
0.80799399
0.80799399
0.80800210
0.80801838
0.80838375
0.80840003
0.80841630
0.80841630
0.80878168
0.80882234
0.80883861
0.80884673
0.80892793
0.80894416
0.80900097
0.80901724
0.80903351
0.80904979
0.80908233
0.80909861
0.80997553
0.81008927
0.81008927
0.81009739
0.81015428
0.81015428
0.81015428
0.81015428
0.81015428
0.81015428
0.81048752
0.81082081
0.81082081
0.81107273
0.81107273
0.81107273
0.81107273
0.81107273
0.81107273
0.81152779
0.81152779
0.81152779
0.81153591
0.81154402
0.81154402
0.81154402
0.81154402
0.81154402
0.81154402
0.81155214
0.81178779
0.81180406
0.81180406
0.81180406
0.81180406
0.81180406
0.81180406
0.81180406
0.81181218
0.81183652
0.81183652
0.81183652
0.81189334
0.81189334
0.81189334
0.81189334
0.81214505
0.81218563
0.81218563
0.81272210
0.81297414
0.81298226
0.81298226
0.81298226
0.81298226
0.81298226
0.81357529
0.81357529
0.81386762
0.81386762
0.81386762
0.81386762
0.81386762
0.81386762
0.81437109
0.81437109
0.81488276
0.81488276
0.81488276
0.81488276
0.81488276
0.81488276
0.81488276
0.81488276
0.81536180
0.81541874
0.81557298
0.81562180
0.81563807
0.81563807
0.81565434
0.81570312
0.81575190
0.81575190
0.81576813
0.81578440
0.81578440
0.81578440
0.81578440
0.81581695
0.81586577
0.81590643
0.81593893
0.81598775
0.81598775
0.81602030
0.81605284
0.81608539
0.81608539
0.81610166
0.81611793
0.81611793
0.81611793
0.81611793
0.81612605
0.81614232
0.81614232
0.81614232
0.81614232
0.81620733
0.81620733
0.81620733
0.81620733
0.81620733
0.81620733
0.81620733
0.81624799
0.81635375
0.81637002
0.81638629
0.81650020
0.81655714
0.81671954
0.81671954
0.81718259
0.81718259
0.81718259
0.81719886
0.81723953
0.81725580
0.81725580
0.81730449
0.81730449
0.81730449
0.81732077
0.81733704
0.81810899
0.81810899
0.81810899
0.81810899
0.81810899
0.81810899
0.81810899
0.81862086
0.81862086
0.81934359
0.81955472
0.81955472
0.81955472
0.82033454
0.82044824
0.82044824
0.82044824
0.82044824
0.82044824
0.82044824
0.82044824
0.82045636
0.82080546
0.82080546
0.82080546
0.82080546
0.82080546
0.82101689
0.82101689
0.82101689
0.82101689
0.82101689
0.82101689
0.82101689
0.82101689
0.82101689
0.82150413
0.82191037
0.82221898
0.82252792
0.82290973
0.82294228
0.82297482
0.82334856
0.82401476
0.82433153
0.82484311
0.82484311
0.82484311
0.82484311
0.82485938
0.82485938
0.82490820
0.82490820
0.82493255
0.82494878
0.82499748
0.82499748
0.82503806
0.82505429
0.82505429
0.82505429
0.82519226
0.82519226
0.82519226
0.82519226
0.82554989
0.82554989
0.82556612
0.82556612
0.82556612
0.82558239
0.82558239
0.82585862
0.82585862
0.82588301
0.82588301
0.82588301
0.82588301
0.82589928
0.82589928
0.82592363
0.82603737
0.82603737
0.82603737
0.82605361
0.82607795
0.82607795
0.82607795
0.82623215
0.82623215
0.82623215
0.82623215
0.82626462
0.82629712
0.82629712
0.82629712
0.82767797
0.82805970
0.82847394
0.82861199
0.82899417
0.82934369
0.82984790
0.83005096
0.83014028
0.83054669
0.83096920
0.83118854
0.83160315
0.83214748
0.83235858
0.83248040
0.83317931
0.83335003
0.83370762
0.83385387
0.83410575
0.83416268
0.83454474
0.83486999
0.83523558
0.83531674
0.83557681
0.83595854
0.83627547
0.83729902
0.83766460
0.83799776
0.83824161
0.83847713
0.83855833
0.83878586
0.83883464
0.83894838
0.83895650
0.83903770
0.83912701
0.83941964
0.83972829
0.84040227
0.84067842
0.84071908
0.84117398
0.84127956
0.84138515
0.84162088
0.84197814
0.84198626
0.84236008
0.84324541
0.84434170
0.84467499
0.84573124
0.84578809
0.84638096
0.84665723
0.84732330
0.84761589
0.84916650
0.84936149
0.85006003
0.85030379
0.85045816
0.85059633
0.85068565
0.85088063
0.85107566
0.85176654
0.85194545
0.85203477
0.85235166
0.85248971
0.85259530
0.85309910
0.85391892
0.85420322
0.85443891
0.85487778
0.85511339
0.85530829
0.85556038
0.85641299
0.85677075
0.85750982
0.85777785
0.85800543
0.85814344
0.85879324
0.85883386
0.85942685
0.85958121
0.85992237
0.86014178
0.86023114
0.86038567
0.86072715
0.86079225
0.86082475
0.86114971
0.86131228
0.86136109
0.86147488
0.86184907
0.86224729
0.86234476
0.86255602
0.86266165
0.86266165
0.86266165
0.86297046
0.86297046
0.86301112
0.86301112
0.86363625
0.86363625
0.86363625
0.86363625
0.86366871
0.86366871
0.86366871
0.86366871
0.86366871
0.86366871
0.86366871
0.86367683
0.86367683
0.86367683
0.86367683
0.86367683
0.86367683
0.86367683
0.86367683
0.86367683
0.86367683
0.86367683
0.86456248
0.86456248
0.86456248
0.86456248
0.86456248
0.86456248
0.86456248
0.86456248
0.86456248
0.86456248
0.86456248
0.86456248
0.86456248
0.86456248
0.86487121
0.86487121
0.86490376
0.86571629
0.86576511
0.86600879
0.86663445
0.86666695
0.86673204
0.86717088
0.86722777
0.86736607
0.86766656
0.86768283
0.86790221
0.86792660
0.86876339
0.86899908
0.86951108
0.86999041
0.87060766
0.87070509
0.87077019
0.87080273
0.87081900
0.87109515
0.87155042
0.87156669
0.87174565
0.87176192
0.87181886
0.87206262
0.87217653
0.87250973
0.87252601
0.87297295
0.87348495
0.87399670
0.87409434
0.87412684
0.87457383
0.87467938
0.87471193
0.87474443
0.87476070
0.87500434
0.87502062
0.87562176
0.87621471
0.87636109
0.87637736
0.87639363
0.87640991
0.87671036
0.87693781
0.87716525
0.87739274
0.87775812
0.87808296
0.87849720
0.87901694
0.87920381
0.87962604
0.87981287
0.87985345
0.88010504
0.88056793
0.88109579
0.88113637
0.88151814
0.88175354
0.88197279
0.88248425
0.88254922
0.88282537
0.88306077
0.88336155
0.88382419
0.88384858
0.88386481
0.88452269
0.88486363
0.88521303
0.88523737
0.88549733
0.88550544
0.88573269
0.88619595
0.88621218
0.88641516
0.88643951
0.88678054
0.88704061
0.88743862
0.88808035
0.88855963
0.88858398
0.88894948
0.88919324
0.88920136
0.88921759
0.88923382
0.88963199
0.89000553
0.89024113
0.89076920
0.89135465
0.89148459
0.89191510
0.89202068
0.89217493
0.89255670
0.89284912
0.89287346
0.89350695
0.89408363
0.89423795
0.89454636
0.89455447
0.89472503
0.89474937
0.89524498
0.89526121
0.89566729
0.89600836
0.89617084
0.89684528
0.89715397
0.89756001
0.89788501
0.89839668
0.89868901
0.89881087
0.89922515
0.89955036
0.89961533
0.90037109
0.90083398
0.90120785
0.90125654
0.90168726
0.90239387
0.90266202
0.90299494
0.90327932
0.90357186
0.90378304
0.90431905
0.90433528
0.90459515
0.90474944
0.90501751
0.90518810
0.90530177
0.90530988
0.90593546
0.90596792
0.90652837
0.90670704
0.90682079
0.90708074
0.90713755
0.90719440
0.90764115
0.90779539
0.90803087
0.90803899
0.90842105
0.90847786
0.90877852
0.90927403
0.90937142
0.90987502
0.90988313
0.91003733
0.91026491
0.91053298
0.91108494
0.91127992
0.91197014
0.91227895
0.91228707
0.91293691
0.91296937
0.91317252
0.91322121
0.91356261
0.91401780
0.91435071
0.91437506
0.91458615
0.91569959
0.91595954
0.91600824
0.91621958
0.91644703
0.91650384
0.91669887
0.91730850
0.91754419
0.91758477
0.91777967
0.91780402
0.91842136
0.91844571
0.91845382
0.91850252
0.91901394
0.91952618
0.91953430
0.91963173
0.92004605
0.92020857
0.92068769
0.92100458
0.92130511
0.92141066
0.92141878
0.92142689
0.92143501
0.92202771
0.92237719
0.92257217
0.92279966
0.92287275
0.92317357
0.92346598
0.92347410
0.92364462
0.92383132
0.92422129
0.92426999
0.92462733
0.92469226
0.92494414
0.92501722
0.92503345
0.92508215
0.92526906
0.92527717
0.92528529
0.92556135
0.92604031
0.92648722
0.92714534
0.92746227
0.92769796
0.92812867
0.92816122
0.92816122
0.92816122
0.92816122
0.92816122
0.92817749
0.92819377
0.92819377
0.92819377
0.92819377
0.92819377
0.92819377
0.92819377
0.92819377
0.92819377
0.92819377
0.92824258
0.92824258
0.92824258
0.92838059
0.92838059
0.92838059
0.92838059
0.92838059
0.92838059
0.92838059
0.92838059
0.92839687
0.92839687
0.92846183
0.92895731
0.92895731
0.92898986
0.92942045
0.92942045
0.92942045
0.92945300
0.92945300
0.92945300
0.92945300
0.92946111
0.92955875
0.92981063
0.92981063
0.92981063
0.92981063
0.93002189
0.93002189
0.93002189
0.93002189
0.93007071
0.93007071
0.93007071
0.93007071
0.93007071
0.93007071
0.93008694
0.93025741
0.93042014
0.93042014
0.93042014
0.93043641
0.93062353
0.93064792
0.93068042
0.93069670
0.93069670
0.93074551
0.93074551
0.93074551
0.93074551
0.93074551
0.93074551
0.93074551
0.93074551
0.93075363
0.93075363
0.93076990
0.93076990
0.93105433
0.93105433
0.93105433
0.93149312
0.93149312
0.93149312
0.93149312
0.93150935
0.93178558
0.93222391
0.93222391
0.93259765
0.93275194
0.93276005
0.93276817
0.93278444
0.93281699
0.93281699
0.93283326
0.93289019
0.93293901
0.93298783
0.93303665
0.93308547
0.93313429
0.93313429
0.93315056
0.93315868
0.93315868
0.93324004
0.93324004
0.93324004
0.93324004
0.93324004
0.93324004
0.93324004
0.93326439
0.93326439
0.93327250
0.93327250
0.93327250
0.93327250
0.93327250
0.93330501
0.93337809
0.93337809
0.93337809
0.93337809
0.93347561
0.93347561
0.93347561
0.93347561
0.93347561
0.93347561
0.93347561
0.93347561
0.93347561
0.93347561
0.93347561
0.93347561
0.93347561
0.93347561
0.93347561
0.93347561
0.93347561
0.93347561
0.93347561
0.93362206
0.93362206
0.93362206
0.93362206
0.93362206
0.93362206
0.93362206
0.93362206
0.93362206
0.93362206
0.93362206
0.93362206
0.93362206
0.93363829
0.93363829
0.93363829
0.93363829
0.93363829
0.93363829
0.93380897
0.93380897
0.93380897
0.93380897
0.93380897
0.93380897
0.93383336
0.93383336
0.93383336
0.93383336
0.93383336
0.93386587
0.93389025
0.93389025
0.93421509
0.93421509
0.93421509
0.93421509
0.93469430
0.93469430
0.93469430
0.93469430
0.93472684
0.93472684
0.93472684
0.93472684
0.93472684
0.93472684
0.93472684
0.93472684
0.93472684
0.93472684
0.93472684
0.93472684
0.93472684
0.93472684
0.93472684
0.93472684
0.93472684
0.93472684
0.93472684
0.93472684
0.93472684
0.93472684
0.93472684
0.93472684
0.93472684
0.93472684
0.93472684
0.93472684
0.93472684
0.93473496
0.93473496
0.93473496
0.93473496
0.93473496
0.93473496
0.93488949
0.93488949
0.93488949
0.93488949
0.93493831
0.93494643
0.93494643
0.93494643
0.93494643
0.93494643
0.93494643
0.93494643
0.93494643
0.93494643
0.93563709
0.93563709
0.93563709
0.93563709
0.93563709
0.93563709
0.93563709
0.93563709
0.93565333
0.93565333
0.93565333
0.93566960
0.93571842
0.93571842
0.93571842
0.93571842
0.93597017
0.93598645
0.93600272
0.93601899
0.93639277
0.93642532
0.93644159
0.93644159
0.93645786
0.93649041
0.93653923
0.93653923
0.93653923
0.93653923
0.93653923
0.93653923
0.93653923
0.93653923
0.93653923
0.93653923
0.93653923
0.93712423
0.93712423
0.93717305
0.93727048
0.93727048
0.93727048
0.93727048
0.93727048
0.93727048
0.93727048
0.93727048
0.93727048
0.93727048
0.93727048
0.93727859
0.93727859
0.93727859
0.93727859
0.93727859
0.93727859
0.93727859
0.93727859
0.93760347
0.93760347
0.93760347
0.93760347
0.93760347
0.93760347
0.93760347
0.93760347
0.93760347
0.93760347
0.93764414
0.93764414
0.93766041
0.93767668
0.93767668
0.93769295
0.93769295
0.93801816
0.93802628
0.93803440
0.93804251
0.93805063
0.93805874
0.93806686
0.93807498
0.93848110
0.93920415
0.93921226
0.93922038
0.93922849
0.93965913
0.94005726
0.94007349
0.94008160
0.94008972
0.94009784
0.94010595
0.94043071
0.94082076
0.94082888
0.94085323
0.94144634
0.94145446
0.94146257
0.94172244
0.94173056
0.94173868
0.94174679
0.94175491
0.94177930
0.94182803
0.94183615
0.94185238
0.94186050
0.94186861
0.94187673
0.94263236
0.94264048
0.94264860
0.94283547
0.94306304
0.94307115
0.94307927
0.94309550
0.94310362
0.94311173
0.94311985
0.94312797
0.94313608
0.94314420
0.94315231
0.94316043
0.94316854
0.94317666
0.94318478
0.94381027
0.94381839
0.94382650
0.94389159
0.94389971
0.94390783
0.94390783
0.94394037
0.94395665
0.94397292
0.94398915
0.94400538
0.94400538
0.94400538
0.94400538
0.94400538
0.94410298
0.94413552
0.94480143
0.94571152
0.94599586
0.94631287
0.94693837
0.94711704
0.94766953
0.94814907
0.94862020
0.94900177
0.94951356
0.94987094
0.95020402
0.95069979
0.95113804
0.95186076
0.95264903
0.95294948
0.95329088
0.95379423
0.95432221
0.95434660
0.95452539
0.95455786
0.95497242
0.95506190
0.95507813
0.95511064
0.95515933
0.95519184
0.95618349
0.95631368
0.95648419
0.95683346
0.95720695
0.95790562
0.95839318
0.95874258
0.95912443
0.95939250
0.96013154
0.96036727
0.96065973
0.96114709
0.96153714
0.96189440
0.96190252
0.96208926
0.96250371
0.96291799
0.96292610
0.96321061
0.96351139
0.96389325
0.96431568
0.96468118
0.96503045
0.96538821
0.96573756
0.96595697
0.96645249
0.96671253
0.96712705
0.96715144
0.96734651
0.96795573
0.96811821
0.96888180
0.96926333
0.96971810
0.97055511
0.97101808
0.97139174
0.97175724
0.97183844
0.97188717
0.97222025
0.97295982
0.97308164
0.97312230
0.97335803
0.97374858
0.97388663
0.97392725
0.97438203
0.97450389
0.97517825
0.97547058
0.97571410
0.97600680
0.97610444
0.97617752
0.97648625
0.97663242
0.97668124
0.97699813
0.97723394
0.97737191
0.97759965
0.97789194
0.97809488
0.97845226
0.97851735
0.97859044
0.97888310
0.97911092
0.97928964
0.97965551
0.97976101
0.98014291
0.98043533
0.98083325
0.98110948
0.98116633
0.98124769
0.98152413
0.98183290
0.98195472
0.98197907
0.98207646
0.98223918
0.98247475
0.98249102
0.98279188
0.98280812
0.98295437
0.98337697
0.98366127
0.98392134
0.98399443
0.98402689
0.98409198
0.98420589
0.98422217
0.98425463
0.98435206
0.98461230
0.98466915
0.98467727
0.98475847
0.98487238
0.98501855
0.98504289
0.98522964
0.98526210
0.98541635
0.98551398
0.98555456
0.98560338
0.98561961
0.98574143
0.98577390
0.98592006
0.98629360
0.98632606
0.98643997
0.98655384
0.98657007
0.98669210
0.98676514
0.98708203
0.98737440
0.98743121
0.98760989
0.98773183
0.98782115
0.98795944
0.98810590
0.98816279
0.98830925
0.98839061
0.98853707
0.98857765
0.98863446
0.98867504
0.98878895
0.98888659
0.98912223
0.98926836
0.98942268
0.98945515
0.98949573
0.98968264
0.98971510
0.98973945
0.98995911
0.99000793
0.99003228
0.99017836
0.99029227
0.99031662
0.99036544
0.99046308
0.99050365
0.99051177
0.99054432
0.99058494
0.99059305
0.99060928
0.99072319
0.99078005
0.99086141
0.99094277
0.99097528
0.99100774
0.99108894
0.99120265
0.99123511
0.99129192
0.99139755
0.99142190
0.99143817
0.99150326
0.99154392
0.99156020
0.99162529
0.99265608
0.99268858
0.99278622
0.99279434
0.99285926
0.99298920
0.99302175
0.99309495
0.99314377
0.99317632
0.99338758
0.99341196
0.99347706
0.99350960
0.99354215
0.99355838
0.99359092
0.99360720
0.99365597
0.99372107
0.99373730
0.99375357
0.99380239
0.99383494
0.99385121
0.99385932
0.99386744
0.99402980
0.99405419
0.99408673
0.99411928
0.99413555
0.99416810
0.99417621
0.99420868
0.99422495
0.99423306
0.99426553
0.99428176
0.99443612
0.99447679
0.99459852
0.99497202
0.99549164
0.99584070
0.99585697
0.99587320
0.99588943
0.99700151
0.99701774
0.99731823
0.99734262
0.99737517
0.99780547
0.99794344
0.99800849
0.99804104
0.99809789
0.99813035
0.99824418
0.99825229
0.99830107
0.99831735
0.99834989
0.99835801
0.99846372
0.99848807
0.99849618
0.99852053
0.99853680
0.99860181
0.99864243
0.99866678
0.99868305
0.99869932
0.99870744
0.99871556
0.99873183
0.99874810
0.99875622
0.99877249
0.99878876
0.99914594
0.99915406
0.99919464
0.99919464
0.99919464
0.99919464
0.99921091
0.99923530
0.99928412
0.99929223
0.99930847
0.99930847
0.99930847
0.99930847
0.99932474
0.99932474
0.99932474
0.99932474
0.99932474
0.99932474
0.99932474
0.99932474
0.99932474
0.99932474
0.99932474
0.99932474
0.99932474
0.99932474
0.99932474
0.99932474
0.99932474
0.99932474
0.99932474
0.99932474
0.99932474
0.99932474
0.99932474
0.99932474
0.99932474
0.99934101
0.99934101
0.99934101
0.99934101
0.99934101
0.99934101
0.99934101
0.99934101
0.99934101
0.99934101
0.99934101
0.99934101
0.99934101
0.99934101
0.99934101
0.99934101
0.99934101
0.99934101
0.99934101
0.99934101
0.99934101
0.99934101
0.99934913
0.99943049
0.99944676
0.99946304
0.99951186
0.99952813
0.99952813
0.99952813
0.99952813
0.99952813
0.99952813
0.99952813
0.99952813
0.99952813
0.99952813
0.99952813
0.99952813
0.99952813
0.99952813
0.99952813
0.99952813
0.99954440
0.99954440
0.99954440
0.99954440
0.99954440
0.99954440
0.99954440
0.99954440
0.99954440
0.99954440
0.99954440
0.99954440
0.99954440
0.99954440
0.99954440
0.99954440
0.99954440
0.99956067
0.99956067
0.99956067
0.99956067
0.99956067
0.99956067
0.99957695
0.99957695
0.99957695
0.99957695
0.99957695
0.99959322
0.99960949
0.99962577
0.99962577
0.99964204
0.99964204
0.99964204
0.99964204
0.99964204
0.99964204
0.99964204
0.99964204
0.99964204
0.99964204
0.99964204
0.99964204
0.99964204
0.99964204
0.99964204
0.99964204
0.99964204
0.99966643
0.99966643
0.99966643
0.99966643
0.99967454
0.99967454
0.99967454
0.99967454
0.99967454
0.99967454
0.99967454
0.99967454
0.99967454
0.99967454
0.99967454
0.99967454
0.99967454
0.99967454
0.99967454
0.99967454
0.99967454
0.99967454
0.99967454
0.99967454
0.99967454
0.99967454
0.99967454
0.99967454
0.99967454
0.99967454
0.99967454
0.99967454
0.99967454
0.99967454
0.99967454
0.99967454
0.99967454
0.99967454
0.99967454
0.99967454
0.99967454
0.99967454
0.99967454
0.99967454
0.99967454
0.99967454
0.99967454
0.99967454
0.99967454
0.99967454
0.99967454
0.99967454
0.99967454
0.99967454
0.99967454
0.99967454
0.99967454
0.99967454
0.99967454
0.99967454
0.99967454
0.99967454
0.99967454
0.99967454
0.99967454
0.99967454
0.99967454
0.99967454
0.99967454
0.99967454
0.99967454
0.99967454
0.99967454
0.99967454
0.99967454
0.99967454
0.99967454
0.99967454
0.99967454
0.99967454
0.99967454
0.99967454
0.99967454
0.99967454
0.99967454
0.99967454
0.99967454
0.99967454
0.99967454
0.99967454
0.99967454
0.99967454
0.99967454
0.99967454
0.99967454
0.99967454
0.99967454
0.99967454
0.99967454
0.99967454
0.99967454
0.99967454
0.99967454
0.99967454
0.99967454
0.99967454
0.99967454
0.99967454
0.99967454
0.99967454
0.99967454
0.99967454
0.99967454
0.99967454
0.99967454
0.99967454
0.99967454
0.99967454
0.99967454
0.99967454
0.99967454
0.99967454
0.99967454
0.99967454
0.99967454
0.99967454
0.99967454
0.99967454
0.99967454
0.99967454
0.99967454
0.99967454
0.99967454
0.99967454
0.99967454
0.99967454
0.99967454
0.99967454
0.99967454
0.99967454
0.99967454
0.99967454
0.99967454
0.99967454
0.99967454
0.99967454
0.99967454
0.99967454
0.99967454
0.99967454
0.99967454
0.99967454
0.99967454
0.99967454
0.99967454
0.99967454
0.99967454
0.99967454
0.99967454
0.99967454
0.99967454
0.99967454
0.99967454
0.99967454
0.99967454
0.99967454
0.99967454
0.99967454
0.99967454
0.99967454
0.99967454
0.99967454
0.99967454
0.99967454
0.99967454
0.99967454
0.99967454
0.99967454
0.99967454
0.99967454
0.99967454
0.99967454
0.99967454
0.99967454
0.99967454
0.99967454
0.99967454
0.99967454
0.99967454
0.99967454
0.99967454
0.99967454
0.99967454
0.99967454
0.99967454
0.99967454
0.99967454
0.99967454
0.99967454
0.99967454
0.99967454
0.99967454
0.99967454
0.99967454
0.99967454
0.99967454
0.99967454
0.99967454
0.99967454
0.99967454
0.99967454
0.99967454
0.99967454
0.99967454
0.99967454
0.99967454
0.99967454
0.99967454
0.99967454
0.99967454
0.99967454
0.99967454
0.99967454
0.99967454
0.99967454
0.99967454
0.99967454
0.99967454
0.99967454
0.99967454
0.99967454
0.99967454
0.99967454
0.99967454
0.99967454
0.99967454
0.99967454
0.99967454
0.99967454
0.99967454
0.99967454
0.99967454
0.99967454
0.99967454
0.99967454
0.99967454
0.99967454
0.99967454
0.99967454
0.99967454
0.99967454
0.99967454
0.99967454
0.99967454
0.99967454
0.99967454
0.99967454
0.99967454
0.99967454
0.99967454
0.99967454
0.99967454
0.99967454
0.99967454
0.99967454
0.99967454
0.99967454
0.99967454
0.99967454
0.99967454
0.99967454
0.99967454
0.99967454
0.99967454
0.99967454
0.99967454
0.99967454
0.99967454
0.99967454
0.99969082
0.99995118
0.99995118
0.99995118
0.99995118
0.99995118
0.99995118
0.99995118
0.99995118
0.99996745
0.99998373
1.00000000
0.31032193
