0.00000000
0.00330812
0.00608535
0.01019499
0.01343545
0.01542261
0.01750034
0.01955516
0.02156524
0.02460165
0.02658881
0.02833863
0.03076611
0.03296770
0.03529423
0.03878242
0.04099547
0.04464295
0.04707043
0.05037962
0.05409369
0.05526787
0.05748199
0.05916415
0.06216727
0.06710135
0.07011592
0.07299410
0.07884211
0.08085218
0.08295175
0.08471303
0.08708323
0.08957730
0.09272612
0.09429480
0.09795374
0.10113800
0.10201864
0.10357693
0.10628544
0.10823930
0.11041799
0.11200958
0.11436833
0.11855709
0.12158204
0.12466427
0.12711466
0.12934955
0.13229647
0.13391097
0.13553693
0.13912713
0.14148696
0.14597964
0.14716528
0.15248240
0.15590293
0.15758509
0.16155941
0.16656008
0.17342404
0.17516240
0.17813116
0.18366271
0.18978135
0.19421783
0.19713038
0.19903843
0.20037084
0.20223307
0.20339580
0.20495302
0.20690582
0.20946862
0.21124135
0.21424447
0.21541865
0.21708936
0.21826354
0.22034020
0.22194325
0.22485580
0.22868228
0.23000323
0.23300635
0.23422528
0.23580542
0.23781442
0.23919158
0.23992545
0.24212704
0.24479079
0.24581820
0.24677795
0.24772625
0.24860689
0.24948753
0.25066171
0.25219710
0.25337128
0.25578731
0.25705206
0.25865511
0.25973872
0.26063081
0.27038441
0.27668312
0.28018276
0.28271120
0.28424659
0.28535311
0.28652729
0.28816364
0.28889750
0.28999257
0.29079409
0.29138119
0.29196828
0.29366189
0.29424899
0.29567197
0.29894572
0.30013136
0.30167820
0.30241206
0.30452202
0.30510911
0.30723159
0.30894812
0.31004319
0.31092382
0.31224478
0.31327219
0.31562056
0.31827392
0.31886102
0.31995609
0.32076906
0.32135616
0.32309452
0.32368161
0.32557821
0.32616530
0.32676384
0.32763303
0.32880721
0.32939430
0.33004905
0.33092969
0.33211533
0.33375274
0.33463338
0.33543490
0.33602199
0.33720763
0.33830270
0.33918334
0.34012018
0.34146405
0.34227703
0.34323678
0.34411741
0.34529160
0.34644287
0.34717674
0.34847478
0.34928776
0.35060872
0.35163613
0.35379190
0.35528147
0.35637654
0.35718952
0.35876966
0.35957118
0.36077973
0.36216834
0.36382759
0.36449380
0.36522766
0.36643514
0.36749692
0.36878458
0.37041054
0.37099763
0.37143795
0.37261213
0.37435050
0.37531025
0.37582968
0.37641677
0.37736507
0.37948755
0.38028907
0.38116971
0.38261453
0.38326928
0.38407080
0.38521062
0.38695937
0.38853951
0.38976990
0.39006344
0.39035699
0.39065053
0.39207244
0.39295308
0.39394720
0.39520049
0.39609259
0.39792152
0.40077679
0.40193952
0.40239130
0.40319282
0.40442321
0.40486353
0.40530384
0.40595860
0.40840684
0.40987457
0.41054078
0.41098110
0.41182737
0.41226769
0.41270801
0.41322744
0.41391656
0.41450365
0.41516985
0.41590372
0.41670524
0.41901817
0.42040679
0.42223572
0.42299250
0.42413232
0.42512536
0.42585923
0.42644632
0.42703341
0.42783493
0.42880614
0.42947235
0.43019476
0.43135748
0.43238489
0.43355908
0.43421383
0.43501535
0.43568156
0.43662985
0.43765726
0.43824436
0.43868467
0.43912499
0.43956531
0.44000563
0.44107779
0.44221761
0.44295147
0.44383211
0.44489282
0.44596498
0.44640529
0.44684561
0.44901284
0.44945316
0.45004025
0.45113532
0.45201596
0.45274982
0.45361901
0.45449964
0.45542503
0.45636187
0.45694896
0.45816790
0.45947740
0.46021126
0.46065158
0.46153222
0.46270640
0.46314672
0.46402736
0.46490800
0.46534832
0.46578863
0.46622895
0.46666927
0.46710959
0.46754991
0.46799023
0.46843055
0.46887087
0.46931118
0.46995448
0.47089132
0.47162519
0.47221228
0.47279937
0.47408596
0.47481983
0.47555369
0.47644578
0.47748465
0.47841003
0.47941454
0.48030663
0.48152556
0.48247386
0.48379481
0.48468691
0.48548843
0.48660641
0.48813034
0.48893187
0.48985725
0.49090757
0.49156232
0.49336835
0.49395544
0.49454253
0.49553558
0.49615703
0.49683469
0.49960047
0.50019902
0.50063933
0.50119206
0.50167713
0.50376524
0.50443145
0.50506329
0.50565038
0.50662159
0.50712957
0.50782907
0.50824648
0.50961218
0.50991718
0.51022218
0.51052718
0.51083218
0.51113719
0.51144219
0.51173573
0.51223225
0.51260491
0.51398100
0.51459101
0.51495221
0.51564133
0.51592342
0.51620551
0.51648760
0.51676969
0.51730058
0.51787621
0.51866628
0.51905040
0.51997685
0.52033806
0.52069926
0.52126345
0.52170376
0.52295706
0.52338593
0.52381479
0.52404068
0.52426656
0.52449245
0.52471834
0.52494422
0.52517011
0.52573429
0.52712291
0.52780057
0.52857918
0.52879361
0.52900805
0.52922248
0.53020407
0.53189661
0.53253991
0.53318321
0.53406384
0.53436884
0.53493303
0.53530569
0.53567835
0.53605101
0.53642367
0.53773317
0.53832026
0.53916760
0.54053331
0.54110894
0.54168458
0.54233933
0.54298263
0.54366029
0.54433795
0.54477827
0.54533099
0.54680911
0.54723797
0.54789272
0.54852456
0.54922406
0.54965293
0.54979970
0.54994647
0.55009325
0.55024002
0.55038679
0.55053356
0.55068034
0.55082711
0.55097388
0.55112066
0.55126743
0.55141420
0.55156097
0.55170775
0.55185452
0.55200129
0.55214807
0.55229484
0.55244161
0.55258838
0.55273516
0.55288193
0.55302870
0.55317548
0.55332225
0.55346902
0.55361580
0.55376257
0.55390934
0.55405611
0.55420289
0.55434966
0.55449643
0.55464321
0.55478998
0.55596416
0.55647214
0.55698012
0.55748810
0.55770253
0.55792841
0.55815430
0.55844785
0.55874139
0.55903494
0.55932848
0.55962203
0.55991558
0.56020912
0.56050267
0.56079621
0.56108976
0.56138331
0.56239926
0.56297490
0.56325699
0.56384408
0.56492769
0.56635067
0.56670042
0.56727606
0.56771638
0.56870943
0.56980450
0.57024481
0.57068513
0.57112545
0.57156577
0.57200609
0.57244641
0.57288673
0.57332705
0.57376736
0.57420768
0.57464800
0.57508832
0.57552864
0.57596896
0.57690580
0.57854214
0.57905012
0.57943423
0.57981835
0.58055221
0.58138703
0.58190646
0.58261742
0.58346369
0.58408408
0.58475028
0.58533737
0.58592447
0.58651156
0.58721106
0.58784290
0.58916385
0.59010070
0.59075545
0.59178286
0.59259584
0.59447990
0.59521377
0.59621827
0.59708745
0.59782132
0.59855518
0.59935670
0.60023734
0.60152393
0.60277723
0.60357875
0.60539623
0.60654751
0.60765403
0.60952771
0.60982126
0.61107456
0.61136810
0.61179697
0.61209051
0.61279001
0.61308356
0.61337710
0.61367065
0.61396420
0.61425774
0.61455129
0.61484483
0.61513838
0.61543193
0.61572547
0.61601902
0.61631256
0.61660611
0.61689965
0.61719320
0.61748675
0.61778029
0.61807384
0.61836738
0.61866093
0.61895448
0.61924802
0.61954157
0.61983511
0.62012866
0.62042220
0.62071575
0.62100930
0.62130284
0.62159639
0.62188993
0.62218348
0.62247703
0.62277057
0.62306412
0.62335766
0.62371887
0.62450894
0.62480248
0.62536666
0.62566021
0.62602142
0.62631496
0.62667617
0.62696971
0.62739858
0.62769212
0.62806478
0.62835833
0.62895687
0.62925042
0.62974694
0.63004049
0.63046935
0.63083056
0.63139474
0.63191417
0.63259183
0.63317892
0.63496204
0.63554913
0.63667749
0.63697104
0.63762579
0.63806611
0.63891238
0.63928504
0.64007511
0.64057163
0.64133879
0.64171145
0.64231000
0.64304386
0.64391305
0.64435336
0.64521109
0.64571907
0.64672357
0.64716389
0.64790921
0.64871073
0.64985055
0.65029087
0.65109239
0.65153271
0.65233424
0.65277455
0.65321487
0.65365519
0.65409551
0.65453583
0.65497615
0.65541647
0.65585679
0.65629710
0.65673742
0.65717774
0.65761806
0.65805838
0.65849870
0.65893902
0.65937934
0.65981965
0.66025997
0.66070029
0.66114061
0.66158093
0.66202125
0.66246157
0.66290189
0.66334220
0.66398550
0.66442582
0.66493380
0.66537412
0.66588209
0.66632241
0.66683039
0.66727071
0.66799312
0.66843344
0.66900907
0.66944939
0.67003648
0.67047680
0.67098478
0.67157187
0.67247542
0.67306251
0.67402226
0.67490290
0.67612183
0.67657361
0.67722836
0.67781545
0.67874084
0.67924881
0.67975679
0.68071654
0.68190218
0.68278282
0.68373112
0.68446498
0.68535707
0.68594416
0.68666657
0.68725367
0.68784076
0.68842785
0.68901494
0.68960203
0.69018912
0.69077622
0.69136331
0.69195040
0.69260515
0.69319224
0.69384699
0.69480674
0.69594763
0.69682827
0.69770891
0.69858955
0.69947018
0.70020405
0.70093791
0.70196532
0.70360166
0.70456142
0.70575851
0.70678592
0.70836606
0.70926960
0.71017315
0.71134733
0.71274740
0.71399963
0.71550066
0.71622306
0.71708079
0.71858289
0.72008391
0.72084068
0.72098746
0.72106657
0.72134866
0.72141632
0.72185664
0.72229696
0.72280494
0.72331291
0.72440798
0.72469007
0.72483685
0.72505128
0.72519805
0.72555926
0.72599958
0.72629312
0.72672199
0.72685730
0.72757971
0.72780560
0.72824592
0.72839269
0.72971365
0.72993954
0.73037985
0.73096695
0.73104606
0.73141872
0.73200581
0.73215258
0.73237847
0.73289790
0.73384620
0.73442184
0.73471538
0.73515570
0.73523482
0.73552836
0.73596868
0.73626223
0.73640900
0.73733546
0.73777577
0.73777577
0.73840762
0.73920914
0.73964946
0.73979623
0.74015744
0.74045098
0.74059775
0.74089130
0.74147839
0.74162516
0.74191871
0.74242669
0.74390480
0.74427746
0.74442423
0.74471778
0.74492076
0.74506753
0.74536108
0.74586905
0.74601583
0.74623026
0.74652380
0.74702033
0.74730242
0.74790097
0.74870249
0.74906369
0.74935724
0.74965079
0.75090408
0.75090408
0.75105086
0.75134440
0.75206681
0.75222504
0.75278922
0.75300365
0.75388429
0.75447138
0.75491170
0.75535202
0.75593911
0.75623266
0.75668443
0.75683120
0.75808343
0.75874964
0.75898698
0.75913375
0.75942730
0.76000293
0.76029648
0.76073680
0.76103034
0.76148212
0.76243041
0.76278016
0.76291548
0.76306225
0.76350257
0.76379612
0.76438321
0.76482353
0.76498176
0.76556885
0.76638183
0.76691272
0.76698037
0.76743215
0.76757892
0.76772569
0.76831279
0.76901229
0.76945260
0.76959938
0.76997204
0.77026558
0.77041236
0.77055913
0.77085267
0.77099945
0.77136065
0.77142831
0.77172186
0.77224129
0.77296370
0.77340402
0.77385579
0.77407022
0.77421700
0.77436377
0.77481554
0.77525586
0.77554941
0.77584295
0.77724409
0.77739087
0.77754910
0.77769587
0.77846410
0.77891587
0.77979651
0.78015771
0.78054183
0.78083537
0.78098215
0.78112892
0.78127569
0.78199810
0.78262994
0.78307026
0.78322849
0.78337526
0.78366881
0.78396236
0.78453799
0.78484299
0.78528331
0.78572363
0.78593806
0.78809277
0.78817188
0.78861220
0.78867986
0.78912018
0.78984259
0.79029436
0.79065556
0.79110734
0.79124266
0.79261982
0.79334223
0.79334223
0.79355666
0.79440293
0.79461736
0.79468502
0.79483179
0.79541889
0.79573534
0.79602889
0.79632243
0.79632243
0.79662743
0.79752991
0.79766523
0.79766523
0.79810555
0.79810555
0.79846675
0.79861353
0.79876030
0.79933594
0.79964094
0.80000214
0.80052157
0.80104101
0.80133455
0.80170721
0.80193310
0.80249728
0.80265551
0.80294905
0.80351324
0.80460831
0.80504862
0.80563572
0.80570338
0.80570338
0.80583869
0.80598547
0.80606458
0.80634667
0.80710345
0.80725022
0.80725022
0.80762288
0.80835674
0.80872940
0.80916972
0.80990359
0.81019713
0.81099866
0.81161904
0.81191259
0.81233000
0.81262354
0.81304095
0.81348127
0.81386538
0.81422659
0.81466691
0.81551318
0.81565995
0.81581818
0.81631470
0.81692471
0.81721825
0.81735357
0.81794066
0.81847155
0.81861832
0.81905864
0.81941985
0.81986016
0.82000694
0.82030048
0.82044726
0.82072935
0.82087612
0.82146321
0.82279455
0.82279455
0.82294133
0.82323487
0.82373139
0.82538026
0.82573001
0.82675742
0.82719774
0.82749129
0.82916199
0.82987295
0.83015504
0.83030181
0.83051624
0.83066302
0.83080979
0.83117099
0.83175808
0.83331531
0.83352974
0.83367652
0.83433127
0.83470393
0.83543779
0.83587811
0.83602488
0.83617166
0.83646520
0.83690552
0.83710850
0.83718761
0.83777470
0.83892598
0.83936630
0.83980662
0.84017927
0.84017927
0.84055193
0.84084548
0.84128580
0.84143257
0.84303562
0.84318239
0.84318239
0.84326151
0.84347594
0.84375803
0.84375803
0.84463867
0.84478544
0.84537253
0.84566608
0.84588051
0.84644469
0.84680590
0.84730242
0.84744919
0.84790097
0.84897312
0.84954876
0.85004528
0.85019206
0.85041794
0.85071149
0.85100504
0.85115181
0.85237074
0.85305986
0.85319517
0.85392904
0.85436936
0.85468581
0.85484404
0.85499081
0.85521670
0.85572468
0.85601823
0.85675209
0.85689886
0.85748595
0.85791482
0.85850191
0.85850191
0.85879546
0.85907755
0.85922432
0.85957407
0.86065768
0.86167364
0.86210250
0.86254282
0.86292694
0.86403346
0.86462055
0.86491410
0.86520764
0.86564796
0.86599771
0.86703658
0.86718335
0.86747690
0.86782665
0.86883115
0.86927147
0.86956501
0.86985856
0.87021976
0.87080685
0.87130338
0.87159692
0.87182281
0.87211636
0.87240990
0.87255668
0.87472390
0.87517568
0.87555979
0.87585334
0.87601157
0.87630511
0.87659866
0.87681309
0.87759170
0.87815589
0.87888975
0.87903652
0.87918330
0.87962361
0.88006393
0.88021071
0.88021071
0.88043659
0.88058337
0.88087691
0.88102368
0.88146400
0.88190432
0.88219787
0.88219787
0.88234464
0.88286407
0.88315762
0.88374471
0.88491782
0.88535814
0.88579846
0.88593378
0.88629498
0.88657708
0.88664473
0.88672385
0.88701739
0.88773980
0.88803335
0.88869956
0.88951253
0.88994140
0.89023494
0.89038172
0.89067526
0.89111558
0.89139767
0.89204097
0.89234597
0.89249274
0.89263951
0.89307983
0.89350870
0.89416345
0.89454756
0.89503263
0.89599238
0.89613915
0.89713220
0.89778695
0.89836259
0.89865613
0.89887057
0.89939000
0.89953677
0.89976266
0.90074425
0.90103779
0.90177166
0.90221198
0.90235875
0.90301350
0.90345382
0.90424389
0.90548466
0.90569909
0.90584587
0.90613941
0.90657973
0.90702005
0.90759569
0.90779866
0.90795689
0.90839721
0.90883753
0.90898430
0.90942462
0.90957139
0.91001171
0.91001171
0.91015848
0.91045203
0.91103912
0.91140033
0.91154710
0.91191976
0.91272128
0.91301483
0.91330838
0.91345515
0.91383926
0.91427958
0.91471990
0.91486667
0.91501345
0.91529554
0.91557763
0.91634586
0.91642497
0.91657174
0.91671852
0.91701206
0.91759915
0.91774593
0.91803947
0.91833302
0.91869422
0.91890866
0.91898777
0.91965398
0.92038784
0.92045550
0.92089582
0.92089582
0.92104259
0.92229589
0.92252178
0.92266855
0.92296209
0.92366159
0.92426014
0.92470046
0.92484723
0.92498255
0.92512932
0.92586319
0.92645028
0.92674383
0.92703737
0.92742149
0.92842599
0.92857276
0.92953251
0.92975840
0.92999574
0.93043606
0.93087638
0.93131670
0.93167790
0.93211822
0.93226499
0.93273968
0.93303322
0.93332677
0.93362031
0.93417304
0.93454570
0.93483925
0.93498602
0.93575318
0.93613729
0.93643084
0.93657761
0.93701793
0.93731148
0.93789857
0.93847420
0.93870009
0.93899364
0.93972750
0.94016782
0.94039371
0.94083403
0.94154498
0.94198530
0.94206441
0.94254948
0.94284303
0.94328335
0.94418689
0.94418689
0.94575558
0.94604912
0.94654564
0.94724514
0.94802483
0.94817160
0.94817160
0.94861192
0.94875869
0.94906369
0.94921047
0.94965079
0.95017022
0.95098320
0.95205536
0.95228124
0.95285688
0.95451613
0.95495645
0.95539677
0.95554354
0.95598386
0.95613063
0.95674063
0.95735064
0.95756507
0.95834368
0.95834368
0.95863723
0.95922432
0.96000293
0.96043180
0.96079300
0.96108655
0.96138009
0.96224928
0.96268960
0.96283637
0.96364935
0.96402201
0.96439467
0.96446233
0.96460910
0.96490264
0.96535442
0.96643803
0.96889881
0.96947444
0.97012919
0.97027597
0.97086306
0.97210383
0.97254415
0.97298447
0.97305213
0.97362776
0.97377454
0.97400042
0.97414720
0.97429397
0.97458752
0.97479049
0.97507258
0.97536613
0.97565968
0.97609999
0.97712740
0.97771450
0.97792893
0.97850456
0.97857222
0.97915932
0.97938520
0.97989318
0.98003995
0.98048027
0.98076236
0.98132654
0.98176686
0.98206041
0.98236541
0.98259130
0.98273807
0.98331371
0.98405903
0.98428491
0.98473669
0.98524466
0.98532378
0.98569644
0.98627207
0.98680296
0.98768360
0.98797715
0.98813537
0.98866626
0.98881303
0.98910658
0.98910658
0.98940013
0.98969367
0.99006633
0.99035988
0.99080020
0.99101463
0.99145495
0.99166938
0.99196292
0.99210970
0.99225647
0.99248236
0.99277590
0.99292268
0.99320477
0.99341920
0.99371274
0.99385952
0.99414161
0.99513465
0.99529288
0.99655656
0.99685011
0.99736954
0.99751632
0.99792227
0.99808050
0.99890493
0.99911936
0.99970645
0.99977411
0.18652015
