0.00000000
0.00751945
0.01756135
0.02430165
0.03576930
0.04151341
0.05067565
0.06968784
0.07603743
0.08795519
0.11296057
0.12618754
0.13618834
0.14756001
0.15545188
0.16270169
0.17850598
0.20273221
0.21220747
0.22188149
0.22846415
0.23700035
0.24381833
0.24919002
0.25417099
0.26030580
0.26468129
0.27013293
0.27370871
0.27925633
0.28500043
0.28965009
0.29810861
0.30305074
0.30713376
0.31322973
0.31586645
0.31977354
0.32360294
0.32629906
0.32962122
0.33335238
0.33692816
0.34122596
0.34278880
0.34474234
0.34853290
0.35062353
0.35552682
0.35851540
0.36011708
0.36292973
0.36427779
0.36884977
0.37226791
0.37396783
0.37637149
0.38039511
0.38316892
0.38473175
0.38865940
0.39092597
0.39479421
0.39883839
0.40067541
0.40145682
0.40393817
0.40507145
0.40624358
0.40745455
0.40972111
0.41228014
0.41380414
0.41558175
0.41718343
0.41857033
0.42112937
0.42304407
0.42679578
0.42927712
0.43150485
0.43476761
0.43777675
0.44015984
0.44275772
0.44396869
0.44822765
0.45127563
0.45326802
0.45514388
0.45752698
0.46164884
0.46481336
0.46881870
0.47081108
0.47432747
0.47589030
0.47745314
0.47876235
0.48067706
0.48470295
0.48739907
0.48888421
0.48966563
0.49044705
0.49144324
0.49247828
0.49322086
0.49396343
0.49693373
0.49880958
0.49941507
0.50002056
0.50111499
0.50168164
0.50459253
0.50766107
0.50840365
0.50992764
0.51106092
0.51223305
0.51561234
0.51600305
0.51639376
0.51678447
0.51717518
0.52053618
0.52163062
0.52440443
0.52821328
0.52981496
0.53116302
0.53534428
0.53712190
0.54093074
0.54591172
0.55003358
0.55294448
0.55673504
0.55864974
0.56238090
0.56493993
0.56667870
0.56746012
0.56841747
0.56937482
0.57033217
0.57177847
0.57291175
0.57351724
0.57568556
0.57746318
0.57802982
0.57947612
0.58012045
0.58086302
0.58246470
0.58307019
0.58363683
0.58455534
0.58547384
0.58621642
0.58781810
0.58859952
0.58959571
0.59020120
0.59041597
0.59098262
0.59541977
0.59790111
0.59989350
0.60006944
0.60088970
0.60128041
0.60163227
0.60487674
0.60632305
0.60710447
0.60880439
0.60919510
0.61015245
0.61015245
0.61054316
0.61232077
0.61271148
0.61310219
0.61362999
0.61458734
0.61611133
0.61667797
0.61706868
0.62007782
0.62046853
0.62085924
0.62124995
0.62238323
0.62330174
0.62650510
0.62707174
0.62746245
0.62910297
0.63113421
0.63152492
0.63191563
0.63248227
0.63287298
0.63390802
0.63451350
0.63490421
0.63529492
0.63586156
0.63756149
0.63795219
0.64039469
0.64135204
0.64191869
0.64287604
0.64309081
0.64330559
0.64404816
0.64461480
0.64578693
0.64709615
0.64904969
0.64922563
0.65166812
0.65313272
0.65391413
0.65451962
0.65512511
0.65573059
0.65573059
0.65707865
0.65768414
0.65989130
0.66241149
0.66397433
0.66542063
0.66633914
0.66672985
0.66864455
0.66942596
0.67081287
0.67294235
0.67421272
0.67630335
0.67704593
0.67739779
0.67843283
0.67970320
0.68101242
0.68122719
0.68300481
0.68357145
0.68531022
0.68648234
0.68874891
0.68931555
0.69076185
0.69115256
0.69179689
0.69236353
0.69580223
0.70033536
0.70072607
0.70228891
0.70303148
0.70572760
0.70672379
0.70732928
0.71188070
0.71301398
0.71318992
0.71506577
0.71567126
0.71606197
0.71744887
0.71826913
0.71983197
0.72075048
0.72291880
0.72370022
0.72387615
0.72479465
0.72536130
0.72557607
0.72692413
0.72692413
0.72887768
0.72987387
0.73083122
0.73200335
0.73256999
0.73370328
0.73839405
0.73913663
0.73991804
0.74048468
0.74109017
0.74169566
0.74208637
0.74321965
0.74554561
0.74611226
0.74738263
0.74798811
0.74837882
0.74876953
0.74968804
0.75107494
0.75146565
0.75185636
0.75259893
0.75334151
0.75547099
0.75603763
0.75760046
0.75855781
0.75873375
0.76039483
0.76057076
0.76121509
0.76160580
0.76359819
0.76490740
0.76803308
0.76803308
0.76963476
0.77194017
0.77463629
0.77662867
0.77701938
0.77762487
0.78198207
0.78254871
0.78614278
0.78692420
0.78731491
0.78752968
0.78831110
0.78905368
0.79071476
0.79110547
0.79188688
0.79266830
0.79380159
0.79475894
0.79493487
0.79550151
0.79610700
0.79632177
0.79671248
0.79766983
0.79806054
0.79884196
0.80061957
0.80122506
0.80161577
0.80693032
0.80806360
0.80845431
0.80941166
0.80962644
0.81083741
0.81183360
0.81429439
0.81450917
0.81525174
0.81542767
0.81620909
0.81734237
0.81773308
0.81829972
0.81982372
0.82081991
0.82160133
0.82255868
0.82294939
0.82334010
0.82412152
0.82529364
0.82628984
0.82689532
0.82711010
0.82806745
0.82845816
0.82986562
0.83025633
0.83142846
0.83181917
0.83312838
0.83369502
0.83451528
0.83600043
0.83635230
0.83699663
0.83738734
0.83949626
0.84010174
0.84191820
0.84248484
0.84309033
0.84412537
0.84551227
0.84607891
0.84746582
0.84820839
0.84859910
0.84994716
0.84994716
0.85111929
0.85190071
0.85229141
0.85328761
0.85481160
0.85666690
0.85705761
0.85797612
0.85854276
0.85971489
0.85989082
0.86092586
0.86149250
0.86244985
0.86411093
0.86450164
0.86467757
0.86545899
0.86584970
0.86645518
0.86702183
0.86870120
0.86973623
0.87034172
0.87108429
0.87147500
0.87186571
0.87325262
0.87481545
0.87647653
0.87868370
0.87907441
0.87967989
0.88059840
0.88177053
0.88272788
0.88546284
0.88841258
0.88905691
0.89179187
0.89235852
0.89292516
0.89331587
0.89413613
0.89487870
0.89548419
0.89587490
0.89626561
0.89687109
0.89743773
0.89782844
0.89935244
0.89995792
0.90134483
0.90134483
0.90173553
0.90230218
0.90325953
0.90386501
0.91017349
0.91077898
0.91204935
0.91244006
0.91404174
0.91464722
0.91560457
0.91599528
0.91621006
0.91703032
0.92150405
0.92410193
0.92558708
0.92558708
0.92636849
0.92771655
0.92920170
0.92980719
0.93019790
0.93080338
0.93232737
0.93625502
0.93799379
0.93969371
0.94026036
0.94047513
0.94068991
0.94090469
0.94203797
0.94246752
0.94342487
0.94463584
0.94498771
0.94655055
0.94694125
0.94803569
0.94907073
0.95024286
0.95120021
0.95215756
0.95354446
0.95414995
0.95557570
0.95622003
0.95678667
0.95735331
0.95827182
0.95844775
0.95965872
0.96026421
0.96086969
0.96126040
0.96338988
0.96413245
0.96473794
0.96721928
0.96839141
0.96930992
0.96973947
0.97013018
0.97052089
0.97130231
0.97247443
0.97282630
0.97339294
0.97399842
0.97509286
0.97548357
0.97669454
0.97851100
0.97946835
0.98099234
0.98194969
0.98255518
0.98359022
0.98501597
0.98583623
0.98749731
0.98771209
0.98845466
0.98902130
0.98997865
0.99154149
0.99484309
0.99623000
0.99662071
0.99718735
0.99779283
0.26830464
