204
357
529
499
114
181
336
353
267
359
87
510
389
295
63
211
241
57
171
501
519
512
24
120
429
322
535
361
352
271
377
436
553
498
492
326
238
365
208
385
52
363
37
409
157
156
220
441
370
4
439
194
453
338
420
128
233
302
383
276
176
503
210
152
72
369
522
79
469
274
97
371
269
400
411
426
86
343
15
394
301
273
259
509
222
418
260
214
437
140
310
379
61
428
177
305
45
413
83
110
340
23
223
93
308
230
500
80
317
36
191
243
216
75
251
67
10
349
354
351
237
483
368
264
416
549
296
132
278
374
532
18
69
423
282
123
484
531
112
314
376
163
289
452
48
254
463
253
