633
736
503
164
621
811
205
394
485
475
671
782
749
571
610
734
292
239
573
302
898
176
107
720
513
328
993
285
891
104
275
922
26
11
246
963
23
989
438
726
408
724
209
41
653
684
620
461
651
985
15
765
877
97
230
287
399
677
177
866
127
411
151
33
682
668
1001
453
629
315
155
881
981
755
583
32
678
490
377
721
0
681
479
380
290
991
879
60
641
763
340
286
582
397
370
29
813
216
330
947
937
976
249
310
737
806
613
198
770
735
942
291
1031
717
268
897
190
635
133
556
512
669
983
378
294
889
864
1036
303
194
183
957
258
6
515
631
622
243
792
882
702
828
789
797
332
425
964
324
839
1004
793
522
68
808
238
576
69
325
604
197
444
800
130
59
391
497
809
34
351
320
880
153
42
643
611
885
419
625
549
873
10
986
301
13
259
1
781
409
597
761
523
159
163
314
403
170
825
318
346
189
150
128
530
1034
365
718
886
534
449
96
200
773
108
860
427
852
152
561
166
652
533
165
640
637
19
181
35
780
788
91
883
842
465
799
910
785
281
76
387
231
423
946
476
278
778
767
277
585
472
57
563
359
691
532
350
442
126
412
162
580
607
279
167
854
594
1008
995
1025
158
801
445
911
481
214
372
975
510
428
56
716
367
617
1011
83
715
542
756
777
649
676
904
478
488
909
769
363
784
847
494
830
219
362
361
656
837
762
193
926
896
226
50
853
470
64
695
440
81
664
589
619
592
672
21
261
794
455
810
974
920
732
630
114
43
169
956
562
568
807
118
550
336
389
955
632
469
316
414
693
432
384
1033
578
156
117
697
1020
186
433
349
335
267
987
988
47
173
40
1005
814
322
113
888
309
489
795
742
666
288
802
526
353
296
89
188
856
933
660
308
741
519
458
577
471
586
413
1026
539
248
383
280
895
398
31
393
67
927
174
1021
965
132
187
329
817
923
558
973
210
950
374
424
38
242
62
581
892
122
148
535
930
244
342
312
136
52
82
106
574
894
977
1018
705
39
564
2
450
803
541
575
940
557
646
269
12
201
615
241
466
221
220
952
228
250
972
596
505
565
876
704
422
969
822
783
528
498
994
1040
405
960
103
376
545
456
696
463
125
94
129
1003
144
16
966
1010
554
843
161
915
798
229
18
722
9
598
460
395
80
699
538
599
500
928
496
694
838
140
914
859
707
846
703
236
650
875
1015
418
951
45
634
546
4
338
306
739
648
945
1019
112
823
474
102
861
111
764
529
713
343
536
1024
623
421
321
845
253
375
555
429
655
446
884
670
262
184
979
689
1028
98
907
744
227
88
297
796
1027
863
867
901
327
657
663
448
25
913
256
771
552
477
202
457
608
93
903
638
53
402
642
95
78
271
371
273
992
628
311
203
491
24
712
603
790
508
392
79
326
686
366
1038
507
751
851
831
263
527
480
996
953
283
701
750
276
954
1013
727
900
54
970
212
614
733
905
654
240
439
49
406
331
706
547
1012
1002
990
862
849
687
624
339
1023
386
925
593
1017
74
754
816
961
832
731
119
28
257
382
493
223
962
887
1016
146
217
454
728
540
115
776
958
199
548
1032
147
708
354
779
504
299
645
605
609
8
616
135
434
368
711
272
544
486
935
740
692
58
804
1042
679
516
820
134
137
270
379
636
345
841
855
714
1029
748
289
868
848
27
499
559
218
812
850
48
