7568
657
1524
4282
2783
11620
4541
1141
3793
277
1431
1482
713
8199
327
16249
665
628
631
5400
1999
4459
10126
2749
3809
1031
1389
809
410
2163
5702
4595
4440
38
702
337
500
1866
819
74
732
5071
10764
3934
137
201
317
792
2730
17
6533
1404
987
5801
13377
613
2724
2725
679
3967
1681
3125
2484
4109
10092
2728
1938
36
482
1089
771
1
3867
746
934
461
3015
7172
222
10048
218
9963
470
195
2975
101
933
4354
5159
108
5853
5303
4060
911
780
691
161
578
3772
5928
2868
10463
2755
3839
11459
902
139
4693
365
160
122
794
6364
29
594
1412
3716
5673
3812
47
5069
39
515
973
4781
4744
621
2906
83
3123
731
528
8956
1884
3818
5393
4011
10130
3278
435
2832
225
1803
931
833
1802
391
818
5579
4706
497
3898
5435
57
659
11
1102
1823
672
824
733
4931
456
212
2805
202
1703
2855
1487
1387
5598
242
2576
2184
843
3987
107
5211
109
3693
1325
2804
10125
3060
9404
348
3890
1071
637
208
1981
684
3922
2271
3231
2401
567
1056
168
169
8047
511
9
807
806
803
558
205
147
71
112
7088
4254
3211
545
3762
216
1392
2657
3868
3801
510
762
103
6203
2849
6371
4047
811
1473
146
1561
2361
4276
3869
5279
591
23
2879
3794
1417
445
2074
3761
119
4409
3524
2977
868
1168
88
89
5879
2336
3874
1486
3864
163
522
3875
4929
2002
4406
561
5864
1881
3854
3882
2562
699
4809
739
957
153
1770
486
2811
171
862
5156
282
4348
3679
407
4787
1783
77
3806
3121
1612
893
231
4448
3397
3384
573
4303
810
3378
3914
10070
439
5353
2295
26
87
55
3402
4247
353
2817
130
1388
54
261
143
3677
292
431
3803
2850
870
986
5290
4170
458
415
673
3877
2042
220
3999
880
1042
605
2872
3892
507
1043
311
124
3899
452
1890
4889
58
3829
4521
429
3833
428
291
357
3055
7
8445
9090
2545
5240
3862
2369
3757
3683
767
448
158
2216
4418
8428
755
131
2778
307
4673
641
3847
207
6100
2060
1421
751
211
2833
194
2852
2280
3706
3704
6068
2653
3876
7722
2781
8194
2641
343
82
238
588
4862
706
3096
3707
2179
8951
156
896
430
4526
4121
7434
9937
1862
585
3478
4029
10122
850
9962
1673
2468
183
756
6598
3837
375
908
1835
422
3224
871
1356
1375
4720
1044
761
4020
617
531
667
872
5299
3322
351
148
694
1752
414
3740
2851
297
4638
1088
689
4120
4783
1535
278
3906
3859
5823
93
925
283
227
2176
4350
1787
5373
4813
4561
3293
5900
863
1408
2952
6198
490
1722
4261
748
9667
961
305
6271
4954
2714
4804
766
478
1955
3335
3752
3810
3832
98
3977
3804
1953
3684
705
240
3863
1068
279
2759
79
523
2994
1082
8565
3984
2769
2235
674
248
6854
3680
123
3645
1529
3703
3064
8042
237
309
1980
2109
1851
2299
3831
1435
243
6052
4373
6349
1475
4849
2941
1452
3872
3805
384
3799
182
859
1074
5491
3362
2696
1037
772
8671
272
273
1041
4936
299
3169
4295
3792
3991
264
834
99
390
3963
443
7203
2999
3993
254
568
255
5209
8632
4715
14669
3753
4347
1767
449
2146
5993
4172
764
3468
2834
2793
1095
5392
876
383
90
466
852
5921
4123
8468
376
67
8
2535
8619
2922
4116
11582
2465
51
790
791
9865
5230
4848
2246
2839
3979
2821
4302
1933
2828
6405
3826
4119
3020
3002
7192
2876
2877
2878
2875
4941
947
97
2472
4108
3442
10129
599
3557
1680
6355
4714
9082
1847
4564
2673
2763
10369
4043
1009
5537
1522
60
2869
2991
800
1677
8504
3836
6992
6483
5196
2624
4357
5160
1402
179
5769
7370
1829
2416
749
3913
1458
4739
4738
2885
1875
2890
6445
362
5548
4217
8652
2916
3971
7752
7383
489
960
891
7952
1520
7354
4530
4248
3871
259
3433
559
2741
2865
814
1682
839
2374
3855
4659
1655
4334
176
10127
4122
1156
6746
7731
5349
8647
3549
3361
1968
1003
921
3946
9854
9978
3702
5988
4079
6469
2874
3681
4015
187
4017
3700
2240
8586
8968
136
206
230
6973
563
3959
1800
4148
4145
5558
1895
2873
1440
801
3244
5374
10852
4517
1494
3093
1952
1586
3631
10440
3198
4013
3
4868
3391
1145
8629
10384
1445
2107
70
2854
747
4075
11604
4030
600
12290
338
5641
3066
3558
3039
499
6085
1946
3274
10206
2248
1464
2449
2651
4256
64
2824
84
408
1048
6612
3701
3858
7855
6904
432
6093
3161
6496
1162
4142
4134
4149
3431
3819
765
304
770
3896
7142
8375
1004
3743
388
3031
943
8401
110
4737
41
12499
1708
1693
6760
2087
7162
3099
3760
3926
2888
210
4601
3639
2912
788
6727
1397
3835
464
6628
935
988
3637
2814
1995
763
4928
1069
593
1086
2262
582
6537
4136
8429
120
643
6185
4677
8412
1726
4215
5781
8562
2726
453
6152
3811
1161
4576
550
1512
4349
215
5102
570
693
1571
434
4407
2094
1480
1832
7695
1967
5060
799
8712
2762
2720
5607
875
5121
6692
2233
2807
542
2132
5727
2017
897
4332
3551
3493
3943
820
149
2501
2615
326
5020
197
8417
14820
2884
116
1852
918
3390
400
4816
3499
3104
3122
2497
3672
2862
2736
2155
1807
3257
2774
5949
4921
8857
5454
1799
4278
6576
3763
5306
675
6639
940
655
9277
7820
5199
556
3603
636
5473
10572
953
7179
602
4802
752
2101
3437
4869
2639
3599
3709
4660
53
6620
175
10196
4154
7840
4982
8030
324
4682
2974
2111
5404
1134
10019
1416
4823
4545
2075
951
546
6395
926
61
7047
501
892
3938
3937
308
1858
5091
564
203
5814
7174
3550
2715
4777
904
2970
2351
3756
890
7783
3037
4691
2700
7742
6027
709
11588
4515
4096
606
180
3050
2015
708
3834
4649
2927
3972
1560
4260
1503
335
2224
6308
1120
4400
319
7948
1457
1531
4723
1864
502
3372
885
1123
363
993
6326
1054
1010
2772
4426
4516
2357
4195
1562
3183
798
4062
3519
6340
1772
369
8729
5137
6300
6304
4076
4665
3925
4360
6295
838
526
1573
4003
1556
8169
3071
2567
6247
4031
3830
647
8269
7458
5096
5870
4557
3344
405
4980
6549
11792
1466
2305
8290
3791
1046
4227
10
5849
1779
2722
63
7579
2768
704
6834
3102
6896
325
7694
3515
4107
618
6298
4874
1541
386
427
4112
982
1939
6872
3889
5174
4461
5257
245
1059
172
6221
2546
134
6320
7017
6159
939
898
716
3205
7857
15373
126
293
437
6635
3848
7176
2197
3840
5322
1005
5789
1153
5203
7204
200
1064
6829
1768
4383
6734
3699
996
832
4555
4492
413
4451
954
737
4482
989
1691
4527
8424
6736
2091
2761
7158
1165
11337
484
6592
3957
5218
6305
11577
1911
4308
646
4826
4532
6937
1126
401
2881
1111
11532
341
8151
1498
6473
5064
345
8348
504
4425
5722
361
1648
6230
4842
2575
5161
2340
8970
4910
4273
6697
580
3712
419
3708
724
2743
3924
333
8588
11574
11024
2445
404
4500
4220
6278
92
412
2144
421
7224
4771
5379
7372
6902
830
6917
959
6177
6911
4722
8483
6548
815
7516
5214
252
2829
4988
2746
8342
354
4457
2837
9657
3065
5128
5103
6651
7347
2541
886
577
603
2660
1150
5777
4609
3738
1607
1588
534
7551
2498
1559
827
3903
249
5424
1011
901
3932
654
4876
5077
1065
477
5750
11543
1695
2509
5210
2409
1456
1395
1040
527
19
1593
1678
2601
2733
2886
847
3588
6704
1687
9938
4380
4420
7155
5654
5286
8568
742
857
2930
4489
4488
878
356
4933
6153
1809
4560
2699
7717
3268
1679
7705
540
2050
2887
3081
3080
945
7874
488
4788
2800
4178
4114
3413
3094
950
974
2687
5422
1016
1018
14961
11248
2191
6920
8999
373
787
4298
922
10142
2083
1084
9078
9951
2693
2457
4850
9993
6143
5155
4387
894
11476
10878
5633
1158
2721
5000
316
936
233
416
9979
3288
4569
4736
447
7185
6287
4962
5248
5239
2889
340
782
6014
276
2035
10986
4198
6103
491
3983
624
4951
4756
3256
4711
2005
106
266
4082
4071
6495
2650
900
4507
9377
257
12866
5365
8426
6429
7814
743
1484
7724
4991
1406
9283
2680
5877
3497
1409
1806
5297
164
7079
1996
349
1038
4028
244
2776
22
5657
1978
612
5925
24
718
6121
3817
35
2239
1846
3492
562
1736
3622
551
9008
4505
5138
6737
1119
6970
2790
2708
192
1536
5013
5117
1788
1368
1755
471
622
66
2016
3789
8667
5718
1167
4199
460
5086
2901
5293
4484
1515
6393
2536
8739
7258
5204
5734
13783
5216
5862
6997
6833
9992
7749
4721
127
6091
881
3650
310
5683
4801
4204
990
5033
864
5403
3928
8828
438
1558
712
6427
2838
1036
94
395
7513
8642
3208
294
76
8958
9057
8662
2840
1105
1801
1820
3629
8338
6726
8472
7446
1087
695
774
8452
826
8197
2524
7036
7129
842
11496
4372
9396
4786
2024
80
4509
4751
7689
7026
10470
6382
15700
3388
5545
2358
5426
6953
2962
6434
6688
4687
3887
1062
4415
10785
5981
917
10269
1563
6110
4696
423
5022
42
145
4279
269
2600
16718
6387
2386
10045
15948
2771
6310
6020
9949
610
6170
5610
3038
3085
2861
6930
5165
2275
8820
553
1517
3751
3880
2370
3189
6089
3032
4747
769
12723
8821
224
8574
4681
8343
4630
4268
16437
626
11219
4379
3731
2592
7139
7243
1663
661
6764
10248
43
11552
167
4022
4730
9359
21
5152
9294
7187
7239
3076
581
11587
8331
6820
14984
11286
4590
6034
1100
4810
532
2406
7208
4815
3105
6780
796
3673
7091
4837
2716
12370
2403
4892
6227
2973
4646
7045
2297
4524
2705
7263
6274
6646
6256
1724
9686
4153
3807
2029
3641
1650
3131
6556
596
707
883
3842
4467
3097
1689
3447
514
8720
6812
1505
5136
6222
4642
2130
6115
5010
2291
4189
10550
4853
9143
1453
856
1073
1477
9295
4997
2706
14991
650
2156
235
8770
8349
4065
9107
5027
2481
3513
3158
1127
1711
2846
1616
8715
2040
8522
1151
4431
835
2953
6452
4817
3746
5512
2343
6352
3331
306
1637
5538
8634
981
4069
4057
1698
5895
2756
1614
2819
5120
8572
3646
4619
3150
6762
8526
846
280
512
11782
315
4676
5037
6392
615
4798
8787
14195
1570
7057
2671
6021
8367
760
69
5284
4846
2792
965
16131
1063
1842
8684
2572
4607
538
2223
1715
2982
204
2136
866
2897
3692
3642
710
2430
6691
9425
6370
4196
1159
6384
6123
2337
4016
28
853
4115
463
3044
4370
2376
2904
1090
4059
10074
8390
5233
4044
2226
775
3878
6765
7293
2286
5001
6515
6889
686
16
6892
9483
4653
3035
1469
3571
6108
7102
4249
1808
234
1626
382
1155
9139
6138
1463
1759
8487
680
7221
7951
6
3824
6687
3577
869
7798
1786
597
4306
3944
3710
608
2698
3828
576
575
312
4473
6948
6357
4152
10575
10573
7816
7815
12399
5855
4861
828
968
6822
4026
1374
8872
2026
7400
2960
68
475
7902
1077
