1.00000000
0.96659243
0.94432071
0.93763920
0.91982183
0.88418708
0.86191537
0.85523385
0.83964365
0.82628062
0.81737194
0.81069042
0.79510022
0.78173719
0.76614699
0.75946548
0.75278396
0.73942094
0.73273942
0.72605791
0.71937639
0.70824053
0.69265033
0.65256125
0.63251670
0.62583519
0.55679287
0.53674833
0.52561247
0.51670379
0.51002227
0.50556793
0.48997773
0.46325167
0.45879733
0.43875278
0.43207127
0.42761693
0.41648107
0.38975501
0.38530067
0.37193764
0.35634744
0.35189310
0.34743875
0.33407572
0.32293987
0.31848552
0.26948775
0.26280624
0.25389755
0.24498886
0.20712695
0.05567929
0.04008909
0.04008909
0.04008909
0.03340757
0.03340757
0.01781737
0.01781737
0.01559020
0.01559020
0.01559020
0.01559020
0.01559020
0.01559020
0.01559020
0.01113586
0.00668151
0.00668151
0.00668151
0.00668151
0.00668151
0.00668151
0.00668151
0.00668151
0.00668151
0.00668151
0.00668151
0.00668151
0.00668151
0.00668151
0.00668151
0.00668151
0.00668151
0.00668151
0.00668151
0.00668151
0.00668151
0.00668151
0.00668151
0.00668151
0.00668151
0.00668151
0.00445434
0.00445434
0.00445434
0.00445434
0.00445434
0.00445434
0.00445434
0.00445434
0.00445434
0.00445434
0.00445434
0.00445434
0.00445434
0.00445434
0.00445434
0.00445434
0.00445434
0.00445434
0.00445434
0.00445434
0.00445434
0.00445434
0.00445434
0.00445434
0.00445434
0.00445434
0.00445434
0.00445434
0.00445434
0.00445434
0.00445434
0.00445434
0.00445434
0.00445434
0.00445434
0.00445434
0.00445434
0.00445434
0.00445434
0.00445434
0.00445434
0.00445434
0.00445434
0.00445434
0.00445434
0.00445434
0.00445434
0.00445434
0.00222717
0.00222717
0.00222717
0.00222717
0.00222717
0.00222717
0.00222717
0.00222717
0.00222717
0.00222717
0.00222717
0.00222717
0.00222717
0.00222717
0.00222717
0.00222717
0.00222717
0.00222717
0.00222717
0.00222717
0.00222717
0.00222717
0.00222717
0.00222717
0.00222717
0.00222717
0.00222717
0.00222717
0.00222717
0.00222717
0.00222717
0.00222717
0.00222717
0.00222717
0.00222717
0.00222717
0.00222717
0.00222717
0.00222717
0.00222717
0.00222717
0.00222717
0.00222717
0.00222717
0.00222717
0.00222717
0.00222717
0.00222717
0.00222717
0.00222717
0.00222717
0.00222717
0.00222717
0.00222717
0.00222717
0.00222717
0.00222717
0.00222717
0.00222717
0.00222717
0.00222717
0.00222717
0.00222717
0.00222717
0.00222717
0.00222717
0.00222717
0.00222717
0.00222717
0.00222717
0.00222717
0.00222717
0.00222717
0.00222717
0.00222717
0.00222717
0.00222717
0.00222717
0.00222717
0.00222717
0.00222717
0.00222717
0.00222717
0.00222717
0.00222717
0.00222717
0.00222717
0.00222717
0.00222717
0.00222717
0.00222717
0.00222717
0.00222717
0.00222717
0.00222717
0.00222717
0.00222717
0.00222717
0.00222717
0.00222717
0.00222717
0.00222717
0.00222717
0.00222717
0.00222717
0.00222717
0.00222717
0.00222717
0.00222717
0.00222717
0.00222717
0.00222717
0.00222717
0.00222717
0.00222717
0.00222717
0.00222717
0.00222717
0.00222717
0.00222717
0.00222717
0.00222717
0.00222717
0.00222717
0.00222717
0.00222717
0.00222717
0.00222717
0.00222717
0.00222717
0.00222717
0.00222717
0.00222717
0.00222717
0.00222717
0.00222717
0.00222717
0.00222717
0.00222717
0.00222717
0.00222717
0.00222717
0.00222717
0.00222717
0.00222717
0.00222717
0.00222717
0.00222717
0.00222717
0.00222717
0.00222717
0.00222717
0.00222717
0.00222717
0.00222717
0.00222717
0.00222717
0.00222717
0.00222717
0.00222717
0.00222717
0.00222717
0.00222717
0.00222717
0.00222717
0.00222717
0.00222717
0.00222717
0.00222717
0.00222717
0.00222717
0.00222717
0.00222717
0.00222717
0.00222717
0.00222717
0.00222717
0.00222717
0.00222717
0.00222717
0.00222717
0.00222717
0.00222717
0.00222717
0.00222717
0.00222717
0.00222717
0.00222717
0.00222717
0.00222717
0.00222717
0.00222717
0.00222717
0.00222717
0.00222717
0.00222717
0.00222717
0.00222717
0.00222717
0.00222717
0.00222717
0.00222717
0.00222717
0.00222717
0.00222717
0.00222717
0.00222717
0.00222717
0.00222717
0.00222717
0.00222717
0.00222717
0.00222717
0.00222717
0.00222717
0.00222717
0.00222717
0.00222717
0.00222717
0.00222717
0.00222717
0.00222717
0.00222717
0.00222717
0.00222717
0.00222717
0.00222717
0.00222717
0.00222717
0.00222717
0.00222717
0.00222717
0.00222717
0.00222717
0.00222717
0.00222717
0.00222717
0.00222717
0.00222717
0.00222717
0.00222717
0.00222717
0.00222717
0.00222717
0.00222717
0.00222717
0.00222717
0.00222717
0.00222717
0.00222717
0.00222717
0.00222717
0.00222717
0.00222717
0.00222717
0.00222717
0.00222717
0.00222717
0.00222717
0.00222717
0.00222717
0.00222717
0.00222717
0.00222717
0.00222717
0.00222717
0.00222717
0.00222717
0.00222717
0.00222717
0.00222717
0.00222717
0.00222717
0.00222717
0.00222717
0.00222717
0.00222717
0.00222717
0.00222717
0.00222717
0.00222717
0.00222717
0.00222717
0.00222717
0.00222717
0.00222717
0.00222717
0.00222717
0.00222717
0.00222717
0.00222717
0.00222717
0.00222717
0.00222717
0.00222717
0.00222717
0.00222717
0.00222717
0.00222717
0.00222717
0.00222717
0.00222717
0.00222717
0.00222717
0.00222717
0.00222717
0.00222717
0.00222717
0.00222717
0.00222717
0.00222717
0.00222717
0.00222717
0.00222717
0.00222717
0.00222717
0.00222717
0.00222717
0.00222717
0.00222717
0.00222717
0.00222717
0.00222717
0.00222717
0.00222717
0.00222717
0.00222717
0.00222717
0.00222717
0.00222717
0.00222717
0.00222717
0.00222717
0.00222717
0.00222717
0.00222717
0.00222717
0.00222717
0.00222717
0.00222717
0.00222717
0.00222717
0.00222717
0.00222717
0.00222717
0.00222717
0.00222717
0.00222717
0.00222717
0.00222717
0.00222717
0.00222717
0.00222717
0.00222717
0.00222717
0.00222717
0.00222717
0.00222717
0.00222717
0.00222717
0.00222717
0.00222717
0.00222717
0.00222717
0.00222717
0.00222717
0.00222717
0.00222717
0.00222717
0.00222717
0.00222717
0.00222717
0.00222717
0.00222717
0.00222717
0.00222717
0.00222717
0.00222717
0.00222717
0.00222717
0.00222717
0.00222717
0.00222717
0.00222717
0.00222717
0.00222717
0.00222717
0.00222717
0.00222717
0.00222717
0.00222717
0.00222717
0.00222717
0.00222717
0.00222717
0.00222717
0.00222717
0.00222717
0.00222717
0.00222717
0.00222717
0.00222717
0.00222717
0.00222717
0.00222717
0.00222717
0.00222717
0.00222717
0.00222717
0.00222717
0.00222717
0.00222717
0.00222717
0.00222717
0.05607114
0.00000000
