1.00000000
0.98443580
0.97276265
0.96887160
0.96108949
0.94941634
0.94163424
0.93385214
0.92607004
0.92217899
0.90661479
0.90272374
0.89883268
0.89105058
0.88715953
0.88326848
0.87937743
0.86770428
0.85603113
0.84046693
0.83657588
0.82101167
0.81712062
0.81322957
0.80933852
0.80544747
0.79377432
0.78210117
0.77042802
0.73151751
0.72373541
0.71984436
0.67315175
0.66926070
0.66147860
0.64980545
0.64202335
0.63813230
0.63424125
0.63035019
0.62645914
0.62256809
0.61867704
0.61478599
0.61089494
0.57976654
0.57587549
0.56031128
0.55642023
0.55642023
0.55252918
0.52140078
0.51361868
0.50583658
0.50194553
0.49027237
0.45525292
0.42023346
0.41634241
0.41245136
0.40466926
0.35408560
0.22178988
0.22178988
0.15564202
0.11284047
0.08560311
0.06614786
0.06225681
0.04280156
0.03501946
0.03501946
0.03501946
0.03501946
0.03501946
0.02723735
0.02723735
0.02334630
0.02334630
0.02334630
0.01945525
0.01945525
0.01945525
0.01945525
0.01556420
0.01556420
0.01556420
0.01556420
0.01556420
0.01167315
0.01167315
0.01167315
0.01167315
0.01167315
0.01167315
0.01167315
0.01167315
0.01167315
0.01167315
0.01167315
0.01167315
0.01167315
0.01167315
0.00778210
0.00778210
0.00778210
0.00778210
0.00778210
0.00778210
0.00778210
0.00778210
0.00778210
0.00778210
0.00778210
0.00778210
0.00778210
0.00778210
0.00778210
0.00778210
0.00778210
0.00778210
0.00778210
0.00778210
0.00778210
0.00389105
0.00389105
0.00389105
0.00389105
0.00389105
0.00389105
0.00389105
0.00389105
0.00389105
0.00389105
0.00389105
0.00389105
0.00389105
0.00389105
0.00389105
0.00389105
0.00389105
0.00389105
0.00389105
0.00389105
0.00389105
0.00389105
0.00389105
0.00389105
0.00389105
0.00389105
0.00389105
0.00389105
0.00389105
0.00389105
0.00389105
0.00389105
0.00389105
0.00389105
0.00389105
0.00389105
0.00389105
0.00389105
0.00389105
0.00389105
0.00389105
0.00389105
0.00389105
0.00389105
0.00389105
0.00389105
0.00389105
0.00389105
0.00389105
0.00389105
0.00389105
0.00389105
0.00389105
0.00389105
0.00389105
0.00389105
0.00389105
0.00389105
0.00389105
0.00389105
0.00389105
0.00389105
0.00389105
0.00389105
0.00389105
0.00389105
0.00389105
0.00389105
0.00389105
0.00389105
0.00389105
0.00389105
0.00389105
0.00389105
0.00389105
0.00389105
0.00389105
0.00389105
0.00389105
0.00389105
0.00389105
0.00389105
0.00389105
0.00389105
0.00389105
0.00389105
0.00389105
0.00389105
0.00389105
0.00389105
0.00389105
0.00389105
0.00389105
0.00389105
0.00389105
0.00389105
0.00389105
0.00389105
0.00389105
0.00389105
0.00389105
0.00389105
0.00389105
0.00389105
0.00389105
0.00389105
0.00389105
0.00389105
0.00389105
0.00389105
0.00389105
0.00389105
0.00389105
0.00389105
0.00389105
0.00389105
0.00389105
0.00389105
0.00389105
0.00389105
0.00389105
0.00389105
0.00389105
0.00389105
0.00389105
0.00389105
0.00389105
0.00389105
0.00389105
0.00389105
0.00389105
0.00389105
0.00389105
0.00389105
0.00389105
0.00389105
0.00389105
0.00389105
0.00389105
0.00389105
0.00389105
0.00389105
0.00389105
0.00389105
0.00389105
0.00389105
0.00389105
0.00389105
0.00389105
0.00389105
0.00389105
0.00389105
0.00389105
0.00389105
0.00389105
