1.00000000
0.98471616
0.98362445
0.97816594
0.97707424
0.97161572
0.96834061
0.95524017
0.95087336
0.94868996
0.94541485
0.93995633
0.92903930
0.91921397
0.91812227
0.91703057
0.91593886
0.91266376
0.90611354
0.89847162
0.89847162
0.89628821
0.89301310
0.87882096
0.87336245
0.86135371
0.85262009
0.84934498
0.82641921
0.82641921
0.81113537
0.79257642
0.78711790
0.78711790
0.78165939
0.76419214
0.76200873
0.75764192
0.75327511
0.73253275
0.72707424
0.72270742
0.71834061
0.71506550
0.70851528
0.69650655
0.68013100
0.67576419
0.67358079
0.65283843
0.65065502
0.63755459
0.63755459
0.62772926
0.62772926
0.62663755
0.61026201
0.61026201
0.59934498
0.59825328
0.57205240
0.57205240
0.56768559
0.55895197
0.55567686
0.55458515
0.55131004
0.54475983
0.50218341
0.49672489
0.49235808
0.49235808
0.48799127
0.48034934
0.47379913
0.46943231
0.45742358
0.44759825
0.43668122
0.43558952
0.43558952
0.43231441
0.41593886
0.39737991
0.39737991
0.37882096
0.37772926
0.37227074
0.37117904
0.36790393
0.33842795
0.32860262
0.28493450
0.27292576
0.27292576
0.25873362
0.24563319
0.24454148
0.23689956
0.22270742
0.22052402
0.22052402
0.22052402
0.20851528
0.19432314
0.19432314
0.19323144
0.18340611
0.17903930
0.17794760
0.16266376
0.14082969
0.14082969
0.14082969
0.14082969
0.14082969
0.14082969
0.14082969
0.14082969
0.14082969
0.14082969
0.13973799
0.13427948
0.13427948
0.13427948
0.13427948
0.12882096
0.12445415
0.06113537
0.06113537
0.06113537
0.04475983
0.03711790
0.03056769
0.03056769
0.03056769
0.03056769
0.03056769
0.03056769
0.03056769
0.03056769
0.03056769
0.02510917
0.01637555
0.01637555
0.01637555
0.01419214
0.01419214
0.01419214
0.01419214
0.01419214
0.01419214
0.01419214
0.01419214
0.01419214
0.01419214
0.01419214
0.01419214
0.01419214
0.01419214
0.01419214
0.01419214
0.01419214
0.01419214
0.01419214
0.01419214
0.01419214
0.01419214
0.01419214
0.01419214
0.01091703
0.00982533
0.00982533
0.00982533
0.00982533
0.00982533
0.00982533
0.00982533
0.00982533
0.00982533
0.00982533
0.00982533
0.00982533
0.00982533
0.00982533
0.00982533
0.00982533
0.00873362
0.00873362
0.00873362
0.00873362
0.00873362
0.00873362
0.00873362
0.00873362
0.00873362
0.00873362
0.00873362
0.00873362
0.00873362
0.00873362
0.00873362
0.00873362
0.00873362
0.00873362
0.00873362
0.00873362
0.00873362
0.00873362
0.00873362
0.00873362
0.00873362
0.00873362
0.00873362
0.00873362
0.00873362
0.00873362
0.00873362
0.00873362
0.00873362
0.00873362
0.00873362
0.00873362
0.00873362
0.00873362
0.00873362
0.00873362
0.00873362
0.00873362
0.00873362
0.00873362
0.00873362
0.00873362
0.00873362
0.00873362
0.00873362
0.00545852
0.00545852
0.00545852
0.00545852
0.00545852
0.00545852
0.00545852
0.00545852
0.00545852
0.00545852
0.00545852
0.00545852
0.00545852
0.00545852
0.00545852
0.00545852
0.00545852
0.00545852
0.00545852
0.00545852
0.00545852
0.00545852
0.00545852
0.00545852
0.00545852
0.00545852
0.00545852
0.00545852
0.00545852
0.00545852
0.00545852
0.00545852
0.00545852
0.00545852
0.00545852
0.00545852
0.00436681
0.00436681
0.00436681
0.00436681
0.00436681
0.00436681
0.00436681
0.00436681
0.00436681
0.00436681
0.00436681
0.00436681
0.00436681
0.00436681
0.00436681
0.00436681
0.00436681
0.00436681
0.00436681
0.00436681
0.00436681
0.00436681
0.00436681
0.00436681
0.00436681
0.00436681
0.00436681
0.00436681
0.00436681
0.00436681
0.00436681
0.00436681
0.00436681
0.00436681
0.00436681
0.00436681
0.00436681
0.00436681
0.00436681
0.00436681
0.00436681
0.00436681
0.00436681
0.00436681
0.00436681
0.00436681
0.00436681
0.00436681
0.00436681
0.00436681
0.00436681
0.00436681
0.00436681
0.00436681
0.00436681
0.00436681
0.00436681
0.00436681
0.00436681
0.00436681
0.00436681
0.00436681
0.00436681
0.00436681
0.00436681
0.00436681
0.00436681
0.00436681
0.00436681
0.00436681
0.00436681
0.00436681
0.00436681
0.00436681
0.00436681
0.00436681
0.00436681
0.00436681
0.00436681
0.00436681
0.00436681
0.00436681
0.00436681
0.00436681
0.00436681
0.00436681
0.00436681
0.00436681
0.00436681
0.00436681
0.00436681
0.00436681
0.00436681
0.00436681
0.00436681
0.00436681
0.00436681
0.00436681
0.00436681
0.00436681
0.00436681
0.00436681
0.00436681
0.00436681
0.00436681
0.00436681
0.00436681
0.00436681
0.00436681
0.00436681
0.00436681
0.00436681
0.00436681
0.00436681
0.00436681
0.00436681
0.00436681
0.00436681
0.00327511
0.00327511
0.00327511
0.00327511
0.00327511
0.00327511
0.00327511
0.00327511
0.00327511
0.00327511
0.00327511
0.00327511
0.00327511
0.00327511
0.00327511
0.00327511
0.00327511
0.00327511
0.00327511
0.00327511
0.00327511
0.00327511
0.00327511
0.00327511
0.00327511
0.00327511
0.00327511
0.00327511
0.00327511
0.00327511
0.00327511
0.00327511
0.00327511
0.00327511
0.00327511
0.00327511
0.00218341
0.00218341
0.00218341
0.00218341
0.00218341
0.00218341
0.00218341
0.00218341
0.00218341
0.00218341
0.00218341
0.00218341
0.00218341
0.00218341
0.00218341
0.00218341
0.00218341
0.00218341
0.00218341
0.00218341
0.00218341
0.00218341
0.00218341
0.00218341
0.00218341
0.00218341
0.00218341
0.00218341
0.00218341
0.00218341
0.00218341
0.00218341
0.00218341
0.00218341
0.00218341
0.00218341
0.00218341
0.00218341
0.00218341
0.00218341
0.00218341
0.00218341
0.00218341
0.00218341
0.00218341
0.00218341
0.00218341
0.00218341
0.00218341
0.00218341
0.00218341
0.00218341
0.00218341
0.00218341
0.00218341
0.00218341
0.00218341
0.00218341
0.00218341
0.00218341
0.00218341
0.00218341
0.00218341
0.00218341
0.00218341
0.00218341
0.00218341
0.00218341
0.00218341
0.00218341
0.00218341
0.00218341
0.00218341
0.00218341
0.00218341
0.00218341
0.00218341
0.00218341
0.00218341
0.00218341
0.00218341
0.00218341
0.00218341
0.00218341
0.00218341
0.00218341
0.00218341
0.00218341
0.00218341
0.00218341
0.00218341
0.00218341
0.00218341
0.00218341
0.00218341
0.00218341
0.00218341
0.00218341
0.00218341
0.00218341
0.00218341
0.00218341
0.00218341
0.00218341
0.00218341
0.00218341
0.00218341
0.00218341
0.00218341
0.00218341
0.00218341
0.00218341
0.00218341
0.00218341
0.00218341
0.00218341
0.00218341
0.00218341
0.00218341
0.00218341
0.00218341
0.00218341
0.00218341
0.00218341
0.00218341
0.00218341
0.00218341
0.00218341
0.00218341
0.00218341
0.00218341
0.00218341
0.00218341
0.00218341
0.00218341
0.00218341
0.00218341
0.00218341
0.00218341
0.00218341
0.00218341
0.00218341
0.00218341
0.00218341
0.00218341
0.00218341
0.00218341
0.00218341
0.00218341
0.00218341
0.00218341
0.00218341
0.00218341
0.00218341
0.00218341
0.00218341
0.00218341
0.00218341
0.00218341
0.00218341
0.00218341
0.00218341
0.00218341
0.00218341
0.00218341
0.00218341
0.00218341
0.00218341
0.00218341
0.00218341
0.00218341
0.00218341
0.00218341
0.00218341
0.00218341
0.00218341
0.00218341
0.00218341
0.00218341
0.00218341
0.00218341
0.00218341
0.00218341
0.00218341
0.00218341
0.00218341
0.00218341
0.00218341
0.00218341
0.00218341
0.00218341
0.00218341
0.00218341
0.00218341
0.00218341
0.00218341
0.00218341
0.00218341
0.00218341
0.00218341
0.00218341
0.00218341
0.00218341
0.00218341
0.00218341
0.00218341
0.00218341
0.00218341
0.00218341
0.00218341
0.00218341
0.00218341
0.00218341
0.00218341
0.00218341
0.00218341
0.00218341
0.00218341
0.00218341
0.00218341
0.00218341
0.00218341
0.00218341
0.00218341
0.00218341
0.00218341
0.00218341
0.00218341
0.00218341
0.00218341
0.00218341
0.00218341
0.00218341
0.00218341
0.00218341
0.00218341
0.00218341
0.00218341
0.00218341
0.00218341
0.00218341
0.00218341
0.00218341
0.00218341
0.00218341
0.00218341
0.00218341
0.00218341
0.00218341
0.00218341
0.00218341
0.00218341
0.00218341
0.00218341
0.00218341
0.00218341
0.00218341
0.00218341
0.00218341
0.00218341
0.00218341
0.00218341
0.00218341
0.00218341
0.00218341
0.00218341
0.00218341
0.00218341
0.00218341
0.00218341
0.00218341
0.00218341
0.00218341
0.00218341
0.00218341
0.00218341
0.00218341
0.00218341
0.00218341
0.00218341
0.00218341
0.00218341
0.00218341
0.00218341
0.00218341
0.00218341
0.00218341
0.00218341
0.00218341
0.00218341
0.00109170
0.00109170
0.00109170
0.00109170
0.00109170
0.00109170
0.00109170
0.00109170
0.00109170
0.00109170
0.00109170
0.00109170
0.00109170
0.00109170
0.00109170
0.00109170
0.00109170
0.00109170
0.00109170
0.00109170
0.00109170
0.00109170
0.00109170
0.00109170
0.00109170
0.00109170
0.00109170
0.00109170
0.00109170
0.00109170
0.00109170
0.00109170
0.00109170
0.00109170
0.00109170
0.00109170
0.00109170
0.00109170
0.00109170
0.00109170
0.00109170
0.00109170
0.00109170
0.00109170
0.00109170
0.00109170
0.00109170
0.00109170
0.00109170
0.00109170
0.00109170
0.00109170
0.00109170
0.00109170
0.00109170
0.00109170
0.00109170
0.00109170
0.00109170
0.00109170
0.00109170
0.00109170
0.00109170
0.00109170
0.00109170
0.00109170
0.00109170
0.00109170
0.00109170
0.00109170
0.00109170
0.00109170
0.00109170
0.00109170
0.00109170
0.00109170
0.00109170
0.00109170
0.00109170
0.00109170
0.00109170
0.00109170
0.00109170
0.00109170
0.00109170
0.00109170
0.00109170
0.00109170
0.00109170
0.00109170
0.00109170
0.00109170
0.00109170
0.00109170
0.00109170
0.00109170
0.00109170
0.00109170
0.00109170
0.00109170
0.00109170
0.00109170
0.00109170
0.00109170
0.00109170
0.00109170
0.00109170
0.00109170
0.00109170
0.00109170
0.00109170
0.00109170
0.00109170
0.00109170
0.00109170
0.00109170
0.00109170
0.00109170
0.00109170
0.00109170
0.00109170
0.00109170
0.00109170
0.00109170
0.00109170
0.00109170
0.00109170
0.00109170
0.00109170
0.00109170
0.00109170
0.00109170
0.00109170
0.00109170
0.00109170
0.00109170
0.00109170
0.00109170
0.00109170
0.00109170
0.00109170
0.00109170
0.00109170
0.00109170
0.00109170
0.00109170
0.00109170
0.00109170
0.00109170
0.00109170
0.00109170
0.00109170
0.00109170
0.00109170
0.00109170
0.00109170
0.00109170
0.00109170
0.00109170
0.00109170
0.00109170
0.00109170
0.00109170
0.00109170
0.00109170
0.00109170
0.00109170
0.00109170
0.00109170
0.00109170
0.00109170
0.00109170
0.00109170
0.00109170
0.00109170
0.00109170
0.00109170
0.00109170
0.00109170
0.00109170
0.00109170
0.00109170
0.00109170
0.00109170
0.00109170
0.00109170
0.00109170
0.00109170
0.00109170
0.00109170
0.00109170
0.00109170
0.00109170
0.00109170
0.00109170
0.00109170
0.00109170
0.00109170
0.00109170
0.00109170
0.00109170
0.00109170
0.00109170
0.00109170
0.00109170
0.00109170
0.00109170
0.00109170
0.00109170
0.00109170
0.00109170
0.00109170
0.00109170
0.00109170
0.00109170
0.00109170
0.00109170
0.00109170
0.00109170
0.00109170
0.00109170
0.00109170
0.00109170
0.00109170
0.00109170
0.00109170
0.00109170
0.00109170
0.00109170
0.00109170
0.00109170
0.00109170
0.00109170
0.00109170
0.00109170
0.00109170
0.00109170
0.00109170
0.00109170
0.00109170
0.00109170
0.00109170
0.00109170
0.00109170
0.00109170
0.00109170
0.00109170
0.00109170
0.00109170
0.00109170
0.00109170
0.00109170
0.00109170
0.00109170
0.00109170
0.00109170
0.00109170
0.00109170
0.00109170
0.00109170
0.00109170
0.00109170
0.00109170
0.00109170
0.00109170
0.00109170
0.00109170
0.00109170
0.00109170
0.00109170
0.00109170
0.00109170
0.00109170
0.00109170
0.00109170
0.00109170
0.00109170
0.00109170
0.00109170
0.00109170
0.00109170
0.00109170
0.00109170
0.00109170
0.00109170
0.00109170
0.00109170
0.00109170
0.00109170
0.00109170
0.00109170
0.00109170
0.00109170
0.00109170
0.00109170
0.00109170
0.00109170
0.00109170
0.00109170
0.00109170
0.00109170
0.00109170
0.00109170
0.00109170
0.00109170
0.00109170
0.00109170
0.00109170
0.00109170
0.00109170
0.00109170
0.00109170
0.00109170
0.00109170
0.00109170
0.00109170
0.00109170
0.00109170
0.00109170
0.00109170
0.00109170
0.00109170
0.00109170
0.00109170
0.00109170
0.00109170
0.00109170
0.00109170
0.00109170
0.00109170
0.00109170
0.00109170
0.00109170
0.00109170
0.00109170
0.00109170
0.00109170
0.00109170
0.00109170
0.00109170
0.00109170
0.00109170
0.00109170
0.00109170
0.00109170
0.00109170
0.00109170
0.00109170
0.00109170
0.00109170
0.00109170
0.00109170
0.00109170
0.00109170
0.00109170
0.00109170
0.00109170
0.00109170
0.00109170
0.00109170
0.00109170
0.00109170
0.00109170
0.00109170
0.00109170
0.00109170
0.00109170
0.00109170
0.00109170
0.00109170
0.00109170
0.00109170
0.00109170
0.00109170
0.00109170
0.00109170
0.00109170
0.00109170
0.00109170
0.00109170
0.00109170
0.00109170
0.00109170
0.00109170
0.00109170
0.00109170
0.00109170
0.00109170
0.00109170
0.00109170
0.00109170
0.00109170
0.00109170
0.00109170
0.00109170
0.00109170
0.00109170
0.00109170
0.00109170
0.00109170
0.00109170
0.00109170
0.00109170
0.00109170
0.00109170
0.00109170
0.00109170
0.00109170
0.00109170
0.00109170
0.00109170
0.00109170
0.00109170
0.00109170
0.00109170
0.00109170
0.00109170
0.00109170
0.00109170
0.00109170
0.00109170
0.00109170
0.00109170
0.00109170
0.00109170
0.00109170
0.00109170
0.00109170
0.00109170
0.00109170
0.00109170
0.00109170
0.00109170
0.00109170
0.00109170
0.00109170
0.00109170
0.00109170
0.00109170
0.00109170
0.00109170
0.00109170
0.00109170
0.00109170
0.00109170
0.00109170
0.00109170
0.00109170
0.00109170
0.00109170
0.00109170
0.00109170
0.00109170
0.00109170
0.00109170
0.00109170
0.00109170
0.00109170
0.00109170
0.00109170
0.00109170
0.00109170
0.00109170
0.00109170
0.00109170
0.00109170
0.00109170
0.00109170
0.00109170
0.00109170
0.00109170
0.00109170
0.00109170
0.00109170
0.00109170
0.00109170
0.00109170
0.00109170
0.00109170
0.00109170
0.00109170
0.00109170
0.00109170
0.00109170
0.00109170
0.00109170
0.00109170
0.00109170
0.00109170
0.00109170
0.00109170
0.00109170
0.00109170
0.00109170
0.00109170
0.00109170
0.00109170
0.00109170
0.00109170
0.00109170
0.00109170
0.00109170
0.00109170
0.00109170
0.00109170
0.00109170
0.00109170
0.00109170
0.00109170
0.00109170
0.00109170
0.00109170
0.00109170
0.00109170
0.00109170
0.00109170
0.00109170
0.00109170
0.00109170
0.00109170
0.00109170
0.00109170
0.00109170
0.00109170
0.00109170
0.00109170
0.00109170
0.00109170
0.00109170
0.00109170
0.00109170
0.00109170
0.00109170
0.00109170
0.00109170
0.00109170
0.00109170
0.00109170
0.00109170
0.00109170
0.00109170
0.00109170
0.00109170
0.00109170
0.00109170
0.00109170
0.00109170
0.00109170
0.00109170
0.00109170
0.00109170
0.00109170
0.00109170
0.00109170
0.00109170
0.00109170
0.00109170
0.00109170
0.00109170
0.00109170
0.00109170
0.00109170
0.00109170
0.00109170
0.00109170
0.00109170
0.00109170
0.00109170
0.00109170
0.00109170
0.00109170
0.00109170
0.00109170
0.00109170
0.00109170
0.00109170
0.00109170
0.00109170
0.00109170
0.00109170
0.00109170
0.00109170
0.00109170
0.00109170
0.00109170
0.00109170
0.00109170
0.00109170
0.00109170
0.00109170
0.00109170
0.00109170
0.00109170
0.00109170
0.00109170
0.00109170
0.00109170
0.00109170
0.00109170
0.00109170
0.00109170
0.00109170
0.00109170
0.00109170
0.00109170
0.00109170
0.00109170
0.00109170
0.00109170
0.00109170
0.00109170
0.00109170
0.00109170
0.00109170
0.00109170
0.00109170
0.00109170
0.00109170
0.00109170
0.00109170
0.00109170
0.00109170
0.00109170
0.00109170
0.00109170
0.00109170
0.00109170
0.00109170
0.00109170
0.00109170
0.00109170
0.00109170
0.00109170
0.00109170
0.00109170
0.00109170
0.00109170
0.00109170
0.00109170
0.00109170
0.00109170
0.00109170
0.00109170
0.00109170
0.00109170
0.00109170
0.00109170
0.00109170
0.00109170
0.00109170
0.00109170
0.00109170
0.00109170
0.00109170
0.00109170
0.00109170
0.00109170
0.00109170
0.00109170
0.00109170
0.00109170
0.00109170
0.00109170
0.00109170
0.00109170
0.00109170
0.00109170
0.00109170
0.00109170
0.00109170
0.00109170
0.00109170
0.00109170
0.00109170
0.00109170
0.00109170
0.00109170
0.00109170
0.00109170
0.00109170
0.00109170
0.00109170
0.00109170
0.00109170
0.05129523
0.00000000
