523
1041
63
952
380
423
416
1068
27
787
254
1297
472
365
616
900
1175
584
1046
1129
932
1151
457
1388
1017
368
303
123
384
1033
1243
590
280
711
124
1131
255
602
1290
383
659
494
898
936
715
372
93
895
665
198
1055
798
1231
832
508
148
477
549
628
511
14
1291
1048
347
108
429
564
1190
1109
1322
614
931
571
487
107
1110
687
497
146
1108
338
526
841
1396
1088
1332
0
791
392
11
1113
668
343
223
803
822
517
222
445
1359
725
795
876
864
1005
719
1352
46
1198
1222
1375
1302
760
990
81
17
601
10
751
748
860
1080
157
1226
702
44
156
827
396
545
231
1312
1268
764
325
506
47
518
101
1097
471
1106
1140
904
970
408
851
404
208
1236
66
1307
397
826
605
1061
1124
61
1065
1343
412
768
1323
1397
419
862
39
245
606
780
1127
375
1107
1098
1362
349
3
1031
261
842
512
331
54
393
513
113
626
1265
620
621
279
395
1002
811
699
892
965
660
916
627
283
1172
152
1042
1102
539
790
285
234
1123
1090
295
824
26
800
1156
1217
1188
578
1137
636
69
1337
1007
979
332
304
336
476
1059
1045
1095
294
1189
451
1345
1317
224
132
1079
926
691
991
1094
774
595
1245
651
906
630
1255
853
9
1038
1353
147
533
243
770
1380
871
126
207
817
1394
182
450
238
777
1060
1141
266
1334
646
959
1118
863
1246
1104
13
843
62
522
265
554
115
1276
99
77
1382
808
555
456
386
227
452
1134
939
211
1191
250
653
312
1161
933
205
436
204
1128
1159
376
703
221
1133
598
209
1150
857
444
961
732
468
1228
707
945
1240
815
25
1212
342
656
1037
704
188
558
766
806
37
1241
1154
949
387
288
726
1313
1056
983
480
92
410
761
1221
525
314
574
1018
866
984
617
502
100
742
509
540
302
1315
981
1295
1279
300
270
521
709
968
976
1368
262
720
1115
1374
576
1350
170
178
1170
950
351
994
73
1148
1298
1120
1089
431
30
1145
844
776
1180
16
58
581
845
1379
1087
1304
1096
727
1132
415
1194
119
430
741
893
967
1196
1244
24
57
1378
1234
95
541
1
728
1340
1370
987
1306
1259
481
1283
1224
556
214
53
121
1049
532
749
754
323
136
362
658
390
48
1285
420
1146
1149
1278
498
90
1013
1328
903
358
634
635
747
977
680
369
814
1220
592
185
350
1248
1344
89
889
1286
42
1377
1381
437
1043
528
1204
661
173
378
655
759
1329
1076
1327
807
870
632
1275
730
683
52
1223
684
1024
1083
585
1369
83
648
969
1314
196
946
28
608
159
934
195
134
667
1218
244
729
1319
329
118
1305
785
31
520
216
902
951
120
964
5
78
309
927
86
1176
1063
962
197
165
79
717
1169
348
345
355
289
1103
647
155
1333
560
1271
181
649
18
718
918
194
220
240
465
793
441
666
914
1195
796
461
1073
215
662
639
125
813
858
1015
1395
757
117
219
1386
163
996
1347
440
111
1360
334
200
587
1178
1357
750
500
792
542
1160
855
1266
992
360
1389
833
505
550
1111
496
458
1116
259
821
130
888
546
322
45
623
1252
337
193
144
1260
114
59
1029
311
894
299
1051
276
443
274
145
327
1009
213
966
740
588
504
767
22
485
212
1026
478
1211
1185
1050
1072
974
316
1383
538
594
530
531
1012
1078
281
731
15
297
610
972
963
1269
1280
20
382
1257
1281
923
298
422
41
1028
34
1253
690
190
701
652
818
176
1320
128
856
1225
944
400
1309
907
706
868
723
960
733
710
955
424
978
1296
1338
678
1371
1249
1069
189
848
1330
495
1215
