3008
3502
2433
2588
1300
1376
1414
2501
972
2172
2872
479
3630
3573
2745
3067
1762
2383
619
2436
3627
2897
1291
2898
3640
1387
140
2202
2181
1831
2422
1971
404
1114
2535
544
315
1400
3469
3051
3582
3600
3587
1541
3483
3023
3516
219
1279
3604
1649
3561
3386
150
173
2994
2248
1010
2355
33
3485
2265
3053
3564
3577
3568
3645
794
1133
1838
646
2783
3599
3569
3285
1436
2648
225
91
3046
511
3116
3430
2724
2926
197
874
3398
422
2183
3412
2575
2937
3478
3542
3621
3459
3106
1053
44
146
178
285
287
3457
3464
3439
1267
3311
1107
2816
3205
1810
3128
3197
3537
3262
1199
2850
3033
3543
3551
2324
3429
3460
46
202
89
1335
3565
1463
660
1959
2584
3508
3264
3321
3286
3196
3229
3661
2766
3261
1684
2997
3601
208
128
1708
493
480
1624
3379
1021
3175
3451
3328
3395
3077
3241
3433
2493
2040
3340
2279
2829
3472
2428
1741
3235
3496
509
3373
2961
2299
1686
3356
1976
3539
1314
3089
1189
50
3349
3317
3586
3547
3650
3526
1647
3562
2951
502
1020
1664
1324
3335
2407
3187
2722
274
3499
3546
3486
298
3514
3287
196
378
3471
3100
3549
3173
2174
3554
3384
3492
665
3541
3576
3114
1960
3231
1269
2111
738
32
67
630
4
64
546
1397
1023
3291
3307
3475
2927
3615
2909
3368
3301
3468
3339
2952
1822
3305
2886
1580
60
96
3530
3069
2305
3346
3298
3329
349
257
1250
169
3532
1799
3416
243
3345
3260
2634
2356
3405
3300
3299
3290
1981
3450
475
214
3454
3528
3424
3431
2409
2361
3426
3348
3308
3544
2577
865
2496
3183
3479
2805
30
234
3105
2933
3552
441
42
1406
3202
1559
2836
3248
3284
3427
3535
3419
3271
3574
3319
1231
1752
2010
3391
3015
209
3326
3337
213
2874
300
3619
3591
3559
187
1124
3669
3210
3556
3507
3434
3098
3118
3081
3341
793
1940
3157
2410
3538
3165
901
2007
421
818
2942
2755
3589
3234
3560
3612
3581
2761
1395
3505
144
431
3249
3274
3548
3242
250
2413
3488
2764
3420
1167
3342
1161
3445
3186
1386
3045
585
3230
2861
1773
82
2754
1326
3411
3233
3097
3466
3331
1174
3344
2374
2027
2031
3320
3084
3369
3518
3487
2371
1301
2868
47
3050
3531
56
3266
2899
109
3110
3244
3143
3163
86
3371
1618
2345
1015
530
3392
3255
3493
2372
347
3192
2793
3523
3512
955
3131
2075
2589
2298
2732
2796
3167
3282
3085
3169
313
55
3414
1748
1814
1440
2444
3140
54
2360
3520
2782
3227
3333
3367
3185
3247
3323
2261
3151
3555
2885
3521
2400
155
3336
2928
2800
907
3421
1643
345
2370
2964
3126
3292
2351
3444
3588
3366
2456
68
2682
3363
2788
494
228
2835
229
1845
230
3494
3209
3437
2216
1837
3519
3404
2025
3272
93
1615
3117
1880
1025
3070
3571
2984
206
3190
2825
2730
1802
454
2894
1336
2917
360
124
2866
292
1254
1834
2140
768
41
166
1863
1309
3256
1914
2439
316
2818
110
1747
3144
2332
3145
1081
3324
3259
2938
3403
1333
3148
3159
567
1972
2190
2827
63
1650
2011
3297
88
1658
3096
24
18
2281
297
188
3189
3184
2510
3415
2337
2180
1938
3375
3370
2232
964
3194
2053
3245
2195
2867
1222
3049
3216
3054
3322
3223
2266
1529
1531
1816
2883
814
3258
1534
1858
3121
1191
1891
3540
3136
2968
3315
2934
1399
3218
2304
2769
3473
3597
2343
326
817
1947
3372
3480
1410
3458
2910
3254
3452
2055
3354
478
2842
2058
3240
868
1193
3092
409
3124
106
508
3400
3289
2576
2123
3279
1318
1186
3238
1898
2189
2073
2009
3347
116
711
1589
2970
3402
2697
1084
3432
2349
3026
3288
3423
2701
3524
357
3358
1220
1846
3219
1761
3387
3107
127
2364
3364
1756
3456
1911
721
736
1104
3142
2858
1536
3083
3082
734
2890
7
94
436
639
830
379
432
2
5
290
114
3251
3156
2119
1257
2563
1251
881
835
2074
355
795
1268
2826
1209
3407
638
3225
3150
1731
3534
2999
2856
3303
1848
3232
2888
2892
2889
3497
2774
3383
3007
1039
1194
351
1817
3155
1380
3281
2775
342
2329
3193
3236
2977
3147
3191
2301
767
449
1141
1854
1760
2267
3133
2509
2191
2061
2806
2416
2296
1538
3390
3154
532
2986
2780
1735
3596
2252
3149
3168
26
3211
184
2833
168
194
2995
325
2291
1325
722
400
3312
3062
2791
2186
2373
2423
2487
1218
2846
1256
3510
3399
3040
1094
1883
3220
797
3112
1937
1888
1588
365
3048
363
3011
1263
2953
3115
2869
3132
3359
3109
193
273
1925
1424
83
2081
1934
3135
108
1843
2246
506
2879
1159
364
2893
558
3002
248
2996
1656
2425
1413
2036
1322
2757
2677
1599
2068
724
600
1503
3481
3463
3029
2443
1236
2182
1917
3014
3273
3310
1652
1435
13
2398
2955
3253
2367
2949
1259
438
2925
272
834
2831
1927
3172
2133
1022
873
1745
1642
990
1882
648
1780
1227
3401
1743
3176
2282
59
1168
1155
3207
2047
1992
217
1667
3141
3162
1769
2417
1
3283
2930
3052
582
973
3536
1778
2809
3204
688
2913
2293
1879
3179
2124
270
2632
1555
3001
35
3111
2109
3455
3355
3010
663
3228
2023
3441
2992
1872
2659
3028
3019
408
3103
446
2717
2543
2752
1913
2650
3060
66
2104
2566
3177
1329
1109
2228
3080
2276
854
2217
3382
3330
2895
3293
3
928
1443
1753
3032
289
3000
905
2319
3030
2819
2358
122
1796
3365
2976
490
527
2026
2224
897
715
3039
1788
2120
1006
2990
2958
3195
2813
1521
348
2848
3440
2067
3435
1923
2823
1839
1781
221
2633
2286
2273
288
111
3237
2142
624
2039
3170
301
2610
2170
2168
3066
3063
777
291
520
1907
1795
247
1787
3152
1809
3137
2834
3447
866
2156
112
2946
1290
321
500
2348
45
192
1782
796
832
2240
792
1873
3022
853
594
2333
896
3268
366
2935
1758
3013
1089
2030
994
1833
1176
101
2979
1412
485
2614
3160
1522
1659
1219
226
3377
1759
3094
2129
2035
2112
3020
2753
185
1417
1851
3250
2312
1338
1368
1956
2242
2274
666
2263
1616
2306
2255
1085
1785
1311
3644
2993
2292
2916
2177
1939
3072
3252
266
3270
1495
1166
2481
2213
1573
2988
2981
2377
474
2704
3610
3171
3263
531
2936
2771
156
3269
1663
766
540
1134
2225
3352
1404
3397
1726
233
2989
2851
1786
2963
1793
2365
1820
1038
2814
3071
3201
3396
2311
2016
498
1842
3200
1121
397
618
3091
1767
3031
695
2615
3222
1304
995
3017
1712
1464
157
1181
1954
488
2138
1929
1628
2238
2235
2331
338
3016
2474
339
772
1651
3166
3257
2184
3182
2828
1146
1806
1381
258
2838
58
2845
359
3003
2508
374
2521
1533
3129
3102
1448
3203
3178
723
1903
900
2254
3005
1944
1875
1779
1807
130
1740
1737
1902
390
1019
769
1561
1653
601
115
524
1765
707
2902
1108
1749
1895
1961
985
1327
1867
752
237
718
3027
468
925
2335
1056
513
1783
626
1744
2149
1565
784
815
1926
1170
3637
1928
3418
706
381
1859
1804
670
1887
14
161
1285
1912
951
1746
1179
53
549
1139
1323
1197
764
368
2130
590
1654
656
657
1784
1173
876
186
1069
1100
547
1828
1866
2971
1791
701
1904
895
1009
3055
218
1962
1813
1830
1260
1593
1281
885
1900
1164
1771
569
483
942
1657
993
697
1156
1864
1870
286
95
1152
97
1033
1915
1626
1151
2210
1774
1165
1080
1861
605
693
1184
1274
933
74
164
1921
1619
496
1183
133
382
401
249
807
191
1265
491
535
352
293
1136
275
2887
1288
2024
915
1722
171
1276
8
615
534
462
1046
120
177
174
118
23
1343
1024
1238
353
