71
28796
2344
2585
68
17914
629
621
63
10896
3764
790
11197
553
211
51
4817
11653
593
743
35
2537
27
64
1767
1572
33
2325
460
8384
206
41
1481
787
3490
533
11280
3749
1152
1390
290
4524
1506
858
114
2045
28095
20941
9868
29
30
1868
54
65
15785
3930
2613
151
1235
11502
3632
232
774
220
401
5095
1438
6730
2666
3264
19530
12971
1389
6928
6412
386
3929
796
737
262
2658
47
3927
4476
1
1460
665
3283
3048
11461
2949
3062
149
15194
7217
80
9658
76
77
6486
215
37
7
2273
1354
746
14
9
56
214
4969
6155
182
379
1564
171
474
34499
12390
355
20
3928
507
1926
673
6323
59
10244
188
81
248
39
143
136
29344
397
354
10132
842
2614
43
35909
16687
249
591
1254
7291
575
519
352
26
5816
189
350
3917
2834
2058
93
1556
1276
8581
195
328
6809
44
154
19361
946
643
3542
580
885
322
15939
1812
31485
10349
3571
165
547
7252
368
22026
3004
2705
17699
13345
1553
18517
4094
4820
2
104
10875
196
8479
6257
609
5347
2324
25242
4045
37366
6905
5157
33746
3973
1737
1839
4799
8577
603
1441
883
266
14940
3777
2663
5402
2019
1507
14223
1587
8594
6781
506
4694
3223
413
25944
69
1498
3724
306
3838
504
34528
498
2890
53
1516
444
5040
6478
9688
1913
471
116
22574
9924
43365
8168
682
426
427
11694
289
3247
23702
3225
1595
31575
5699
13242
935
36784
1127
173
57
5611
1881
22362
13492
34348
85
6867
1334
8487
24502
3248
3246
2313
492
42570
15273
1151
5457
8369
5167
7603
1422
6283
2778
993
7821
3874
39936
1539
32048
21318
1744
6968
36813
4265
8144
1919
11
2130
3883
8485
979
4517
565
7393
5234
55
17604
1487
17854
795
43697
26529
20282
6692
236
8092
1245
218
923
467
2660
32098
1129
161
17242
29584
82
781
988
7564
14561
8495
17785
2766
5817
18067
343
3114
1695
8486
7910
9503
4638
9174
548
9362
12798
7193
20068
23238
7020
3503
7128
33728
2497
6886
678
10139
20441
6209
3171
2708
5787
8367
9984
10185
3923
4692
34897
2942
25884
5659
1326
44178
4809
4669
16050
240
522
12742
2870
7180
8204
2430
7279
2457
2826
21975
26329
23187
882
2360
886
5352
9094
6201
489
25960
15620
8980
20815
28354
7276
167
9623
5235
2557
2879
24461
1417
28361
5308
3249
394
537
12891
1644
17088
27723
230
43253
115
22294
23997
3435
2153
1611
7192
6078
390
6699
666
15892
6632
6587
6205
948
2924
8952
32051
13447
1515
6640
5385
6037
2555
1139
51048
6749
7536
29038
6260
1634
43626
8098
2226
2225
436
2762
3027
33586
1475
950
18255
28829
1133
12695
1733
19604
42535
25747
25093
766
11946
7174
12227
27353
14290
944
4763
24258
8876
60
14076
9372
3245
4919
10482
28162
700
21322
8878
1940
4302
18724
376
43138
5439
4502
7613
2564
34100
3835
1299
7811
48
7039
17857
1345
10778
10156
31320
11769
8881
987
17306
6643
1757
5423
1462
977
646
1699
7768
1193
3988
5291
13396
10804
17209
8684
6457
42778
22313
1560
8601
1943
4012
5652
8792
3633
20540
20646
1555
416
16387
8869
13093
5237
2352
21423
40077
470
9784
4495
3132
2700
12032
7635
36539
55720
1668
3091
6471
9133
54523
39839
20344
18350
33751
18626
11286
3389
10812
13156
20279
33055
9496
8793
36078
5757
25292
11337
10041
15412
21082
6052
7010
10154
10640
777
1719
20770
6844
12940
26410
9839
4630
11403
35458
21897
33667
7336
40428
4294
22508
6281
11496
6915
7158
5461
101
42649
190
35548
3170
4510
5758
6070
6887
3786
18224
38584
2602
1920
7245
10802
441
3325
24234
7062
16088
17399
25593
3657
4240
5961
5481
6497
721
4674
341
6910
11269
313
1994
1098
22047
1260
31953
13287
5286
28826
21573
31961
10282
2521
24749
3897
35440
27011
1338
12399
1443
26708
19122
4478
45893
14986
2695
45361
22897
2987
19250
12322
8354
25480
16641
1500
55813
11633
26308
53978
44639
10495
452
49414
38714
1797
16115
18112
10348
8038
10128
6368
14895
46068
13663
37124
1554
10524
6432
8142
9643
16871
295
7312
18166
6579
28237
15697
5009
8181
6588
2097
6088
4085
14340
425
25779
4501
41528
23883
13002
3356
12512
18700
12586
46143
9048
5189
2606
7951
8569
4380
4686
5069
654
8669
7879
10063
6593
1315
3022
8857
7656
7094
14343
28364
21212
39690
2692
3788
7482
5646
938
5583
2356
6408
2427
5274
17750
18189
2248
3652
6216
5441
5876
89
23138
610
9002
8229
10677
2858
5781
6505
45141
7472
26951
14500
704
8214
5463
9966
6163
10614
47072
28001
109
4016
23888
10178
12811
23333
1511
7436
8554
10723
820
2508
22597
8439
878
15744
7672
9990
6751
13711
3365
6707
2896
14939
5888
5763
2556
7989
3357
1449
8361
2558
13190
6318
811
19289
2488
6827
12271
5325
7175
5301
8532
3937
31489
21191
1990
39229
3947
10545
18523
18809
3163
3855
14452
27932
16337
7047
30166
33078
626
1585
19921
15691
7328
9122
18730
14773
6727
2005
33767
21434
14852
7683
2788
47150
8288
42830
10376
36880
34361
8945
14550
10570
5567
5227
2740
7673
36515
14296
42502
18435
7379
28139
16683
8902
27320
5645
2937
5342
47408
3591
22312
3072
36214
19403
1224
12232
37046
523
2195
19845
27437
3436
9654
13281
4637
1755
4328
17349
19118
34627
25599
16136
2181
3839
8894
3273
18839
2587
35755
7167
17145
34429
37169
18161
22585
35769
50246
41601
19788
16964
31503
43329
2114
2793
22834
31885
4047
37590
43685
18098
55166
10305
26449
2883
19001
37380
47046
18525
7501
29256
8226
34652
5163
45977
32520
27050
44550
38896
455
11618
12028
28571
25146
12316
10750
6618
21719
41465
13368
41769
7856
49263
50116
47343
16304
4402
47029
5375
17096
34671
22176
28860
3856
11077
42511
39239
10346
22115
43866
667
19501
14820
7072
38873
15109
5025
53404
33242
15376
9491
12672
345
24279
26107
6803
25880
5272
19389
16164
14971
26600
45402
9842
47740
55245
9656
7306
31888
51095
7707
28904
983
42005
44502
26062
22553
17033
41728
36610
13692
6979
2810
55766
15542
7590
8290
7085
3067
12896
28352
33117
48295
27784
2907
13367
23050
8712
11316
40040
38765
28299
18599
6087
3029
23409
21416
4921
16140
6878
8429
11599
21547
36052
27578
19191
15617
35282
86
19353
17561
7169
28589
21330
11899
1414
33516
4322
14360
4129
2134
13486
52065
27633
10652
37422
7820
30113
14338
9218
15484
23142
1810
7452
6904
16412
17859
9297
1933
26098
20150
14002
13082
15259
11249
4781
7116
13183
16424
8154
19298
52314
30091
11635
2644
13221
7034
3822
8587
8067
50390
5094
13397
7620
8681
14761
39348
4052
5428
19345
6676
6210
38453
3938
7260
12597
6195
6835
18100
570
17793
14288
6392
17753
17810
8404
4429
9318
39880
3800
4836
42220
13362
4036
9068
11592
6931
5943
24877
2338
10065
6417
3086
7727
242
1374
39758
4426
5690
42151
6211
8596
12478
12202
14904
14905
5794
42854
13587
2933
29431
1233
5930
1308
9763
6992
7803
24360
6229
17409
418
15416
22081
4504
11094
1914
7531
46059
9344
1730
4111
6875
7161
9105
3779
9750
9820
7108
18186
21812
545
24610
6556
8572
11738
13276
21612
8312
16848
5287
22557
23709
20008
7878
6240
5195
47954
4608
19466
6036
706
1268
8162
9645
5180
5547
23571
1918
7400
4903
26857
2477
7818
740
1765
6849
4073
49363
34664
7439
10054
23351
8934
33237
2470
1937
45098
4103
14283
31354
29718
2561
20574
1419
33714
43897
21359
53363
53380
30946
41641
1474
40715
4617
1465
52575
48282
31070
8021
40694
14285
31471
49387
407
14447
23606
27836
1207
34546
15721
24913
53552
14107
287
21880
29623
30849
8011
22020
12144
35778
12507
7064
34143
1220
11872
32742
7361
6407
44521
44522
5173
4145
42877
7095
557
558
2969
4268
6034
4487
