0.00000000
0.01610657
0.03172322
0.04703551
0.06336807
0.07888904
0.09303096
0.10728834
0.12166120
0.13581301
0.15040197
0.16329268
0.17569841
0.18888273
0.20090906
0.21376677
0.22585578
0.23756291
0.25021689
0.26188113
0.27288718
0.28361693
0.29485887
0.30487517
0.31446176
0.32500015
0.33598310
0.34585589
0.35613281
0.36607818
0.37614148
0.38629552
0.39613531
0.40502245
0.41522433
0.42384754
0.43345887
0.44086302
0.44931056
0.45810534
0.46719868
0.47566190
0.48490619
0.49375870
0.50221613
0.51118164
0.51982795
0.52605516
0.53434433
0.54139550
0.55010202
0.55820809
0.56647995
0.57491758
0.58143841
0.58976800
0.59799202
0.60490461
0.61226425
0.61730292
0.62432357
0.63125596
0.63643979
0.64327733
0.65009178
0.65728315
0.66432359
0.67089225
0.67717388
0.68391822
0.69005469
0.69565340
0.69929982
0.70583549
0.71105726
0.71563817
0.72275697
0.72847857
0.73078799
0.73560726
0.74020796
0.74418842
0.74656795
0.75179714
0.75768947
0.76030078
0.76678613
0.77085648
0.77654508
0.78210090
0.78740267
0.79113156
0.79771012
0.80083362
0.80366844
0.80820893
0.81217950
0.81670020
0.82075323
0.82523351
0.82988947
0.83337011
0.83396561
0.83527208
0.83565396
0.83625936
0.83796255
0.84299544
0.84381693
0.84966142
0.85137287
0.85514218
0.85535828
0.85782112
0.85857250
0.86466608
0.86541253
0.86879749
0.87148137
0.87498674
0.87509479
0.87870574
0.88349533
0.88513336
0.88990726
0.89051513
0.89335406
0.89591916
0.90008520
0.90510077
0.90627446
0.90745804
0.90762382
0.91295859
0.91361430
0.91618271
0.92021101
0.92085188
0.92357618
0.92390033
0.92432510
0.92910479
0.93142164
0.93377395
0.93387953
0.93608833
0.93818413
0.93996321
0.94093812
0.94175219
0.94175219
0.94197076
0.94288298
0.94365416
0.94398325
0.94496805
0.94611616
0.94741274
0.94932708
0.95272441
0.95756678
0.95918997
0.95972279
0.96009477
0.96081316
0.96177075
0.96188127
0.96268792
0.96468063
0.96561017
0.96603989
0.96909575
0.96925659
0.97032965
0.97305642
0.97311169
0.97316695
0.97382513
0.97414927
0.97696678
0.97718782
0.97959540
0.98104045
0.98518174
0.98540031
0.98599829
0.98615912
0.98702351
0.98740044
0.98767179
0.98842813
0.98848339
0.98864917
0.99173557
0.99184361
0.99189640
0.99194919
0.99200445
0.99244406
0.99249932
0.99260984
0.99287873
0.99303956
0.99353196
0.99386105
0.99419015
0.99435593
0.99441119
0.99441119
0.99441119
0.99479059
0.99489864
0.99747695
1.00000000
0.55806235
