0.00000000
0.00322353
0.00609245
0.00817060
0.01036943
0.01277128
0.01479799
0.01687614
0.01921971
0.02193294
0.02443357
0.02635603
0.02838274
0.03098898
0.03322693
0.03547446
0.03792365
0.03968905
0.04172671
0.04355861
0.04595499
0.04804409
0.05033759
0.05215580
0.05434368
0.05638271
0.05815085
0.06049715
0.06226666
0.06461570
0.06680769
0.06920543
0.07118207
0.07316282
0.07514493
0.07712979
0.07937047
0.08134985
0.08390602
0.08567416
0.08765354
0.08968299
0.09181942
0.09395997
0.09567530
0.09770611
0.09931719
0.10098108
0.10274922
0.10472997
0.10628824
0.10805912
0.10951450
0.11149388
0.11352607
0.11545400
0.11717481
0.11899576
0.12102658
0.12321445
0.12514102
0.12701889
0.12873832
0.13077325
0.13259557
0.13452350
0.13655021
0.13827102
0.13989305
0.14150961
0.14380310
0.14552254
0.14750329
0.14927827
0.15079332
0.15262385
0.15455178
0.15657986
0.15824786
0.16017717
0.16174091
0.16336158
0.16502547
0.16653503
0.16820303
0.16992384
0.17148485
0.17304859
0.17455953
0.17612054
0.17758004
0.17904090
0.18070890
0.18216840
0.18362789
0.18492896
0.18643716
0.18815797
0.18966754
0.19133416
0.19315785
0.19472160
0.19618109
0.19774484
0.19941284
0.20092377
0.20243471
0.20420833
0.20571926
0.20743596
0.20926239
0.21066908
0.21202432
0.21358670
0.21525196
0.21691996
0.21853241
0.21983484
0.22124153
0.22290816
0.22431485
0.22587722
0.22759803
0.22905479
0.23066861
0.23228379
0.23410748
0.23577548
0.23718217
0.23885016
0.23999691
0.24119647
0.24249890
0.24427389
0.24552489
0.24687740
0.24807695
0.24937939
0.25057758
0.25182858
0.25364953
0.25490052
0.25682709
0.25818234
0.25958903
0.26078721
0.26240651
0.26365751
0.26532687
0.26668212
0.26819306
0.26954830
0.27131918
0.27293300
0.27418263
0.27543499
0.27673880
0.27809268
0.27955081
0.28085324
0.28272974
0.28398074
0.28533325
0.28715420
0.28856225
0.28996894
0.29122131
0.29252511
0.29414167
0.29539267
0.29653805
0.29799344
0.29981712
0.30106812
0.30231912
0.30346587
0.30497680
0.30680186
0.30836561
0.30982373
0.31097048
0.31217004
0.31347521
0.31456915
0.31582015
0.31764384
0.31879059
0.32056009
0.32170684
0.32285359
0.32410596
0.32535695
0.32681645
0.32801601
0.32963256
0.33083075
0.33202894
0.33348844
0.33484368
0.33614612
0.33734568
0.33838818
0.33963917
0.34115148
0.34240248
0.34360204
0.34480159
0.34594971
0.34730496
0.34855459
0.34959708
0.35053533
0.35183914
0.35298589
0.35402838
0.35533219
0.35689457
0.35809276
0.35976349
0.36075318
0.36220857
0.36330388
0.36450207
0.36606581
0.36700406
0.36794231
0.36893337
0.37013155
0.37106980
0.37268225
0.37388044
0.37502719
0.37627682
0.37737075
0.37846606
0.37977124
0.38060524
0.38159492
0.38336443
0.38487537
0.38602212
0.38711606
0.38815855
0.38920242
0.39071336
0.39186011
0.39269410
0.39394510
0.39514329
0.39629004
0.39753967
0.39842510
0.39915485
0.40019735
0.40103135
0.40264517
0.40353061
0.40446885
0.40540847
0.40655522
0.40754628
0.40848452
0.40973552
0.41067377
0.41187333
0.41291583
0.41364557
0.41479232
0.41635333
0.41729158
0.41870100
0.41995200
0.42120300
0.42219269
0.42349650
0.42479893
0.42573718
0.42667543
0.42750943
0.42886741
0.42985710
0.43142085
0.43256760
0.43350584
0.43444409
0.43527809
0.43621634
0.43767584
0.43892683
0.43996933
0.44080333
0.44247133
0.44340957
0.44413932
0.44486907
0.44596575
0.44706106
0.44810355
0.44883330
0.44961449
0.45044712
0.45169812
0.45253212
0.45378174
0.45451149
0.45591818
0.45748056
0.45862731
0.45951138
0.46076237
0.46180487
0.46284737
0.46388987
0.46550505
0.46644330
0.46759005
0.46878961
0.47004060
0.47087460
0.47217704
0.47301104
0.47405354
0.47499179
0.47608709
0.47692109
0.47796359
0.47885040
0.47994433
0.48088258
0.48171658
0.48265346
0.48348746
0.48432146
0.48484271
0.48578095
0.48697777
0.48849008
0.48927264
0.49021089
0.49146051
0.49213745
0.49307570
0.49380545
0.49500364
0.49604614
0.49740275
0.49865375
0.49980050
0.50100005
0.50183405
0.50277230
0.50360630
0.50433605
0.50527430
0.50610829
0.50772622
0.50876735
0.50975841
0.51090515
0.51173915
0.51226040
0.51330290
0.51408409
0.51491809
0.51564784
0.51726439
0.51788989
0.51841114
0.51981509
0.52122041
0.52293984
0.52356534
0.52450222
0.52523197
0.52638009
0.52794383
0.52856933
0.52929908
0.52992458
0.53096571
0.53263371
0.53325920
0.53393614
0.53539564
0.53622964
0.53706364
0.53800189
0.53930569
0.54013969
0.54102513
0.54170207
0.54284882
0.54378706
0.54462106
0.54550650
0.54634050
0.54717450
0.54852975
0.54952080
0.55040624
0.55103174
0.55243706
0.55347956
0.55457350
0.55561599
0.55655424
0.55770099
0.55863924
0.55947324
0.56030723
0.56093273
0.56176673
0.56239223
0.56411577
0.56515827
0.56588802
0.56708758
0.56792158
0.56854707
0.56922401
0.56990095
0.57094345
0.57146470
0.57198595
0.57250720
0.57328839
0.57422663
0.57495638
0.57599888
0.57667582
0.57709282
0.57792682
0.57855232
0.57959481
0.58074156
0.58115856
0.58178406
0.58251381
0.58366056
0.58491292
0.58564267
0.58668517
0.58731067
0.58824892
0.58934422
0.59007397
0.59127216
0.59205335
0.59288735
0.59361710
0.59486809
0.59549359
0.59674596
0.59757996
0.59862382
0.59956207
0.60018757
0.60201263
0.60295088
0.60378487
0.60441037
0.60493162
0.60592131
0.60633831
0.60759068
0.60832042
0.60894592
0.60946717
0.61118661
0.61160361
0.61238480
0.61321880
0.61394854
0.61467829
0.61519954
0.61592929
0.61645054
0.61780442
0.61863842
0.62019806
0.62082355
0.62186605
0.62243874
0.62285574
0.62327274
0.62389824
0.62431524
0.62494074
0.62577473
0.62671161
0.62723286
0.62790980
0.62853530
0.62910799
0.62983774
0.63046324
0.63145293
0.63228692
0.63280817
0.63332942
0.63416342
0.63525873
0.63567573
0.63598848
0.63640547
0.63713522
0.63755222
0.63828197
0.63937591
0.64015847
0.64078397
0.64109672
0.64166940
0.64292040
0.64385865
0.64443271
0.64583940
0.64646490
0.64740177
0.64802727
0.64854852
0.64959102
0.65032077
0.65099771
0.65250728
0.65391807
0.65485632
0.65558607
0.65694405
0.65777805
0.65840355
0.65902905
0.65965455
0.66028005
0.66100980
0.66173954
0.66226079
0.66288629
0.66330329
0.66398023
0.66450148
0.66543836
0.66595961
0.66637661
0.66689785
0.66731485
0.66794035
0.66856585
0.66939985
0.66981685
0.67044235
0.67174615
0.67237165
0.67299715
0.67388396
0.67482221
0.67576046
0.67607321
0.67680295
0.67721995
0.67742845
0.67789826
0.67873226
0.67935776
0.67998326
0.68034745
0.68086870
0.68138995
0.68243244
0.68337069
0.68378769
0.68420469
0.68462169
0.68514294
0.68555994
0.68602838
0.68665388
0.68727937
0.68832187
0.68863462
0.69025665
0.69119490
0.69203027
0.69276002
0.69307277
0.69348977
0.69411527
0.69453226
0.69526201
0.69599176
0.69692590
0.69817827
0.69880377
0.69948071
0.69979346
0.70005340
0.70036615
0.70057465
0.70078314
0.70130439
0.70203414
0.70344357
0.70459032
0.70485162
0.70526862
0.70568562
0.70625968
0.70657243
0.70746061
0.70798186
0.70829461
0.70928429
0.70990979
0.71043104
0.71095229
0.71188917
0.71235898
0.71355580
0.71412986
0.71444261
0.71564079
0.71605779
0.71657904
0.71699604
0.71772579
0.71814279
0.71866404
0.71949804
0.71986223
0.72069622
0.72137453
0.72189441
0.72220716
0.72283129
0.72340535
0.72423935
0.72507335
0.72564604
0.72637578
0.72705409
0.72793953
0.72866928
0.72898203
0.72981603
0.73054578
0.73174396
0.73309921
0.73351621
0.73372471
0.73435021
0.73570546
0.73612246
0.73685220
0.73726920
0.73758195
0.73779045
0.73841458
0.73883158
0.73935283
0.73966558
0.74018546
0.74070671
0.74143646
0.74284041
0.74377865
0.74492540
0.74575940
0.74607215
0.74737596
0.74815715
0.74935670
0.74966945
0.74987795
0.75029495
0.75102470
0.75185870
0.75269270
0.75310970
0.75415082
0.75503626
0.75576601
0.75649576
0.75680851
0.75722551
0.75774676
0.75821520
0.75863220
0.75967469
0.76019594
0.76066438
0.76181113
0.76222813
0.76306213
0.76368763
0.76462587
0.76561693
0.76613818
0.76676368
0.76816900
0.76863881
0.76905581
0.76978555
0.77030680
0.77166205
0.77207905
0.77343430
0.77405980
0.77484098
0.77583067
0.77624767
0.77666467
0.77749730
0.77801855
0.77843555
0.77874830
0.77947805
0.78020780
0.78083329
0.78145879
0.78182298
0.78234423
0.78286548
0.78296973
0.78354242
0.78458355
0.78505199
0.78578174
0.78651149
0.78703273
0.78786673
0.78838798
0.78974323
0.79052579
0.79094279
0.79135979
0.79167253
0.79266222
0.79328772
0.79380897
0.79433022
0.79453872
0.79584253
0.79615528
0.79646802
0.79756196
0.79829034
0.79891584
0.79922859
0.80016684
0.80147065
0.80272164
0.80345139
0.80412970
0.80444245
0.80475383
0.80517083
0.80590058
0.80668314
0.80710013
0.80772563
0.80803838
0.80934082
0.80986207
0.81059182
0.81090457
0.81158288
0.81236406
0.81278106
0.81304237
0.81460612
0.81554437
0.81710811
0.81762936
0.81825486
0.81856761
0.81940161
0.82023561
0.82086111
0.82148661
0.82179936
0.82305172
0.82383291
0.82435416
0.82518816
0.82570941
0.82623066
0.82716890
0.82758590
0.82810715
0.82873265
0.82904540
0.82967090
0.83029640
0.83071340
0.83170445
0.83212145
0.83253845
0.83274695
0.83337245
0.83384226
0.83457201
0.83629281
0.83702256
0.83754381
0.83837781
0.83900331
0.83983731
0.84061987
0.84103686
0.84166236
0.84218361
0.84249636
0.84369455
0.84509850
0.84530700
0.84561975
0.84614100
0.84640231
0.84671506
0.84713205
0.84754905
0.84791324
0.84864299
0.84916424
0.85046668
0.85098793
0.85150918
0.85234318
0.85369705
0.85421830
0.85494805
0.85557492
0.85599192
0.85750012
0.85822987
0.85901105
0.85963655
0.86067905
0.86120030
0.86213992
0.86245267
0.86297392
0.86380791
0.86412066
0.86485041
0.86568441
0.86646697
0.86683116
0.86756091
0.86787366
0.86891615
0.86938459
0.87032421
0.87136671
0.87167946
0.87240921
0.87303471
0.87324321
0.87402439
0.87527539
0.87569239
0.87610939
0.87673352
0.87782883
0.87835008
0.87876708
0.88032808
0.88116208
0.88126633
0.88168333
0.88230883
0.88267302
0.88361127
0.88413252
0.88475802
0.88570037
0.88601312
0.88747262
0.88799387
0.88893211
0.88966460
0.89039435
0.89070710
0.89127979
0.89169679
0.89242654
0.89284354
0.89373034
0.89446009
0.89508559
0.89560684
0.89602384
0.89644084
0.89706634
0.89758759
0.89821308
0.89904708
0.89935983
0.90008958
0.90029808
0.90071508
0.90165333
0.90285152
0.90306002
0.90404970
0.90446670
0.90540495
0.90644745
0.90665595
0.90717720
0.90842819
0.90905369
0.91067025
0.91145144
0.91207694
0.91259819
0.91301519
0.91395206
0.91536012
0.91619549
0.91671674
0.91729080
0.91823041
0.91896016
0.91916866
0.91984560
0.92015835
0.92130510
0.92172210
0.92213910
0.92266035
0.92396278
0.92427553
0.92547509
0.92636190
0.92677890
0.92740440
0.92782139
0.92813414
0.92896814
0.92948939
0.93001064
0.93063614
0.93126164
0.93209564
0.93230414
0.93282538
0.93371082
0.93548307
0.93636714
0.93678414
0.93761814
0.93834789
0.93928613
0.94001588
0.94053713
0.94126551
0.94178676
0.94334914
0.94366189
0.94407889
0.94460013
0.94517145
0.94668239
0.94735933
0.94871321
0.94939152
0.95048546
0.95194906
0.95299293
0.95320143
0.95434681
0.95559780
0.95591055
0.95705593
0.95778568
0.95809843
0.95872393
0.95934943
0.95976643
0.96060042
0.96101742
0.96195567
0.96226842
0.96304961
0.96357086
0.96398786
0.96450911
0.96482186
0.96534311
0.96586435
0.96659410
0.96711535
0.96763660
0.96815785
0.96930460
0.96961735
0.97024285
0.97086834
0.97170234
0.97237928
0.97300478
0.97331753
0.97373453
0.97451709
0.97493409
0.97561103
0.97743334
0.97790315
0.97858009
0.98009240
0.98050940
0.98082215
0.98144764
0.98207314
0.98233308
0.98285433
0.98363689
0.98436664
0.98488789
0.98530489
0.98608334
0.98785832
0.98817107
0.98890082
0.98983907
0.99020326
0.99051601
0.99140008
0.99202558
0.99265107
0.99296382
0.99369357
0.99437188
0.99478888
0.99520588
0.99629982
0.99661257
0.99760225
0.99817631
0.99859331
0.99901031
0.99963581
0.48679880
