0.00000000
0.02383777
0.04853220
0.05993629
0.07438896
0.08661351
0.09924226
0.11062222
0.12096251
0.13290553
0.14379682
0.15102819
0.16634959
0.17441350
0.18077614
0.19497141
0.20175032
0.20852923
0.21664339
0.22481789
0.22945514
0.23881611
0.24372282
0.24893521
0.25326679
0.25915283
0.26627560
0.27117025
0.27661589
0.28236720
0.28797171
0.29511861
0.30175072
0.30734316
0.31462479
0.31937264
0.32438995
0.32828114
0.33249006
0.33882857
0.34415155
0.35018439
0.35551944
0.35985102
0.36358334
0.36913958
0.37574755
0.37978554
0.38454546
0.38972164
0.39331922
0.39916906
0.40318291
0.40636423
0.41240914
0.41872352
0.42399822
0.42792561
0.43279613
0.43662697
0.44049402
0.44280661
0.44783599
0.45043012
0.45405184
0.45877555
0.46452686
0.46954417
0.47425582
0.47698467
0.48283451
0.48529390
0.48787596
0.49250114
0.49748225
0.50038204
0.50384490
0.50729568
0.51233713
0.51718351
0.52018183
0.52231142
0.52477081
0.52962925
0.53135464
0.53634782
0.54238066
0.54727531
0.54998003
0.55371235
0.55571927
0.56131172
0.56444477
0.56757782
0.57142073
0.57401485
0.57931370
0.58320488
0.58753647
0.59011852
0.59496490
0.59809795
0.60141401
0.60561086
0.60909785
0.61328263
0.61744328
0.61900981
0.62219113
0.62494412
0.62680425
0.62898211
0.63200456
0.63344843
0.63632408
0.63789061
0.63862461
0.64006847
0.64425325
0.64711684
0.64995629
0.65393394
0.65578199
0.65692019
0.65763005
0.65862144
0.65990644
0.66106877
0.66292889
0.66626908
0.67045387
0.67259553
0.67445565
0.67547118
0.67690297
0.67878724
0.68037790
0.68310675
0.68626394
0.69071819
0.69244358
0.69533130
0.69819489
0.70050748
0.70409300
0.70753172
0.71070098
0.71357663
0.71744368
0.72077180
0.72407579
0.72820023
0.73375647
0.73775826
0.74133171
0.74419529
0.74448889
0.74678942
0.74965300
0.75265132
0.75607797
0.75921102
0.76107115
0.76249087
0.76420420
0.76607639
0.76953925
0.77314890
0.77503316
0.77634229
0.77823862
0.78129728
0.78290001
0.78493107
0.78652173
0.78784293
0.79087745
0.79360631
0.79550264
0.79753370
0.79913643
0.80170642
0.80400694
0.80516927
0.80587913
0.80817966
0.81021072
0.81222971
0.81355091
0.81531250
0.81676843
0.81807756
0.81835910
0.82052489
0.82110002
0.82167515
0.82382888
0.82541954
0.82729173
0.82958019
0.83317777
0.83737463
0.84324860
0.84456980
0.84558533
0.84749372
0.85069918
0.85499456
0.85831062
0.86004808
0.86292374
0.86668019
0.86756099
0.86916372
0.87136571
0.87340884
0.87501157
0.87603917
0.87764190
0.88065229
0.88450727
0.88667306
0.88882679
0.89140884
0.89286477
0.89374557
0.89577663
0.89737936
0.89810129
0.89882322
0.89983875
0.90057275
0.90071955
0.90130675
0.90204075
0.90277475
0.90508734
0.90727727
0.90971252
0.91130319
0.91576950
0.91892669
0.92236541
0.92367454
0.92499573
0.92587653
0.92690413
0.92933939
0.93178671
0.93551903
0.93939815
0.94156394
0.94330140
0.94519773
0.94724086
0.94896625
0.95353110
0.95695775
0.95980927
0.96267285
0.96423938
0.96481451
0.96795963
0.97095795
0.97224294
0.97438460
0.97595112
0.97865584
0.97979404
0.98107903
0.98336749
0.98521554
0.98789613
0.98989098
0.99074765
0.99188584
0.99330557
0.99486002
0.99686695
0.40695023
