0.00000000
0.00975360
0.01587224
0.02217095
0.02903492
0.03488292
0.04041448
0.04490716
0.04873364
0.05405076
0.05690604
0.06190670
0.06684077
0.07127726
0.07442608
0.07658078
0.08055510
0.08474386
0.08805305
0.09176712
0.09526676
0.09793051
0.10042458
0.10339333
0.10704082
0.11115046
0.11406301
0.11755119
0.12057615
0.12384990
0.12750884
0.12995709
0.13319755
0.13541167
0.13883220
0.14183531
0.14487173
0.14723048
0.15010866
0.15234355
0.15422762
0.15723073
0.15993924
0.16189310
0.16399267
0.16730079
0.16982923
0.17283234
0.17515887
0.17752908
0.17939130
0.18298151
0.18544229
0.18852452
0.19170878
0.19388746
0.19690203
0.19981458
0.20148529
0.20296340
0.20483708
0.20719690
0.20844913
0.21122636
0.21317916
0.21533493
0.21744489
0.21961212
0.22203960
0.22364264
0.22572038
0.22792197
0.22950211
0.23244902
0.23413118
0.23579043
0.23694171
0.23901837
0.24057559
0.24299162
0.24500169
0.24708981
0.24951729
0.25196768
0.25371750
0.25570466
0.25791771
0.25940728
0.26073862
0.26272578
0.26440794
0.26595478
0.26815638
0.26942113
0.27059531
0.27213070
0.27447907
0.27605921
0.27706371
0.27880207
0.28012303
0.28194051
0.28282114
0.28487597
0.28650192
0.28819554
0.28981004
0.29170663
0.29289227
0.29406646
0.29538741
0.29656160
0.29760046
0.29961053
0.30130308
0.30268024
0.30396790
0.30522120
0.30610184
0.30786311
0.30879995
0.31057268
0.31213098
0.31346339
0.31577632
0.31741373
0.31850880
0.31946856
0.32064274
0.32137660
0.32393940
0.32606188
0.32671663
0.32783461
0.32900880
0.33003621
0.33122184
0.33261046
0.33399908
0.33466528
0.33613301
0.33661808
0.33772460
0.33860524
0.33966701
0.34060386
0.34111183
0.34169893
0.34257956
0.34375375
0.34525584
0.34613648
0.34704003
0.34848485
0.34907194
0.35025758
0.35125169
0.35214378
0.35331797
0.35407474
0.35565488
0.35654697
0.35742761
0.35880477
0.36052130
0.36118750
0.36277909
0.36365973
0.36447271
0.36546576
0.36654937
0.36777976
0.36906635
0.36965344
0.37125649
0.37205801
0.37272422
0.37331131
0.37424815
0.37498201
0.37607708
0.37761247
0.37882102
0.37998375
0.38173250
0.38335846
0.38401321
0.38481473
0.38604512
0.38721930
0.38852880
0.38933033
0.39042540
0.39101249
0.39218667
0.39430915
0.39544897
0.39670227
0.39871127
0.39952425
0.40025811
0.40189445
0.40248154
0.40370048
0.40420845
0.40550650
0.40624037
0.40668068
0.40756132
0.40800164
0.40858873
0.40902905
0.40961614
0.41005646
0.41056444
0.41100476
0.41159185
0.41203217
0.41247249
0.41320635
0.41364667
0.41444819
0.41532883
0.41646972
0.41705681
0.41815188
0.41859220
0.41947284
0.42112170
0.42156202
0.42288298
0.42462135
0.42558110
0.42672092
0.42760155
0.42818864
0.42877574
0.42936283
0.43053701
0.43138328
0.43247835
0.43313310
0.43447697
0.43527849
0.43644122
0.43775072
0.43931941
0.43975972
0.44020004
0.44133986
0.44178018
0.44259316
0.44339468
0.44406089
0.44515596
0.44636344
0.44709730
0.44797794
0.44893769
0.44988599
0.45076662
0.45185024
0.45274233
0.45362297
0.45457126
0.45509070
0.45630963
0.45811565
0.45985402
0.46029434
0.46116352
0.46258543
0.46338695
0.46418848
0.46462880
0.46536266
0.46596121
0.46676273
0.46771103
0.46852401
0.46974294
0.47039769
0.47149276
0.47256492
0.47332169
0.47361524
0.47449588
0.47478942
0.47522974
0.47638101
0.47696811
0.47755520
0.47799552
0.47931647
0.47983591
0.48012945
0.48107775
0.48137129
0.48181161
0.48217282
0.48275991
0.48320023
0.48357289
0.48386643
0.48445353
0.48481473
0.48546948
0.48627100
0.48656455
0.48775019
0.48804373
0.48833728
0.48863083
0.48921792
0.48965824
0.48995178
0.49039210
0.49068565
0.49097919
0.49141951
0.49171306
0.49230015
0.49288724
0.49332756
0.49384699
0.49428731
0.49487440
0.49516795
0.49604859
0.49634213
0.49678245
0.49722277
0.49766309
0.49810341
0.49854373
0.49883727
0.49913082
0.49985323
0.50030500
0.50107216
0.50203191
0.50247223
0.50299166
0.50388375
0.50508085
0.50550971
0.50580326
0.50631124
0.50667244
0.50711276
0.50769985
0.50855758
0.50885112
0.50914467
0.50958499
0.51002531
0.51046563
0.51213633
0.51242988
0.51307317
0.51351349
0.51395381
0.51440559
0.51499268
0.51556831
0.51586186
0.51688927
0.51732959
0.51762314
0.51835700
0.51894409
0.52058043
0.52102075
0.52214912
0.52317653
0.52347007
0.52406862
0.52494926
0.52573932
0.52654085
0.52748914
0.52813244
0.52842599
0.52871953
0.52908074
0.52966783
0.53106790
0.53158733
0.53217442
0.53316747
0.53360779
0.53375456
0.53390133
0.53398045
0.53426254
0.53433020
0.53491729
0.53535761
0.53593324
0.53637356
0.53688154
0.53702831
0.53979409
0.54044884
0.54154391
0.54182600
0.54197277
0.54218721
0.54233398
0.54284196
0.54320316
0.54364348
0.54473855
0.54503210
0.54561919
0.54679337
0.54722223
0.54735755
0.54807996
0.54891478
0.54906155
0.54928744
0.54972776
0.54987453
0.55052928
0.55067605
0.55090194
0.55134226
0.55192935
0.55200847
0.55238113
0.55268613
0.55283290
0.55305879
0.55375829
0.55433392
0.55462747
0.55506779
0.55514690
0.55544045
0.55601608
0.55630963
0.55680615
0.55709970
0.55724647
0.55739324
0.55831970
0.55876002
0.55955009
0.55955009
0.56018193
0.56098345
0.56142377
0.56157055
0.56193175
0.56222530
0.56237207
0.56325271
0.56354625
0.56479955
0.56522841
0.56537519
0.56610905
0.56625582
0.56654937
0.56802748
0.56903198
0.56940464
0.56955142
0.56969819
0.56990117
0.57004794
0.57034149
0.57084946
0.57099624
0.57143655
0.57165099
0.57194453
0.57244106
0.57272315
0.57332169
0.57412322
0.57493619
0.57529740
0.57559095
0.57588449
0.57588449
0.57603126
0.57632481
0.57704722
0.57726165
0.57741988
0.57798406
0.57842438
0.57863881
0.57951945
0.58010654
0.58108813
0.58152845
0.58182200
0.58240909
0.58286086
0.58300764
0.58367384
0.58517486
0.58642709
0.58709330
0.58782716
0.58914812
0.58944166
0.58967901
0.59035667
0.59050344
0.59079698
0.59137262
0.59229801
0.59259155
0.59347219
0.59391251
0.59405928
0.59435283
0.59480460
0.59509815
0.59539169
0.59671265
0.59766095
0.59801070
0.59814601
0.59829279
0.59873311
0.59902665
0.59961374
0.60005406
0.60021229
0.60079938
0.60161236
0.60214325
0.60221091
0.60294477
0.60339655
0.60354332
0.60369009
0.60438959
0.60482991
0.60497668
0.60534934
0.60564289
0.60578966
0.60593643
0.60650062
0.60679416
0.60694094
0.60730214
0.60736980
0.60766335
0.60788923
0.60861164
0.60905196
0.60949228
0.60994405
0.61015848
0.61030526
0.61045203
0.61090380
0.61134412
0.61163767
0.61194267
0.61223622
0.61363736
0.61378413
0.61394236
0.61577129
0.61591806
0.61713700
0.61756586
0.61833409
0.61869529
0.61913561
0.61958739
0.61994859
0.62033271
0.62062625
0.62077303
0.62146214
0.62160891
0.62175569
0.62247810
0.62310994
0.62355026
0.62370848
0.62385526
0.62400203
0.62429558
0.62458912
0.62587571
0.62645135
0.62689167
0.62719667
0.62771610
0.62815642
0.62837085
0.62881117
0.62889029
0.62933060
0.63013213
0.63077542
0.63084308
0.63128340
0.63157695
0.63193815
0.63223170
0.63268347
0.63281879
0.63296556
0.63368797
0.63368797
0.63390240
0.63419595
0.63504222
0.63525665
0.63532431
0.63547109
0.63605818
0.63649850
0.63681495
0.63710850
0.63740204
0.63770705
0.63770705
0.63801205
0.63815882
0.63906130
0.63919661
0.63919661
0.63963693
0.63963693
0.63999814
0.64014491
0.64029168
0.64086732
0.64117232
0.64204150
0.64240271
0.64277537
0.64329480
0.64358835
0.64422019
0.64459285
0.64481873
0.64532671
0.64589089
0.64604912
0.64634267
0.64690685
0.64705362
0.64742628
0.64786660
0.64845369
0.64852135
0.64852135
0.64896167
0.64909699
0.64924376
0.64932287
0.64976319
0.65068858
0.65097067
0.65172745
0.65187422
0.65187422
0.65231454
0.65268720
0.65342106
0.65379372
0.65423404
0.65467436
0.65540822
0.65570177
0.65650329
0.65712368
0.65741722
0.65771077
0.65812818
0.65842173
0.65883913
0.65927945
0.65966357
0.66002477
0.66071389
0.66115421
0.66144775
0.66159453
0.66244080
0.66258757
0.66274580
0.66338909
0.66388562
0.66449562
0.66478917
0.66492448
0.66545537
0.66560214
0.66582803
0.66626835
0.66662955
0.66720519
0.66764551
0.66808583
0.66881969
0.67147306
0.67161983
0.67254629
0.67283984
0.67298661
0.67326870
0.67341547
0.67400257
0.67510909
0.67533498
0.67569618
0.67569618
0.67613650
0.67628327
0.67672359
0.67723157
0.67737834
0.67781866
0.67831518
0.67866493
0.67895848
0.67931968
0.67946646
0.68049387
0.68093419
0.68122773
0.68209692
0.68280787
0.68308996
0.68323673
0.68367705
0.68411737
0.68426414
0.68447858
0.68511042
0.68525719
0.68540396
0.68576517
0.68635226
0.68790949
0.68812392
0.68827069
0.68892544
0.68929810
0.69003197
0.69047229
0.69061906
0.69090115
0.69104792
0.69126235
0.69155590
0.69199622
0.69243654
0.69263951
0.69271863
0.69330572
0.69397193
0.69512320
0.69571029
0.69599238
0.69636504
0.69695213
0.69767454
0.69767454
0.69804720
0.69834075
0.69878107
0.69892784
0.70053089
0.70067766
0.70170507
0.70170507
0.70178418
0.70199862
0.70228071
0.70228071
0.70281160
0.70295837
0.70375989
0.70405344
0.70426787
0.70483205
0.70548680
0.70584801
0.70635598
0.70685251
0.70714605
0.70743960
0.70758637
0.70803815
0.70833169
0.70940385
0.70990037
0.71004715
0.71027303
0.71056658
0.71086013
0.71144722
0.71174076
0.71232785
0.71291495
0.71306172
0.71361445
0.71483338
0.71498015
0.71542047
0.71598465
0.71667377
0.71680909
0.71767827
0.71811859
0.71843504
0.71859327
0.71874004
0.71896593
0.71947391
0.71976745
0.72050132
0.72064809
0.72094164
0.72137050
0.72210437
0.72281532
0.72340241
0.72340241
0.72369596
0.72397805
0.72456514
0.72515223
0.72529901
0.72564876
0.72673237
0.72774833
0.72817719
0.72861751
0.72900162
0.73010815
0.73069524
0.73164354
0.73223063
0.73252417
0.73275006
0.73304361
0.73348392
0.73383367
0.73487254
0.73516609
0.73545963
0.73684825
0.73699502
0.73728857
0.73802243
0.73837218
0.73867718
0.73910604
0.73925282
0.74005434
0.74043846
0.74139821
0.74205296
0.74308037
0.74408487
0.74452519
0.74481873
0.74511228
0.74547348
0.74606058
0.74620735
0.74659146
0.74708799
0.74738153
0.74760742
0.74790097
0.74819451
0.74834128
0.74863483
0.74878160
0.74892838
0.75109560
0.75154738
0.75184092
0.75222504
0.75266536
0.75404145
0.75433499
0.75449322
0.75552063
0.75581418
0.75625450
0.75654804
0.75698836
0.75720279
0.75798141
0.75854559
0.75921179
0.75994566
0.76131136
0.76175168
0.76189846
0.76204523
0.76248555
0.76292587
0.76307264
0.76307264
0.76329853
0.76344530
0.76373884
0.76439360
0.76468714
0.76483391
0.76512746
0.76556778
0.76600810
0.76645987
0.76675342
0.76675342
0.76690019
0.76741962
0.76839083
0.76932767
0.76976799
0.77006154
0.77064863
0.77182174
0.77283770
0.77351536
0.77395567
0.77501638
0.77560347
0.77604379
0.77617911
0.77692443
0.77728563
0.77756772
0.77815481
0.77822247
0.77830159
0.77859513
0.77931754
0.77961109
0.78027729
0.78109027
0.78151914
0.78181268
0.78195946
0.78225300
0.78298687
0.78383421
0.78451187
0.78495219
0.78523428
0.78595669
0.78659999
0.78690499
0.78705176
0.78719853
0.78757119
0.78815828
0.78851949
0.78894835
0.78960310
0.78988519
0.79026931
0.79190565
0.79286540
0.79301217
0.79400522
0.79465997
0.79523561
0.79552915
0.79574359
0.79626302
0.79640979
0.79663568
0.79761727
0.79791081
0.79864468
0.79908500
0.79923177
0.80037159
0.80081191
0.80146666
0.80190698
0.80205375
0.80249407
0.80373484
0.80394927
0.80409605
0.80438959
0.80468314
0.80497668
0.80585732
0.80629764
0.80673796
0.80731360
0.80751657
0.80767480
0.80811512
0.80840866
0.80884898
0.80899576
0.80928930
0.80972962
0.80987639
0.81031671
0.81031671
0.81046349
0.81075703
0.81134412
0.81163767
0.81222476
0.81258597
0.81273274
0.81310540
0.81390692
0.81420047
0.81449401
0.81464079
0.81502490
0.81546522
0.81642497
0.81736181
0.81780213
0.81794890
0.81931461
0.81995791
0.82121120
0.82135798
0.82164007
0.82259982
0.82288191
0.82365014
0.82372925
0.82446312
0.82551344
0.82610053
0.82652939
0.82696971
0.82711648
0.82734237
0.82804187
0.82818864
0.82884340
0.82899017
0.82971258
0.83000612
0.83023201
0.83052556
0.83155297
0.83214006
0.83228683
0.83259183
0.83287392
0.83316747
0.83346101
0.83360779
0.83396899
0.83418342
0.83467995
0.83475906
0.83563970
0.83630590
0.83680243
0.83753629
0.83760395
0.83804427
0.83804427
0.83819104
0.83944434
0.83967023
0.83981700
0.84025732
0.84055086
0.84099118
0.84169068
0.84228923
0.84287632
0.84316987
0.84361019
0.84375696
0.84403905
0.84417437
0.84432114
0.84505501
0.84564210
0.84593564
0.84678192
0.84707546
0.84758344
0.84796755
0.84868996
0.84913028
0.85013478
0.85028156
0.85124131
0.85146719
0.85170454
0.85218960
0.85321701
0.85365733
0.85409765
0.85439120
0.85483152
0.85527184
0.85541861
0.85592659
0.85636690
0.85680722
0.85695400
0.85742868
0.85773368
0.85802723
0.85832077
0.85861432
0.85890786
0.85946059
0.85983325
0.86012680
0.86027357
0.86104073
0.86148105
0.86227112
0.86265523
0.86294878
0.86338909
0.86353587
0.86443942
0.86517328
0.86659626
0.86703658
0.86733012
0.86795051
0.86853760
0.86911324
0.86933913
0.86977944
0.87015210
0.87104420
0.87133774
0.87207161
0.87251193
0.87348313
0.87370902
0.87414934
0.87486029
0.87515384
0.87544738
0.87588770
0.87647479
0.87838284
0.87882316
0.87890228
0.87963614
0.88012121
0.88079887
0.88180337
0.88209692
0.88302230
0.88346262
0.88383528
0.88473883
0.88473883
0.88630751
0.88660106
0.88709758
0.88753790
0.88823740
0.88901708
0.88916385
0.88916385
0.88960417
0.88975095
0.89005595
0.89064304
0.89115102
0.89129779
0.89186197
0.89207640
0.89360034
0.89404066
0.89456009
0.89497750
0.89579048
0.89686264
0.89708852
0.89798061
0.89882689
0.89956075
0.90013639
0.90179564
0.90223596
0.90267628
0.90282305
0.90326337
0.90341014
0.90370369
0.90431369
0.90492369
0.90513812
0.90543167
0.90621028
0.90799340
0.90799340
0.90856903
0.90886258
0.90944967
0.91022828
0.91065715
0.91109747
0.91145867
0.91175222
0.91219254
0.91292640
0.91321995
0.91408913
0.91478863
0.91508218
0.91522895
0.91566927
0.91581604
0.91662902
0.91700168
0.91737434
0.91744200
0.91788232
0.91802909
0.91832263
0.91877441
0.91985802
0.92043366
0.92094164
0.92154018
0.92219493
0.92234171
0.92384273
0.92442982
0.92516369
0.92640446
0.92698010
0.92759010
0.92810953
0.92825630
0.92891105
0.92935137
0.92993846
0.93037878
0.93044644
0.93102208
0.93116885
0.93131562
0.93154151
0.93242215
0.93256892
0.93271570
0.93300924
0.93363070
0.93433020
0.93453317
0.93467995
0.93584268
0.93642977
0.93671186
0.93813484
0.93842838
0.93872193
0.93916225
0.93974934
0.94018966
0.94099118
0.94201859
0.94320423
0.94379132
0.94393810
0.94437842
0.94459285
0.94516848
0.94523614
0.94582323
0.94661330
0.94683919
0.94776458
0.94827255
0.94856610
0.94871287
0.94915319
0.94943528
0.94981940
0.95070004
0.95126422
0.95149010
0.95191897
0.95242695
0.95330758
0.95374790
0.95389467
0.95418822
0.95469620
0.95568924
0.95599424
0.95622013
0.95636690
0.95694254
0.95768786
0.95791375
0.95916704
0.96074718
0.96111984
0.96157162
0.96207959
0.96215871
0.96253137
0.96308409
0.96388562
0.96403239
0.96460803
0.96548866
0.96601955
0.96690019
0.96720519
0.96783703
0.96840121
0.96869476
0.96885299
0.96973362
0.97032072
0.97085160
0.97099838
0.97129192
0.97129192
0.97173224
0.97202579
0.97246611
0.97332383
0.97361738
0.97391093
0.97464479
0.97493834
0.97531100
0.97621454
0.97650809
0.97665486
0.97709518
0.97730961
0.97765936
0.97948830
0.97992862
0.98022216
0.98043659
0.98073014
0.98094457
0.98109134
0.98167844
0.98182521
0.98205110
0.98234464
0.98293173
0.98307851
0.98364269
0.98392478
0.98413921
0.98443276
0.98457953
0.98486162
0.98585467
0.98608055
0.98666764
0.98681442
0.98798860
0.98814683
0.98941051
0.99018912
0.99048267
0.99092299
0.99106976
0.99174742
0.99218774
0.99262806
0.99320370
0.99372313
0.99386990
0.99446845
0.99487440
0.99524706
0.99540529
0.99622972
0.99644416
0.99703125
0.99810341
0.99853227
0.99970645
0.99977411
0.22827847
