0.00000000
0.00405281
0.00780459
0.01349345
0.01851497
0.02208136
0.02572933
0.03191573
0.03751561
0.04110627
0.04303030
0.04673520
0.05013874
0.05400706
0.05610214
0.05882268
0.06133994
0.06570383
0.07022254
0.07357812
0.07606383
0.07833783
0.08094334
0.08397388
0.08919179
0.09164499
0.09407364
0.09703123
0.09946021
0.10143338
0.10423664
0.10607185
0.10816672
0.11035186
0.11227650
0.11879055
0.12118670
0.12337159
0.12554053
0.12789507
0.13090176
0.13255014
0.13410076
0.13704070
0.14020225
0.14227270
0.14555635
0.14941751
0.15179706
0.15333985
0.15560664
0.15848294
0.16066729
0.16282042
0.16577066
0.16782558
0.17018168
0.17193606
0.17452002
0.17674582
0.17989101
0.18455235
0.18668870
0.18842685
0.19014868
0.19185420
0.19325915
0.19489982
0.19671048
0.19990494
0.20139142
0.20304021
0.20717026
0.21102355
0.21500710
0.21707050
0.21936230
0.22122243
0.22286315
0.22470709
0.22688510
0.22847695
0.23031298
0.23286453
0.23489583
0.23600791
0.23735571
0.24114474
0.24224882
0.24421499
0.24724697
0.25042513
0.25442582
0.25631883
0.25834029
0.25987533
0.26284235
0.26513414
0.26697841
0.26900206
0.27115568
0.27230870
0.27429939
0.27575344
0.27734600
0.27921519
0.28249279
0.28366234
0.28662973
0.29023303
0.29149152
0.29267709
0.29584836
0.29708304
0.30040765
0.30223589
0.30351902
0.30490823
0.30624066
0.30821541
0.30989678
0.31227843
0.31365928
0.31540644
0.31622627
0.31726563
0.31836193
0.32036147
0.32187274
0.32406748
0.32528559
0.32660992
0.32764932
0.32872897
0.33016712
0.33113348
0.33223798
0.33427040
0.33698603
0.33796038
0.34010646
0.34145501
0.34242961
0.34502317
0.34646140
0.34754954
0.34851566
0.34954711
0.35026950
0.35244001
0.35477395
0.35671644
0.35746342
0.35882025
0.36029943
0.36143643
0.36232188
0.36424064
0.36529660
0.36626313
0.36756318
0.36844010
0.37018752
0.37108891
0.37194153
0.37441331
0.37546141
0.37750265
0.37880229
0.38018384
0.38137035
0.38241824
0.38305140
0.38450582
0.38569247
0.38664288
0.38876491
0.38935761
0.39162625
0.39247928
0.39332394
0.39416070
0.39488346
0.39620000
0.39714205
0.39788113
0.39850625
0.39939158
0.40006564
0.40181343
0.40271520
0.40368967
0.40429852
0.40504572
0.40641041
0.40786574
0.40860486
0.41006777
0.41087984
0.41174095
0.41243108
0.41419539
0.41597560
0.41720253
0.41816164
0.41907935
0.41998111
0.42082540
0.42248416
0.42339425
0.42455659
0.42562087
0.42675853
0.42752237
0.42809892
0.42865112
0.42949628
0.42991851
0.43138958
0.43230778
0.43329944
0.43435569
0.43546912
0.43644438
0.43743563
0.43816638
0.44010236
0.44148374
0.44234472
0.44302702
0.44455647
0.44573446
0.44668516
0.44780651
0.44867585
0.44943944
0.45036604
0.45144709
0.45273937
0.45408878
0.45480355
0.45559972
0.45649353
0.45761521
0.45819184
0.45923158
0.46002779
0.46054741
0.46159559
0.46247255
0.46358578
0.46460228
0.46571576
0.46612188
0.46707287
0.46787749
0.46889263
0.46968913
0.47004631
0.47076903
0.47173622
0.47273657
0.47355779
0.47436204
0.47527995
0.47616561
0.47683959
0.47755432
0.47805787
0.47916328
0.48013874
0.48103301
0.48191891
0.48264163
0.48307202
0.48453509
0.48591725
0.48629075
0.48681881
0.48803837
0.48923300
0.48972856
0.49037058
0.49105334
0.49148364
0.49231302
0.49290601
0.49392956
0.49434445
0.49494577
0.49562828
0.49692871
0.49779805
0.49885488
0.49990334
0.50079728
0.50195158
0.50221957
0.50278006
0.50347892
0.50423456
0.50486006
0.50564074
0.50641302
0.50723388
0.50807067
0.50868826
0.50968000
0.51002906
0.51102912
0.51196388
0.51230512
0.51327197
0.51393067
0.51510920
0.51549097
0.51573449
0.51624624
0.51661182
0.51692047
0.51738423
0.51783929
0.51828591
0.51950542
0.51998488
0.52065099
0.52099264
0.52135814
0.52233303
0.52278793
0.52319430
0.52370588
0.52416877
0.52516039
0.52616004
0.52694888
0.52737930
0.52807063
0.52893969
0.52926465
0.52964638
0.53010981
0.53053224
0.53133699
0.53204447
0.53253212
0.53326320
0.53407573
0.53460359
0.53555364
0.53584593
0.53651200
0.53704810
0.53763318
0.53798237
0.53831545
0.53865710
0.53936441
0.53995798
0.54078715
0.54133989
0.54172987
0.54219342
0.54249391
0.54285928
0.54353372
0.54397251
0.54464712
0.54524019
0.54553302
0.54635338
0.54725539
0.54762138
0.54796249
0.54879962
0.54923890
0.54977525
0.55053101
0.55122971
0.55166035
0.55235164
0.55313253
0.55370142
0.55419731
0.55457904
0.55501000
0.55548122
0.55570059
0.55606597
0.55661908
0.55717199
0.55806572
0.55869158
0.55947968
0.55990265
0.56041490
0.56066674
0.56164208
0.56226016
0.56314586
0.56374737
0.56435693
0.56481199
0.56573835
0.56646189
0.56679497
0.56729074
0.56777011
0.56855837
0.56910271
0.56979359
0.57037026
0.57063030
0.57096358
0.57152424
0.57214157
0.57254823
0.57308507
0.57336163
0.57363790
0.57380054
0.57417469
0.57453249
0.57477654
0.57495550
0.57514246
0.57514246
0.57521566
0.57532137
0.57543520
0.57553284
0.57554911
0.57567930
0.57567930
0.57577693
0.57600475
0.57613494
0.57624880
0.57661468
0.57696415
0.57701289
0.57715926
0.57719176
0.57732998
0.57737064
0.57776906
0.57802930
0.57829758
0.57841956
0.57845211
0.57846838
0.57853347
0.57858229
0.57859856
0.57885881
0.57894825
0.57930596
0.57966388
0.57981845
0.57994855
0.58005422
0.58007050
0.58013550
0.58028188
0.58055028
0.58078621
0.58101391
0.58138761
0.58145270
0.58172926
0.58188383
0.58199770
0.58224171
0.58225798
0.58230680
0.58233934
0.58266480
0.58284380
0.58287635
0.58295771
0.58300653
0.58326690
0.58334011
0.58347000
0.58381169
0.58386862
0.58389301
0.58408820
0.58420998
0.58424245
0.58508777
0.58522603
0.58540486
0.58586009
0.58586009
0.58588448
0.58590075
0.58595769
0.58608783
0.58616919
0.58637254
0.58644571
0.58644571
0.58664094
0.58676289
0.58677916
0.58680355
0.58725898
0.58733215
0.58757575
0.58762452
0.58765707
0.58781135
0.58784390
0.58786829
0.58823416
0.58827482
0.58847784
0.58849411
0.58885986
0.58906321
0.58911203
0.58917712
0.58929103
0.58936415
0.58938854
0.58940482
0.58953492
0.58968949
0.58969760
0.59032289
0.59033917
0.59068852
0.59118474
0.59129037
0.59131475
0.59137165
0.59157491
0.59170493
0.59207076
0.59216020
0.59221705
0.59228215
0.59229842
0.59251808
0.59255063
0.59268893
0.59283522
0.59288395
0.59290023
0.59296532
0.59301414
0.59329877
0.59339636
0.59347773
0.59360791
0.59366472
0.59384356
0.59436355
0.59450176
0.59460748
0.59472139
0.59477020
0.59496523
0.59536385
0.59556708
0.59603862
0.59616872
0.59619307
0.59624189
0.59647741
0.59655050
0.59669695
0.59673757
0.59685144
0.59717669
0.59732311
0.59765643
0.59768894
0.59821733
0.59846109
0.59856677
0.59868871
0.59877819
0.59914390
0.59929847
0.59978612
0.59982674
0.60060660
0.60067977
0.60104543
0.60118352
0.60138663
0.60145979
0.60148418
0.60215891
0.60228905
0.60293893
0.60319930
0.60326439
0.60349213
0.60363858
0.60368728
0.60372790
0.60395539
0.60419108
0.60432929
0.60450825
0.60511793
0.60515048
0.60547556
0.60549184
0.60550811
0.60550811
0.60607700
0.60695462
0.60701971
0.60706845
0.60708472
0.60723097
0.60724724
0.60773527
0.60810950
0.60814205
0.60819086
0.60826407
0.60837798
0.60837798
0.60849189
0.60854874
0.60854874
0.60861379
0.60889002
0.60889002
0.60905267
0.60932086
0.60938591
0.60997037
0.61002731
0.61007613
0.61012495
0.61019004
0.61027943
0.61075061
0.61076688
0.61086443
0.61119772
0.61143357
0.61144984
0.61153932
0.61164504
0.61212404
0.61231082
0.61275019
0.61279085
0.61315660
0.61321349
0.61338417
0.61343299
0.61347357
0.61370098
0.61375779
0.61422097
0.61453790
0.61462738
0.61465992
0.61470874
0.61493631
0.61498513
0.61498513
0.61500141
0.61508273
0.61518033
0.61551332
0.61561084
0.61562711
0.61564338
0.61584665
0.61623707
0.61628589
0.61687073
0.61699259
0.61708207
0.61734223
0.61735034
0.61744798
0.61753734
0.61797604
0.61803298
0.61812246
0.61813873
0.61817128
0.61817128
0.61837454
0.61866741
0.61893536
0.61916260
0.61919515
0.61922769
0.61939030
0.61948794
0.61950421
0.61960185
0.61990259
0.61992693
0.61992693
0.61992693
0.61996755
0.61997567
0.62002445
0.62021148
0.62082070
0.62085325
0.62100782
0.62103221
0.62112972
0.62117854
0.62136558
0.62141436
0.62143063
0.62147129
0.62148756
0.62154446
0.62157696
0.62160951
0.62193459
0.62195087
0.62196714
0.62198341
0.62199968
0.62217860
0.62236568
0.62265822
0.62267445
0.62271511
0.62275577
0.62285333
0.62290215
0.62295097
0.62370623
0.62383633
0.62385261
0.62406415
0.62409670
0.62424299
0.62429177
0.62434054
0.62440555
0.62452746
0.62465747
0.62467375
0.62469002
0.62480389
0.62482016
0.62482016
0.62509639
0.62512893
0.62515332
0.62515332
0.62531597
0.62569783
0.62574652
0.62582776
0.62594167
0.62594979
0.62603927
0.62687573
0.62689201
0.62710355
0.62713606
0.62716045
0.62724181
0.62724181
0.62724181
0.62730682
0.62779418
0.62785103
0.62786726
0.62788350
0.62809496
0.62823314
0.62833077
0.62837959
0.62844464
0.62849346
0.62884290
0.62894045
0.62998031
0.63005343
0.63014287
0.63024051
0.63058998
0.63106906
0.63143461
0.63160516
0.63162143
0.63171895
0.63178404
0.63186528
0.63188155
0.63193033
0.63236113
0.63248315
0.63253197
0.63263773
0.63267839
0.63304401
0.63310910
0.63336922
0.63336922
0.63338549
0.63359675
0.63386482
0.63388110
0.63389737
0.63389737
0.63408424
0.63411674
0.63470969
0.63500232
0.63544107
0.63595286
0.63600975
0.63605033
0.63636709
0.63639964
0.63644846
0.63673301
0.63674928
0.63681425
0.63687934
0.63692000
0.63692000
0.63727784
0.63727784
0.63729411
0.63732666
0.63735920
0.63740802
0.63744868
0.63749750
0.63751377
0.63761141
0.63788768
0.63796904
0.63800159
0.63813177
0.63813989
0.63815616
0.63828634
0.63831889
0.63831889
0.63836767
0.63839206
0.63866013
0.63869267
0.63898517
0.63906654
0.63908281
0.63909908
0.63920479
0.63926173
0.63928612
0.63959472
0.63977352
0.64013103
0.64048059
0.64087838
0.64091093
0.64097602
0.64110620
0.64112248
0.64112248
0.64138235
0.64141489
0.64142301
0.64147990
0.64147990
0.64151245
0.64153680
0.64155307
0.64211347
0.64211347
0.64211347
0.64211347
0.64239786
0.64243036
0.64244663
0.64308840
0.64316149
0.64343804
0.64343804
0.64345432
0.64358429
0.64361684
0.64416892
0.64423401
0.64429910
0.64431538
0.64433165
0.64446179
0.64446991
0.64506306
0.64506306
0.64512807
0.64514435
0.64516062
0.64519316
0.64533134
0.64541262
0.64541262
0.64585170
0.64585170
0.64585170
0.64585170
0.64587605
0.64595733
0.64596544
0.64616867
0.64616867
0.64622556
0.64647748
0.64703014
0.64703014
0.64704642
0.64705453
0.64707080
0.64711143
0.64729838
0.64733092
0.64739593
0.64758280
0.64760715
0.64763150
0.64766400
0.64773717
0.64773717
0.64773717
0.64773717
0.64805414
0.64812735
0.64812735
0.64839550
0.64839550
0.64839550
0.64841177
0.64841177
0.64841177
0.64841177
0.64845239
0.64845239
0.64847674
0.64850924
0.64913433
0.64952442
0.65025559
0.65027994
0.65031248
0.65034503
0.65058051
0.65066179
0.65066179
0.65069434
0.65123068
0.65123068
0.65123068
0.65123068
0.65131196
0.65131196
0.65131196
0.65131196
0.65149080
0.65153962
0.65155585
0.65155585
0.65155585
0.65197882
0.65197882
0.65197882
0.65197882
0.65197882
0.65197882
0.65197882
0.65215762
0.65221443
0.65235260
0.65235260
0.65247451
0.65247451
0.65251513
0.65271011
0.65271011
0.65273450
0.65273450
0.65273450
0.65273450
0.65273450
0.65278332
0.65285653
0.65287280
0.65287280
0.65309205
0.65317321
0.65318944
0.65329503
0.65329503
0.65338443
0.65343312
0.65343312
0.65349813
0.65351440
0.65351440
0.65351440
0.65388773
0.65390400
0.65406653
0.65422102
0.65439174
0.65440801
0.65440801
0.65468440
0.65516406
0.65517218
0.65544844
0.65584653
0.65608214
0.65608214
0.65621224
0.65663459
0.65663459
0.65663459
0.65663459
0.65663459
0.65663459
0.65698407
0.65698407
0.65698407
0.65740667
0.65742294
0.65742294
0.65742294
0.65742294
0.65742294
0.65742294
0.65742294
0.65743921
0.65743921
0.65815382
0.65815382
0.65815382
0.65815382
0.65815382
0.65825949
0.65825949
0.65834884
0.65845456
0.65845456
0.65845456
0.65845456
0.65845456
0.65848710
0.65848710
0.65848710
0.65850337
0.65850337
0.65852772
0.65854399
0.65855211
0.65870656
0.65873910
0.65890982
0.65902365
0.65902365
0.65969801
0.65969801
0.65971428
0.65971428
0.65973055
0.65973055
0.65980368
0.65982807
0.65982807
0.65982807
0.65982807
0.65985246
0.65986057
0.65986869
0.66003928
0.66003928
0.66028325
0.66041327
0.66041327
0.66041327
0.66041327
0.66041327
0.66041327
0.66061646
0.66064900
0.66064900
0.66064900
0.66064900
0.66089285
0.66089285
0.66107988
0.66107988
0.66131545
0.66144555
0.66144555
0.66161627
0.66161627
0.66248623
0.66248623
0.66265678
0.66265678
0.66265678
0.66281127
0.66281127
0.66300630
0.66306311
0.66320108
0.66342853
0.66380235
0.66411912
0.66411912
0.66411912
0.66413539
0.66413539
0.66413539
0.66447679
0.66515906
0.66515906
0.66577660
0.66586600
0.66589854
0.66589854
0.66589854
0.66601241
0.66606931
0.66649199
0.66649199
0.66654081
0.66654081
0.66660577
0.66677637
0.66679260
0.66679260
0.66703637
0.66703637
0.66703637
0.66703637
0.66703637
0.66703637
0.66703637
0.66706076
0.66711761
0.66723939
0.66723939
0.66727189
0.66727189
0.66727189
0.66732870
0.66740174
0.66742609
0.66777540
0.66785668
0.66810844
0.66810844
0.66810844
0.66814906
0.66814906
0.66840094
0.66840094
0.66840094
0.66843348
0.66843348
0.66894503
0.66894503
0.66896130
0.66898569
0.66914026
0.66922142
0.66922142
0.66922142
0.66955471
0.66955471
0.66955471
0.66955471
0.66955471
0.66963595
0.66963595
0.66963595
0.66963595
0.66963595
0.66963595
0.66993673
0.67105679
0.67191711
0.67191711
0.67194966
0.67194966
0.67194966
0.67236394
0.67236394
0.67236394
0.67236394
0.67240456
0.67246965
0.67246965
0.67246965
0.67250215
0.67275411
0.67275411
0.67306313
0.67306313
0.67318491
0.67342060
0.67359124
0.67359124
0.67359124
0.67359124
0.67405434
0.67421686
0.67431450
0.67432261
0.67432261
0.67432261
0.67432261
0.67462352
0.67462352
0.67462352
0.67462352
0.67464790
0.67468045
0.67514346
0.67522483
0.67525737
0.67561488
0.67567985
0.67587508
0.67601334
0.67607023
0.67626543
0.67656584
0.67659838
0.67662273
0.67668766
0.67668766
0.67668766
0.67670393
0.67703713
0.67750027
0.67754909
0.67755720
0.67802067
0.67817508
0.67846729
0.67846729
0.67856493
0.67859747
0.67861374
0.67882513
0.67935323
0.67941828
0.67941828
0.67949956
0.67988142
0.67988142
0.68000345
0.68000345
0.68005222
0.68010908
0.68015785
0.68015785
0.68020655
0.68020655
0.68028771
0.68028771
0.68028771
0.68028771
0.68036907
0.68038534
0.68040162
0.68101928
0.68106810
0.68110065
0.68121439
0.68121439
0.68121439
0.68121439
0.68121439
0.68121439
0.68121439
0.68123067
0.68149087
0.68152333
0.68177505
0.68184001
0.68208378
0.68208378
0.68246584
0.68247395
0.68275039
0.68295341
0.68335977
0.68358718
0.68401819
0.68401819
0.68407512
0.68424584
0.68425396
0.68446522
0.68497709
0.68497709
0.68497709
0.68521294
0.68521294
0.68570084
0.68574150
0.68591222
0.68591222
0.68591222
0.68595289
0.68595289
0.68596100
0.68604237
0.68604237
0.68612373
0.68612373
0.68637565
0.68669246
0.68670057
0.68677378
0.68716400
0.68716400
0.68740776
0.68745658
0.68757037
0.68815533
0.68840708
0.68840708
0.68915481
0.69007260
0.69056021
0.69071465
0.69097473
0.69097473
0.69116980
0.69177103
0.69207169
0.69239661
0.69281909
0.69315208
0.69364744
0.69402929
0.69421629
0.69519991
0.69552483
0.69575211
0.69586590
0.69586590
0.69596345
0.69628850
0.69631285
0.69662183
0.69667056
0.69681689
0.69737742
0.69753179
0.69753179
0.69774317
0.69782453
0.69782453
0.69888149
0.69890584
0.69946653
0.70020606
0.70077491
0.70089689
0.70089689
0.70101871
0.70114061
0.70115689
0.70132761
0.70152251
0.70169336
0.70196163
0.70204279
0.70227868
0.70230303
0.70240046
0.70245736
0.70247363
0.70252245
0.70319639
0.70321266
0.70322894
0.70335080
0.70339962
0.70343216
0.70344843
0.70348098
0.70357862
0.70361112
0.70362739
0.70364367
0.70382255
0.70403385
0.70424523
0.70426150
0.70444038
0.70445665
0.70447292
0.70449731
0.70452170
0.70463557
0.70466812
0.70474948
0.70522893
0.70528583
0.70528583
0.70528583
0.70528583
0.70531021
0.70547270
0.70581373
0.70620378
0.70622005
0.70645578
0.70656137
0.70656137
0.70656137
0.70656949
0.70657760
0.70657760
0.70657760
0.70657760
0.70657760
0.70668336
0.70713834
0.70715461
0.70715461
0.70732533
0.70732533
0.70737411
0.70754483
0.70754483
0.70793488
0.70859288
0.70896662
0.70945386
0.70953514
0.70961638
0.70994126
0.70994938
0.70995750
0.70996561
0.70999812
0.71000623
0.71032300
0.71034734
0.71055045
0.71087537
0.71114373
0.71116811
0.71141983
0.71181820
0.71182632
0.71185071
0.71227327
0.71228138
0.71228950
0.71231389
0.71264738
0.71266361
0.71267173
0.71317536
0.71341093
0.71355722
0.71367100
0.71367912
0.71396359
0.71454838
0.71457277
0.71469455
0.71470266
0.71475947
0.71491396
0.71519023
0.71522278
0.71559676
0.71568616
0.71589758
0.71623890
0.71661305
0.71662933
0.71664560
0.71676750
0.71713337
0.71719842
0.71733664
0.71756421
0.71810023
0.71893657
0.71893657
0.71893657
0.71893657
0.71951317
0.71951317
0.71951317
0.71978935
0.71979747
0.71979747
0.72005742
0.72005742
0.72005742
0.72005742
0.72008181
0.72027708
0.72027708
0.72027708
0.72030143
0.72032578
0.72032578
0.72032578
0.72032578
0.72032578
0.72032578
0.72032578
0.72092734
0.72092734
0.72123615
0.72123615
0.72126054
0.72148000
0.72149623
0.72179697
0.72182943
0.72183755
0.72200839
0.72208976
0.72208976
0.72208976
0.72226052
0.72252884
0.72253695
0.72253695
0.72253695
0.72253695
0.72256946
0.72270743
0.72270743
0.72271554
0.72271554
0.72293483
0.72316216
0.72317027
0.72325971
0.72325971
0.72325971
0.72341420
0.72345482
0.72347110
0.72347110
0.72356865
0.72385336
0.72427613
0.72439816
0.72446325
0.72454461
0.72454461
0.72466651
0.72466651
0.72501619
0.72521946
0.72522758
0.72524385
0.72543896
0.72545523
0.72547150
0.72547150
0.72583688
0.72587754
0.72592632
0.72594259
0.72595071
0.72603191
0.72604814
0.72610495
0.72612122
0.72613750
0.72615377
0.72618632
0.72620259
0.72634089
0.72639778
0.72651153
0.72651153
0.72658465
0.72659277
0.72664966
0.72664966
0.72664966
0.72664966
0.72664966
0.72689346
0.72689346
0.72722671
0.72755999
0.72755999
0.72781191
0.72781191
0.72781191
0.72781191
0.72781191
0.72781191
0.72781191
0.72781191
0.72782003
0.72790947
0.72857550
0.72858362
0.72858362
0.72858362
0.72858362
0.72858362
0.72858362
0.72859173
0.72882738
0.72884365
0.72884365
0.72884365
0.72884365
0.72884365
0.72884365
0.72884365
0.72885177
0.72887612
0.72887612
0.72887612
0.72893293
0.72893293
0.72893293
0.72893293
0.72918464
0.72922522
0.72922522
0.72976169
0.73001373
0.73002185
0.73002185
0.73024131
0.73024131
0.73024131
0.73024131
0.73083434
0.73083434
0.73112667
0.73112667
0.73137056
0.73137056
0.73137056
0.73137056
0.73137056
0.73187403
0.73187403
0.73238570
0.73238570
0.73238570
0.73238570
0.73238570
0.73238570
0.73238570
0.73238570
0.73286474
0.73292167
0.73307591
0.73340125
0.73345007
0.73346634
0.73346634
0.73348261
0.73353139
0.73358017
0.73387300
0.73387300
0.73402753
0.73404376
0.73417382
0.73419009
0.73419009
0.73419009
0.73419009
0.73424703
0.73427957
0.73432839
0.73436905
0.73440156
0.73445037
0.73445037
0.73448292
0.73451547
0.73454801
0.73454801
0.73456428
0.73458056
0.73458056
0.73458056
0.73458056
0.73458867
0.73471070
0.73472697
0.73472697
0.73472697
0.73472697
0.73479198
0.73479198
0.73479198
0.73479198
0.73479198
0.73479198
0.73479198
0.73499516
0.73503583
0.73514158
0.73515785
0.73517413
0.73528804
0.73534497
0.73558074
0.73574314
0.73574314
0.73620620
0.73620620
0.73620620
0.73622247
0.73626313
0.73647459
0.73706726
0.73708353
0.73708353
0.73713222
0.73782318
0.73782318
0.73782318
0.73783945
0.73785573
0.73862768
0.73886341
0.73886341
0.73886341
0.73886341
0.73886341
0.73886341
0.73886341
0.73937528
0.73937528
0.73958642
0.73958642
0.73958642
0.74036624
0.74047994
0.74047994
0.74067505
0.74067505
0.74074010
0.74160108
0.74160108
0.74160108
0.74160108
0.74160108
0.74160920
0.74195830
0.74217763
0.74217763
0.74217763
0.74217763
0.74217763
0.74238906
0.74238906
0.74238906
0.74238906
0.74238906
0.74238906
0.74238906
0.74238906
0.74238906
0.74257605
0.74268172
0.74316896
0.74357520
0.74388381
0.74393259
0.74424153
0.74432285
0.74455850
0.74475361
0.74513542
0.74533053
0.74555802
0.74585077
0.74606203
0.74609457
0.74612712
0.74650086
0.74665514
0.74732134
0.74763811
0.74777632
0.74777632
0.74777632
0.74777632
0.74779259
0.74779259
0.74784141
0.74784141
0.74786576
0.74788199
0.74793069
0.74793069
0.74797127
0.74798750
0.74798750
0.74798750
0.74803628
0.74817424
0.74823929
0.74823929
0.74823929
0.74823929
0.74859693
0.74859693
0.74861316
0.74861316
0.74861316
0.74862943
0.74862943
0.74890566
0.74890566
0.74893005
0.74893005
0.74893005
0.74893005
0.74894632
0.74894632
0.74897067
0.74908441
0.74908441
0.74914131
0.74914131
0.74915754
0.74918188
0.74918188
0.74918188
0.74933609
0.74933609
0.74933609
0.74933609
0.74936855
0.74940105
0.74940105
0.74940105
0.74994572
0.75035996
0.75049801
0.75088019
0.75122971
0.75179053
0.75229474
0.75249780
0.75258711
0.75302632
0.75343273
0.75385524
0.75407458
0.75448919
0.75497626
0.75542325
0.75563434
0.75578051
0.75590233
0.75660124
0.75674761
0.75691833
0.75727600
0.75749559
0.75764188
0.75782895
0.75818654
0.75833279
0.75858467
0.75887742
0.75893435
0.75901559
0.75939766
0.75972291
0.75984489
0.75992605
0.76018613
0.76035685
0.76047059
0.76060881
0.76082019
0.76136465
0.76170618
0.76195011
0.76224273
0.76262446
0.76294139
0.76329107
0.76365666
0.76381926
0.76403884
0.76437200
0.76461585
0.76485982
0.76509534
0.76517654
0.76540407
0.76545285
0.76556659
0.76557471
0.76565591
0.76581851
0.76590783
0.76611110
0.76640372
0.76648500
0.76676115
0.76680181
0.76690740
0.76701298
0.76724871
0.76735430
0.76771156
0.76793918
0.76802858
0.76803669
0.76841051
0.76866256
0.76875191
0.76897137
0.76909327
0.76941041
0.76946726
0.77006013
0.77029594
0.77052368
0.77081626
0.77101125
0.77123894
0.77193748
0.77249047
0.77273423
0.77300271
0.77386472
0.77401909
0.77415726
0.77424658
0.77444157
0.77505161
0.77524664
0.77561268
0.77579159
0.77588091
0.77618177
0.77635258
0.77666946
0.77698656
0.77744974
0.77758779
0.77769338
0.77819718
0.77862781
0.77894495
0.77922925
0.77933500
0.77957069
0.78000956
0.78024517
0.78044007
0.78069216
0.78076532
0.78112308
0.78136701
0.78163503
0.78186261
0.78200062
0.78265042
0.78275601
0.78326846
0.78348796
0.78352858
0.78375611
0.78391047
0.78425163
0.78464992
0.78486934
0.78499120
0.78508055
0.78517807
0.78549529
0.78582037
0.78597490
0.78631639
0.78638148
0.78641398
0.78677989
0.78694246
0.78741429
0.78755251
0.78764190
0.78769072
0.78780451
0.78817870
0.78857691
0.78867439
0.78888564
0.78899127
0.78899127
0.78899127
0.78930009
0.78930009
0.78934075
0.78934075
0.78939768
0.78946273
0.78946273
0.78946273
0.78946273
0.78949520
0.78949520
0.78949520
0.78949520
0.78949520
0.78958468
0.78990152
0.78990152
0.78990152
0.78990964
0.78996657
0.78996657
0.78996657
0.78996657
0.78996657
0.79005601
0.79005601
0.79005601
0.79005601
0.79005601
0.79005601
0.79005601
0.79005601
0.79005601
0.79005601
0.79023477
0.79023477
0.79023477
0.79023477
0.79023477
0.79023477
0.79023477
0.79023477
0.79023477
0.79023477
0.79023477
0.79054350
0.79054350
0.79057604
0.79067364
0.79072246
0.79090138
0.79098270
0.79112092
0.79136460
0.79199026
0.79202276
0.79208785
0.79252669
0.79258358
0.79272188
0.79302237
0.79303864
0.79325802
0.79346940
0.79424160
0.79433100
0.79451799
0.79459120
0.79461559
0.79468059
0.79491628
0.79542828
0.79590761
0.79608649
0.79670374
0.79680118
0.79693935
0.79704510
0.79711019
0.79714274
0.79715901
0.79743516
0.79789043
0.79790670
0.79820760
0.79838656
0.79840284
0.79845977
0.79870353
0.79881744
0.79893947
0.79927267
0.79947602
0.79949229
0.79993924
0.80016698
0.80067898
0.80084970
0.80094734
0.80097984
0.80142683
0.80153238
0.80156492
0.80181701
0.80184951
0.80186578
0.80210942
0.80212570
0.80231277
0.80291392
0.80350687
0.80365324
0.80366952
0.80368579
0.80380769
0.80382396
0.80412442
0.80435186
0.80457931
0.80480680
0.80513164
0.80554588
0.80606562
0.80625249
0.80667472
0.80686155
0.80690213
0.80715372
0.80761661
0.80765719
0.80803896
0.80827436
0.80849362
0.80900508
0.80907005
0.80924060
0.80951675
0.80975215
0.81005293
0.81051557
0.81081602
0.81084041
0.81105962
0.81140102
0.81141725
0.81207513
0.81241607
0.81276547
0.81278981
0.81304977
0.81322848
0.81323660
0.81346384
0.81359386
0.81365075
0.81411401
0.81413025
0.81433322
0.81435757
0.81454452
0.81488555
0.81514563
0.81528376
0.81568177
0.81632350
0.81680278
0.81682713
0.81719296
0.81755846
0.81773730
0.81798106
0.81798918
0.81800541
0.81802164
0.81841981
0.81879335
0.81902895
0.81961440
0.81974434
0.82017485
0.82028044
0.82043468
0.82063786
0.82101964
0.82131206
0.82133640
0.82196989
0.82254657
0.82270089
0.82300929
0.82301741
0.82318797
0.82321231
0.82370791
0.82392725
0.82394348
0.82434956
0.82447134
0.82481241
0.82488553
0.82504801
0.82546209
0.82577078
0.82617682
0.82632319
0.82635569
0.82649383
0.82656699
0.82676206
0.82708707
0.82719265
0.82770432
0.82799666
0.82812672
0.82826497
0.82839499
0.82851685
0.82893113
0.82925634
0.82932131
0.82969517
0.82974387
0.83017458
0.83026402
0.83097063
0.83123879
0.83157170
0.83185608
0.83214863
0.83235980
0.83289582
0.83365982
0.83367605
0.83393592
0.83411463
0.83426892
0.83453699
0.83465073
0.83475628
0.83492688
0.83504054
0.83504865
0.83567423
0.83570670
0.83626714
0.83651910
0.83671417
0.83689284
0.83700659
0.83714472
0.83740468
0.83746149
0.83751834
0.83765635
0.83810309
0.83825733
0.83848486
0.83872035
0.83872846
0.83906990
0.83945197
0.83959014
0.83964695
0.83980140
0.84010206
0.84059758
0.84069497
0.84075993
0.84126353
0.84128792
0.84129603
0.84145023
0.84167781
0.84179971
0.84206778
0.84242549
0.84270168
0.84325364
0.84344862
0.84413884
0.84444765
0.84445577
0.84461817
0.84526801
0.84545484
0.84548730
0.84552792
0.84559289
0.84566601
0.84586916
0.84591785
0.84625925
0.84671444
0.84704735
0.84720176
0.84734805
0.84737240
0.84755111
0.84776221
0.84785160
0.84811156
0.84841246
0.84856687
0.84861556
0.84882690
0.84905435
0.84918437
0.84924118
0.84943621
0.85004584
0.85028153
0.85050923
0.85067979
0.85092363
0.85096421
0.85115911
0.85141940
0.85144374
0.85179351
0.85190729
0.85211855
0.85214290
0.85215102
0.85228108
0.85232985
0.85260620
0.85265490
0.85316632
0.85367856
0.85368668
0.85398750
0.85460463
0.85470207
0.85511639
0.85527891
0.85575803
0.85607492
0.85637545
0.85656232
0.85666787
0.85667598
0.85668410
0.85669222
0.85677350
0.85712297
0.85731796
0.85754545
0.85767551
0.85774859
0.85795981
0.85807355
0.85834982
0.85865064
0.85894306
0.85925155
0.85925966
0.85943018
0.85961688
0.86000685
0.86005555
0.86027513
0.86063247
0.86073823
0.86080315
0.86105503
0.86120940
0.86137204
0.86144513
0.86151833
0.86153457
0.86158326
0.86177017
0.86182706
0.86191646
0.86192458
0.86193269
0.86203836
0.86209526
0.86237132
0.86285028
0.86298038
0.86324058
0.86368749
0.86386640
0.86452453
0.86484146
0.86487396
0.86497156
0.86509358
0.86543498
0.86548372
0.86571941
0.86615012
0.86627199
0.86630453
0.86630453
0.86630453
0.86630453
0.86630453
0.86633704
0.86635331
0.86636958
0.86636958
0.86636958
0.86636958
0.86636958
0.86636958
0.86636958
0.86636958
0.86636958
0.86636958
0.86641840
0.86641840
0.86641840
0.86672713
0.86686514
0.86692199
0.86692199
0.86692199
0.86692199
0.86692199
0.86692199
0.86692199
0.86702771
0.86702771
0.86706021
0.86721478
0.86723105
0.86723105
0.86732861
0.86739358
0.86788906
0.86801092
0.86815721
0.86815721
0.86818975
0.86862034
0.86862034
0.86877483
0.86886431
0.86886431
0.86906762
0.86910017
0.86910017
0.86914895
0.86914895
0.86914895
0.86915706
0.86925470
0.86931155
0.86956343
0.86956343
0.86960409
0.86960409
0.86960409
0.86969357
0.86990483
0.86990483
0.86990483
0.87012441
0.87026263
0.87026263
0.87031145
0.87031145
0.87031145
0.87031145
0.87031145
0.87031145
0.87032768
0.87049815
0.87066088
0.87066088
0.87073409
0.87073409
0.87075036
0.87093748
0.87096187
0.87099437
0.87101064
0.87101064
0.87105946
0.87105946
0.87105946
0.87105946
0.87105946
0.87105946
0.87105946
0.87105946
0.87106758
0.87106758
0.87108385
0.87108385
0.87136828
0.87136828
0.87136828
0.87156326
0.87156326
0.87156326
0.87156326
0.87157949
0.87185572
0.87205087
0.87248921
0.87248921
0.87286295
0.87301723
0.87302535
0.87308224
0.87309036
0.87310663
0.87321234
0.87324489
0.87324489
0.87326116
0.87331809
0.87361092
0.87365974
0.87370856
0.87375738
0.87380620
0.87385502
0.87385502
0.87403373
0.87413132
0.87414760
0.87415571
0.87415571
0.87423708
0.87423708
0.87423708
0.87423708
0.87423708
0.87423708
0.87423708
0.87450531
0.87452966
0.87452966
0.87453777
0.87453777
0.87453777
0.87453777
0.87453777
0.87457028
0.87464336
0.87464336
0.87464336
0.87464336
0.87474088
0.87480593
0.87480593
0.87480593
0.87480593
0.87480593
0.87480593
0.87480593
0.87480593
0.87495226
0.87495226
0.87495226
0.87495226
0.87495226
0.87495226
0.87495226
0.87495226
0.87495226
0.87495226
0.87495226
0.87495226
0.87509871
0.87509871
0.87509871
0.87509871
0.87509871
0.87509871
0.87509871
0.87509871
0.87526140
0.87526140
0.87526140
0.87545643
0.87545643
0.87545643
0.87545643
0.87547266
0.87547266
0.87547266
0.87547266
0.87547266
0.87555390
0.87567580
0.87581406
0.87581406
0.87598474
0.87598474
0.87598474
0.87598474
0.87598474
0.87604975
0.87604975
0.87607414
0.87607414
0.87609853
0.87617985
0.87617985
0.87617985
0.87617985
0.87621236
0.87623674
0.87623674
0.87656158
0.87656158
0.87656158
0.87656158
0.87704079
0.87704079
0.87704079
0.87704079
0.87707333
0.87707333
0.87707333
0.87707333
0.87707333
0.87707333
0.87730906
0.87730906
0.87730906
0.87730906
0.87765866
0.87773990
0.87773990
0.87773990
0.87773990
0.87773990
0.87773990
0.87773990
0.87773990
0.87773990
0.87773990
0.87773990
0.87773990
0.87773990
0.87773990
0.87773990
0.87773990
0.87773990
0.87789423
0.87804052
0.87813807
0.87813807
0.87813807
0.87813807
0.87813807
0.87814619
0.87814619
0.87814619
0.87814619
0.87814619
0.87814619
0.87830072
0.87830072
0.87830072
0.87832511
0.87832511
0.87847136
0.87852018
0.87852829
0.87852829
0.87852829
0.87852829
0.87852829
0.87852829
0.87852829
0.87873160
0.87873160
0.87873160
0.87942227
0.87942227
0.87942227
0.87942227
0.87942227
0.87942227
0.87942227
0.87942227
0.87943850
0.87943850
0.87943850
0.87945477
0.87950359
0.87950359
0.87950359
0.87959291
0.87959291
0.87984466
0.87986094
0.87987721
0.87995845
0.87997472
0.88034850
0.88038105
0.88039732
0.88039732
0.88041360
0.88044614
0.88049496
0.88049496
0.88049496
0.88049496
0.88049496
0.88049496
0.88049496
0.88063322
0.88063322
0.88063322
0.88063322
0.88086091
0.88086091
0.88144591
0.88184445
0.88184445
0.88189327
0.88199070
0.88199070
0.88199070
0.88199070
0.88199070
0.88199070
0.88199070
0.88199070
0.88199070
0.88199070
0.88219389
0.88219389
0.88220200
0.88220200
0.88220200
0.88229144
0.88229144
0.88235645
0.88235645
0.88235645
0.88235645
0.88235645
0.88268133
0.88281143
0.88281143
0.88295781
0.88295781
0.88295781
0.88295781
0.88295781
0.88295781
0.88295781
0.88295781
0.88295781
0.88299847
0.88299847
0.88301474
0.88303101
0.88313656
0.88313656
0.88315283
0.88315283
0.88347804
0.88348616
0.88349427
0.88371369
0.88391692
0.88402263
0.88409579
0.88410391
0.88424204
0.88425016
0.88425828
0.88426639
0.88429078
0.88429890
0.88470502
0.88481889
0.88554194
0.88560699
0.88561510
0.88562322
0.88574516
0.88575328
0.88599704
0.88639517
0.88663102
0.88680998
0.88682621
0.88683433
0.88684245
0.88685056
0.88700497
0.88701308
0.88707809
0.88714314
0.88746790
0.88785796
0.88786607
0.88789042
0.88797982
0.88857293
0.88858105
0.88870295
0.88871106
0.88880055
0.88906042
0.88906853
0.88936948
0.88937759
0.88938571
0.88939382
0.88941821
0.88946695
0.88947507
0.88949130
0.88954007
0.88970264
0.88971075
0.88971887
0.88989762
0.88990574
0.88991386
0.89003572
0.89024702
0.89025513
0.89030391
0.89049078
0.89065343
0.89079963
0.89102721
0.89103532
0.89104344
0.89124666
0.89126290
0.89139300
0.89152302
0.89157987
0.89182380
0.89188073
0.89188885
0.89206772
0.89207584
0.89217331
0.89243351
0.89249848
0.89253098
0.89253910
0.89276671
0.89277483
0.89278295
0.89279106
0.89293735
0.89294547
0.89295358
0.89325428
0.89338430
0.89339242
0.89350612
0.89351424
0.89357929
0.89379063
0.89379874
0.89380686
0.89381498
0.89397746
0.89404255
0.89426213
0.89427024
0.89427836
0.89439219
0.89439219
0.89442473
0.89444101
0.89445728
0.89457922
0.89477446
0.89489644
0.89509971
0.89511594
0.89513217
0.89525420
0.89525420
0.89534355
0.89534355
0.89534355
0.89534355
0.89544115
0.89562011
0.89565266
0.89631857
0.89639169
0.89667603
0.89687901
0.89713880
0.89767490
0.89804897
0.89817095
0.89830105
0.89861806
0.89883769
0.89900837
0.89907342
0.89919524
0.89982073
0.89986139
0.89990205
0.90000777
0.90018644
0.90073893
0.90121847
0.90168960
0.90207116
0.90258296
0.90294034
0.90350161
0.90368032
0.90417609
0.90461435
0.90493956
0.90538626
0.90568671
0.90602811
0.90653145
0.90705943
0.90708382
0.90726262
0.90729508
0.90746568
0.90753073
0.90761201
0.90772567
0.90814024
0.90839220
0.90848168
0.90849791
0.90857920
0.90869294
0.90891240
0.90912370
0.90917248
0.90922937
0.90926187
0.90931057
0.90934307
0.90946502
0.90959520
0.90976571
0.90993648
0.91028575
0.91065924
0.91084631
0.91154498
0.91160999
0.91166688
0.91185387
0.91234144
0.91252839
0.91287779
0.91325964
0.91352771
0.91426675
0.91431552
0.91455125
0.91473821
0.91486015
0.91515261
0.91563997
0.91603002
0.91612758
0.91648484
0.91662306
0.91663117
0.91681792
0.91723236
0.91764664
0.91784179
0.91794746
0.91795558
0.91824017
0.91852467
0.91875225
0.91905303
0.91943488
0.91953248
0.91964626
0.92001177
0.92038575
0.92054823
0.92089750
0.92104371
0.92132830
0.92136896
0.92184866
0.92201127
0.92211702
0.92247478
0.92262922
0.92283233
0.92301112
0.92311671
0.92339310
0.92374245
0.92394560
0.92416501
0.92426248
0.92432745
0.92482297
0.92506686
0.92515621
0.92541625
0.92568444
0.92585521
0.92594464
0.92629416
0.92656256
0.92697709
0.92727799
0.92760328
0.92762767
0.92781462
0.92800170
0.92819677
0.92880599
0.92887100
0.92910677
0.92935881
0.92963529
0.92982212
0.93016376
0.93035887
0.93043204
0.93059452
0.93097605
0.93143082
0.93226782
0.93253577
0.93272285
0.93318582
0.93355948
0.93392498
0.93400618
0.93412804
0.93420932
0.93425806
0.93439619
0.93455068
0.93464823
0.93472140
0.93509535
0.93529865
0.93543691
0.93617648
0.93629830
0.93633896
0.93644459
0.93668032
0.93680227
0.93707034
0.93746089
0.93759894
0.93774523
0.93796489
0.93800551
0.93805429
0.93815996
0.93836318
0.93855813
0.93901290
0.93913477
0.93980912
0.94010146
0.94022348
0.94051619
0.94087398
0.94093092
0.94111795
0.94117480
0.94125613
0.94132110
0.94141873
0.94149182
0.94180055
0.94187376
0.94201992
0.94226389
0.94235329
0.94240211
0.94258094
0.94289783
0.94302797
0.94315000
0.94325571
0.94349152
0.94357281
0.94371078
0.94397081
0.94418207
0.94440981
0.94450732
0.94458860
0.94466989
0.94496218
0.94514097
0.94517348
0.94530354
0.94549844
0.94570138
0.94577459
0.94595346
0.94603479
0.94614050
0.94626248
0.94661987
0.94668496
0.94676620
0.94683928
0.94713195
0.94731898
0.94754680
0.94766063
0.94783934
0.94788812
0.94808315
0.94844902
0.94854658
0.94861970
0.94866844
0.94877394
0.94890396
0.94903398
0.94922909
0.94961099
0.94990340
0.95003354
0.95019598
0.95036662
0.95043983
0.95055370
0.95110689
0.95150482
0.95169997
0.95183818
0.95198447
0.95215520
0.95225263
0.95246401
0.95274024
0.95290280
0.95304917
0.95319559
0.95329314
0.95334999
0.95348821
0.95371582
0.95379719
0.95397607
0.95400857
0.95428500
0.95439067
0.95462640
0.95474839
0.95486218
0.95500039
0.95526883
0.95539065
0.95550452
0.95555330
0.95586207
0.95591085
0.95611420
0.95618736
0.95642313
0.95658574
0.95670756
0.95673191
0.95692693
0.95703265
0.95718713
0.95727661
0.95739860
0.95750431
0.95760170
0.95778874
0.95790260
0.95802447
0.95813825
0.95821146
0.95833336
0.95848777
0.95852839
0.95858524
0.95874797
0.95898353
0.95914610
0.95941437
0.95953636
0.95982099
0.95995101
0.96004045
0.96005672
0.96022748
0.96052834
0.96060155
0.96067476
0.96086167
0.96087790
0.96102415
0.96144675
0.96173105
0.96186119
0.96212127
0.96222690
0.96234069
0.96249522
0.96256830
0.96271455
0.96284465
0.96287712
0.96302345
0.96308854
0.96317802
0.96338129
0.96342195
0.96363345
0.96365784
0.96382045
0.96392608
0.96395046
0.96402367
0.96408864
0.96422673
0.96437311
0.96448702
0.96472279
0.96481218
0.96486096
0.96487724
0.96498295
0.96519441
0.96522688
0.96533263
0.96539764
0.96546269
0.96563337
0.96570649
0.96576334
0.96594230
0.96605609
0.96613741
0.96618615
0.96647078
0.96662527
0.96672287
0.96677976
0.96690986
0.96698303
0.96716990
0.96721867
0.96731610
0.96742989
0.96769013
0.96791791
0.96825944
0.96838945
0.96851144
0.96860088
0.96873905
0.96881226
0.96886911
0.96887723
0.96895843
0.96907234
0.96909673
0.96924289
0.96938119
0.96945440
0.96954376
0.96959249
0.96964127
0.96968189
0.96977129
0.96988499
0.97003948
0.97006387
0.97016954
0.97025086
0.97040527
0.97042962
0.97061636
0.97064883
0.97072191
0.97081131
0.97086005
0.97092510
0.97103892
0.97119316
0.97122567
0.97132331
0.97138024
0.97142082
0.97150214
0.97159970
0.97164852
0.97189253
0.97194942
0.97210387
0.97212010
0.97224192
0.97239649
0.97242895
0.97252651
0.97267268
0.97270518
0.97273769
0.97281901
0.97292468
0.97300588
0.97312782
0.97350136
0.97358268
0.97361514
0.97374528
0.97386731
0.97405426
0.97411112
0.97422503
0.97431438
0.97442825
0.97447699
0.97456634
0.97461508
0.97463131
0.97471263
0.97478584
0.97482650
0.97492406
0.97504608
0.97508670
0.97515991
0.97518430
0.97537949
0.97547705
0.97552578
0.97559883
0.97591571
0.97600507
0.97629745
0.97643566
0.97664688
0.97673628
0.97679309
0.97692315
0.97699627
0.97717494
0.97729689
0.97738620
0.97744306
0.97758123
0.97791464
0.97802027
0.97810155
0.97816656
0.97825596
0.97841856
0.97850800
0.97866253
0.97874381
0.97888211
0.97902849
0.97917494
0.97936993
0.97942682
0.97952425
0.97967071
0.97975207
0.97990648
0.98000395
0.98010146
0.98024792
0.98032109
0.98045115
0.98049172
0.98054854
0.98067035
0.98072721
0.98099557
0.98103614
0.98115005
0.98123949
0.98140206
0.98161356
0.98169484
0.98176797
0.98192250
0.98199563
0.98206875
0.98217450
0.98228017
0.98234522
0.98244286
0.98260547
0.98284111
0.98298724
0.98314156
0.98327978
0.98335299
0.98338545
0.98341796
0.98353178
0.98358052
0.98362110
0.98368611
0.98375923
0.98382424
0.98401115
0.98413305
0.98417372
0.98420618
0.98423868
0.98430369
0.98432804
0.98440125
0.98449073
0.98458013
0.98466141
0.98468580
0.98476712
0.98493784
0.98515750
0.98522251
0.98527133
0.98535261
0.98547447
0.98563696
0.98566130
0.98580739
0.98585617
0.98594565
0.98605956
0.98610018
0.98612452
0.98617334
0.98623839
0.98629529
0.98638464
0.98648228
0.98657983
0.98673428
0.98686434
0.98693751
0.98700256
0.98710011
0.98718955
0.98723013
0.98723825
0.98733576
0.98741708
0.98744963
0.98754722
0.98758784
0.98762851
0.98770167
0.98770979
0.98777480
0.98784796
0.98800254
0.98801877
0.98811632
0.98823023
0.98828708
0.98832775
0.98839280
0.98850666
0.98861229
0.98869366
0.98877494
0.98885630
0.98896206
0.98909216
0.98918975
0.98922226
0.98925476
0.98928723
0.98936843
0.98945786
0.98953107
0.98961231
0.98972602
0.98979103
0.98991297
0.98994543
0.99003487
0.99009168
0.99019731
0.99027851
0.99030286
0.99031913
0.99036787
0.99043296
0.99052236
0.99058737
0.99062803
0.99077436
0.99079063
0.99088011
0.99094520
0.99100214
0.99203293
0.99208987
0.99212237
0.99217926
0.99226059
0.99228497
0.99234994
0.99244758
0.99254518
0.99260203
0.99261014
0.99263453
0.99269946
0.99274824
0.99287817
0.99300016
0.99308960
0.99313833
0.99317088
0.99321150
0.99326843
0.99331721
0.99335787
0.99347174
0.99356118
0.99369948
0.99374010
0.99380515
0.99386204
0.99394336
0.99401657
0.99405723
0.99411417
0.99421176
0.99428497
0.99433379
0.99435818
0.99439880
0.99443134
0.99447201
0.99458588
0.99467536
0.99488661
0.99491100
0.99499233
0.99504110
0.99511427
0.99515493
0.99522002
0.99527692
0.99531758
0.99535012
0.99538267
0.99544772
0.99550465
0.99552088
0.99558594
0.99561848
0.99565099
0.99572419
0.99574047
0.99578924
0.99584614
0.99589491
0.99596000
0.99597624
0.99601686
0.99607379
0.99609006
0.99613888
0.99617143
0.99619582
0.99623648
0.99626087
0.99630153
0.99631780
0.99636658
0.99637470
0.99638281
0.99654517
0.99656956
0.99662649
0.99665904
0.99671593
0.99678914
0.99686235
0.99689489
0.99691116
0.99693555
0.99696810
0.99697621
0.99700868
0.99702495
0.99703307
0.99706553
0.99708992
0.99710615
0.99726052
0.99730114
0.99734180
0.99746353
0.99751231
0.99773185
0.99774812
0.99776436
0.99778059
0.99780498
0.99782121
0.99784560
0.99787814
0.99801611
0.99808116
0.99811371
0.99817056
0.99820302
0.99824368
0.99835751
0.99836563
0.99841441
0.99855254
0.99857693
0.99859320
0.99862575
0.99863386
0.99873957
0.99876396
0.99878831
0.99879643
0.99882077
0.99883705
0.99890206
0.99894268
0.99896702
0.99898330
0.99899957
0.99900768
0.99906462
0.99907274
0.99908901
0.99910528
0.99911340
0.99912967
0.99914594
0.99915406
0.99919464
0.99919464
0.99919464
0.99919464
0.99921091
0.99923530
0.99928412
0.99929223
0.99930847
0.99930847
0.99930847
0.99930847
0.99932474
0.99932474
0.99932474
0.99932474
0.99932474
0.99932474
0.99932474
0.99932474
0.99932474
0.99932474
0.99932474
0.99932474
0.99932474
0.99932474
0.99932474
0.99932474
0.99932474
0.99932474
0.99932474
0.99932474
0.99932474
0.99932474
0.99932474
0.99932474
0.99932474
0.99934101
0.99934101
0.99934101
0.99934101
0.99934101
0.99934101
0.99934101
0.99934101
0.99934101
0.99934101
0.99934101
0.99934101
0.99934101
0.99934101
0.99934101
0.99934101
0.99934101
0.99934101
0.99934101
0.99934101
0.99934101
0.99934101
0.99934913
0.99943049
0.99944676
0.99946304
0.99951186
0.99952813
0.99952813
0.99952813
0.99952813
0.99952813
0.99952813
0.99952813
0.99952813
0.99952813
0.99952813
0.99952813
0.99952813
0.99952813
0.99952813
0.99952813
0.99952813
0.99954440
0.99954440
0.99954440
0.99954440
0.99954440
0.99954440
0.99954440
0.99954440
0.99954440
0.99954440
0.99954440
0.99954440
0.99954440
0.99954440
0.99954440
0.99954440
0.99954440
0.99956067
0.99956067
0.99956067
0.99956067
0.99956067
0.99956067
0.99957695
0.99957695
0.99957695
0.99957695
0.99957695
0.99959322
0.99960949
0.99962577
0.99962577
0.99964204
0.99964204
0.99964204
0.99964204
0.99964204
0.99964204
0.99964204
0.99964204
0.99964204
0.99964204
0.99964204
0.99964204
0.99964204
0.99964204
0.99964204
0.99964204
0.99964204
0.99966643
0.99966643
0.99966643
0.99966643
0.99967454
0.99967454
0.99967454
0.99967454
0.99967454
0.99967454
0.99967454
0.99967454
0.99967454
0.99967454
0.99967454
0.99967454
0.99967454
0.99967454
0.99967454
0.99967454
0.99967454
0.99967454
0.99967454
0.99967454
0.99967454
0.99967454
0.99967454
0.99967454
0.99967454
0.99967454
0.99967454
0.99967454
0.99967454
0.99967454
0.99967454
0.99967454
0.99967454
0.99967454
0.99967454
0.99967454
0.99967454
0.99967454
0.99967454
0.99967454
0.99967454
0.99967454
0.99967454
0.99967454
0.99967454
0.99967454
0.99967454
0.99967454
0.99967454
0.99967454
0.99967454
0.99967454
0.99967454
0.99967454
0.99967454
0.99967454
0.99967454
0.99967454
0.99967454
0.99967454
0.99967454
0.99967454
0.99967454
0.99967454
0.99967454
0.99967454
0.99967454
0.99967454
0.99967454
0.99967454
0.99967454
0.99967454
0.99967454
0.99967454
0.99967454
0.99967454
0.99967454
0.99967454
0.99967454
0.99967454
0.99967454
0.99967454
0.99967454
0.99967454
0.99967454
0.99967454
0.99967454
0.99967454
0.99967454
0.99967454
0.99967454
0.99967454
0.99967454
0.99967454
0.99967454
0.99967454
0.99967454
0.99967454
0.99967454
0.99967454
0.99967454
0.99967454
0.99967454
0.99967454
0.99967454
0.99967454
0.99967454
0.99967454
0.99967454
0.99967454
0.99967454
0.99967454
0.99967454
0.99967454
0.99967454
0.99967454
0.99967454
0.99967454
0.99967454
0.99967454
0.99967454
0.99967454
0.99967454
0.99967454
0.99967454
0.99967454
0.99967454
0.99967454
0.99967454
0.99967454
0.99967454
0.99967454
0.99967454
0.99967454
0.99967454
0.99967454
0.99967454
0.99967454
0.99967454
0.99967454
0.99967454
0.99967454
0.99967454
0.99967454
0.99967454
0.99967454
0.99967454
0.99967454
0.99967454
0.99967454
0.99967454
0.99967454
0.99967454
0.99967454
0.99967454
0.99967454
0.99967454
0.99967454
0.99967454
0.99967454
0.99967454
0.99967454
0.99967454
0.99967454
0.99967454
0.99967454
0.99967454
0.99967454
0.99967454
0.99967454
0.99967454
0.99967454
0.99967454
0.99967454
0.99967454
0.99967454
0.99967454
0.99967454
0.99967454
0.99967454
0.99967454
0.99967454
0.99967454
0.99967454
0.99967454
0.99967454
0.99967454
0.99967454
0.99967454
0.99967454
0.99967454
0.99967454
0.99967454
0.99967454
0.99967454
0.99967454
0.99967454
0.99967454
0.99967454
0.99967454
0.99967454
0.99967454
0.99967454
0.99967454
0.99967454
0.99967454
0.99967454
0.99967454
0.99967454
0.99967454
0.99967454
0.99967454
0.99967454
0.99967454
0.99967454
0.99967454
0.99967454
0.99967454
0.99967454
0.99967454
0.99967454
0.99967454
0.99967454
0.99967454
0.99967454
0.99967454
0.99967454
0.99967454
0.99967454
0.99967454
0.99967454
0.99967454
0.99967454
0.99967454
0.99967454
0.99967454
0.99967454
0.99967454
0.99967454
0.99967454
0.99967454
0.99967454
0.99967454
0.99967454
0.99967454
0.99967454
0.99967454
0.99967454
0.99967454
0.99967454
0.99967454
0.99967454
0.99967454
0.99967454
0.99967454
0.99967454
0.99967454
0.99967454
0.99967454
0.99967454
0.99967454
0.99967454
0.99967454
0.99967454
0.99967454
0.99967454
0.99967454
0.99967454
0.99967454
0.99967454
0.99967454
0.99967454
0.99967454
0.99967454
0.99967454
0.99969082
0.99995118
0.99995118
0.99995118
0.99995118
0.99995118
0.99995118
0.99995118
0.99995118
0.99996745
0.99998373
1.00000000
0.41834079
