0.00000000
0.02422623
0.04323842
0.06824380
0.08404810
0.09541977
0.10509379
0.11701155
0.13023852
0.13971379
0.14696359
0.15700550
0.16700629
0.17847394
0.18316472
0.19232696
0.20086316
0.20760346
0.21305509
0.22094696
0.22776495
0.23434761
0.24069719
0.24644130
0.25046719
0.25601480
0.26353425
0.26927836
0.27320600
0.27951448
0.28309026
0.28531798
0.29377650
0.29914818
0.30362191
0.30827158
0.31440639
0.31747493
0.32159680
0.32616877
0.33111090
0.33490146
0.33869202
0.34052903
0.34279560
0.34687862
0.34935996
0.35293574
0.35674459
0.36010560
0.36311474
0.36764787
0.37194567
0.37475832
0.37966161
0.38235772
0.38671492
0.38948873
0.39079795
0.39343467
0.39841564
0.40093583
0.40245982
0.40519478
0.40728542
0.41119251
0.41279419
0.41527553
0.41939740
0.42099908
0.42291378
0.42508210
0.42859848
0.43129460
0.43281859
0.43438143
0.43533878
0.43612020
0.43729233
0.43850330
0.43928472
0.43989020
0.44393438
0.44766554
0.44827103
0.45043935
0.45221696
0.45278360
0.45422991
0.45487424
0.45561681
0.45721849
0.45782398
0.45856655
0.45913319
0.46005170
0.46097020
0.46171278
0.46331446
0.46409588
0.46827714
0.46927334
0.46987882
0.47009360
0.47066024
0.47214539
0.47658255
0.47906389
0.48105628
0.48123221
0.48205247
0.48244318
0.48279505
0.48603952
0.48748582
0.48826724
0.48996717
0.49184302
0.49223373
0.49319108
0.49319108
0.49358179
0.49535940
0.49575011
0.49614082
0.49770366
0.49823146
0.49918881
0.50071280
0.50127944
0.50167015
0.50540131
0.50841045
0.50880116
0.50919187
0.50958257
0.51071586
0.51163436
0.51483772
0.51884306
0.51940970
0.51980041
0.52144094
0.52347217
0.52386288
0.52564049
0.52603120
0.52659784
0.52737926
0.52776997
0.52880501
0.52937165
0.52997713
0.53036784
0.53075855
0.53193068
0.53267325
0.53323990
0.53493982
0.53685452
0.53724523
0.53968773
0.54160243
0.54255978
0.54312642
0.54408377
0.54429855
0.54451333
0.54525590
0.54582254
0.54699467
0.54955370
0.55086292
0.55281646
0.55299239
0.55543489
0.55689948
0.55768090
0.55828639
0.55889187
0.55889187
0.56023993
0.56084542
0.56305259
0.56461542
0.56606173
0.56698023
0.56737094
0.56928564
0.57426662
0.57504803
0.57643494
0.57856442
0.57983479
0.58057736
0.58298102
0.58333288
0.58436792
0.58563829
0.58841210
0.58862687
0.59040449
0.59097113
0.59270990
0.59497646
0.59735956
0.59792620
0.59937251
0.59976322
0.60040755
0.60097419
0.60441288
0.60480359
0.60636643
0.60710900
0.60810520
0.60871068
0.61326210
0.61521565
0.61634893
0.61652486
0.61840072
0.61900621
0.61939691
0.62113568
0.62252259
0.62334285
0.62490569
0.62582419
0.62660561
0.62678154
0.62770005
0.62826669
0.62848147
0.62982953
0.62982953
0.63178307
0.63277927
0.63373662
0.63490874
0.63547539
0.63660867
0.63735124
0.63813266
0.63869930
0.63930479
0.63991027
0.64051576
0.64090647
0.64225453
0.64338781
0.64571378
0.64628042
0.64755079
0.64815628
0.64854699
0.64893769
0.64985620
0.65124310
0.65163381
0.65202452
0.65276710
0.65350967
0.65563915
0.65620579
0.65819818
0.65976102
0.66085545
0.66181281
0.66198874
0.66364982
0.66574045
0.66591638
0.66669780
0.66734213
0.66773284
0.66972523
0.67103445
0.67416012
0.67416012
0.67519516
0.67679684
0.67910225
0.68312587
0.68582199
0.68781438
0.68820509
0.69158438
0.69218987
0.69275651
0.69336200
0.69695607
0.69773748
0.69812819
0.69834297
0.69912439
0.69986696
0.70152804
0.70443894
0.70482965
0.70596293
0.70692028
0.70770170
0.70848312
0.70961640
0.71057375
0.71295685
0.71600483
0.71618077
0.71674741
0.71735289
0.71774360
0.71795838
0.71834909
0.71930644
0.72108405
0.72147476
0.72225618
0.72452275
0.72630036
0.72690584
0.73071469
0.73110540
0.73641995
0.73755323
0.73794394
0.73890129
0.73911607
0.74032704
0.74132324
0.74378402
0.74399880
0.74474137
0.74491731
0.74569872
0.74683201
0.74792645
0.74831715
0.74888380
0.75040779
0.75140398
0.75466674
0.75544816
0.75640551
0.75796835
0.75835906
0.75874977
0.75974596
0.76052738
0.76169951
0.76269570
0.76330119
0.76351596
0.76447332
0.76744361
0.76783432
0.76924178
0.76963249
0.77080462
0.77518010
0.77557081
0.77688003
0.77744667
0.77826693
0.77975208
0.78010395
0.78074828
0.78113898
0.78324791
0.78385339
0.78566985
0.78623649
0.78684198
0.79026011
0.79129515
0.79399127
0.79537818
0.79594482
0.79969653
0.80108344
0.80182601
0.80221672
0.80356478
0.80356478
0.80508877
0.80626090
0.80743302
0.80856631
0.80934773
0.80973844
0.81073463
0.81258993
0.81298064
0.81681004
0.81772855
0.81829519
0.81868590
0.82167448
0.82284661
0.82302254
0.82405758
0.82661661
0.82718326
0.83034777
0.83130512
0.83296620
0.83335691
0.83491975
0.83509568
0.83841784
0.83919926
0.83958997
0.84019545
0.84076210
0.84244146
0.84347650
0.84408199
0.84482456
0.84521527
0.84560598
0.84699289
0.84855572
0.85015740
0.85181848
0.85402565
0.85441636
0.85502184
0.85594035
0.85711248
0.85806983
0.86080479
0.86375453
0.86514144
0.86578577
0.86709498
0.86766162
0.86805233
0.86861897
0.87287793
0.87326864
0.87496856
0.87578882
0.87653140
0.87713688
0.87752759
0.88008662
0.88047733
0.88246972
0.88307521
0.88364185
0.88403256
0.88555655
0.88616204
0.88754894
0.88942480
0.88942480
0.88981551
0.89038215
0.89133950
0.89194498
0.89255047
0.89382084
0.89421155
0.89581323
0.89641872
0.89737607
0.89833342
0.89872413
0.89893890
0.89975917
0.90235704
0.90384219
0.90384219
0.90462361
0.90597167
0.90741797
0.90890312
0.90950860
0.90989931
0.91050480
0.91202879
0.91323976
0.91716741
0.91890618
0.92060610
0.92117274
0.92138752
0.92160230
0.92181707
0.92295036
0.92337991
0.92433726
0.92554823
0.92590010
0.92746293
0.92785364
0.93076454
0.93115525
0.93224969
0.93328473
0.93445685
0.93541420
0.93637155
0.93775846
0.94385443
0.94445991
0.94588566
0.94652999
0.94709663
0.94766327
0.94840585
0.94932435
0.95319260
0.95336853
0.95457950
0.95518499
0.95579047
0.95618118
0.95877906
0.96090854
0.96165111
0.96225660
0.96473794
0.96591007
0.96682857
0.96725813
0.96764884
0.96803954
0.96917283
0.96995425
0.97112637
0.97147824
0.97204488
0.97265036
0.97374480
0.97413551
0.97548357
0.97669454
0.97851100
0.97946835
0.98099234
0.98194969
0.98255518
0.98359022
0.98501597
0.98583623
0.98749731
0.98771209
0.98845466
0.98902130
0.98997865
0.99154149
0.99484309
0.99623000
0.99662071
0.99718735
0.99779283
0.29267731
