0.00000000
0.04823477
0.08281595
0.11303448
0.19023379
0.21786541
0.26429812
0.31566786
0.35661984
0.37681522
0.42309008
0.44061963
0.45095847
0.45249307
0.46461205
0.47018485
0.48593427
0.48860009
0.49643534
0.50556403
0.50822986
0.51186467
0.53367358
0.53520818
0.54207443
0.54708162
0.55750377
0.56582570
0.57002613
0.57479217
0.57632677
0.58795907
0.58949367
0.59312849
0.59635992
0.60613315
0.61259602
0.61679645
0.61930005
0.62503508
0.62866989
0.63949542
0.65056210
0.65266232
0.66049756
0.66300116
0.67382669
0.68465222
0.69038725
0.69289084
0.70298853
0.71017924
0.71785226
0.73400944
0.75307359
0.75614280
0.77060314
0.77617594
0.77771055
0.78174875
0.78780824
0.78934284
0.80323757
0.80784138
0.82028044
0.83530639
0.84588639
0.84742099
0.85848767
0.87060665
0.87997650
0.88861851
0.90339893
0.91365884
0.91632467
0.92569452
0.93013610
0.93320530
0.94305746
0.95169946
0.95630327
0.97447736
0.98594742
0.99208583
0.27577382
