1.00000000
0.99912740
0.99869110
0.99694590
0.99563700
0.99520070
0.99301920
0.98952880
0.98472949
0.98298429
0.98254799
0.98080279
0.97905759
0.97818499
0.97774869
0.97731239
0.97687609
0.97513089
0.97120419
0.97076789
0.96945899
0.96858639
0.96727749
0.96553229
0.95855148
0.95767888
0.95506108
0.95331588
0.95287958
0.95200698
0.94938918
0.94895288
0.94808028
0.94764398
0.94720768
0.93935428
0.93804538
0.93717277
0.93673647
0.93542757
0.93455497
0.93368237
0.93324607
0.93106457
0.92975567
0.92801047
0.92713787
0.92539267
0.92233857
0.92190227
0.91884817
0.91753927
0.91492147
0.91404887
0.91230366
0.91143106
0.91012216
0.90968586
0.90837696
0.90794066
0.90488656
0.89703316
0.89485166
0.89441536
0.89267016
0.89223386
0.89179756
0.89136126
0.88917976
0.88438045
0.88350785
0.88307155
0.88045375
0.87696335
0.87260035
0.87129145
0.87085515
0.87041885
0.86954625
0.86780105
0.86692845
0.86518325
0.86343805
0.86038394
0.85907504
0.85863874
0.85776614
0.85427574
0.85340314
0.85034904
0.84947644
0.84118674
0.83202443
0.83158813
0.82635253
0.82373473
0.81980803
0.81631763
0.81369983
0.81282723
0.81108202
0.81064572
0.80890052
0.80802792
0.80759162
0.80628272
0.79930192
0.79886562
0.79668412
0.79363002
0.79232112
0.79101222
0.78708551
0.78577661
0.77530541
0.77268761
0.76963351
0.76701571
0.76527051
0.76396161
0.76134380
0.76090750
0.76047120
0.75916230
0.75872600
0.75828970
0.75698080
0.75436300
0.75349040
0.74694590
0.74520070
0.74301920
0.74258290
0.74083770
0.73734729
0.73647469
0.73603839
0.73516579
0.72905759
0.72643979
0.72513089
0.71989529
0.71684119
0.71291449
0.71160558
0.71116928
0.71029668
0.70898778
0.70724258
0.70287958
0.69808028
0.69502618
0.69415358
0.69328098
0.69197208
0.69109948
0.69066318
0.69022688
0.68760908
0.68324607
0.68019197
0.67888307
0.67670157
0.67626527
0.67582897
0.66841187
0.66797557
0.66186736
0.66143106
0.66055846
0.65619546
0.65575916
0.65532286
0.65401396
0.65270506
0.65183246
0.64048866
0.63830716
0.63132635
0.63045375
0.62958115
0.62914485
0.62783595
0.62303665
0.62216405
0.62129145
0.62041885
0.61998255
0.61910995
0.61823735
0.61736475
0.61649215
0.61561955
0.61474695
0.61387435
0.61082024
0.60994764
0.60732984
0.60602094
0.60471204
0.60383944
0.59642234
0.59075044
0.59031414
0.58944154
0.58900524
0.58856894
0.58551483
0.58246073
0.58202443
0.57940663
0.57853403
0.57678883
0.57591623
0.57460733
0.57329843
0.57286213
0.57198953
0.56326353
0.56239092
0.56151832
0.56108202
0.56064572
0.55933682
0.55802792
0.55715532
0.54930192
0.54842932
0.54493892
0.54406632
0.53141361
0.52923211
0.52748691
0.52617801
0.52574171
0.52530541
0.52399651
0.52050611
0.51963351
0.51396161
0.51308901
0.51265271
0.51047120
0.50741710
0.50698080
0.50479930
0.50261780
0.50130890
0.50000000
0.49956370
0.49912740
0.49607330
0.49520070
0.49301920
0.48909250
0.48516579
0.48385689
0.48298429
0.48123909
0.48080279
0.47905759
0.47425829
0.47164049
0.47076789
0.47033159
0.46945899
0.46858639
0.46771379
0.46640489
0.46291449
0.46073298
0.45636998
0.45462478
0.45418848
0.45375218
0.44808028
0.44677138
0.44328098
0.44284468
0.43935428
0.43848168
0.43455497
0.43106457
0.42975567
0.42626527
0.42582897
0.42539267
0.42146597
0.42015707
0.41841187
0.41623037
0.41535777
0.41317627
0.41143106
0.40968586
0.40750436
0.40619546
0.40575916
0.40532286
0.40270506
0.40226876
0.40008726
0.39528796
0.39485166
0.38961606
0.38787086
0.38612565
0.38525305
0.38307155
0.37870855
0.37739965
0.37652705
0.37609075
0.37390925
0.37085515
0.36954625
0.36867365
0.36736475
0.36692845
0.36649215
0.36605585
0.36300175
0.36212914
0.36038394
0.35776614
0.35732984
0.35689354
0.35645724
0.35558464
0.35165794
0.35078534
0.35034904
0.34947644
0.34816754
0.34467714
0.34075044
0.34031414
0.33987784
0.33944154
0.33464223
0.33158813
0.32940663
0.32547993
0.32460733
0.32068063
0.31980803
0.31762653
0.31719023
0.31631763
0.31588133
0.31500873
0.31457243
0.31413613
0.31239092
0.31108202
0.31064572
0.30977312
0.30453752
0.30191972
0.29537522
0.29406632
0.29144852
0.29101222
0.28883072
0.28795812
0.28752182
0.28708551
0.28446771
0.28141361
0.28097731
0.28010471
0.27835951
0.27748691
0.27574171
0.27137871
0.26963351
0.26483421
0.26396161
0.26178010
0.26090750
0.25828970
0.25479930
0.25218150
0.24563700
0.24389180
0.24345550
0.24301920
0.24258290
0.23429319
0.23211169
0.23080279
0.21858639
0.21771379
0.21640489
0.21465969
0.21335079
0.20767888
0.20724258
0.20549738
0.20462478
0.19938918
0.19546248
0.19502618
0.18630017
0.18237347
0.18193717
0.18106457
0.17975567
0.17844677
0.17626527
0.17408377
0.17233857
0.17102967
0.16884817
0.16797557
0.16666667
0.16535777
0.15052356
0.14790576
0.00174520
0.00174520
0.00174520
0.00174520
0.00174520
0.00174520
0.00174520
0.00174520
0.00174520
0.00174520
0.00174520
0.00174520
0.00174520
0.00174520
0.00174520
0.00174520
0.00174520
0.00174520
0.00174520
0.00174520
0.00174520
0.00174520
0.00174520
0.00174520
0.00174520
0.00174520
0.00174520
0.00174520
0.00174520
0.00174520
0.00174520
0.00174520
0.00174520
0.00174520
0.00174520
0.00174520
0.00174520
0.00174520
0.00174520
0.00174520
0.00174520
0.00174520
0.00174520
0.00174520
0.00174520
0.00174520
0.00174520
0.00174520
0.00174520
0.00174520
0.00174520
0.00174520
0.00174520
0.00174520
0.00174520
0.00174520
0.00174520
0.00174520
0.00174520
0.00174520
0.00174520
0.00174520
0.00174520
0.00174520
0.00174520
0.00174520
0.00174520
0.00174520
0.00174520
0.00174520
0.00174520
0.00174520
0.00174520
0.00174520
0.00174520
0.00174520
0.00174520
0.00174520
0.00174520
0.00174520
0.00174520
0.00174520
0.00174520
0.00174520
0.00174520
0.00174520
0.00174520
0.00174520
0.00174520
0.00174520
0.00174520
0.00174520
0.00174520
0.00174520
0.00174520
0.00174520
0.00174520
0.00174520
0.00174520
0.00174520
0.00174520
0.00174520
0.00174520
0.00174520
0.00174520
0.00174520
0.00174520
0.00174520
0.00174520
0.00174520
0.00174520
0.00174520
0.00174520
0.00174520
0.00174520
0.00174520
0.00174520
0.00174520
0.00174520
0.00174520
0.00174520
0.00174520
0.00174520
0.00174520
0.00174520
0.00174520
0.00174520
0.00174520
0.00174520
0.00174520
0.00174520
0.00174520
0.00174520
0.00174520
0.00174520
0.00174520
0.00174520
0.00174520
0.00174520
0.00174520
0.00174520
0.00174520
0.00174520
0.00174520
0.00174520
0.00174520
0.00174520
0.00174520
0.00174520
0.00174520
0.00174520
0.00174520
0.00174520
0.00174520
0.00174520
0.00174520
0.00174520
0.00174520
0.00174520
0.00174520
0.00174520
0.00174520
0.00174520
0.00174520
0.00174520
0.00174520
0.00174520
0.00174520
0.00174520
0.00174520
0.00174520
0.00174520
0.00174520
0.00174520
0.00174520
0.00174520
0.00174520
0.00174520
0.00174520
0.00174520
0.00174520
0.00174520
0.00174520
0.00174520
0.00174520
0.00174520
0.00174520
0.00174520
0.00174520
0.00174520
0.00174520
0.00174520
0.00174520
0.00174520
0.00174520
0.00174520
0.00174520
0.00174520
0.00174520
0.00174520
0.00174520
0.00174520
0.00174520
0.00174520
0.00174520
0.00174520
0.00174520
0.00174520
0.00174520
0.00174520
0.00174520
0.00174520
0.00174520
0.00174520
0.00174520
0.00174520
0.00174520
0.00174520
0.00174520
0.00174520
0.00174520
0.00174520
0.00174520
0.00174520
0.00174520
0.00174520
0.00174520
0.00174520
0.00174520
0.00174520
0.00174520
0.00174520
0.00174520
0.00174520
0.00174520
0.00174520
0.00174520
0.00174520
0.00174520
0.00174520
0.00174520
0.00174520
0.00174520
0.00174520
0.00174520
0.00174520
0.00174520
0.00174520
0.00174520
0.00174520
0.00174520
0.00174520
0.00174520
0.00174520
0.00174520
0.00174520
0.00174520
0.00174520
0.00174520
0.00174520
0.00174520
0.00174520
0.00174520
0.00174520
0.00174520
0.00174520
0.00174520
0.00174520
0.00174520
0.00174520
0.00174520
0.00174520
0.00174520
0.00174520
0.00174520
0.00174520
0.00174520
0.00174520
0.00174520
0.00174520
0.00174520
0.00174520
0.00174520
0.00174520
0.00174520
0.00174520
0.00174520
0.00174520
0.00174520
0.00174520
0.00174520
0.00174520
0.00174520
0.00174520
0.00174520
0.00174520
0.00174520
0.00174520
0.00174520
0.00174520
0.00174520
0.00174520
0.00174520
0.00174520
0.00174520
0.00174520
0.00174520
0.00174520
0.00174520
0.00174520
0.00174520
0.00174520
0.00174520
0.00174520
0.00174520
0.00174520
0.00174520
0.00174520
0.00174520
0.00174520
0.00174520
0.00174520
0.00174520
0.00174520
0.00174520
0.00174520
0.00174520
0.00174520
0.00174520
0.00174520
0.00174520
0.00174520
0.00174520
0.00174520
0.00174520
0.00174520
0.00174520
0.00174520
0.00174520
0.00174520
0.00174520
0.00174520
0.00174520
0.00174520
0.00174520
0.00174520
0.00174520
0.00174520
0.00174520
0.00174520
0.00174520
0.00174520
0.00174520
0.00174520
0.00174520
0.00174520
0.00174520
0.00174520
0.00174520
0.00174520
0.00174520
0.00174520
0.00174520
0.00174520
0.00174520
0.00174520
0.00174520
0.00174520
0.00174520
0.00174520
0.00174520
0.00174520
0.00174520
0.00174520
0.00174520
0.00174520
0.00174520
0.00174520
0.00174520
0.00174520
0.00174520
0.00174520
0.00174520
0.00174520
0.00174520
0.00174520
0.00174520
0.00174520
0.00174520
0.00174520
0.00174520
0.00174520
0.00174520
0.00174520
0.00174520
0.00174520
0.00174520
0.00174520
0.00174520
0.00174520
0.00174520
0.00174520
0.00174520
0.00174520
0.00174520
0.00174520
0.00174520
0.00174520
0.00174520
0.00174520
0.00174520
0.00174520
0.00174520
0.00174520
0.00174520
0.00174520
0.00174520
0.00174520
0.00174520
0.00174520
0.00174520
0.00174520
0.00174520
0.00174520
0.00174520
0.00174520
0.00174520
0.00174520
0.00174520
0.00174520
0.00174520
0.00174520
0.00174520
0.00174520
0.00174520
0.00174520
0.00174520
0.00174520
0.00174520
0.00174520
0.00174520
0.00174520
0.00174520
0.00174520
0.00174520
0.00174520
0.00174520
0.00174520
0.00174520
0.00174520
0.00174520
0.00174520
0.00174520
0.00174520
0.00174520
0.00174520
0.00174520
0.00174520
0.00174520
0.00174520
0.00174520
0.00174520
0.00174520
0.00174520
0.00174520
0.00174520
0.00174520
0.00174520
0.00174520
0.00174520
0.00174520
0.00174520
0.00174520
0.00174520
0.00174520
0.00174520
0.00174520
0.00174520
0.00174520
0.00174520
0.00174520
0.00174520
0.00174520
0.00174520
0.00174520
0.00174520
0.00174520
0.00174520
0.00174520
0.00174520
0.00174520
0.00174520
0.00174520
0.00174520
0.00174520
0.00174520
0.00174520
0.00174520
0.00174520
0.00174520
0.00174520
0.00174520
0.00174520
0.00174520
0.00174520
0.00174520
0.00174520
0.00174520
0.00174520
0.00174520
0.00174520
0.00174520
0.00174520
0.00174520
0.00174520
0.00174520
0.00174520
0.00174520
0.00174520
0.00174520
0.00174520
0.00174520
0.00174520
0.00174520
0.00174520
0.00174520
0.00174520
0.00174520
0.00174520
0.00174520
0.00174520
0.00174520
0.00174520
0.00174520
0.00174520
0.00174520
0.00130890
0.00130890
0.00130890
0.00130890
0.00130890
0.00130890
0.00130890
0.00130890
0.00130890
0.00130890
0.00130890
0.00130890
0.00130890
0.00130890
0.00130890
0.00130890
0.00130890
0.00130890
0.00130890
0.00130890
0.00130890
0.00130890
0.00130890
0.00130890
0.00130890
0.00130890
0.00130890
0.00130890
0.00130890
0.00130890
0.00130890
0.00130890
0.00130890
0.00130890
0.00130890
0.00130890
0.00130890
0.00130890
0.00130890
0.00130890
0.00130890
0.00130890
0.00130890
0.00130890
0.00130890
0.00130890
0.00130890
0.00130890
0.00130890
0.00130890
0.00130890
0.00130890
0.00130890
0.00130890
0.00130890
0.00130890
0.00130890
0.00130890
0.00130890
0.00130890
0.00130890
0.00130890
0.00130890
0.00130890
0.00130890
0.00130890
0.00130890
0.00130890
0.00130890
0.00130890
0.00130890
0.00130890
0.00130890
0.00130890
0.00130890
0.00130890
0.00130890
0.00130890
0.00130890
0.00130890
0.00130890
0.00130890
0.00130890
0.00130890
0.00130890
0.00130890
0.00130890
0.00130890
0.00130890
0.00130890
0.00130890
0.00130890
0.00130890
0.00130890
0.00130890
0.00130890
0.00130890
0.00130890
0.00130890
0.00130890
0.00130890
0.00130890
0.00130890
0.00130890
0.00130890
0.00130890
0.00130890
0.00130890
0.00130890
0.00130890
0.00130890
0.00130890
0.00130890
0.00130890
0.00130890
0.00130890
0.00130890
0.00130890
0.00130890
0.00130890
0.00130890
0.00130890
0.00130890
0.00130890
0.00130890
0.00130890
0.00130890
0.00130890
0.00130890
0.00130890
0.00130890
0.00130890
0.00130890
0.00130890
0.00130890
0.00130890
0.00130890
0.00130890
0.00130890
0.00130890
0.00130890
0.00130890
0.00130890
0.00130890
0.00130890
0.00130890
0.00130890
0.00130890
0.00130890
0.00130890
0.00130890
0.00130890
0.00130890
0.00130890
0.00130890
0.00130890
0.00130890
0.00130890
0.00130890
0.00130890
0.00130890
0.00130890
0.00130890
0.00130890
0.00130890
0.00130890
0.00130890
0.00130890
0.00130890
0.00130890
0.00130890
0.00130890
0.00130890
0.00130890
0.00130890
0.00130890
0.00130890
0.00130890
0.00130890
0.00130890
0.00130890
0.00130890
0.00130890
0.00130890
0.00130890
0.00130890
0.00130890
0.00130890
0.00130890
0.00130890
0.00130890
0.00130890
0.00130890
0.00130890
0.00130890
0.00130890
0.00130890
0.00130890
0.00130890
0.00130890
0.00130890
0.00130890
0.00130890
0.00130890
0.00130890
0.00130890
0.00130890
0.00130890
0.00130890
0.00130890
0.00130890
0.00130890
0.00130890
0.00130890
0.00130890
0.00130890
0.00130890
0.00130890
0.00130890
0.00130890
0.00130890
0.00130890
0.00130890
0.00130890
0.00130890
0.00130890
0.00130890
0.00130890
0.00130890
0.00130890
0.00130890
0.00130890
0.00130890
0.00130890
0.00130890
0.00130890
0.00130890
0.00130890
0.00130890
0.00130890
0.00130890
0.00130890
0.00130890
0.00130890
0.00130890
0.00130890
0.00130890
0.00130890
0.00130890
0.00130890
0.00130890
0.00130890
0.00130890
0.00130890
0.00130890
0.00130890
0.00130890
0.00130890
0.00130890
0.00130890
0.00130890
0.00130890
0.00130890
0.00130890
0.00130890
0.00130890
0.00130890
0.00130890
0.00130890
0.00130890
0.00130890
0.00130890
0.00130890
0.00130890
0.00130890
0.00130890
0.00130890
0.00130890
0.00130890
0.00130890
0.00130890
0.00130890
0.00130890
0.00130890
0.00130890
0.00130890
0.00130890
0.00130890
0.00130890
0.00130890
0.00130890
0.00130890
0.00130890
0.00130890
0.00130890
0.00130890
0.00130890
0.00130890
0.00130890
0.00130890
0.00130890
0.00130890
0.00130890
0.00130890
0.00130890
0.00130890
0.00130890
0.00130890
0.00130890
0.00130890
0.00130890
0.00130890
0.00130890
0.00130890
0.00130890
0.00130890
0.00130890
0.00130890
0.00130890
0.00130890
0.00130890
0.00130890
0.00130890
0.00130890
0.00130890
0.00130890
0.00130890
0.00130890
0.00130890
0.00130890
0.00130890
0.00130890
0.00130890
0.00130890
0.00130890
0.00130890
0.00130890
0.00130890
0.00130890
0.00130890
0.00130890
0.00130890
0.00130890
0.00130890
0.00130890
0.00130890
0.00130890
0.00130890
0.00130890
0.00130890
0.00130890
0.00130890
0.00130890
0.00130890
0.00130890
0.00130890
0.00130890
0.00130890
0.00130890
0.00130890
0.00130890
0.00130890
0.00130890
0.00130890
0.00130890
0.00130890
0.00130890
0.00130890
0.00130890
0.00130890
0.00130890
0.00130890
0.00130890
0.00130890
0.00130890
0.00130890
0.00130890
0.00130890
0.00130890
0.00130890
0.00130890
0.00130890
0.00130890
0.00130890
0.00130890
0.00130890
0.00130890
0.00130890
0.00130890
0.00130890
0.00130890
0.00130890
0.00130890
0.00130890
0.00130890
0.00130890
0.00130890
0.00130890
0.00130890
0.00130890
0.00130890
0.00130890
0.00130890
0.00130890
0.00130890
0.00130890
0.00130890
0.00130890
0.00130890
0.00130890
0.00130890
0.00130890
0.00130890
0.00130890
0.00130890
0.00130890
0.00130890
0.00130890
0.00130890
0.00130890
0.00130890
0.00130890
0.00130890
0.00130890
0.00130890
0.00130890
0.00130890
0.00130890
0.00130890
0.00130890
0.00130890
0.00130890
0.00130890
0.00130890
0.00130890
0.00130890
0.00130890
0.00130890
0.00130890
0.00130890
0.00130890
0.00130890
0.00130890
0.00130890
0.00130890
0.00130890
0.00130890
0.00130890
0.00130890
0.00130890
0.00130890
0.00130890
0.00130890
0.00130890
0.00130890
0.00130890
0.00130890
0.00130890
0.00130890
0.00130890
0.00130890
0.00130890
0.00130890
0.00130890
0.00130890
0.00130890
0.00130890
0.00130890
0.00130890
0.00130890
0.00130890
0.00130890
0.00130890
0.00130890
0.00130890
0.00130890
0.00130890
0.00130890
0.00130890
0.00130890
0.00130890
0.00130890
0.00130890
0.00130890
0.00130890
0.00130890
0.00130890
0.00130890
0.00130890
0.00130890
0.00130890
0.00130890
0.00130890
0.00130890
0.00130890
0.00130890
0.00130890
0.00130890
0.00130890
0.00130890
0.00130890
0.00130890
0.00130890
0.00130890
0.00130890
0.00130890
0.00130890
0.00130890
0.00130890
0.00130890
0.00130890
0.00130890
0.00130890
0.00130890
0.00130890
0.00130890
0.00130890
0.00130890
0.00130890
0.00130890
0.00130890
0.00130890
0.00130890
0.00130890
0.00130890
0.00130890
0.00130890
0.00130890
0.00130890
0.00130890
0.00130890
0.00130890
0.00130890
0.00130890
0.00130890
0.00130890
0.00130890
0.00130890
0.00130890
0.00130890
0.00130890
0.00130890
0.00130890
0.00130890
0.00130890
0.00130890
0.00130890
0.00130890
0.00130890
0.00130890
0.00130890
0.00130890
0.00130890
0.00130890
0.00130890
0.00130890
0.00130890
0.00130890
0.00130890
0.00130890
0.00130890
0.00130890
0.00130890
0.00130890
0.00130890
0.00130890
0.00130890
0.00130890
0.00130890
0.00130890
0.00130890
0.00130890
0.00130890
0.00130890
0.00130890
0.00130890
0.00130890
0.00130890
0.00130890
0.00130890
0.00130890
0.00130890
0.00130890
0.00130890
0.00130890
0.00130890
0.00130890
0.00130890
0.00130890
0.00130890
0.00130890
0.00130890
0.00130890
0.00130890
0.00130890
0.00130890
0.00130890
0.00130890
0.00130890
0.00130890
0.00130890
0.00130890
0.00130890
0.00130890
0.00130890
0.00130890
0.00130890
0.00130890
0.00130890
0.00130890
0.00130890
0.00130890
0.00130890
0.00130890
0.00130890
0.00130890
0.00130890
0.00130890
0.00087260
0.00087260
0.00087260
0.00087260
0.00087260
0.00087260
0.00087260
0.00087260
0.00087260
0.00087260
0.00087260
0.00087260
0.00087260
0.00087260
0.00087260
0.00087260
0.00087260
0.00087260
0.00087260
0.00087260
0.00087260
0.00087260
0.00087260
0.00087260
0.00087260
0.00087260
0.00087260
0.00087260
0.00087260
0.00087260
0.00087260
0.00087260
0.00087260
0.00087260
0.00087260
0.00087260
0.00087260
0.00087260
0.00087260
0.00087260
0.00087260
0.00087260
0.00087260
0.00087260
0.00087260
0.00087260
0.00087260
0.00087260
0.00087260
0.00087260
0.00087260
0.00087260
0.00087260
0.00087260
0.00087260
0.00087260
0.00087260
0.00087260
0.00087260
0.00087260
0.00087260
0.00087260
0.00087260
0.00087260
0.00087260
0.00087260
0.00087260
0.00087260
0.00087260
0.00087260
0.00087260
0.00087260
0.00087260
0.00087260
0.00087260
0.00087260
0.00087260
0.00087260
0.00087260
0.00087260
0.00087260
0.00087260
0.00087260
0.00087260
0.00087260
0.00087260
0.00087260
0.00087260
0.00087260
0.00087260
0.00087260
0.00087260
0.00087260
0.00087260
0.00087260
0.00087260
0.00087260
0.00087260
0.00087260
0.00087260
0.00087260
0.00087260
0.00087260
0.00087260
0.00087260
0.00087260
0.00087260
0.00087260
0.00087260
0.00087260
0.00043630
0.00043630
0.00043630
0.00043630
0.00043630
0.00043630
0.00043630
0.00043630
0.00043630
0.00043630
0.00043630
0.00043630
0.00043630
0.00043630
0.00043630
0.00043630
0.00043630
0.00043630
0.00043630
0.00043630
0.00043630
0.00043630
0.00043630
0.00043630
0.00043630
0.00043630
0.00043630
0.00043630
0.00043630
0.00043630
0.00043630
0.00043630
0.00043630
0.00043630
0.00043630
0.00043630
0.00043630
0.00043630
0.00043630
0.00043630
0.00043630
0.00043630
0.00043630
0.00043630
0.00043630
0.00043630
0.00043630
0.00043630
0.00043630
0.00043630
0.00043630
0.00043630
0.00043630
0.00043630
0.00043630
0.00043630
0.00043630
0.00043630
0.00043630
0.00043630
0.00043630
0.00043630
0.00043630
0.00043630
0.00043630
0.00043630
0.00043630
0.00043630
0.00043630
0.00043630
0.00043630
0.00043630
0.00043630
0.00043630
0.00043630
0.00043630
0.00043630
0.00043630
0.00043630
0.00043630
0.00043630
0.00043630
0.00043630
0.00043630
0.00043630
0.00043630
0.00043630
0.00043630
0.00043630
0.00043630
0.00043630
0.00043630
0.00043630
0.00043630
0.00043630
0.00043630
0.00043630
0.00043630
0.00043630
0.00043630
0.00043630
0.00043630
0.00043630
0.00043630
0.00043630
0.00043630
0.00043630
0.00043630
0.00043630
0.00043630
0.00043630
0.00043630
0.00043630
0.00043630
0.00043630
0.00043630
0.00043630
0.00043630
0.00043630
0.00043630
0.00043630
0.00043630
0.00043630
0.00043630
0.00043630
0.00043630
0.00043630
0.00043630
0.00043630
0.00043630
0.00043630
0.00043630
0.00043630
0.00043630
0.00043630
0.00043630
0.00043630
0.00043630
0.00043630
0.00043630
0.00043630
0.00043630
0.00043630
0.00043630
0.00043630
0.00043630
0.00043630
0.00043630
0.00043630
0.00043630
0.00043630
0.00043630
0.00043630
0.00043630
0.00043630
0.00043630
0.00043630
0.00043630
0.00043630
0.00043630
0.00043630
0.00043630
0.00043630
0.00043630
0.00043630
0.00043630
0.00043630
0.00043630
0.00043630
0.00043630
0.00043630
0.00043630
0.00043630
0.00043630
0.00043630
0.00043630
0.00043630
0.00043630
0.00043630
0.00043630
0.00043630
0.00043630
0.00043630
0.00043630
0.00043630
0.00043630
0.00043630
0.00043630
0.00043630
0.00043630
0.00043630
0.00043630
0.00043630
0.00043630
0.00043630
0.00043630
0.00043630
0.00043630
0.00043630
0.00043630
0.00043630
0.00043630
0.00043630
0.00043630
0.00043630
0.00043630
0.00043630
0.00043630
0.00043630
0.00043630
0.00043630
0.00043630
0.00043630
0.00043630
0.00043630
0.00043630
0.00043630
0.00043630
0.00043630
0.00043630
0.00043630
0.00043630
0.00043630
0.00043630
0.00043630
0.00043630
0.00043630
0.00043630
0.00043630
0.00043630
0.00043630
0.00043630
0.00043630
0.00043630
0.00043630
0.00043630
0.00043630
0.00043630
0.00043630
0.00043630
0.00043630
0.00043630
0.00043630
0.00043630
0.00043630
0.00043630
0.00043630
0.00043630
0.00043630
0.00043630
0.00043630
0.00043630
0.00043630
0.00043630
0.00043630
0.00043630
0.00043630
0.00043630
0.00043630
0.00043630
0.00043630
0.00043630
0.00043630
0.00043630
0.00043630
0.00043630
0.00043630
0.00043630
0.00043630
0.00043630
0.00043630
0.00043630
0.00043630
0.00043630
0.00043630
0.00043630
0.00043630
0.00043630
0.00043630
0.00043630
0.00043630
0.00043630
0.00043630
0.00043630
0.00043630
0.00043630
0.00043630
0.00043630
0.00043630
0.00043630
0.00043630
0.00043630
0.00043630
0.00043630
0.00043630
0.00043630
0.00043630
0.00043630
0.00043630
0.00043630
0.00043630
0.00043630
0.00043630
0.00043630
0.00043630
0.00043630
0.00043630
0.00043630
0.00043630
0.00043630
0.00043630
0.00043630
0.00043630
0.00043630
0.00043630
0.00043630
0.00043630
0.00043630
0.00043630
0.00043630
0.00043630
0.00043630
0.00043630
0.00043630
0.00043630
0.00043630
0.00043630
0.00043630
0.00043630
0.00043630
0.00043630
0.00043630
0.00043630
0.00043630
0.00043630
0.00043630
0.00043630
0.00043630
0.00043630
0.00043630
0.00043630
0.00043630
0.00043630
0.00043630
0.00043630
0.00043630
0.00043630
0.00043630
0.00043630
0.00043630
0.00043630
0.00043630
0.00043630
0.00043630
0.00043630
0.00043630
0.00043630
0.00043630
0.00043630
0.00043630
0.00043630
0.00043630
0.00043630
0.00043630
0.00043630
0.00043630
0.00043630
0.00043630
0.00043630
0.00043630
0.00043630
0.00043630
0.00043630
0.00043630
0.00043630
0.00043630
0.00043630
0.00043630
0.00043630
0.00043630
0.00043630
0.00043630
0.00043630
0.00043630
0.00043630
0.00043630
0.00043630
0.00043630
0.00043630
0.00043630
0.00043630
0.00043630
0.00043630
0.00043630
0.00043630
0.00043630
0.00043630
0.00043630
0.00043630
0.00043630
0.00043630
0.00043630
0.00043630
0.00043630
0.00043630
0.00043630
0.00043630
0.00043630
0.00043630
0.00043630
0.00043630
0.00043630
0.00043630
0.00043630
0.00043630
0.00043630
0.00043630
0.00043630
0.00043630
0.00043630
0.00043630
0.00043630
0.00043630
0.00043630
0.00043630
0.00043630
0.00043630
0.00043630
0.00043630
0.00043630
0.00043630
0.00043630
0.00043630
0.00043630
0.00043630
0.00043630
0.00043630
0.00043630
0.00043630
0.00043630
0.00043630
0.00043630
0.00043630
0.00043630
0.00043630
0.00043630
0.00043630
0.00043630
0.00043630
0.00043630
0.00043630
0.00043630
0.00043630
0.00043630
0.00043630
0.00043630
0.00043630
0.00043630
0.00043630
0.00043630
0.00043630
0.00043630
0.00043630
0.00043630
0.00043630
0.00043630
0.00043630
0.00043630
0.00043630
0.00043630
0.00043630
0.00043630
0.00043630
0.00043630
0.00043630
0.00043630
0.00043630
0.00043630
0.00043630
0.00043630
0.00043630
0.00043630
0.00043630
0.00043630
0.00043630
0.00043630
0.00043630
0.00043630
0.00043630
0.00043630
0.00043630
0.00043630
0.00043630
0.00043630
0.00043630
0.00043630
0.00043630
0.00043630
0.00043630
0.00043630
0.00043630
0.00043630
0.00043630
0.00043630
0.00043630
0.00043630
0.00043630
0.00043630
0.00043630
0.00043630
0.00043630
0.00043630
0.00043630
0.00043630
0.00043630
0.00043630
0.00043630
0.00043630
0.00043630
0.00043630
0.00043630
0.00043630
0.00043630
0.00043630
0.00043630
0.00043630
0.00043630
0.00043630
0.00043630
0.00043630
0.00043630
0.00043630
0.00043630
0.00043630
0.00043630
0.00043630
0.00043630
0.00043630
0.00043630
0.00043630
0.00043630
0.00043630
0.00043630
0.00043630
0.00043630
0.00043630
0.00043630
0.00043630
0.00043630
0.00043630
0.00043630
0.00043630
0.00043630
0.00043630
0.00043630
0.00043630
0.00043630
0.00043630
0.00043630
0.00043630
0.00043630
0.00043630
0.00043630
0.00043630
0.00043630
0.00043630
0.00043630
0.00043630
0.00043630
0.00043630
0.00043630
0.00043630
0.00043630
0.00043630
0.00043630
0.00043630
0.00043630
0.00043630
0.00043630
0.00043630
0.00043630
0.00043630
0.00043630
0.00043630
0.00043630
0.00043630
0.00043630
0.00043630
0.00043630
0.00043630
0.00043630
0.00043630
0.00043630
0.00043630
0.00043630
0.00043630
0.00043630
0.00043630
0.00043630
0.00043630
0.00043630
0.00043630
0.00043630
0.00043630
0.00043630
0.00043630
0.00043630
0.00043630
0.00043630
0.00043630
0.00043630
0.00043630
0.00043630
0.00043630
0.00043630
0.00043630
0.00043630
0.00043630
0.00043630
0.00043630
0.00043630
0.00043630
0.00043630
0.00043630
0.00043630
0.00043630
0.00043630
0.00043630
0.00043630
0.00043630
0.00043630
0.00043630
0.00043630
0.00043630
0.00043630
0.00043630
0.00043630
0.00043630
0.00043630
0.00043630
0.00043630
0.00043630
0.00043630
0.00043630
0.00043630
0.00043630
0.00043630
0.00043630
0.00043630
0.00043630
0.00043630
0.00043630
0.00043630
0.00043630
0.00043630
0.00043630
0.00043630
0.00043630
0.00043630
0.00043630
0.00043630
0.00043630
0.00043630
0.00043630
0.00043630
0.00043630
0.00043630
0.00043630
0.00043630
0.00043630
0.00043630
0.00043630
0.00043630
0.00043630
0.00043630
0.00043630
0.00043630
0.00043630
0.00043630
0.00043630
0.00043630
0.00043630
0.00043630
0.00043630
0.00043630
0.00043630
0.00043630
0.00043630
0.00043630
0.00043630
0.00043630
0.00043630
0.00043630
0.00043630
0.00043630
0.00043630
0.00043630
0.00043630
0.00043630
0.00043630
0.00043630
0.00043630
0.00043630
0.00043630
0.00043630
0.00043630
0.00043630
0.00043630
0.00043630
0.00043630
0.00043630
0.00043630
0.00043630
0.00043630
0.00043630
0.00043630
0.00043630
0.00043630
0.00043630
0.00043630
0.00043630
0.00043630
0.00043630
0.00043630
0.00043630
0.00043630
0.00043630
0.00043630
0.00043630
0.00043630
0.00043630
0.00043630
0.00043630
0.00043630
0.00043630
0.00043630
0.00043630
0.00043630
0.00043630
0.00043630
0.00043630
0.00043630
0.00043630
0.00043630
0.00043630
0.00043630
0.00043630
0.00043630
0.00043630
0.00043630
0.00043630
0.00043630
0.00043630
0.00043630
0.00043630
0.00043630
0.00043630
0.00043630
0.00043630
0.00043630
0.00043630
0.00043630
0.00043630
0.00043630
0.00043630
0.00043630
0.00043630
0.00043630
0.00043630
0.00043630
0.00043630
0.00043630
0.00043630
0.00043630
0.00043630
0.00043630
0.00043630
0.00043630
0.00043630
0.00043630
0.00043630
0.00043630
0.00043630
0.00043630
0.00043630
0.00043630
0.00043630
0.00043630
0.00043630
0.00043630
0.00043630
0.00043630
0.00043630
0.00043630
0.00043630
0.00043630
0.00043630
0.00043630
0.00043630
0.00043630
0.00043630
0.00043630
0.00043630
0.00043630
0.00043630
0.00043630
0.00043630
0.00043630
0.00043630
0.00043630
0.00043630
0.00043630
0.00043630
0.00043630
0.00043630
0.00043630
0.00043630
0.00043630
0.00043630
0.00043630
0.00043630
0.00043630
0.00043630
0.00043630
0.00043630
0.00043630
0.00043630
0.00043630
0.00043630
0.00043630
0.00043630
0.00043630
0.00043630
0.00043630
0.00043630
0.00043630
0.00043630
0.00043630
0.00043630
0.00043630
0.00043630
0.00043630
0.00043630
0.00043630
0.00043630
0.00043630
0.00043630
0.00043630
0.00043630
0.00043630
0.00043630
0.00043630
0.00043630
0.00043630
0.00043630
0.00043630
0.00043630
0.00043630
0.00043630
0.00043630
0.00043630
0.00043630
0.00043630
0.00043630
0.00043630
0.00043630
0.00043630
0.00043630
0.00043630
0.00043630
0.00043630
0.00043630
0.00043630
0.00043630
0.00043630
0.00043630
0.00043630
0.00043630
0.00043630
0.00043630
0.00043630
0.00043630
0.00043630
0.00043630
0.00043630
0.00043630
0.00043630
0.00043630
0.00043630
0.00043630
0.00043630
0.00043630
0.00043630
0.00043630
0.00043630
0.00043630
0.00043630
0.00043630
0.00043630
0.00043630
0.00043630
0.00043630
0.00043630
0.00043630
0.00043630
0.00043630
0.00043630
0.00043630
0.00043630
0.00043630
0.00043630
0.00043630
0.00043630
0.00043630
0.00043630
0.00043630
0.00043630
0.00043630
0.00043630
0.00043630
0.00043630
0.00043630
0.00043630
0.00043630
0.00043630
0.00043630
0.00043630
0.00043630
0.00043630
0.00043630
0.00043630
0.00043630
0.00043630
0.00043630
0.00043630
0.00043630
0.00043630
0.00043630
0.00043630
0.00043630
0.00043630
0.00043630
0.00043630
0.00043630
0.00043630
0.00043630
0.00043630
0.00043630
0.00043630
0.00043630
0.00043630
0.00043630
0.00043630
0.00043630
0.00043630
0.00043630
0.00043630
0.00043630
0.00043630
0.00043630
0.00043630
0.00043630
0.00043630
0.00043630
0.00043630
0.00043630
0.00043630
0.00043630
0.00043630
0.00043630
0.00043630
0.00043630
0.00043630
0.00043630
0.00043630
0.00043630
0.00043630
0.00043630
0.00043630
0.00043630
0.00043630
0.00043630
0.00043630
0.00043630
0.00043630
0.00043630
0.00043630
0.00043630
0.00043630
0.00043630
0.00043630
0.00043630
0.00043630
0.00043630
0.00043630
0.00043630
0.00043630
0.00043630
0.00043630
0.00043630
0.00043630
0.00043630
0.00043630
0.00043630
0.00043630
0.00043630
0.00043630
0.00043630
0.00043630
0.00043630
0.00043630
0.00043630
0.00043630
0.00043630
0.00043630
0.00043630
0.00043630
0.00043630
0.00043630
0.00043630
0.00043630
0.00043630
0.00043630
0.00043630
0.00043630
0.00043630
0.00043630
0.00043630
0.00043630
0.00043630
0.00043630
0.00043630
0.00043630
0.00043630
0.00043630
0.00043630
0.00043630
0.00043630
0.00043630
0.00043630
0.00043630
0.00043630
0.00043630
0.00043630
0.00043630
0.00043630
0.00043630
0.00043630
0.00043630
0.00043630
0.00043630
0.00043630
0.00043630
0.00043630
0.00043630
0.00043630
0.00043630
0.00043630
0.00043630
0.00043630
0.00043630
0.00043630
0.00043630
0.00043630
0.00043630
0.00043630
0.00043630
0.00043630
0.00043630
0.00043630
0.00043630
0.00043630
0.00043630
0.00043630
0.00043630
0.00043630
0.00043630
0.00043630
0.00043630
0.00043630
0.00043630
0.00043630
0.00043630
0.00043630
0.00043630
0.00043630
0.00043630
0.00043630
0.00043630
0.00043630
0.00043630
0.00043630
0.00043630
0.00043630
0.00043630
0.00043630
0.00043630
0.00043630
0.00043630
0.00043630
0.00043630
0.00043630
0.00043630
0.00043630
0.00043630
0.00043630
0.00043630
0.00043630
0.00043630
0.00043630
0.00043630
0.00043630
0.00043630
0.00043630
0.00043630
0.00043630
0.00043630
0.00043630
0.00043630
0.00043630
0.00043630
0.00043630
0.00043630
0.00043630
0.00043630
0.00043630
0.00043630
0.00043630
0.00043630
0.00043630
0.00043630
0.00043630
0.00043630
0.00043630
0.00043630
0.00043630
0.00043630
0.00043630
0.00043630
0.00043630
0.00043630
0.00043630
0.00043630
0.00043630
0.00043630
0.00043630
0.00043630
0.00043630
0.00043630
0.00043630
0.00043630
0.00043630
0.00043630
0.00043630
0.00043630
0.00043630
0.00043630
0.00043630
0.00043630
0.00043630
0.00043630
0.00043630
0.00043630
0.00043630
0.00043630
0.00043630
0.00043630
0.00043630
0.00043630
0.00043630
0.00043630
0.00043630
0.00043630
0.00043630
0.00043630
0.00043630
0.00043630
0.00043630
0.00043630
0.00043630
0.00043630
0.00043630
0.00043630
0.00043630
0.00043630
0.00043630
0.00043630
0.00043630
0.00043630
0.00043630
0.00043630
0.00043630
0.00043630
0.00043630
0.00043630
0.00043630
0.00043630
0.00043630
0.00043630
0.00043630
0.00043630
0.00043630
0.00043630
0.00043630
0.00043630
0.00043630
0.00043630
0.00043630
0.00043630
0.00043630
0.00043630
0.00043630
0.00043630
0.00043630
0.00043630
0.00043630
0.00043630
0.00043630
0.00043630
0.00043630
0.00043630
0.00043630
0.00043630
0.00043630
0.00043630
0.00043630
0.00043630
0.00043630
0.00043630
0.00043630
0.00043630
0.00043630
0.00043630
0.00043630
0.00043630
0.00043630
0.00043630
0.00043630
0.00043630
0.00043630
0.00043630
0.00043630
0.00043630
0.00043630
0.00043630
0.00043630
0.00043630
0.00043630
0.00043630
0.00043630
0.00043630
0.00043630
0.00043630
0.00043630
0.00043630
0.00043630
0.00043630
0.00043630
0.00043630
0.00043630
0.00043630
0.00043630
0.00043630
0.00043630
0.00043630
0.00043630
0.00043630
0.00043630
0.00043630
0.00043630
0.00043630
0.00043630
0.00043630
0.00043630
0.00043630
0.00043630
0.00043630
0.00043630
0.00043630
0.00043630
0.00043630
0.00043630
0.00043630
0.00043630
0.00043630
0.00043630
0.00043630
0.00043630
0.00043630
0.00043630
0.00043630
0.00043630
0.00043630
0.00043630
0.00043630
0.00043630
0.00043630
0.00043630
0.00043630
0.00043630
0.00043630
0.00043630
0.00043630
0.00043630
0.00043630
0.00043630
0.00043630
0.00043630
0.00043630
0.00043630
0.00043630
0.00043630
0.00043630
0.00043630
0.00043630
0.00043630
0.00043630
0.00043630
0.00043630
0.00043630
0.00043630
0.00043630
0.00043630
0.00043630
0.00043630
0.00043630
0.00043630
0.00043630
0.00043630
0.00043630
0.00043630
0.00043630
0.00043630
0.00043630
0.00043630
0.00043630
0.00043630
0.00043630
0.00043630
0.00043630
0.00043630
0.00043630
0.00043630
0.00043630
0.00043630
0.00043630
0.00043630
0.00043630
0.00043630
0.00043630
0.00043630
0.00043630
0.00043630
0.00043630
0.00043630
0.00043630
0.00043630
0.00043630
0.00043630
0.00043630
0.00043630
0.00043630
0.00043630
0.00043630
0.00043630
0.00043630
0.00043630
0.00043630
0.00043630
0.00043630
0.00043630
0.00043630
0.00043630
0.00043630
0.00043630
0.00043630
0.00043630
0.00043630
0.00043630
0.00043630
0.00043630
0.00043630
0.00043630
0.00043630
0.00043630
0.00043630
0.00043630
0.00043630
0.00043630
0.00043630
0.00043630
0.00043630
0.00043630
0.00043630
0.00043630
0.00043630
0.00043630
0.00043630
0.00043630
0.00043630
0.00043630
0.00043630
0.00043630
0.00043630
0.00043630
0.00043630
0.00043630
0.00043630
0.00043630
0.00043630
0.00043630
0.00043630
0.00043630
0.00043630
0.00043630
0.00043630
0.00043630
0.00043630
0.00043630
0.00043630
0.00043630
0.00043630
0.00043630
0.00043630
0.00043630
0.00043630
0.00043630
0.00043630
0.00043630
0.00043630
0.00043630
0.00043630
0.00043630
0.00043630
0.00043630
0.00043630
0.00043630
0.00043630
0.00043630
0.00043630
0.00043630
0.00043630
0.00043630
0.00043630
0.00043630
0.00043630
0.00043630
0.00043630
0.00043630
0.00043630
0.00043630
0.00043630
0.00043630
0.00043630
0.00043630
0.00043630
0.00043630
0.00043630
0.00043630
0.00043630
0.00043630
0.00043630
0.00043630
0.00043630
0.00043630
0.00043630
0.00043630
0.00043630
0.00043630
0.00043630
0.00043630
0.00043630
0.00043630
0.00043630
0.00043630
0.00043630
0.00043630
0.00043630
0.00043630
0.00043630
0.00043630
0.00043630
0.00043630
0.00043630
0.00043630
0.00043630
0.00043630
0.00043630
0.00043630
0.00043630
0.00043630
0.00043630
0.00043630
0.00043630
0.00043630
0.00043630
0.00043630
0.00043630
0.00043630
0.00043630
0.00043630
0.00043630
0.00043630
0.00043630
0.00043630
0.00043630
0.00043630
0.00043630
0.00043630
0.00043630
0.00043630
0.00043630
0.00043630
0.00043630
0.00043630
0.00043630
0.00043630
0.00043630
0.00043630
0.00043630
0.00043630
0.00043630
0.00043630
0.00043630
0.00043630
0.00043630
0.00043630
0.00043630
0.00043630
0.00043630
0.00043630
0.00043630
0.00043630
0.00043630
0.00043630
0.00043630
0.00043630
0.00043630
0.00043630
0.00043630
0.00043630
0.00043630
0.00043630
0.00043630
0.00043630
0.00043630
0.00043630
0.00043630
0.00043630
0.00043630
0.00043630
0.00043630
0.00043630
0.00043630
0.00043630
0.00043630
0.00043630
0.00043630
0.00043630
0.00043630
0.00043630
0.00043630
0.00043630
0.00043630
0.00043630
0.00043630
0.00043630
0.00043630
0.00043630
0.00043630
0.00043630
0.00043630
0.00043630
0.00043630
0.00043630
0.00043630
0.00043630
0.00043630
0.00043630
0.00043630
0.00043630
0.00043630
0.00043630
0.00043630
0.00043630
0.00043630
0.00043630
0.00043630
0.00043630
0.00043630
0.00043630
0.00043630
0.00043630
0.00043630
0.00043630
0.00043630
0.00043630
0.00043630
0.00043630
0.00043630
0.00043630
0.00043630
0.00043630
0.00043630
0.00043630
0.00043630
0.00043630
0.00043630
0.00043630
0.00043630
0.00043630
0.00043630
0.00043630
0.00043630
0.00043630
0.00043630
0.00043630
0.00043630
0.00043630
0.00043630
0.00043630
0.00043630
0.00043630
0.00043630
0.00043630
0.00043630
0.00043630
0.00043630
0.00043630
0.00043630
0.00043630
0.00043630
0.00043630
0.00043630
0.00043630
0.00043630
0.00043630
0.00043630
0.00043630
0.00043630
0.00043630
0.00043630
0.00043630
0.00043630
0.00043630
0.00043630
0.00043630
0.00043630
0.00043630
0.00043630
0.00043630
0.00043630
0.00043630
0.00043630
0.00043630
0.00043630
0.00043630
0.00043630
0.00043630
0.00043630
0.00043630
0.00043630
0.00043630
0.00043630
0.00043630
0.00043630
0.00043630
0.00043630
0.00043630
0.00043630
0.00043630
0.00043630
0.00043630
0.00043630
0.00043630
0.00043630
0.00043630
0.00043630
0.00043630
0.00043630
0.00043630
0.00043630
0.00043630
0.00043630
0.00043630
0.00043630
0.00043630
0.00043630
0.00043630
0.00043630
0.00043630
0.00043630
0.00043630
0.00043630
0.00043630
0.00043630
0.00043630
0.00043630
0.00043630
0.00043630
0.00043630
0.00043630
0.00043630
0.00043630
0.00043630
0.00043630
0.00043630
0.00043630
0.00043630
0.00043630
0.00043630
0.00043630
0.00043630
0.00043630
0.00043630
0.00043630
0.00043630
0.00043630
0.00043630
0.00043630
0.00043630
0.00043630
0.00043630
0.00043630
0.00043630
0.00043630
0.00043630
0.00043630
0.00043630
0.00043630
0.00043630
0.00043630
0.00043630
0.00043630
0.00043630
0.00043630
0.00043630
0.00043630
0.00043630
0.00043630
0.00043630
0.00043630
0.00043630
0.00043630
0.00043630
0.00043630
0.00043630
0.00043630
0.00043630
0.00043630
0.00043630
0.00043630
0.00043630
0.00043630
0.00043630
0.00043630
0.00043630
0.00043630
0.00043630
0.00043630
0.00043630
0.00043630
0.00043630
0.00043630
0.00043630
0.00043630
0.00043630
0.00043630
0.00043630
0.00043630
0.00043630
0.00043630
0.00043630
0.00043630
0.00043630
0.00043630
0.00043630
0.00043630
0.00043630
0.00043630
0.00043630
0.00043630
0.00043630
0.00043630
0.00043630
0.00043630
0.00043630
0.00043630
0.00043630
0.00043630
0.00043630
0.00043630
0.00043630
0.00043630
0.00043630
0.00043630
0.00043630
0.00043630
0.00043630
0.00043630
0.00043630
0.00043630
0.00043630
0.00043630
0.00043630
0.00043630
0.00043630
0.00043630
0.00043630
0.00043630
0.00043630
0.00043630
0.00043630
0.00043630
0.00043630
0.00043630
0.00043630
0.00043630
0.00043630
0.00043630
0.00043630
0.00043630
0.00043630
0.00043630
0.00043630
0.00043630
0.00043630
0.00043630
0.00043630
0.00043630
0.00043630
0.00043630
0.00043630
0.00043630
0.00043630
0.00043630
0.00043630
0.00043630
0.00043630
0.00043630
0.00043630
0.00043630
0.00043630
0.00043630
0.00043630
0.00043630
0.00043630
0.00043630
0.00043630
0.00043630
0.00043630
0.00043630
0.00043630
0.00043630
0.00043630
0.00043630
0.00043630
0.00043630
0.00043630
0.00043630
0.00043630
0.00043630
0.00043630
0.00043630
0.00043630
0.00043630
0.00043630
0.00043630
0.00043630
0.00043630
0.00043630
0.00043630
0.00043630
0.00043630
0.00043630
0.00043630
0.00043630
0.00043630
0.00043630
0.00043630
0.00043630
0.00043630
0.00043630
0.00043630
0.00043630
0.00043630
0.00043630
0.00043630
0.00043630
0.00043630
0.00043630
0.00043630
0.00043630
0.00043630
0.00043630
0.00043630
0.00043630
0.00043630
0.00043630
0.00043630
0.00043630
0.00043630
0.00043630
0.00043630
0.00043630
0.00043630
0.00043630
0.00043630
0.00043630
0.00043630
0.00043630
0.00043630
0.00043630
0.00043630
0.00043630
0.00043630
0.00043630
0.00043630
0.00043630
0.00043630
0.00043630
0.00043630
0.00043630
0.00043630
0.00043630
0.00043630
0.00043630
0.00043630
0.00043630
0.00043630
0.00043630
0.00043630
0.00043630
0.00043630
0.00043630
0.00043630
0.00043630
0.00043630
0.00043630
0.00043630
0.00043630
0.00043630
0.00043630
0.00043630
0.00043630
0.00043630
0.00043630
0.00043630
0.00043630
0.00043630
0.00043630
0.00043630
0.00043630
0.00043630
0.00043630
0.00043630
0.00043630
0.00043630
0.00043630
0.00043630
0.00043630
0.00043630
0.00043630
0.00043630
0.00043630
0.00043630
0.00043630
0.00043630
0.00043630
0.00043630
0.00043630
0.00043630
0.00043630
0.00043630
0.00043630
0.00043630
0.00043630
0.00043630
0.00043630
0.00043630
0.00043630
0.00043630
0.00043630
0.00043630
0.00043630
0.00043630
0.00043630
0.00043630
0.00043630
0.00043630
0.00043630
0.00043630
0.00043630
0.00043630
0.00043630
0.00043630
0.00043630
0.00043630
0.00043630
0.00043630
0.00043630
0.00043630
0.00043630
0.00043630
0.00043630
0.00043630
0.00043630
0.00043630
0.00043630
0.00043630
0.00043630
0.00043630
0.00043630
0.00043630
0.00043630
0.00043630
0.00043630
0.00043630
0.00043630
0.00043630
0.00043630
0.00043630
0.00043630
0.00043630
0.00043630
0.00043630
0.00043630
0.00043630
0.00043630
0.00043630
0.00043630
0.00043630
0.00043630
0.00043630
0.00043630
0.00043630
0.00043630
0.00043630
0.00043630
0.00043630
0.00043630
0.00043630
0.00043630
0.00043630
0.00043630
0.00043630
0.00043630
0.00043630
0.00043630
0.00043630
0.00043630
0.00043630
0.00043630
0.00043630
0.00043630
0.00043630
0.00043630
0.00043630
0.00043630
0.00043630
0.00043630
0.00043630
0.00043630
0.00043630
0.00043630
0.00043630
0.00043630
0.00043630
0.00043630
0.00043630
0.00043630
0.00043630
0.00043630
0.00043630
0.00043630
0.00043630
0.00043630
0.00043630
0.00043630
0.00043630
0.00043630
0.00043630
0.00043630
0.00043630
0.00043630
0.00043630
0.00043630
0.00043630
0.00043630
0.00043630
0.00043630
0.00043630
0.00043630
0.00043630
0.00043630
0.00043630
0.00043630
0.00043630
0.00043630
0.00043630
0.00043630
0.00043630
0.00043630
0.00043630
0.00043630
0.00043630
0.00043630
0.00043630
0.00043630
0.00043630
0.00043630
0.00043630
0.00043630
0.00043630
0.00043630
0.00043630
0.00043630
0.00043630
0.00043630
0.00043630
0.00043630
0.00043630
0.00043630
0.00043630
0.00043630
0.00043630
0.00043630
0.00043630
0.00043630
0.00043630
0.00043630
0.00043630
0.00043630
0.00043630
0.00043630
0.00043630
0.00043630
0.00043630
0.00043630
0.00043630
0.00043630
0.00043630
0.00043630
0.00043630
0.00043630
0.00043630
0.00043630
0.00043630
0.00043630
0.00043630
0.00043630
0.00043630
0.00043630
0.00043630
0.00043630
0.00043630
0.00043630
0.00043630
0.00043630
0.00043630
0.00043630
0.00043630
0.00043630
0.00043630
0.00043630
0.00043630
0.00043630
0.00043630
0.00043630
0.00043630
0.00043630
0.00043630
0.00043630
0.00043630
0.00043630
0.00043630
0.00043630
0.00043630
0.00043630
0.00043630
0.00043630
0.00043630
0.00043630
0.00043630
0.00043630
0.00043630
0.00043630
0.00043630
0.00043630
0.00043630
0.00043630
0.00043630
0.00043630
0.00043630
0.00043630
0.00043630
0.00043630
0.00043630
0.00043630
0.00043630
0.00043630
0.00043630
0.00043630
0.00043630
0.00043630
0.00043630
0.00043630
0.00043630
0.00043630
0.00043630
0.00043630
0.00043630
0.00043630
0.00043630
0.00043630
0.00043630
0.00043630
0.00043630
0.00043630
0.00043630
0.00043630
0.00043630
0.00043630
0.00043630
0.00043630
0.00043630
0.00043630
0.00043630
0.00043630
0.00043630
0.00043630
0.00043630
0.00043630
0.00043630
0.00043630
0.00043630
0.00043630
0.00043630
0.00043630
0.00043630
0.00043630
0.00043630
0.00043630
0.00043630
0.00043630
0.00043630
0.00043630
0.00043630
0.00043630
0.00043630
0.00043630
0.00043630
0.00043630
0.00043630
0.00043630
0.00043630
0.00043630
0.00043630
0.00043630
0.00043630
0.00043630
0.00043630
0.00043630
0.00043630
0.00043630
0.00043630
0.00043630
0.00043630
0.00043630
0.00043630
0.00043630
0.00043630
0.00043630
0.00043630
0.00043630
0.00043630
0.00043630
0.00043630
0.00043630
0.00043630
0.00043630
0.00043630
0.00043630
0.00043630
0.00043630
0.00043630
0.00043630
0.00043630
0.00043630
0.00043630
0.00043630
0.00043630
0.00043630
0.00043630
0.00043630
0.00043630
0.00043630
0.00043630
0.00043630
0.00043630
0.00043630
0.00043630
0.00043630
0.00043630
0.00043630
0.00043630
0.00043630
0.00043630
0.00043630
0.00043630
0.00043630
0.00043630
0.00043630
0.00043630
0.00043630
0.00043630
0.00043630
0.00043630
0.00043630
0.00043630
0.00043630
0.00043630
0.00043630
0.00043630
0.00043630
0.00043630
0.00043630
0.00043630
0.00043630
0.00043630
0.00043630
0.00043630
0.00043630
0.00043630
0.00043630
0.00043630
0.00043630
0.00043630
0.00043630
0.00043630
0.00043630
0.00043630
0.00043630
0.00043630
0.00043630
0.00043630
0.00043630
0.00043630
0.00043630
0.00043630
0.00043630
0.00043630
0.00043630
0.00043630
0.00043630
0.00043630
0.00043630
0.00043630
0.00043630
0.00043630
0.00043630
0.00043630
0.00043630
0.00043630
0.00043630
0.00043630
0.00043630
0.00043630
0.00043630
0.00043630
0.00043630
0.00043630
0.00043630
0.00043630
0.00043630
0.00043630
0.00043630
0.00043630
0.00043630
0.00043630
0.00043630
0.00043630
0.00043630
0.00043630
0.00043630
0.00043630
0.00043630
0.00043630
0.00043630
0.00043630
0.00043630
0.00043630
0.00043630
0.00043630
0.00043630
0.00043630
0.00043630
0.00043630
0.00043630
0.00043630
0.00043630
0.00043630
0.00043630
0.00043630
0.00043630
0.00043630
0.00043630
0.00043630
0.00043630
