1.00000000
0.99904123
0.99808245
0.99712368
0.99616491
0.99520614
0.99424736
0.99328859
0.99232982
0.99137105
0.99041227
0.98945350
0.98849473
0.98753595
0.98657718
0.98561841
0.98465964
0.98370086
0.98274209
0.98178332
0.98082454
0.97986577
0.97890700
0.97794823
0.97698945
0.97603068
0.97507191
0.97411314
0.97315436
0.97219559
0.97123682
0.97027804
0.96931927
0.96836050
0.96740173
0.96644295
0.96548418
0.96452541
0.96356663
0.96260786
0.96164909
0.96069032
0.95973154
0.95877277
0.95781400
0.95685523
0.95589645
0.95493768
0.95397891
0.95302013
0.95206136
0.95110259
0.95014382
0.94918504
0.94822627
0.94726750
0.94630872
0.94534995
0.94439118
0.94343241
0.94247363
0.94151486
0.94055609
0.93959732
0.93863854
0.93767977
0.93672100
0.93576222
0.93480345
0.93384468
0.93288591
0.93192713
0.93096836
0.93000959
0.92905081
0.92809204
0.92713327
0.92617450
0.92521572
0.92425695
0.92329818
0.92233941
0.92138063
0.92042186
0.91946309
0.91850431
0.91754554
0.91658677
0.91562800
0.91466922
0.91371045
0.91275168
0.91179291
0.91083413
0.90987536
0.90891659
0.90795781
0.90699904
0.90604027
0.90508150
0.90412272
0.90316395
0.90220518
0.90124640
0.90028763
0.89932886
0.89741131
0.89645254
0.89549377
0.89453500
0.89357622
0.89261745
0.89165868
0.89069990
0.88974113
0.88878236
0.88782359
0.88686481
0.88590604
0.88494727
0.88398849
0.88302972
0.88111218
0.88015340
0.87919463
0.87823586
0.87727709
0.87631831
0.87535954
0.87440077
0.87344199
0.87248322
0.87152445
0.87056568
0.86960690
0.86864813
0.86768936
0.86673058
0.86577181
0.86481304
0.86385427
0.86289549
0.86193672
0.86097795
0.86001918
0.85906040
0.85810163
0.85714286
0.85618408
0.85522531
0.85426654
0.85330777
0.85234899
0.85139022
0.85043145
0.84947267
0.84851390
0.84755513
0.84659636
0.84563758
0.84467881
0.84372004
0.84276127
0.84180249
0.84084372
0.83988495
0.83892617
0.83796740
0.83700863
0.83604986
0.83509108
0.83413231
0.83317354
0.83221477
0.83125599
0.83029722
0.82933845
0.82837967
0.82742090
0.82646213
0.82550336
0.82454458
0.82358581
0.82262704
0.82166826
0.82070949
0.81975072
0.81879195
0.81783317
0.81687440
0.81591563
0.81495686
0.81399808
0.81303931
0.81208054
0.81112176
0.81016299
0.80920422
0.80824545
0.80728667
0.80632790
0.80536913
0.80441035
0.80345158
0.80249281
0.80153404
0.80057526
0.79961649
0.79865772
0.79769895
0.79674017
0.79578140
0.79482263
0.79386385
0.79290508
0.79194631
0.79098754
0.79002876
0.78906999
0.78811122
0.78715244
0.78619367
0.78523490
0.78427613
0.78331735
0.78235858
0.78139981
0.78044104
0.77948226
0.77852349
0.77756472
0.77660594
0.77564717
0.77468840
0.77372963
0.77277085
0.77181208
0.77085331
0.76989453
0.76893576
0.76797699
0.76510067
0.76414190
0.76318313
0.76222435
0.76126558
0.76030681
0.75934803
0.75838926
0.75743049
0.75647172
0.75551294
0.75455417
0.75359540
0.75263663
0.75167785
0.75071908
0.74976031
0.74880153
0.74784276
0.74688399
0.74592522
0.74496644
0.74400767
0.74304890
0.74209012
0.74113135
0.74017258
0.73921381
0.73825503
0.73729626
0.73633749
0.73537872
0.73441994
0.73346117
0.73250240
0.73154362
0.73058485
0.72962608
0.72866731
0.72674976
0.72579099
0.72483221
0.72387344
0.72291467
0.72195590
0.71524449
0.71428571
0.71332694
0.71236817
0.71140940
0.71045062
0.70949185
0.70853308
0.70757430
0.70661553
0.70565676
0.70469799
0.70373921
0.70278044
0.70182167
0.70086290
0.69990412
0.69894535
0.69798658
0.69702780
0.69606903
0.69511026
0.69415149
0.69319271
0.69223394
0.69127517
0.69031640
0.68935762
0.68839885
0.68744008
0.68648130
0.68456376
0.68360499
0.68168744
0.68072867
0.67976989
0.67881112
0.67785235
0.67689358
0.67497603
0.67305849
0.67209971
0.67114094
0.67018217
0.66922339
0.66826462
0.66730585
0.66634708
0.66538830
0.66442953
0.66347076
0.66251198
0.66251198
0.66155321
0.65963567
0.65771812
0.65675935
0.65580058
0.64908917
0.64813039
0.64717162
0.64621285
0.64525407
0.64429530
0.64237776
0.64141898
0.64046021
0.63950144
0.63854267
0.63758389
0.63662512
0.63470757
0.63374880
0.63279003
0.63183126
0.63087248
0.62991371
0.62895494
0.62799616
0.62703739
0.62607862
0.61744966
0.61649089
0.61553212
0.61457335
0.61361457
0.61265580
0.61265580
0.61169703
0.61073826
0.60977948
0.60690316
0.60594439
0.59923298
0.59827421
0.59539789
0.59443912
0.59348035
0.59252157
0.59060403
0.58964525
0.58868648
0.58772771
0.58581016
0.58485139
0.58389262
0.58197507
0.58101630
0.58005753
0.57909875
0.57813998
0.57430489
0.57334612
0.57238734
0.57046980
0.56951103
0.56855225
0.56375839
0.56279962
0.56088207
0.55992330
0.55417066
0.55321189
0.55225312
0.55129434
0.55129434
0.55033557
0.54362416
0.54266539
0.53978907
0.52828380
0.51773730
0.51581975
0.51486098
0.51390221
0.51006711
0.50047939
0.49952061
0.49856184
0.49760307
0.49664430
0.49185043
0.47938639
0.46788111
0.46500479
0.46116970
0.46116970
0.46021093
0.45733461
0.45541707
0.45158198
0.44870566
0.44199425
0.42665388
0.42665388
0.42473634
0.42090125
0.41898370
0.41131352
0.40843720
0.40747843
0.40172579
0.39693193
0.39597315
0.36720997
0.36433365
0.35666347
0.33173538
0.32598274
0.31160115
0.29050815
0.29050815
0.28859060
0.25599233
0.25599233
0.25599233
0.24640460
0.24448706
0.24448706
0.24448706
0.23106424
0.18312560
0.17737296
0.17641419
0.16490892
0.15627996
0.11025887
0.10546500
0.10546500
0.07094919
0.04697987
0.04697987
0.04697987
0.04697987
0.04697987
0.04697987
0.03643337
0.03643337
0.03643337
0.03643337
0.03643337
0.03643337
0.03643337
0.03643337
0.03643337
0.03068073
0.03068073
0.02492809
0.01821668
0.01821668
0.01821668
0.01821668
0.01821668
0.01821668
0.01821668
0.01821668
0.01821668
0.01821668
0.01821668
0.01821668
0.01821668
0.01821668
0.01821668
0.01821668
0.01821668
0.01821668
0.01821668
0.01821668
0.01821668
0.01821668
0.01342282
0.01342282
0.01150527
0.01150527
0.01150527
0.01150527
0.01150527
0.01150527
0.01150527
0.01150527
0.01150527
0.01150527
0.01150527
0.01054650
0.01054650
0.01054650
0.01054650
0.01054650
0.01054650
0.01054650
0.01054650
0.01054650
0.01054650
0.00958773
0.00958773
0.00958773
0.00958773
0.00958773
0.00671141
0.00671141
0.00671141
0.00671141
0.00671141
0.00671141
0.00671141
0.00671141
0.00671141
0.00671141
0.00671141
0.00671141
0.00671141
0.00671141
0.00479386
0.00479386
0.00479386
0.00479386
0.00479386
0.00479386
0.00479386
0.00479386
0.00479386
0.00479386
0.00383509
0.00383509
0.00383509
0.00383509
0.00383509
0.00383509
0.00383509
0.00383509
0.00383509
0.00383509
0.00383509
0.00383509
0.00383509
0.00383509
0.00383509
0.00383509
0.00383509
0.00383509
0.00383509
0.00383509
0.00383509
0.00383509
0.00383509
0.00383509
0.00383509
0.00383509
0.00383509
0.00383509
0.00383509
0.00383509
0.00383509
0.00383509
0.00383509
0.00383509
0.00383509
0.00383509
0.00383509
0.00383509
0.00383509
0.00383509
0.00383509
0.00383509
0.00383509
0.00383509
0.00383509
0.00383509
0.00383509
0.00383509
0.00383509
0.00383509
0.00383509
0.00383509
0.00383509
0.00383509
0.00383509
0.00383509
0.00383509
0.00383509
0.00383509
0.00383509
0.00383509
0.00383509
0.00383509
0.00383509
0.00383509
0.00383509
0.00383509
0.00383509
0.00383509
0.00383509
0.00383509
0.00383509
0.00383509
0.00383509
0.00383509
0.00383509
0.00383509
0.00383509
0.00383509
0.00383509
0.00383509
0.00383509
0.00383509
0.00383509
0.00383509
0.00383509
0.00383509
0.00383509
0.00383509
0.00383509
0.00383509
0.00383509
0.00383509
0.00383509
0.00383509
0.00383509
0.00383509
0.00383509
0.00383509
0.00383509
0.00383509
0.00383509
0.00383509
0.00383509
0.00383509
0.00383509
0.00383509
0.00383509
0.00383509
0.00383509
0.00383509
0.00383509
0.00383509
0.00383509
0.00383509
0.00383509
0.00383509
0.00383509
0.00383509
0.00383509
0.00383509
0.00383509
0.00383509
0.00383509
0.00383509
0.00383509
0.00383509
0.00383509
0.00383509
0.00383509
0.00383509
0.00383509
0.00383509
0.00383509
0.00383509
0.00383509
0.00383509
0.00383509
0.00383509
0.00383509
0.00383509
0.00383509
0.00383509
0.00383509
0.00383509
0.00383509
0.00383509
0.00383509
0.00383509
0.00383509
0.00383509
0.00383509
0.00383509
0.00383509
0.00383509
0.00383509
0.00383509
0.00383509
0.00383509
0.00383509
0.00383509
0.00383509
0.00383509
0.00383509
0.00383509
0.00383509
0.00383509
0.00383509
0.00383509
0.00383509
0.00383509
0.00383509
0.00383509
0.00383509
0.00383509
0.00383509
0.00383509
0.00383509
0.00383509
0.00383509
0.00383509
0.00383509
0.00383509
0.00383509
0.00383509
0.00383509
0.00383509
0.00383509
0.00383509
0.00383509
0.00383509
0.00383509
0.00383509
0.00383509
0.00383509
0.00383509
0.00383509
0.00383509
0.00383509
0.00383509
0.00383509
0.00383509
0.00383509
0.00383509
0.00383509
0.00383509
0.00383509
0.00383509
0.00383509
0.00383509
0.00383509
0.00383509
0.00383509
0.00383509
0.00383509
0.00383509
0.00383509
0.00383509
0.00383509
0.00383509
0.00383509
0.00383509
0.00383509
0.00383509
0.00383509
0.00383509
0.00383509
0.00383509
0.00383509
0.00383509
0.00383509
0.00383509
0.00383509
0.00383509
0.00383509
0.00383509
0.00383509
0.00383509
0.00383509
0.00383509
0.00383509
0.00383509
0.00383509
0.00383509
0.00383509
0.00383509
0.00383509
0.00383509
0.00383509
0.00383509
0.00383509
0.00383509
0.00383509
0.00383509
0.00383509
0.00383509
0.00383509
0.00383509
0.00383509
0.00383509
0.00383509
0.00383509
0.00383509
0.00383509
0.00383509
0.00383509
0.00383509
0.00383509
0.00383509
0.00383509
0.00383509
0.00383509
0.00383509
0.00383509
0.00383509
0.00383509
0.00383509
0.00383509
0.00383509
0.00383509
0.00383509
0.00383509
0.00383509
0.00383509
0.00383509
0.00383509
0.00383509
0.00383509
0.00383509
0.00383509
0.00383509
0.00383509
0.00383509
0.00383509
0.00383509
0.00383509
0.00383509
0.00383509
0.00383509
0.00383509
0.00383509
0.00383509
0.00383509
0.00383509
0.00383509
0.00383509
0.00383509
0.00383509
0.00383509
0.00383509
0.00383509
0.00383509
0.00383509
0.00383509
0.00383509
0.00383509
0.00383509
0.00383509
0.00383509
0.00287632
0.00287632
0.00287632
0.00287632
0.00287632
0.00287632
0.00287632
0.00287632
0.00287632
0.00287632
0.00287632
0.00287632
0.00287632
0.00287632
0.00287632
0.00287632
0.00287632
0.00287632
0.00287632
0.00287632
0.00287632
0.00287632
0.00287632
0.00287632
0.00287632
0.00191755
0.00191755
0.00191755
0.00191755
0.00191755
0.00191755
0.00191755
0.00191755
0.00191755
0.00191755
0.00191755
0.00191755
0.00191755
0.00191755
0.00191755
0.00191755
0.00191755
0.00191755
0.00191755
0.00191755
0.00191755
0.00191755
0.00191755
0.00191755
0.00191755
0.00191755
0.00191755
0.00191755
0.00191755
0.00191755
0.00191755
0.00191755
0.00191755
0.00191755
0.00191755
0.00191755
0.00191755
0.00191755
0.00191755
0.00191755
0.00191755
0.00191755
0.00191755
0.00191755
0.00191755
0.00191755
0.00191755
0.00191755
0.00191755
0.00191755
0.00191755
0.00191755
0.00191755
0.00191755
0.00191755
0.00191755
0.00191755
0.00191755
0.00191755
0.00191755
0.00191755
0.00191755
0.00191755
0.00191755
0.00191755
0.00191755
0.00191755
0.00191755
0.00191755
0.00191755
0.00191755
0.00191755
0.00191755
0.00191755
0.00191755
0.00191755
0.00191755
0.00191755
0.00191755
0.00191755
0.00191755
0.00191755
0.00191755
0.00191755
0.00191755
0.00191755
0.00191755
0.00191755
0.00191755
0.00191755
0.00191755
0.00191755
0.00191755
0.00191755
0.00191755
0.00191755
0.00191755
0.00191755
0.00191755
0.00191755
0.00191755
0.00191755
0.00191755
0.00191755
0.00191755
0.00191755
0.00191755
0.00191755
0.00191755
0.00191755
0.00191755
0.00191755
0.00191755
0.00191755
0.00191755
0.00191755
0.00191755
0.00191755
0.00095877
0.00095877
0.00095877
0.00095877
0.00095877
0.00095877
0.00095877
0.00095877
0.00095877
0.00095877
0.00095877
0.00095877
0.00095877
