1.00000000
0.90476190
0.85714286
0.80952381
0.70238095
0.63095238
0.59523810
0.50000000
0.47619048
0.46428571
0.27380952
0.04761905
0.03571429
0.03571429
0.03571429
0.03571429
0.03571429
0.03571429
0.03571429
0.03571429
0.03571429
0.03571429
0.02380952
0.02380952
0.02380952
0.02380952
0.02380952
0.02380952
0.02380952
0.02380952
0.02380952
0.02380952
0.02380952
0.02380952
0.02380952
0.02380952
0.02380952
0.02380952
0.02380952
0.02380952
0.02380952
0.02380952
0.02380952
0.02380952
0.02380952
0.02380952
0.02380952
0.02380952
0.02380952
0.02380952
0.02380952
0.02380952
0.02380952
0.02380952
0.02380952
0.02380952
0.02380952
0.02380952
0.02380952
0.02380952
0.02380952
0.02380952
0.02380952
0.02380952
0.02380952
0.02380952
0.02380952
0.02380952
0.01190476
0.01190476
0.01190476
0.01190476
0.01190476
0.01190476
0.01190476
0.01190476
0.01190476
0.01190476
0.01190476
0.01190476
0.01190476
0.01190476
0.01190476
0.01190476
