1.00000000
0.99610895
0.97276265
0.96887160
0.96108949
0.95719844
0.94941634
0.94163424
0.93774319
0.92607004
0.91828794
0.91439689
0.91050584
0.90661479
0.90272374
0.89494163
0.89105058
0.87937743
0.86770428
0.85992218
0.85214008
0.84435798
0.84046693
0.83657588
0.83268482
0.82879377
0.82490272
0.81322957
0.80155642
0.79766537
0.78599222
0.78210117
0.77821012
0.76653696
0.76264591
0.75875486
0.75486381
0.75097276
0.74708171
0.73929961
0.73151751
0.71206226
0.70038911
0.69649805
0.69260700
0.68871595
0.68482490
0.68093385
0.67315175
0.66926070
0.66536965
0.66147860
0.65758755
0.65369650
0.64980545
0.63424125
0.63035019
0.62645914
0.62256809
0.59143969
0.58754864
0.58365759
0.57976654
0.57587549
0.57198444
0.41634241
0.41245136
0.39688716
0.39688716
0.38910506
0.38910506
0.38521401
0.36186770
0.29571984
0.29571984
0.29182879
0.28793774
0.26070039
0.17898833
0.17898833
0.17898833
0.17898833
0.17509728
0.17509728
0.15175097
0.15175097
0.12062257
0.03112840
0.03112840
0.03112840
0.03112840
0.03112840
0.03112840
0.03112840
0.02334630
0.01945525
0.01945525
0.01945525
0.01945525
0.01945525
0.01556420
0.01556420
0.01167315
0.01167315
0.01167315
0.01167315
0.01167315
0.01167315
0.01167315
0.01167315
0.01167315
0.01167315
0.01167315
0.01167315
0.01167315
0.01167315
0.01167315
0.01167315
0.01167315
0.01167315
0.01167315
0.01167315
0.01167315
0.01167315
0.01167315
0.01167315
0.01167315
0.01167315
0.01167315
0.01167315
0.01167315
0.01167315
0.01167315
0.01167315
0.01167315
0.01167315
0.01167315
0.01167315
0.01167315
0.01167315
0.01167315
0.01167315
0.01167315
0.01167315
0.01167315
0.01167315
0.01167315
0.01167315
0.01167315
0.01167315
0.01167315
0.01167315
0.01167315
0.01167315
0.01167315
0.01167315
0.01167315
0.01167315
0.01167315
0.01167315
0.01167315
0.01167315
0.01167315
0.01167315
0.01167315
0.01167315
0.01167315
0.01167315
0.01167315
0.01167315
0.01167315
0.01167315
0.01167315
0.01167315
0.01167315
0.01167315
0.01167315
0.01167315
0.01167315
0.01167315
0.01167315
0.01167315
0.01167315
0.01167315
0.01167315
0.01167315
0.01167315
0.01167315
0.01167315
0.01167315
0.01167315
0.01167315
0.01167315
0.01167315
0.01167315
0.01167315
0.01167315
0.01167315
0.01167315
0.01167315
0.01167315
0.01167315
0.01167315
0.01167315
0.01167315
0.01167315
0.01167315
0.01167315
0.01167315
0.01167315
0.01167315
0.01167315
0.01167315
0.01167315
0.01167315
0.01167315
0.01167315
0.01167315
0.01167315
0.01167315
0.01167315
0.01167315
0.01167315
0.01167315
0.01167315
0.01167315
0.01167315
0.01167315
0.01167315
0.01167315
0.01167315
0.01167315
0.01167315
0.01167315
0.01167315
0.01167315
0.01167315
0.01167315
0.01167315
0.01167315
0.01167315
0.01167315
0.01167315
0.01167315
0.01167315
0.01167315
0.01167315
0.01167315
0.01167315
0.01167315
0.01167315
0.01167315
0.01167315
0.01167315
0.01167315
0.01167315
0.01167315
0.01167315
0.01167315
0.01167315
0.01167315
0.01167315
0.00778210
0.00778210
0.00778210
0.00778210
0.00778210
0.00778210
0.00778210
0.00778210
0.00778210
0.00389105
0.00389105
0.00389105
0.00389105
0.00389105
0.00389105
0.00389105
0.00389105
