44
13
14
6
8
21
43
26
16
5
3
36
34
10
38
39
30
22
1
7
33
108
25
20
4
9
35
75
62
31
29
104
28
17
70
2
65
11
67
79
24
69
81
54
48
68
42
59
46
109
51
41
95
90
27
77
83
57
147
12
85
92
145
116
107
18
32
15
86
149
58
102
87
88
186
157
72
64
112
76
73
80
118
89
119
101
123
66
120
82
114
133
98
156
96
111
99
167
91
93
0
19
23
37
40
45
47
49
50
52
53
55
56
60
61
63
71
74
78
84
94
97
100
103
105
106
110
113
115
117
121
122
124
125
126
127
128
129
130
131
132
134
135
136
137
138
139
140
141
142
143
144
146
148
150
151
152
153
154
155
158
159
160
161
162
163
164
165
166
168
169
170
171
172
