53
54
59
55
60
56
58
166
108
165
13
150
12
66
151
176
178
263
114
182
57
181
177
160
3
262
169
10
61
187
102
67
82
103
110
11
5
65
2
70
161
113
170
18
261
156
185
188
168
186
97
39
69
167
249
267
64
40
246
171
134
68
4
198
250
21
130
268
159
270
194
107
155
271
179
222
77
197
269
105
106
126
266
9
104
20
83
259
129
38
174
245
257
30
133
63
71
85
137
240
28
189
0
1
6
7
8
14
15
16
17
19
22
23
24
25
26
27
29
31
32
33
34
35
36
37
41
42
43
44
45
46
47
48
49
50
51
52
62
72
73
74
75
76
78
79
80
81
84
86
87
88
89
90
91
92
93
94
95
96
98
99
100
101
109
111
112
115
116
117
118
119
120
121
122
123
124
125
127
128
131
132
135
136
138
139
140
141
142
143
144
145
146
147
148
149
152
153
154
157
158
162
163
164
172
173
175
180
183
184
190
191
192
193
195
196
199
200
201
202
203
204
205
206
207
208
209
210
211
212
213
214
215
216
217
218
219
220
221
223
224
225
226
227
228
229
230
231
232
233
234
235
236
237
238
239
241
242
243
244
247
248
251
252
253
254
255
256
258
260
264
