1352
429
46
1291
123
108
508
1396
477
824
14
1017
564
711
341
511
715
1046
1129
1198
343
280
347
1175
63
841
616
372
157
1131
636
952
1151
549
687
27
936
303
665
934
1332
383
659
1033
523
1222
1388
365
590
614
1231
1209
93
255
494
368
1190
146
1096
216
832
1069
1041
487
1127
156
238
584
864
423
472
791
198
628
261
419
338
571
795
384
704
1297
895
254
380
900
375
524
787
457
702
668
876
1265
1375
325
1172
1128
1048
1268
785
222
416
798
748
1055
1140
1061
497
1088
1108
436
1068
1170
11
393
164
517
1243
863
1110
1290
1322
1189
1307
231
768
851
81
107
396
208
209
265
223
1226
451
1031
1337
69
869
1302
1323
54
211
20
183
266
445
495
618
678
965
707
66
234
719
725
1317
1362
205
285
363
545
842
898
959
101
132
350
152
312
395
526
601
1045
1059
1065
1095
1107
1359
3
26
283
513
660
1156
1217
932
13
294
518
605
760
811
871
1123
392
412
862
990
1097
0
23
39
44
59
61
62
72
77
83
99
131
144
190
212
213
298
299
322
397
400
404
428
452
522
536
588
606
620
621
627
706
751
860
904
906
979
1124
1132
1343
598
931
30
124
147
182
224
243
245
699
853
17
331
512
602
803
822
892
1005
1133
1312
9
279
376
468
471
626
646
790
826
857
859
933
970
991
1002
1098
1104
1137
1141
1380
2
5
15
18
22
31
34
41
45
64
76
79
80
86
91
111
113
114
117
120
122
125
128
130
138
148
155
163
165
176
179
181
193
194
215
227
240
249
250
259
271
276
281
289
306
309
311
316
327
337
339
345
348
354
356
360
382
386
411
422
424
440
441
458
461
478
491
496
500
534
538
542
546
548
560
581
589
591
610
622
641
650
651
655
666
669
681
710
740
750
780
813
833
868
896
916
923
939
962
1015
1047
1060
1249
336
766
945
981
1
4
6
7
8
10
12
16
19
21
24
25
28
29
32
33
35
36
37
38
40
42
43
47
48
49
50
51
52
53
55
56
57
58
60
65
67
68
70
71
73
74
75
78
82
84
85
87
88
89
90
92
94
95
96
97
98
100
102
103
104
105
106
109
110
112
115
116
118
119
121
126
127
129
133
134
135
136
137
139
140
141
142
143
145
149
150
151
153
154
158
159
160
161
162
166
167
168
169
170
171
172
173
174
175
177
178
180
184
185
186
187
188
189
191
192
195
196
197
199
200
201
202
203
204
206
207
210
214
217
218
219
220
221
225
226
228
229
230
232
233
235
236
237
239
241
242
244
246
247
248
251
252
253
256
257
258
260
262
263
264
267
268
269
270
272
273
274
275
277
278
282
284
286
287
288
290
291
292
293
295
296
297
300
301
302
304
305
307
308
310
313
314
315
317
318
319
320
321
323
324
326
328
329
330
332
333
334
335
340
342
344
346
349
351
352
353
355
357
358
359
361
362
364
366
367
369
370
371
373
374
377
378
379
381
385
387
388
389
390
391
394
398
399
401
402
403
405
406
407
408
409
410
413
414
415
417
418
420
421
425
426
427
430
431
432
433
434
435
437
438
439
442
443
444
446
447
448
449
450
453
454
455
456
459
460
462
463
464
465
466
467
469
470
473
474
475
476
479
480
481
482
483
484
485
486
488
489
490
492
493
498
499
501
502
503
504
505
506
507
509
510
514
515
516
519
520
521
525
527
528
529
530
531
532
533
535
537
539
540
541
543
544
547
550
551
552
553
554
555
556
557
558
559
561
562
563
565
566
567
568
569
570
572
573
574
575
576
577
578
579
580
582
583
585
586
587
592
593
594
595
596
597
599
600
603
604
607
608
609
611
612
613
615
617
619
623
624
625
629
630
631
632
633
634
635
637
638
639
640
642
643
644
645
647
648
649
652
653
654
656
657
658
661
662
663
664
667
670
671
672
673
674
675
676
677
679
680
682
683
684
685
686
688
689
690
691
692
693
694
695
696
697
698
700
701
703
705
708
709
712
713
714
716
717
718
720
721
722
723
724
726
727
728
729
730
731
732
733
734
735
736
737
738
739
741
742
743
744
745
746
747
749
752
753
754
755
756
757
758
759
761
762
763
764
765
767
769
770
771
772
773
774
775
776
777
778
779
781
782
783
784
786
788
789
792
793
794
796
797
799
800
801
802
804
805
806
807
808
809
810
812
814
815
816
817
818
819
820
821
823
825
827
828
829
830
831
834
835
836
837
838
839
840
843
844
845
846
847
848
849
850
852
854
855
856
858
861
865
866
867
870
872
873
874
875
877
878
879
880
881
882
883
884
885
886
887
888
889
890
891
893
894
897
899
901
902
903
905
907
908
909
910
911
912
913
914
915
917
918
919
920
921
922
924
925
926
927
928
929
930
935
937
938
940
941
942
943
944
946
947
948
949
950
951
953
954
955
956
957
958
960
961
963
964
966
967
968
969
971
972
973
974
975
976
977
978
980
982
983
984
985
986
987
988
989
992
993
994
995
996
997
998
999
1000
1001
1003
1004
1006
1007
1008
1009
1010
1011
1012
1013
1014
1016
1018
1019
1020
1021
1022
1023
1024
1025
1026
1027
1028
1029
1030
1032
1034
1035
1036
1037
1038
1039
1040
1042
1043
1044
1049
1050
1051
1052
1053
1054
1056
1057
1058
1062
1063
1064
1066
1067
1070
1071
1072
1073
1074
1075
1076
1077
1078
1079
1080
1081
1082
1083
1084
1085
1086
1087
1089
1090
1091
1092
1093
1094
1099
1100
1101
1102
1103
1105
1106
1109
1111
1112
1113
1114
1115
1116
1117
1118
1119
1120
1121
1122
1125
1126
1130
1134
1135
1136
1138
1139
1142
1143
1144
1145
1146
1147
1148
1149
1150
1152
1153
1154
1155
1157
1158
1159
1160
1161
1162
1163
1164
1165
1166
1167
1168
1169
1171
1173
1174
1176
1177
1178
1179
1180
1181
1182
1183
1184
1185
1186
1187
1188
1191
1192
1193
1194
1195
1196
1197
1199
1200
1201
1202
1203
1204
1205
1206
1207
1208
1210
1211
1212
1213
1214
1215
1216
1218
1219
1220
1221
1223
1224
1225
1227
1228
1229
1230
1232
1233
1234
1235
1236
1237
1238
1239
1240
1241
1242
1244
1245
1246
1247
1248
1250
1251
1252
1253
1254
1255
1256
1257
1258
1259
1260
1261
1262
1263
1264
1266
1267
1269
1270
1271
1272
1273
1274
1275
1276
1277
1278
1279
1280
1281
1282
1283
1284
1285
1286
1287
1288
1289
1292
1293
1294
1295
1296
1298
1299
1300
1301
1303
1304
1305
1306
1308
1309
1310
1311
1313
1314
1315
1316
1318
1319
1320
1321
1324
1325
1326
1327
1328
1329
1330
1331
1333
1334
1335
1336
1338
1339
1340
1341
1342
1344
1345
1346
1347
1348
1349
1350
1351
1353
1354
1355
1356
1357
1358
1360
1361
1363
1364
1365
1366
1367
1368
1369
1370
1371
