1108
1323
468
1304
600
355
1561
258
2130
1828
1653
3610
508
791
1100
1654
723
900
663
449
1912
0
184
626
656
1413
83
657
1846
1816
1288
722
342
1136
1565
520
1268
590
1870
793
796
1856
1956
695
209
618
1170
1961
807
792
1
721
326
865
364
381
973
374
108
951
1806
1263
697
569
605
322
797
1962
670
1330
1165
1926
1056
513
3637
1624
382
764
985
474
368
226
1533
1522
3626
993
1765
599
549
1740
601
390
237
228
95
1867
2902
2958
475
1820
331
925
1201
1752
707
1895
794
1146
1327
483
438
706
164
1019
815
249
2119
478
1747
1954
1285
1724
14
1889
358
1841
1744
701
230
457
1784
1266
484
1134
191
678
1174
524
302
1741
266
1838
1903
1748
1113
800
1771
937
1872
359
1386
264
1443
88
293
301
530
1745
784
3596
1437
1804
279
1899
2335
288
1788
25
401
446
1010
492
1139
718
74
1944
2325
221
1152
752
218
133
2195
393
1905
1958
1840
496
1133
3
1907
1195
781
1198
53
1281
161
895
195
59
1615
1760
1664
2
535
728
73
660
2882
321
286
272
1184
427
1090
2074
703
769
1866
2943
1847
2278
289
13
934
58
1151
1291
1265
345
874
885
1810
1791
3035
5
1859
349
1181
1169
1626
124
290
942
162
1325
3620
1022
1287
2170
101
352
1366
2474
1650
275
1904
3668
2914
1807
1712
4
1915
217
1988
1821
522
235
2509
2030
339
2971
1608
330
1538
1197
3618
2150
2149
338
933
688
1164
3633
146
1918
1792
173
396
1555
1274
1813
2075
1009
122
1830
172
2142
3630
2811
2853
44
78
3669
2029
174
171
3622
111
340
591
655
18
1173
233
3078
2060
1775
1819
120
262
607
1269
1536
617
91
43
1321
1825
1050
1668
2198
2016
2358
185
1313
1779
1111
1935
1302
178
2985
2035
128
291
830
2006
2097
1280
296
1853
1037
1260
126
2908
225
3418
1802
485
166
547
2989
3629
1418
2176
2480
2800
2917
234
586
353
567
1722
1900
140
1135
2197
2067
2772
1746
1940
300
109
1725
144
1278
256
2087
46
1929
1015
1080
1774
1845
192
253
1276
490
1279
1397
1809
1459
594
1737
3056
566
3055
2915
1750
1876
915
292
1844
287
2300
68
1947
250
1852
8
67
48
81
6
7
9
10
11
12
15
16
17
19
20
21
22
23
24
26
27
28
29
30
31
32
33
34
35
36
37
38
39
40
41
42
45
47
49
50
51
52
54
55
56
57
60
61
62
63
64
65
66
69
70
71
72
75
76
77
79
80
82
84
85
86
87
89
90
92
93
94
96
97
98
99
100
102
103
104
105
106
107
110
112
113
114
115
116
117
118
119
121
123
125
127
129
130
131
132
134
135
136
137
138
139
141
142
143
145
147
148
149
150
151
152
153
154
155
156
157
158
159
160
163
165
167
168
169
170
175
176
177
179
180
181
182
183
186
187
188
189
190
193
194
196
197
198
199
200
201
202
203
204
205
206
207
208
210
211
212
213
214
215
216
219
220
222
223
224
227
229
231
232
236
238
239
240
241
242
243
244
245
246
247
248
251
252
254
255
257
259
260
261
263
265
267
268
269
270
271
273
274
276
277
278
280
281
282
283
284
285
294
295
297
298
299
303
304
305
306
307
308
309
310
311
312
313
314
315
316
317
318
319
320
323
324
325
327
328
329
332
333
334
335
336
337
341
343
344
346
347
348
350
351
354
356
357
360
361
362
363
365
366
367
369
370
371
372
373
375
376
377
378
379
380
383
384
385
386
387
388
389
391
392
394
395
397
398
399
400
402
403
404
405
406
407
408
409
410
411
412
413
414
415
416
417
418
419
420
421
422
423
424
425
426
428
429
430
431
432
433
434
435
436
437
439
440
441
442
443
444
445
447
448
450
451
452
453
454
455
456
458
459
460
461
462
463
464
465
466
467
469
470
471
472
473
476
477
479
480
481
482
486
487
488
489
491
493
494
495
497
498
499
500
501
502
503
504
505
506
507
509
510
511
512
514
515
516
517
518
519
521
523
525
526
527
528
529
531
532
533
534
536
537
538
539
540
541
542
543
544
545
546
548
550
551
552
553
554
555
556
557
558
559
560
561
562
563
564
565
568
570
571
572
573
574
575
576
577
578
579
580
581
582
583
584
585
587
588
589
592
593
595
596
597
598
602
603
604
606
608
609
610
611
612
613
614
615
616
619
620
621
622
623
624
625
627
628
629
630
631
632
633
634
635
636
637
638
639
640
641
642
643
644
645
646
647
648
649
650
651
652
653
654
658
659
661
662
664
665
666
667
668
669
671
672
673
674
675
676
677
679
680
681
682
683
684
685
686
687
689
690
691
692
693
694
696
698
699
700
702
704
705
708
709
710
711
712
713
714
715
716
717
719
720
724
725
726
727
729
730
731
732
733
734
735
736
737
738
739
740
741
742
743
744
745
746
747
748
749
750
751
753
754
755
756
757
758
759
760
761
762
763
765
766
767
768
770
771
772
773
774
775
776
777
778
779
780
782
783
785
786
787
788
789
790
795
798
799
801
802
803
804
805
806
808
809
810
811
812
813
814
816
817
818
819
820
821
822
823
824
825
826
827
828
829
831
832
833
834
835
836
837
838
839
840
841
842
843
844
845
846
847
848
849
850
851
852
853
854
855
856
857
858
859
860
861
862
863
864
866
867
868
869
870
871
872
873
875
876
877
878
879
880
881
882
883
884
886
887
888
889
890
891
892
893
894
896
897
898
899
901
902
903
904
905
906
907
908
909
910
911
912
913
914
916
917
918
919
920
921
922
923
924
926
927
928
929
930
931
932
935
936
938
939
940
941
943
944
945
946
947
948
949
950
952
953
954
955
956
957
958
959
960
961
962
963
964
965
966
967
968
969
970
971
972
974
975
976
977
978
979
980
981
982
983
984
986
987
988
989
990
991
992
994
995
996
997
998
999
1000
1001
1002
1003
1004
1005
1006
1007
1008
1011
1012
1013
1014
1016
1017
1018
1020
1021
1023
1024
1025
1026
1027
1028
1029
1030
1031
1032
1033
1034
1035
1036
1038
1039
1040
1041
1042
1043
1044
1045
1046
1047
1048
1049
1051
1052
1053
1054
1055
1057
1058
1059
1060
1061
1062
1063
1064
1065
1066
1067
1068
1069
1070
1071
1072
1073
1074
1075
1076
1077
1078
1079
1081
1082
1083
1084
1085
1086
1087
1088
1089
1091
1092
1093
1094
1095
1096
1097
1098
1099
1101
1102
1103
1104
1105
1106
1107
1109
1110
1112
1114
1115
1116
1117
1118
1119
1120
1121
1122
1123
1124
1125
1126
1127
1128
1129
1130
1131
1132
1137
1138
1140
1141
1142
1143
1144
1145
1147
1148
1149
1150
1153
1154
1155
1156
1157
1158
1159
1160
1161
1162
1163
1166
1167
1168
1171
1172
1175
1176
1177
1178
1179
1180
1182
1183
1185
1186
1187
1188
1189
1190
1191
1192
1193
1194
1196
1199
1200
1202
1203
1204
1205
1206
1207
1208
1209
1210
1211
1212
1213
1214
1215
1216
1217
1218
1219
1220
1221
1222
1223
1224
1225
1226
1227
1228
1229
1230
1231
1232
1233
1234
1235
1236
1237
1238
1239
1240
1241
1242
1243
1244
1245
1246
1247
1248
1249
1250
1251
1252
1253
1254
1255
1256
1257
1258
1259
1261
1262
1264
1267
1270
1271
1272
1273
1275
1277
1282
1283
1284
1286
1289
1290
1292
1293
1294
1295
1296
1297
1298
1299
1300
1301
1303
1305
1306
1307
1308
1309
1310
1311
1312
1314
1315
1316
1317
1318
1319
1320
1322
1324
1326
1328
1329
1331
1332
1333
1334
1335
1336
1337
1338
1339
1340
1341
1342
1343
1344
1345
1346
1347
1348
1349
1350
1351
1352
1353
1354
1355
1356
1357
1358
1359
1360
1361
1362
1363
1364
1365
1367
1368
1369
1370
1371
1372
1373
1374
1375
1376
1377
1378
1379
1380
1381
1382
1383
1384
1385
1387
1388
1389
1390
1391
1392
1393
1394
1395
1396
1398
1399
1400
1401
1402
1403
1404
1405
1406
1407
1408
1409
1410
1411
1412
1414
1415
1416
1417
1419
1420
1421
1422
1423
1424
1425
1426
1427
1428
1429
1430
1431
1432
1433
1434
1435
1436
1438
1439
1440
1441
1442
1444
1445
1446
1447
1448
1449
1450
1451
1452
1453
1454
1455
1456
1457
1458
1460
1461
1462
1463
1464
1465
1466
1467
1468
1469
1470
1471
1472
1473
1474
1475
1476
1477
1478
1479
1480
1481
1482
1483
1484
1485
1486
1487
1488
1489
1490
1491
1492
1493
1494
1495
1496
1497
1498
1499
1500
1501
1502
1503
1504
1505
1506
1507
1508
1509
1510
1511
1512
1513
1514
1515
1516
1517
1518
1519
1520
1521
1523
1524
1525
1526
1527
1528
1529
