173
943
440
76
336
1
288
385
666
108
549
857
630
361
131
342
162
389
814
62
428
1026
984
637
96
810
359
528
562
433
91
664
535
924
40
799
166
267
139
756
655
581
892
57
219
467
462
895
269
301
349
761
676
114
248
803
159
550
589
578
732
113
693
705
896
455
170
478
767
198
532
847
702
762
52
830
853
773
259
465
274
882
1020
444
181
690
946
864
10
300
442
797
153
378
769
158
889
250
413
445
39
541
525
538
30
365
83
59
353
126
717
955
933
837
152
974
981
303
854
323
1018
320
106
1033
472
13
1011
559
200
537
332
476
716
424
197
133
367
738
800
50
380
923
1008
23
36
393
370
530
594
770
793
1005
48
748
886
789
577
372
501
580
1001
426
174
742
957
573
449
568
699
669
14
261
897
340
542
193
656
995
375
741
801
607
482
97
481
778
64
563
985
322
128
362
678
387
885
258
309
576
662
834
844
828
167
874
488
635
947
611
360
408
875
186
653
668
371
652
224
423
633
873
911
515
414
122
782
19
412
617
85
189
310
190
150
785
842
529
164
81
519
523
942
720
209
278
806
601
60
627
55
324
12
79
1016
16
118
176
275
1012
734
572
1004
207
308
755
1031
616
809
531
682
807
815
991
33
350
557
979
475
684
852
922
44
479
522
565
891
32
470
660
1025
411
432
620
694
49
622
279
394
774
127
597
284
21
290
374
850
934
1015
29
346
503
902
976
178
188
351
860
42
70
177
230
427
641
883
681
898
328
45
438
471
643
928
111
675
291
784
169
485
692
2
228
316
335
986
103
185
661
724
859
816
963
78
236
293
434
632
711
920
154
493
564
808
877
9
38
43
112
144
499
510
697
47
146
210
494
926
966
26
132
183
214
220
305
347
988
104
235
237
242
243
425
512
561
571
592
613
651
718
497
583
603
771
155
286
15
315
357
1034
161
252
334
740
1039
204
399
671
735
749
927
53
345
1042
67
89
229
254
344
459
513
585
650
914
1003
216
277
329
363
419
604
777
796
813
851
302
534
736
69
205
246
373
618
629
781
921
56
268
280
395
765
11
129
148
239
241
352
383
410
526
595
598
610
726
866
925
289
437
560
640
714
812
971
722
0
134
247
508
511
574
764
794
819
983
996
156
201
379
391
450
456
498
575
691
701
706
856
878
683
28
34
51
80
121
192
238
271
321
448
615
626
862
887
939
993
1036
194
398
400
460
4
41
87
93
98
101
102
130
140
142
145
165
168
184
187
208
211
212
233
244
299
319
420
441
547
552
582
648
665
667
700
730
758
759
766
811
829
863
872
916
1009
8
18
71
86
110
116
135
265
283
292
356
358
516
533
586
587
599
638
776
821
876
948
3
5
6
7
17
20
22
24
25
27
31
35
37
46
54
58
61
63
65
66
68
72
73
74
75
77
82
84
88
90
92
94
95
99
100
105
107
109
115
117
119
120
123
124
125
136
137
138
141
143
147
149
151
157
160
163
171
172
175
179
180
182
191
195
196
199
202
203
206
213
215
217
218
221
222
223
225
226
227
231
232
234
240
245
249
251
253
255
256
257
260
262
263
264
266
270
272
273
276
281
282
285
287
294
295
296
297
298
304
306
307
311
312
313
314
317
318
325
326
327
330
331
333
337
338
339
341
343
348
354
355
364
366
368
369
376
377
381
382
384
386
388
390
392
396
397
401
402
403
404
405
406
407
409
415
416
417
418
421
422
429
430
431
435
436
439
443
446
447
451
452
453
454
457
458
461
463
464
466
468
469
473
474
477
480
483
484
486
487
489
490
491
492
495
496
500
502
504
505
506
507
509
514
517
518
520
521
524
527
536
539
540
543
544
545
546
548
551
553
554
555
556
558
566
567
569
570
579
584
588
590
591
593
596
600
602
605
606
608
609
612
614
619
621
623
624
625
628
631
634
636
639
642
644
645
646
647
649
654
657
658
659
663
670
672
673
674
677
679
680
685
686
687
688
689
695
696
698
703
704
707
708
709
710
712
713
715
719
721
723
725
727
728
729
731
733
737
739
743
744
745
746
747
750
751
752
753
754
757
760
763
768
772
775
779
780
783
786
787
788
790
791
792
795
798
802
804
805
817
818
820
822
823
824
825
826
827
831
832
833
835
836
838
839
840
841
843
845
846
848
849
855
858
861
865
867
868
869
870
871
879
880
881
884
888
890
893
894
899
900
901
903
904
905
906
907
908
909
910
912
913
915
917
918
919
929
930
931
932
935
936
937
938
940
941
944
945
949
950
951
952
953
954
956
958
959
960
961
962
964
965
967
968
969
970
972
973
975
977
978
980
982
987
989
990
992
994
997
998
999
1000
1002
1006
1007
1010
1013
1014
1017
1019
1021
