1.000000000000000000e+00
7.475247524752475226e-01
7.029702970297029285e-01
7.029702970297029285e-01
4.455445544554455517e-01
4.455445544554455517e-01
4.455445544554455517e-01
4.356435643564356419e-01
4.306930693069306870e-01
3.910891089108911034e-01
3.465346534653465094e-01
3.465346534653465094e-01
3.465346534653465094e-01
3.465346534653465649e-02
3.465346534653465649e-02
3.465346534653465649e-02
3.465346534653465649e-02
3.465346534653465649e-02
3.465346534653465649e-02
3.465346534653465649e-02
3.465346534653465649e-02
3.465346534653465649e-02
3.465346534653465649e-02
3.465346534653465649e-02
3.465346534653465649e-02
3.465346534653465649e-02
3.465346534653465649e-02
3.465346534653465649e-02
3.465346534653465649e-02
3.465346534653465649e-02
3.465346534653465649e-02
3.465346534653465649e-02
3.465346534653465649e-02
3.465346534653465649e-02
3.465346534653465649e-02
3.465346534653465649e-02
3.465346534653465649e-02
2.475247524752475364e-02
2.475247524752475364e-02
2.475247524752475364e-02
2.475247524752475364e-02
2.475247524752475364e-02
2.475247524752475364e-02
2.475247524752475364e-02
2.475247524752475364e-02
2.475247524752475364e-02
2.475247524752475364e-02
2.475247524752475364e-02
2.475247524752475364e-02
2.475247524752475364e-02
2.475247524752475364e-02
1.485148514851485080e-02
1.485148514851485080e-02
1.485148514851485080e-02
1.485148514851485080e-02
1.485148514851485080e-02
1.485148514851485080e-02
1.485148514851485080e-02
1.485148514851485080e-02
1.485148514851485080e-02
1.485148514851485080e-02
1.485148514851485080e-02
1.485148514851485080e-02
1.485148514851485080e-02
1.485148514851485080e-02
1.485148514851485080e-02
1.485148514851485080e-02
1.485148514851485080e-02
1.485148514851485080e-02
1.485148514851485080e-02
1.485148514851485080e-02
1.485148514851485080e-02
1.485148514851485080e-02
1.485148514851485080e-02
1.485148514851485080e-02
1.485148514851485080e-02
1.485148514851485080e-02
1.485148514851485080e-02
1.485148514851485080e-02
1.485148514851485080e-02
1.485148514851485080e-02
1.485148514851485080e-02
1.485148514851485080e-02
1.485148514851485080e-02
1.485148514851485080e-02
1.485148514851485080e-02
1.485148514851485080e-02
1.485148514851485080e-02
1.485148514851485080e-02
1.485148514851485080e-02
1.485148514851485080e-02
1.485148514851485080e-02
1.485148514851485080e-02
1.485148514851485080e-02
1.485148514851485080e-02
1.485148514851485080e-02
1.485148514851485080e-02
1.485148514851485080e-02
1.485148514851485080e-02
1.485148514851485080e-02
1.485148514851485080e-02
1.485148514851485080e-02
1.485148514851485080e-02
1.485148514851485080e-02
1.485148514851485080e-02
1.485148514851485080e-02
1.485148514851485080e-02
1.485148514851485080e-02
1.485148514851485080e-02
1.485148514851485080e-02
1.485148514851485080e-02
1.485148514851485080e-02
9.900990099009901110e-03
9.900990099009901110e-03
9.900990099009901110e-03
9.900990099009901110e-03
9.900990099009901110e-03
9.900990099009901110e-03
9.900990099009901110e-03
9.900990099009901110e-03
9.900990099009901110e-03
9.900990099009901110e-03
9.900990099009901110e-03
9.900990099009901110e-03
9.900990099009901110e-03
9.900990099009901110e-03
9.900990099009901110e-03
9.900990099009901110e-03
9.900990099009901110e-03
9.900990099009901110e-03
9.900990099009901110e-03
9.900990099009901110e-03
9.900990099009901110e-03
9.900990099009901110e-03
9.900990099009901110e-03
9.900990099009901110e-03
9.900990099009901110e-03
9.900990099009901110e-03
9.900990099009901110e-03
9.900990099009901110e-03
9.900990099009901110e-03
9.900990099009901110e-03
9.900990099009901110e-03
9.900990099009901110e-03
9.900990099009901110e-03
9.900990099009901110e-03
9.900990099009901110e-03
9.900990099009901110e-03
9.900990099009901110e-03
9.900990099009901110e-03
9.900990099009901110e-03
9.900990099009901110e-03
9.900990099009901110e-03
9.900990099009901110e-03
9.900990099009901110e-03
9.900990099009901110e-03
9.900990099009901110e-03
9.900990099009901110e-03
9.900990099009901110e-03
9.900990099009901110e-03
9.900990099009901110e-03
9.900990099009901110e-03
9.900990099009901110e-03
9.900990099009901110e-03
9.900990099009901110e-03
9.900990099009901110e-03
9.900990099009901110e-03
9.900990099009901110e-03
9.900990099009901110e-03
9.900990099009901110e-03
9.900990099009901110e-03
9.900990099009901110e-03
9.900990099009901110e-03
9.900990099009901110e-03
9.900990099009901110e-03
9.900990099009901110e-03
9.900990099009901110e-03
9.900990099009901110e-03
9.900990099009901110e-03
9.900990099009901110e-03
9.900990099009901110e-03
9.900990099009901110e-03
9.900990099009901110e-03
9.900990099009901110e-03
9.900990099009901110e-03
9.900990099009901110e-03
9.900990099009901110e-03
9.900990099009901110e-03
9.900990099009901110e-03
9.900990099009901110e-03
9.900990099009901110e-03
9.900990099009901110e-03
9.900990099009901110e-03
9.900990099009901110e-03
9.900990099009901110e-03
9.900990099009901110e-03
9.900990099009901110e-03
9.900990099009901110e-03
9.900990099009901110e-03
9.900990099009901110e-03
9.900990099009901110e-03
9.900990099009901110e-03
9.900990099009901110e-03
9.900990099009901110e-03
