327
585
490
117
4
518
394
523
148
404
534
543
33
300
558
52
53
441
583
204
460
470
478
99
238
494
240
503
257
386
1
2
260
387
390
392
398
399
16
272
147
154
540
157
286
31
290
423
296
553
44
172
429
556
48
305
50
567
184
313
569
59
447
575
576
338
85
343
477
224
101
616
361
236
492
493
112
497
115
499
247
121
362
196
26
454
357
293
254
203
65
412
158
457
433
186
528
82
573
611
320
416
96
532
347
239
179
171
516
288
561
307
122
29
219
280
601
30
144
308
323
550
166
525
301
498
95
475
579
75
110
380
411
12
402
267
128
97
211
248
524
245
421
295
228
381
297
501
344
150
395
536
200
68
270
604
388
116
424
-1
120
163
69
61
352
125
138
152
298
354
359
385
505
539
3
191
231
325
464
463
309
413
330
277
142
54
597
70
326
328
410
488
176
223
226
509
442
480
391
27
41
591
5
