359
336
241
87
499
357
211
510
267
389
529
204
181
171
295
353
57
519
501
492
114
52
63
429
377
361
177
238
37
436
498
282
453
314
363
441
352
322
208
512
24
271
553
310
67
338
156
233
503
535
176
210
369
302
365
371
220
194
275
97
383
409
385
420
4
370
86
457
509
254
289
484
222
123
439
269
400
418
61
394
79
426
157
469
522
301
274
72
273
491
15
411
253
163
511
278
483
259
387
237
84
191
234
296
83
136
351
93
424
349
223
214
80
48
96
422
225
32
421
288
471
89
286
75
264
248
118
428
216
317
354
140
494
448
536
458
132
500
10
276
311
305
551
