198
770
91
173
666
359
108
1011
773
943
581
797
573
532
23
340
170
630
889
734
1004
62
1026
342
1008
310
720
803
444
676
248
114
799
181
946
562
361
96
589
637
42
328
800
830
349
219
736
678
267
164
367
189
423
394
362
641
985
408
542
320
365
718
854
15
177
399
778
578
617
128
292
246
389
563
243
259
981
472
16
503
235
323
40
83
577
166
200
13
924
793
332
50
485
336
837
920
461
557
853
847
1
927
378
186
197
303
76
433
928
653
335
210
302
239
966
635
565
811
465
31
1016
828
756
897
190
57
424
1001
668
782
784
427
158
512
806
308
611
97
275
299
21
620
796
891
411
33
594
844
556
38
440
898
875
176
220
963
699
722
380
482
947
230
476
656
414
316
357
732
669
127
269
288
716
922
153
29
1031
749
724
67
549
972
122
815
671
351
681
104
955
363
387
377
513
426
762
814
925
150
909
583
937
991
761
864
618
315
370
216
805
892
766
223
475
151
36
717
765
813
479
471
393
702
293
30
688
541
207
438
576
209
442
224
607
885
60
59
167
995
976
809
879
26
391
449
346
737
866
374
842
126
613
118
522
930
249
1010
229
497
32
881
372
870
1025
785
886
324
291
735
133
244
510
35
777
231
810
816
350
178
703
428
56
43
277
539
523
978
592
1012
1020
278
850
85
535
469
904
281
979
318
478
258
643
474
741
604
616
152
290
300
467
615
632
1005
1033
835
268
2
1032
154
14
480
204
39
550
250
942
455
860
586
445
869
690
432
902
568
45
923
261
500
11
525
883
738
1034
9
682
274
939
908
106
988
228
691
419
763
491
69
187
162
1039
661
254
34
629
201
911
694
79
132
19
1018
552
534
44
462
314
662
561
193
113
413
395
301
705
697
403
721
89
188
631
146
481
910
344
801
70
603
236
751
965
519
156
1002
650
347
834
726
882
1036
144
379
822
609
838
130
412
633
501
450
253
383
280
926
6
159
194
640
460
459
975
10
652
755
986
974
895
957
873
139
183
398
528
425
352
28
53
954
286
205
597
125
713
677
272
546
973
470
695
64
174
558
169
81
781
309
353
218
131
494
984
857
679
808
839
48
499
651
241
526
554
47
851
422
538
711
582
1003
103
764
739
430
384
8
238
354
779
987
498
867
745
27
531
402
242
78
769
841
856
610
595
675
862
964
993
945
493
621
101
710
537
574
740
914
547
956
672
415
767
812
958
111
692
434
760
221
37
256
247
112
665
446
708
496
107
877
888
211
287
731
880
533
896
448
907
505
285
970
129
992
544
508
730
1023
134
960
4
306
918
750
145
110
684
753
642
356
165
345
794
330
789
451
458
1035
71
0
821
636
706
142
409
214
680
375
529
802
588
657
182
786
585
876
1024
473
257
429
776
719
983
463
670
41
846
203
1028
466
744
237
490
689
322
171
343
116
634
339
664
804
560
279
368
333
949
905
366
329
627
327
624
213
658
325
953
161
439
619
262
871
687
727
319
874
317
195
405
654
273
614
899
912
704
848
823
884
771
305
824
90
825
179
271
798
87
270
148
795
401
400
774
775
289
51
601
667
743
599
382
996
46
141
124
140
790
900
86
569
117
147
136
457
917
263
77
1021
606
68
783
747
185
454
296
701
715
453
861
3
