7568
1999
657
17
2783
1141
4282
3793
8199
137
628
1681
809
2749
1524
1431
5400
1482
201
29
3716
3125
13377
3934
2730
4109
74
4060
9963
665
277
101
7172
1866
4541
792
317
1089
5853
1389
3967
16249
4595
1031
36
39
108
1421
4334
5702
2163
931
3867
1387
2975
445
780
2849
933
4354
5159
818
2484
461
2724
2805
130
746
3818
794
934
348
23
591
771
77
119
637
3839
5579
71
2906
1168
88
3809
2804
208
3890
55
195
2868
732
83
702
3854
4047
89
242
337
3762
470
2879
4744
5928
327
3874
5673
3864
987
9
282
613
11620
2271
353
171
5211
439
3898
216
528
2336
1417
4108
1487
205
6533
2401
9404
3278
391
2811
1703
3868
10048
2657
3015
2725
755
1325
202
3875
57
2832
5879
482
8445
54
1612
2042
291
2184
4693
578
2728
986
428
218
902
3833
1056
10126
3806
2216
1412
4254
10130
3677
2295
679
803
870
5290
231
511
225
227
431
311
9667
739
147
957
3524
3914
819
365
238
4448
3812
621
1770
38
515
3794
510
2850
2817
751
2545
4787
11459
156
3378
9090
1803
131
212
58
807
863
3829
109
1375
5112
5435
2852
3402
1783
2781
5801
435
1938
7088
733
880
3693
4521
713
10092
7
107
4276
3862
2002
123
561
522
2872
811
896
194
153
497
810
2562
4348
3384
3892
3706
10122
15
87
124
112
6727
605
26
756
824
3761
139
4809
5900
3397
1787
594
4706
10463
4418
430
1884
8956
2922
2851
4303
806
762
3869
10123
4862
10070
6371
1388
631
567
1435
3478
429
6435
183
5823
1981
452
415
2468
410
500
4526
5373
573
4459
4783
161
448
6052
9978
2755
3899
731
1044
93
5240
667
947
1043
211
3847
6068
5988
5598
699
3877
3772
5299
207
8047
4715
4406
2576
3121
3683
767
6364
307
1881
158
10125
2855
4011
6100
6271
5993
2109
9937
351
3211
3096
3123
5069
148
407
843
4638
4247
973
911
3803
11000
5156
4781
3859
1074
673
51
1473
146
2653
694
3872
278
222
163
2833
82
5071
220
47
1561
4804
820
2994
3984
761
240
357
641
1535
2369
261
8951
1980
297
4170
862
3679
2952
4020
3322
160
3707
414
486
10127
3060
6198
11582
833
5303
4931
3293
4889
850
4029
1452
4440
2361
1752
988
531
2726
935
3876
3231
182
1068
1862
585
14669
1520
1404
1
3805
558
11
1102
3704
908
691
672
748
136
143
2641
8194
237
953
309
6203
1088
5864
6405
1890
772
2035
4120
4121
2497
98
7870
4295
3831
9962
2060
547
1356
6436
5473
458
3837
4561
6483
4409
3801
3680
2176
3703
766
1069
3362
3810
206
6344
588
422
3977
961
2714
169
4682
168
167
2763
4261
8428
925
2814
449
4215
279
834
4813
8652
1835
659
2235
1408
456
4954
7256
1952
1042
8619
5160
5769
10369
1458
2793
3760
5537
9854
5184
273
3752
893
689
674
2839
3020
3169
1041
6132
408
1823
1673
7224
3198
230
1529
2280
705
706
7722
103
299
305
4659
5877
6576
343
4300
3792
636
3991
868
5349
3757
3906
4100
8647
4530
1722
5393
1009
490
5641
1095
3104
556
4407
248
3999
1677
4929
3168
3946
8671
4248
2834
3832
384
3442
4714
4350
3603
4123
7383
10206
3763
3979
243
3335
1955
6085
3882
2673
4302
2769
79
3066
6355
1802
2720
362
1037
3002
2299
4823
432
3963
2977
3
1851
4067
4373
272
7203
176
4260
1799
3993
951
4619
6349
3804
617
292
10129
4217
582
4515
2862
832
5814
3093
215
2132
3987
3858
4720
570
2999
120
99
4119
8468
1864
390
3064
1953
871
383
507
4649
3753
7695
67
375
3274
4062
2535
5279
197
5454
1402
814
6598
110
747
4677
138
10572
1486
4059
1494
10
5849
898
8739
9277
2876
293
3863
3499
8565
5230
7434
254
790
876
791
5374
443
708
8375
2240
960
6469
8629
12290
600
4816
1767
9082
4868
684
1995
3519
2074
6093
5491
2146
764
6992
3799
3826
1933
234
2974
3244
6612
97
2246
1046
3959
3684
618
7176
4367
4601
8857
1049
283
289
3913
2197
872
2075
45
891
179
1480
1755
92
1475
1655
6537
255
3479
3031
4003
363
3925
434
1503
942
10852
2094
3740
4095
16349
852
3797
4075
8429
3926
7742
3811
134
606
204
304
2615
2776
4928
3390
10440
149
4665
675
2759
3637
6308
839
2248
8968
3515
264
5121
2465
3361
2916
90
5366
5306
655
356
2712
1048
568
799
4848
2609
2651
4739
3746
127
453
593
6692
4013
982
3039
8269
8712
4426
4987
2778
4357
3099
2877
4347
6904
4802
1040
7354
4673
210
4278
4092
0
3997
4031
3905
3055
4107
2875
5196
376
4564
388
4736
3971
2854
1392
8412
499
501
788
4015
897
2878
921
918
1156
4517
3922
5257
3391
3468
4645
1978
890
6548
4360
4610
629
5120
2912
2015
967
2111
2501
599
7840
6746
245
4738
3631
1708
4941
3130
940
2889
563
3372
3493
3836
1772
3871
7179
3412
9865
859
8394
1698
60
523
8
8417
3645
6341
1134
5209
4172
406
749
324
3497
2894
4777
2941
990
1004
2762
1847
6628
475
1682
1080
2696
2865
5353
3549
478
3855
1457
1531
904
765
466
4151
1082
1162
559
4936
438
223
1522
704
2768
875
3122
6854
1779
3275
338
3702
2639
1541
489
2567
4982
6445
5060
2869
1829
14820
2873
10019
4849
6496
3607
1563
5239
7370
8042
2472
2991
2828
2322
464
7142
878
5789
3976
3756
6896
5548
2901
4451
5404
2144
5104
8586
122
5669
3681
3344
6822
1921
3558
7174
308
1416
3588
1957
86
5203
3080
3557
3433
78
8562
2357
7731
885
1395
5020
901
2416
1693
2305
41
2736
1643
1586
716
3709
203
3183
1010
763
4076
3700
3701
4116
2741
6829
2050
1445
2890
2374
4043
1875
335
2885
2887
2988
7855
736
1571
1145
7952
6620
488
2546
1726
1038
800
187
3743
2928
274
2886
3834
6185
3972
10384
2821
4256
1466
2874
752
200
259
64
1109
1022
9993
2262
471
4691
1614
2064
405
4136
2624
8424
3037
4149
560
8030
72
4721
2233
4148
1800
4142
2107
5305
5102
4869
5096
7151
2224
6295
459
2718
2698
7192
1064
4482
8290
4489
1086
5607
4115
8401
5000
2722
3896
4874
6736
709
3938
4155
386
6247
1895
996
11792
10196
319
2774
4195
175
4545
6304
4921
939
1691
2101
2091
2970
5191
4145
7204
647
12910
1161
2700
4723
4220
1687
954
5199
3889
2772
7948
545
53
1153
3830
7694
8504
3599
6639
6326
116
1946
3205
3672
6320
1440
847
1016
4110
9657
1593
4227
4516
2733
2601
69
1123
4980
892
1560
5174
7162
4030
11604
2715
6760
6027
5870
546
2351
8729
798
2017
1084
7857
3398
6978
4096
6549
2509
4557
4117
4443
6340
84
1120
542
4842
1768
7551
7705
11563
1059
6152
4400
4560
5727
3102
7155
5286
945
331
950
2829
7458
1562
2445
3101
4017
4788
1071
2960
7783
3699
1679
1967
7717
2800
3256
2650
2660
361
491
172
564
9377
624
6429
106
4737
7752
926
5392
3094
974
3413
5558
856
10575
4026
7815
9671
2026
8966
6172
575
6065
2457
1648
787
10142
2687
8999
2191
2693
1465
9951
2083
11248
922
1809
373
14961
6920
4298
5422
9078
1018
3550
2155
4197
4204
3085
1159
42
16131
8720
781
4555
6014
8506
3711
3044
280
2706
4527
7688
4642
1939
6159
2838
743
3937
3081
5269
3149
9979
6287
1090
4420
3944
4028
737
899
504
1126
5322
2881
1005
2761
5750
126
6937
1456
724
8151
4771
8970
4500
8426
266
6872
252
646
345
8342
1968
7516
7158
3268
1911
2743
419
3738
5064
1111
4532
4933
4425
6278
249
7372
1498
4457
5251
6103
412
888
6153
6635
4910
2575
603
11574
11577
577
502
6704
5424
4748
527
886
815
5722
4711
5214
8348
5210
1588
4308
1011
1065
400
5949
11532
2541
421
1559
3065
6902
4826
6734
580
6177
413
4380
477
7874
257
540
1678
5077
2746
6697
3903
5161
9938
404
63
959
4071
401
3983
6305
2498
484
2340
830
6917
7579
8483
6230
1858
534
6592
7347
3957
4383
341
333
6495
5218
11337
2807
11588
654
19
1852
369
11024
5103
6473
70
1165
8588
5095
8169
1573
827
5654
4154
1943
6215
1026
6357
312
7902
4779
2536
1406
6688
6687
3708
610
858
2275
4393
3961
6021
8339
5059
8825
6020
4387
12205
8526
5633
1453
2792
2790
8821
2524
8331
5047
1689
1442
2782
4764
2780
7057
3396
5037
4371
10207
838
5033
4760
3932
2770
1671
5027
3928
3208
5022
581
4756
2226
5017
7047
2223
5014
2756
5011
828
826
4751
1374
5981
2370
2500
5001
7036
7263
4106
4997
3667
5406
8049
1368
7258
1635
4336
12577
4988
11796
8787
6614
9483
1626
3189
4330
6169
553
552
2721
7026
3880
1616
2486
10600
11782
1610
4970
1092
2708
3650
2166
2481
4962
5538
6143
4730
8770
2699
8274
15767
11286
4509
533
7221
4951
3857
3646
6580
4725
10574
3643
3642
3641
7011
7010
4722
3158
2136
2680
2467
6572
6110
7208
783
782
2130
3840
2671
779
4925
11552
2982
14644
10550
775
3828
3630
3824
2113
9426
2456
3819
10545
3816
3814
7187
4268
5855
7843
11543
4904
7183
6997
3622
3807
2640
2953
11219
6256
985
760
7175
9406
4892
4079
6990
8731
7169
2087
2625
4473
9397
4249
4697
12723
5610
5248
8225
4470
476
4876
4467
10486
473
3605
9386
744
6044
742
741
4461
2057
3097
7504
1477
2430
3598
9375
8958
2592
1469
7139
5116
9774
5430
7817
4225
5426
4850
2897
4681
4846
4844
4843
2029
1454
7130
5861
8197
981
2572
4676
11496
5858
4065
6970
4829
2016
2413
7301
3731
3071
4205
7299
5989
8188
881
1150
4817
612
4815
2406
1426
7106
4196
9949
864
2403
10439
3712
15356
4191
11476
4801
4661
12679
3568
1411
6646
8684
423
3842
5827
5365
842
5136
6954
4058
5683
417
4785
4784
4653
4782
1650
5354
8158
693
2291
6632
2386
1990
10248
1003
8449
9295
9294
4646
8667
9291
685
1072
3823
8142
5657
4199
260
680
9283
1061
14739
2376
4150
4044
5086
1930
1832
13783
6930
12370
1158
7335
1607
895
2145
774
3226
5403
385
8119
7244
4631
382
4379
4630
596
8368
236
661
9797
4122
2359
1808
5293
6393
8013
4624
6392
4370
6911
6115
6116
3263
6534
6385
5284
6382
1570
16437
5862
10907
651
6310
15699
3509
5204
436
1797
2239
1558
8430
3035
4492
6091
3032
2343
7749
10251
936
3577
707
4609
4488
7746
1106
4607
2337
349
6300
2717
4605
3492
6352
3007
5165
7606
5241
7696
6108
2040
4600
10877
10224
539
10268
964
8828
4415
797
7443
192
10315
2861
6452
526
622
8872
3751
1488
1807
1806
2847
11460
1077
8472
4590
1506
5734
1760
512
9006
1127
562
8777
8865
2827
1637
7810
10336
608
6281
8863
900
5494
846
8793
5221
10177
7185
1820
10785
10264
447
14195
7576
13348
4082
5183
598
1167
3115
8574
191
9961
3447
14125
5193
4306
7293
6691
2297
7830
7567
11315
6556
3106
855
5145
874
6274
8413
2891
6097
1948
1846
6456
7983
294
514
867
1536
44
1715
3990
7271
3692
3629
6590
22
4413
917
6762
5376
7970
854
1020
1556
244
