1.00000000
0.91089109
0.66831683
0.03960396
0.03465347
0.02970297
0.01980198
0.01980198
0.01485149
0.01485149
0.01485149
0.01485149
0.00990099
0.00990099
0.00990099
0.00990099
0.00990099
0.00990099
0.00990099
0.00990099
0.00990099
0.00990099
0.00990099
0.00990099
0.00990099
0.00990099
0.00990099
0.00990099
0.00990099
0.00990099
0.00990099
0.00990099
0.00990099
0.00990099
0.00990099
0.00990099
0.00990099
0.00990099
0.00990099
0.00495050
0.00495050
0.00495050
0.00495050
0.00495050
0.00495050
0.00495050
0.00495050
0.00495050
0.00495050
0.00495050
0.00495050
0.00495050
0.00495050
0.00495050
0.00495050
0.00495050
0.00495050
0.00495050
0.00495050
0.00495050
0.00495050
0.00495050
0.00495050
0.00495050
0.00495050
0.00495050
0.00495050
0.00495050
0.00495050
0.00495050
0.00495050
0.00495050
0.00495050
0.00495050
0.00495050
0.00495050
0.00495050
0.00495050
0.00495050
0.00495050
0.00495050
0.00495050
0.00495050
0.00495050
0.00495050
0.00495050
0.00495050
0.00495050
0.00495050
0.00495050
0.00495050
0.00495050
0.00495050
0.00495050
0.00495050
0.00495050
0.00495050
0.00495050
0.00495050
0.00495050
0.00495050
0.00495050
0.00495050
0.00495050
0.00495050
0.00495050
0.00495050
0.00495050
0.00495050
0.00495050
0.00495050
0.00495050
0.00495050
0.00495050
0.00495050
0.00495050
0.00495050
0.00495050
0.00495050
0.00495050
0.00495050
0.00495050
0.00495050
0.00495050
0.00495050
0.00495050
0.00495050
0.00495050
0.00495050
0.00495050
0.00495050
0.00495050
0.00495050
0.00495050
0.00495050
0.00495050
0.00495050
0.00495050
0.00495050
0.00495050
0.00495050
0.00495050
0.00495050
0.00495050
0.00495050
0.00495050
0.00495050
0.00495050
0.00495050
0.00495050
0.00495050
0.00495050
0.00495050
0.00495050
0.00495050
0.00495050
0.00495050
0.00495050
0.00495050
0.00495050
0.00495050
0.00495050
0.00495050
0.00495050
0.00495050
0.00495050
0.00495050
0.00495050
0.00495050
0.00495050
0.00495050
0.00495050
0.00495050
0.00495050
0.00495050
0.00495050
0.00495050
0.00495050
0.00495050
0.00495050
0.00495050
0.00495050
0.00495050
0.00495050
0.00495050
0.00495050
0.00495050
0.00495050
0.00495050
0.00495050
0.00495050
0.00495050
0.00495050
0.00495050
0.00495050
0.00495050
0.00495050
0.00495050
0.00495050
0.00495050
0.00495050
0.00495050
0.00495050
0.00495050
0.00495050
0.00495050
0.00495050
0.00495050
0.00495050
0.00495050
0.00495050
0.00495050
0.00495050
0.00495050
0.00495050
0.00495050
0.00495050
0.00495050
0.00495050
0.00495050
0.00495050
0.00495050
0.00495050
0.00495050
0.00495050
0.00495050
0.00495050
0.00495050
0.00495050
0.00495050
0.00495050
0.00495050
0.00495050
0.00495050
0.00495050
0.00495050
0.00495050
0.00495050
0.00495050
0.00495050
0.00495050
0.00495050
0.00495050
0.00495050
0.00495050
0.00495050
0.00495050
0.00495050
0.00495050
0.00495050
0.00495050
0.00495050
0.00495050
0.00495050
0.00495050
0.00495050
0.00495050
0.00495050
0.00495050
0.00495050
0.00495050
0.00495050
0.00495050
0.00495050
0.00495050
0.00495050
0.00495050
0.00495050
0.00495050
0.00495050
0.00495050
0.00495050
0.00495050
0.00495050
0.00495050
0.00495050
0.00495050
0.00495050
0.00495050
0.00495050
0.00495050
0.00495050
0.00495050
0.00495050
0.00495050
0.00495050
0.00495050
0.00495050
0.00495050
0.00495050
0.00495050
0.00495050
0.00495050
0.00495050
0.00495050
0.00495050
0.00495050
0.00495050
0.00495050
0.00495050
0.00495050
0.00495050
0.00495050
0.00495050
0.00495050
0.00495050
0.00495050
0.00495050
0.00495050
0.00495050
0.00495050
0.00495050
0.00495050
0.00495050
0.00495050
0.00495050
0.00495050
0.00495050
0.00495050
0.00495050
0.00495050
0.00495050
0.00495050
0.00495050
0.00495050
0.00495050
0.00495050
0.00495050
0.00495050
0.00495050
0.00495050
0.00495050
0.00495050
0.00495050
0.00495050
0.00495050
0.00495050
0.00495050
0.00495050
0.00495050
0.00495050
0.00495050
0.00495050
0.00495050
0.00495050
0.00495050
0.00495050
0.00495050
0.00495050
0.00495050
0.00495050
0.00495050
0.00495050
0.00495050
0.00495050
0.00495050
0.00495050
0.00495050
0.00495050
0.00495050
0.00495050
0.00495050
0.00495050
0.00495050
0.00495050
0.00495050
0.00495050
0.00495050
0.00495050
0.00495050
0.00495050
0.00495050
0.00495050
0.00495050
0.00495050
0.00495050
0.00495050
0.00495050
0.00495050
0.00495050
0.00495050
0.00495050
0.00495050
0.00495050
0.00495050
0.00495050
0.00495050
0.00495050
0.00495050
0.00495050
0.00495050
0.00495050
0.00495050
0.00495050
0.00495050
0.00495050
0.00495050
0.00495050
0.00495050
0.00495050
0.00495050
0.00495050
0.00495050
0.00495050
0.00495050
0.00495050
0.00495050
0.00495050
0.00495050
0.00495050
0.00495050
0.00495050
0.00495050
0.00495050
0.00495050
0.00495050
0.00495050
0.00495050
0.00495050
0.00495050
0.00495050
0.00495050
0.00495050
0.00495050
0.00495050
0.00495050
0.00495050
0.00495050
0.00495050
0.00495050
0.00495050
0.00495050
0.00495050
0.00495050
0.00495050
0.00495050
0.00495050
0.00495050
0.00495050
0.00495050
0.00495050
0.00495050
0.00495050
0.00495050
0.00495050
0.00495050
0.00495050
0.00495050
0.00495050
0.00495050
0.00495050
0.00495050
0.00495050
0.00495050
0.00495050
0.00495050
0.00495050
0.00495050
0.00495050
0.00495050
0.00495050
0.00495050
0.00495050
0.00495050
0.00495050
0.00495050
0.00495050
0.00495050
0.00495050
0.00495050
0.00495050
0.00495050
0.00495050
0.00495050
0.00495050
0.00495050
0.00495050
0.00495050
0.00495050
0.00495050
0.00495050
0.00495050
0.00495050
0.00495050
0.00495050
0.00495050
0.00495050
0.00495050
0.00495050
0.00495050
0.00495050
0.00495050
0.00495050
0.00495050
0.00495050
0.00495050
0.00495050
0.00495050
0.00495050
0.00495050
0.00495050
0.00495050
0.00495050
0.00495050
0.00495050
0.00495050
0.00495050
0.00495050
0.00495050
0.00495050
0.00495050
0.00495050
0.00495050
0.00495050
0.00495050
0.00495050
0.00495050
0.00495050
0.00495050
0.00495050
0.00495050
0.00495050
0.00495050
0.00495050
0.00495050
0.00495050
0.00495050
0.00495050
0.00495050
0.00495050
0.00495050
0.00495050
0.00495050
0.00495050
0.00495050
0.00495050
0.00495050
0.00495050
0.00495050
0.00495050
0.00495050
0.00495050
0.00495050
0.00495050
0.00495050
0.00495050
0.00495050
0.00495050
0.00495050
0.00495050
0.00495050
0.00495050
0.00495050
0.00495050
0.00495050
0.00495050
0.00495050
0.00495050
0.00495050
0.00495050
0.00495050
0.00495050
0.00495050
0.00495050
0.00495050
0.00495050
0.00495050
0.00495050
0.00495050
0.00495050
0.00495050
0.00495050
0.00495050
0.00495050
0.00495050
0.00495050
0.00495050
0.00495050
0.00495050
0.00495050
0.00495050
0.00495050
0.00495050
0.00495050
0.00495050
0.00495050
0.00495050
0.00495050
0.00495050
0.00495050
0.00495050
0.00495050
0.00495050
0.00495050
0.00495050
0.00495050
0.00495050
0.00495050
0.00495050
0.00495050
0.00495050
0.00495050
0.00495050
0.00495050
0.00495050
0.00495050
0.00495050
0.00495050
0.00495050
0.00495050
0.00495050
0.00495050
0.00495050
0.00495050
0.00495050
0.00495050
0.00495050
0.00495050
0.00495050
0.00495050
0.00495050
0.00495050
0.00495050
0.00495050
0.00495050
0.00328713
0.00000000
