1.00000000
0.91666667
0.75000000
0.63888889
0.58333333
0.43055556
0.38888889
0.31944444
0.26388889
0.12500000
0.02777778
0.01388889
0.01388889
0.01388889
0.01388889
0.01388889
0.01388889
0.01388889
0.01388889
0.01388889
0.01388889
0.01388889
0.01388889
0.01388889
0.01388889
0.01388889
0.01388889
0.01388889
0.01388889
0.01388889
0.01388889
0.01388889
0.01388889
0.01388889
0.01388889
0.01388889
0.01388889
0.01388889
0.01388889
0.01388889
0.01388889
0.01388889
0.01388889
0.01388889
0.01388889
0.01388889
0.01388889
0.01388889
0.01388889
0.01388889
0.01388889
0.01388889
0.01388889
0.01388889
0.01388889
0.01388889
0.01388889
0.01388889
0.01388889
0.01388889
0.01388889
0.01388889
0.01388889
0.01388889
0.01388889
0.01388889
0.01388889
0.01388889
0.01388889
0.01388889
0.01388889
0.01388889
0.01388889
0.06107306
0.00000000
