1.00000000
0.95652174
0.87290970
0.85618729
0.79598662
0.70903010
0.64214047
0.59197324
0.49163880
0.47826087
0.43478261
0.02675585
0.02341137
0.01337793
0.01337793
0.01337793
0.01337793
0.01337793
0.01003344
0.01003344
0.01003344
0.01003344
0.01003344
0.01003344
0.01003344
0.00668896
0.00668896
0.00668896
0.00668896
0.00668896
0.00668896
0.00668896
0.00668896
0.00668896
0.00668896
0.00668896
0.00668896
0.00668896
0.00668896
0.00668896
0.00668896
0.00668896
0.00668896
0.00668896
0.00668896
0.00668896
0.00334448
0.00334448
0.00334448
0.00334448
0.00334448
0.00334448
0.00334448
0.00334448
0.00334448
0.00334448
0.00334448
0.00334448
0.00334448
0.00334448
0.00334448
0.00334448
0.00334448
0.00334448
0.00334448
0.00334448
0.00334448
0.00334448
0.00334448
0.00334448
0.00334448
0.00334448
0.00334448
0.00334448
0.00334448
0.00334448
0.00334448
0.00334448
0.00334448
0.00334448
0.00334448
0.00334448
0.00334448
0.00334448
0.00334448
0.00334448
0.00334448
0.00334448
0.00334448
0.00334448
0.00334448
0.00334448
0.00334448
0.00334448
0.00334448
0.00334448
0.00334448
0.00334448
0.00334448
0.00334448
0.00334448
0.00334448
0.00334448
0.00334448
0.00334448
0.00334448
0.00334448
0.00334448
0.00334448
0.00334448
0.00334448
0.00334448
0.00334448
0.00334448
0.00334448
0.00334448
0.00334448
0.00334448
0.00334448
0.00334448
0.00334448
0.00334448
0.00334448
0.00334448
0.00334448
0.00334448
0.00334448
0.00334448
0.00334448
0.00334448
0.00334448
0.00334448
0.00334448
0.00334448
0.00334448
0.00334448
0.00334448
0.00334448
0.00334448
0.00334448
0.00334448
0.00334448
0.00334448
0.00334448
0.00334448
0.00334448
0.00334448
0.00334448
0.00334448
0.00334448
0.00334448
0.00334448
0.00334448
0.00334448
0.00334448
0.00334448
0.00334448
0.00334448
0.00334448
0.00334448
0.00334448
0.00334448
0.00334448
0.00334448
0.00334448
0.00334448
0.00334448
0.00334448
0.00334448
0.00334448
0.00334448
0.00334448
0.00334448
0.00334448
0.00334448
0.00334448
0.00334448
0.00334448
0.00334448
0.00334448
0.00334448
0.00334448
0.00334448
0.00334448
0.00334448
0.00334448
0.00334448
0.00334448
0.00334448
0.00334448
0.00334448
0.00334448
0.00334448
0.00334448
0.00334448
0.00334448
0.00334448
0.00334448
0.00334448
0.00334448
0.00334448
0.00334448
0.00334448
0.00334448
0.00334448
0.00334448
0.00334448
0.00334448
0.00334448
0.00334448
0.00334448
0.00334448
0.00334448
0.00334448
0.00334448
0.00334448
0.00334448
0.00334448
0.00334448
0.00334448
0.00334448
0.00334448
0.00334448
0.00334448
0.00334448
0.00334448
0.00334448
0.00334448
0.00334448
0.00334448
0.00334448
0.00334448
0.00334448
0.00334448
0.00334448
0.00334448
0.00334448
0.00334448
0.00334448
0.00334448
0.00334448
0.00334448
0.00334448
0.00334448
0.00334448
0.00334448
0.00334448
0.00334448
0.00334448
0.00334448
0.00334448
0.00334448
0.00334448
0.00334448
0.00334448
0.00334448
0.00334448
0.00334448
0.00334448
0.00334448
0.00334448
0.00334448
0.00334448
0.00334448
0.00334448
0.00334448
0.00334448
0.00334448
0.00334448
0.00334448
0.00334448
0.00334448
0.00334448
0.00334448
0.00334448
0.00334448
0.00334448
0.00334448
0.00334448
0.00334448
0.00334448
0.00334448
0.00334448
0.00334448
0.00334448
0.00334448
0.00334448
0.00334448
0.00334448
0.00334448
0.00334448
0.00334448
0.00334448
0.00334448
0.00334448
0.00334448
0.00334448
0.00334448
0.00334448
0.00334448
0.00334448
0.00334448
0.00334448
0.00334448
0.00334448
0.00334448
0.00334448
0.00334448
0.00334448
0.00334448
0.00334448
0.00334448
0.00334448
0.00334448
0.00334448
0.00334448
0.00334448
0.00334448
0.00334448
0.00334448
0.00334448
0.00334448
0.00334448
0.00334448
0.00334448
0.00334448
0.00334448
0.00334448
0.00334448
0.00334448
0.00334448
0.00334448
0.00334448
0.00334448
0.00334448
0.00334448
0.00334448
0.00334448
0.00334448
0.00334448
0.00334448
0.00334448
0.00334448
0.00334448
0.00334448
0.00334448
0.00334448
0.00334448
0.00334448
0.00334448
0.00334448
0.00334448
0.00334448
0.00334448
0.00334448
0.00334448
0.00334448
0.00334448
0.00334448
0.00334448
0.00334448
0.00334448
0.00334448
0.00334448
0.00334448
0.00334448
0.00334448
0.00334448
0.00334448
0.00334448
0.00334448
0.00334448
0.00334448
0.00334448
0.00334448
0.00334448
0.00334448
0.00334448
0.00334448
0.00334448
0.00334448
0.00334448
0.00334448
0.00334448
0.00334448
0.00334448
0.00334448
0.00334448
0.00334448
0.00334448
0.00334448
0.00334448
0.00334448
0.00334448
0.00334448
0.00334448
0.00334448
0.00334448
0.00334448
0.00334448
0.00334448
0.00334448
0.00334448
0.00334448
0.00334448
0.00334448
0.00334448
0.00334448
0.00334448
0.00334448
0.00334448
0.00334448
0.00334448
0.00334448
0.00334448
0.00334448
0.00334448
0.00334448
0.00334448
0.00334448
0.00334448
0.00334448
0.00334448
0.00334448
0.00334448
0.00334448
0.00334448
0.00334448
0.00334448
0.00334448
0.00334448
0.00334448
0.00334448
0.00334448
0.00334448
0.00334448
0.00334448
0.00334448
0.00334448
0.00334448
0.00334448
0.00334448
0.00334448
0.00334448
0.00334448
0.00334448
0.00334448
0.00334448
0.00334448
0.00334448
0.00334448
0.00334448
0.00334448
0.00334448
0.00334448
0.00334448
0.00334448
0.00334448
0.00334448
0.00334448
0.00334448
0.00334448
0.00334448
0.00334448
0.00334448
0.00334448
0.00334448
0.00334448
0.00334448
0.00334448
0.00334448
0.00334448
0.00334448
0.00334448
0.00334448
0.00334448
0.00334448
0.00334448
0.00334448
0.00334448
0.00334448
0.00334448
0.00334448
0.00334448
0.00334448
0.00334448
0.00334448
0.00334448
0.00334448
0.00334448
0.00334448
0.00334448
0.00334448
0.00334448
0.00334448
0.00334448
0.00334448
0.00334448
0.00334448
0.00334448
0.00334448
0.00334448
0.00334448
0.00334448
0.00334448
0.00334448
0.00334448
0.00334448
0.00334448
0.00334448
0.00334448
0.00334448
0.00334448
0.00334448
0.00334448
0.00334448
0.00334448
0.00334448
0.00334448
0.00334448
0.00334448
0.00334448
0.00334448
0.00334448
0.00334448
0.00334448
0.00334448
0.00334448
0.00334448
0.00334448
0.00334448
0.00334448
0.00334448
0.00334448
0.00334448
0.00334448
0.00334448
0.00334448
0.00334448
0.00334448
0.00334448
0.00334448
0.00334448
0.00334448
0.00334448
0.00334448
0.00334448
0.00334448
0.00334448
0.00334448
0.00334448
0.00334448
0.00334448
0.00334448
0.00334448
0.00334448
0.00334448
0.00334448
0.00334448
0.00334448
0.00334448
0.00334448
0.00334448
0.00334448
0.00334448
0.00334448
0.00334448
0.00334448
0.00334448
0.00334448
0.00334448
0.00334448
0.00334448
0.00334448
0.00334448
0.00334448
0.00334448
0.00334448
0.00334448
0.00334448
0.00334448
0.00334448
0.00334448
0.00334448
0.00334448
0.00334448
0.00334448
0.00334448
0.00334448
0.00334448
0.00334448
0.00334448
0.00334448
0.00334448
0.00334448
0.00334448
0.00334448
0.00334448
0.00334448
0.00334448
0.00334448
0.00334448
0.00334448
0.00334448
0.00334448
0.00334448
0.00334448
0.00334448
0.00334448
0.00334448
0.00334448
0.00334448
0.00334448
0.00334448
0.00334448
0.00334448
0.00334448
0.00334448
0.00334448
0.00334448
0.00334448
0.00334448
0.00334448
0.00334448
0.00334448
0.00334448
0.00334448
0.00334448
0.00334448
0.00334448
0.00334448
0.00334448
0.00334448
0.00334448
0.00334448
0.00334448
0.00334448
0.00334448
0.00334448
0.00334448
0.00334448
0.00334448
0.00334448
0.00334448
0.00334448
0.00334448
0.00334448
0.00334448
0.00334448
0.00334448
0.00334448
0.00334448
0.00334448
0.00334448
0.00334448
0.00334448
0.00334448
0.00334448
0.00334448
0.00334448
0.00334448
0.00334448
0.00334448
0.00334448
0.00334448
0.00334448
0.00334448
0.00334448
0.00334448
0.00334448
0.00334448
0.00334448
0.00334448
0.00334448
0.00334448
0.00334448
0.01059251
0.00000000
