1.00000000
0.99520070
0.98952880
0.98603839
0.98211169
0.97687609
0.97469459
0.97076789
0.96727749
0.96509599
0.96160558
0.95767888
0.95462478
0.95026178
0.94764398
0.94502618
0.94240838
0.93891798
0.93630017
0.93324607
0.92888307
0.92408377
0.92146597
0.91928447
0.91448517
0.91361257
0.91012216
0.90881326
0.90663176
0.90401396
0.90139616
0.89965096
0.89790576
0.89397906
0.89223386
0.88917976
0.88656195
0.88394415
0.88176265
0.87914485
0.87652705
0.87129145
0.86692845
0.86387435
0.86125654
0.85689354
0.85514834
0.85383944
0.85209424
0.84947644
0.84511344
0.84380454
0.84118674
0.83813264
0.83638743
0.83246073
0.82504363
0.81980803
0.81675393
0.81369983
0.81020942
0.80715532
0.80191972
0.79930192
0.79581152
0.79406632
0.79232112
0.78883072
0.78577661
0.78359511
0.78228621
0.77835951
0.77312391
0.77094241
0.76832461
0.76701571
0.76308901
0.76134380
0.75916230
0.75523560
0.75349040
0.75130890
0.74869110
0.74694590
0.74607330
0.74258290
0.73996510
0.73560209
0.73342059
0.73036649
0.72818499
0.72600349
0.72294939
0.72164049
0.71945899
0.71815009
0.71553229
0.71160558
0.70898778
0.70680628
0.70593368
0.70244328
0.69851658
0.69633508
0.69589878
0.69284468
0.69153578
0.68891798
0.68848168
0.68717277
0.68586387
0.68455497
0.68106457
0.67931937
0.67582897
0.67408377
0.67015707
0.66841187
0.66666667
0.66361257
0.66099476
0.65837696
0.65706806
0.65401396
0.65139616
0.64965096
0.64877836
0.64746946
0.64572426
0.64267016
0.63830716
0.63481675
0.63219895
0.63045375
0.62870855
0.62783595
0.62696335
0.62390925
0.62216405
0.62041885
0.61867365
0.61125654
0.60951134
0.60776614
0.60558464
0.60471204
0.60253054
0.60078534
0.59904014
0.59642234
0.59511344
0.59205934
0.59031414
0.58900524
0.58813264
0.58464223
0.58376963
0.58027923
0.57897033
0.57853403
0.57591623
0.57373473
0.57155323
0.56937173
0.56719023
0.56369983
0.56151832
0.56108202
0.56020942
0.55802792
0.55628272
0.55541012
0.55410122
0.55279232
0.54930192
0.54842932
0.54581152
0.54537522
0.54319372
0.54101222
0.53926702
0.53752182
0.53359511
0.53010471
0.52835951
0.52574171
0.52443281
0.52181501
0.51919721
0.51788831
0.51657941
0.51221640
0.51090750
0.50916230
0.50567190
0.50436300
0.50087260
0.50000000
0.49825480
0.49650960
0.49476440
0.49389180
0.49301920
0.49127400
0.48996510
0.48821990
0.48516579
0.48385689
0.48254799
0.48167539
0.48036649
0.47600349
0.47382199
0.47207679
0.46989529
0.46902269
0.46684119
0.46422339
0.46247818
0.46073298
0.45811518
0.45593368
0.45375218
0.45200698
0.44895288
0.44633508
0.44328098
0.44197208
0.44109948
0.44022688
0.43717277
0.43542757
0.43237347
0.43150087
0.43106457
0.42888307
0.42757417
0.42670157
0.42582897
0.42408377
0.42277487
0.42102967
0.41884817
0.41753927
0.41535777
0.41273997
0.40837696
0.40488656
0.40314136
0.40052356
0.39834206
0.39572426
0.39528796
0.39397906
0.39223386
0.38917976
0.38787086
0.38525305
0.38219895
0.38132635
0.37870855
0.37739965
0.37609075
0.37390925
0.37129145
0.37041885
0.36998255
0.36910995
0.36736475
0.36649215
0.36561955
0.36387435
0.36300175
0.36169284
0.35863874
0.35645724
0.35253054
0.35034904
0.34904014
0.34467714
0.34380454
0.34249564
0.33944154
0.33813264
0.33726003
0.33420593
0.33071553
0.32853403
0.32722513
0.32635253
0.32504363
0.32242583
0.32068063
0.31893543
0.31719023
0.31675393
0.31500873
0.31457243
0.31369983
0.31282723
0.30890052
0.30628272
0.30410122
0.30322862
0.30104712
0.30017452
0.29842932
0.29668412
0.29493892
0.29406632
0.29101222
0.28795812
0.28664921
0.28621291
0.28577661
0.28490401
0.28315881
0.28184991
0.28010471
0.27661431
0.27574171
0.27268761
0.27137871
0.26919721
0.26832461
0.26745201
0.26657941
0.26614311
0.26352531
0.26047120
0.25872600
0.25567190
0.25130890
0.25000000
0.24476440
0.24214660
0.23952880
0.23909250
0.23821990
0.23778360
0.23342059
0.23036649
0.22513089
0.22425829
0.22164049
0.21989529
0.21945899
0.21684119
0.21509599
0.21073298
0.20811518
0.20244328
0.19764398
0.19502618
0.19458988
0.18804538
0.18673647
0.15401396
0.15226876
0.14136126
0.13699825
0.13045375
0.12041885
0.09860384
0.00174520
0.00174520
0.00174520
0.00130890
0.00130890
0.00130890
0.00130890
0.00130890
0.00130890
0.00087260
0.00087260
0.00087260
0.00087260
0.00087260
0.00087260
0.00087260
0.00087260
0.00087260
0.00087260
0.00087260
0.00087260
0.00087260
0.00087260
0.00087260
0.00087260
0.00043630
0.00043630
0.00043630
0.00043630
0.00043630
0.00043630
0.00043630
0.00043630
0.00043630
0.00043630
0.00043630
0.00043630
0.00043630
0.00043630
0.00043630
0.00043630
0.00043630
0.00043630
0.00043630
0.00043630
0.00043630
0.00043630
0.00043630
0.00043630
0.00043630
0.00043630
0.00043630
0.00043630
0.00043630
0.00043630
0.00043630
0.00043630
0.00043630
0.00043630
0.00043630
0.00043630
0.00043630
0.00043630
0.00043630
0.00043630
0.00043630
0.00043630
0.00043630
0.00043630
0.00043630
0.00043630
0.00043630
0.00043630
0.00043630
0.00043630
0.00043630
0.00043630
0.00043630
0.00043630
0.00043630
0.00043630
0.00043630
0.00043630
0.00043630
0.00043630
0.00043630
0.00043630
0.00043630
0.00043630
0.00043630
0.00043630
0.00043630
0.00043630
0.00043630
0.00043630
0.00043630
0.00043630
0.00043630
0.00043630
0.00043630
0.00043630
0.00043630
0.00043630
0.00043630
0.00043630
0.00043630
0.00043630
0.00043630
0.00043630
0.00043630
0.00043630
0.00043630
0.00043630
0.00043630
0.00043630
0.00043630
0.00043630
0.00043630
0.00043630
0.00043630
0.00043630
0.00043630
0.00043630
0.00043630
0.00043630
0.00043630
0.00043630
0.00043630
0.00043630
0.00043630
0.00043630
0.00043630
0.00043630
0.00043630
0.00043630
0.00043630
0.00043630
0.00043630
0.00043630
0.00043630
0.00043630
0.00043630
0.00043630
0.00043630
0.00043630
0.00043630
0.00043630
0.00043630
0.00043630
0.00043630
0.00043630
0.00043630
0.00043630
0.00043630
0.00043630
0.00043630
0.00043630
0.00043630
0.00043630
0.00043630
0.00043630
0.00043630
0.00043630
0.00043630
0.00043630
0.00043630
0.00043630
0.00043630
0.00043630
0.00043630
0.00043630
0.00043630
0.00043630
0.00043630
0.00043630
0.00043630
0.00043630
0.00043630
0.00043630
0.00043630
0.00043630
0.00043630
0.00043630
0.00043630
0.00043630
0.00043630
0.00043630
0.00043630
0.00043630
0.00043630
0.00043630
0.00043630
0.00043630
0.00043630
0.00043630
0.00043630
0.00043630
0.00043630
0.00043630
0.00043630
0.00043630
0.00043630
0.00043630
0.00043630
0.00043630
0.00043630
0.00043630
0.00043630
0.00043630
0.00043630
0.00043630
0.00043630
0.00043630
0.00043630
0.00043630
0.00043630
0.00043630
0.00043630
0.00043630
0.00043630
0.00043630
0.00043630
0.00043630
0.00043630
0.00043630
0.00043630
0.00043630
0.00043630
0.00043630
0.00043630
0.00043630
0.00043630
0.00043630
0.00043630
0.00043630
0.00043630
0.00043630
0.00043630
0.00043630
0.00043630
0.00043630
0.00043630
0.00043630
0.00043630
0.00043630
0.00043630
0.00043630
0.00043630
0.00043630
0.00043630
0.00043630
0.00043630
0.00043630
0.00043630
0.00043630
0.00043630
0.00043630
0.00043630
0.00043630
0.00043630
0.00043630
0.00043630
0.00043630
0.00043630
0.00043630
0.00043630
0.00043630
0.00043630
0.00043630
0.00043630
0.00043630
0.00043630
0.00043630
0.00043630
0.00043630
0.00043630
0.00043630
0.00043630
0.00043630
0.00043630
0.00043630
0.00043630
0.00043630
0.00043630
0.00043630
0.00043630
0.00043630
0.00043630
0.00043630
0.00043630
0.00043630
0.00043630
0.00043630
0.00043630
0.00043630
0.00043630
0.00043630
0.00043630
0.00043630
0.00043630
0.00043630
0.00043630
0.00043630
0.00043630
0.00043630
0.00043630
0.00043630
0.00043630
0.00043630
0.00043630
0.00043630
0.00043630
0.00043630
0.00043630
0.00043630
0.00043630
0.00043630
0.00043630
0.00043630
0.00043630
0.00043630
0.00043630
0.00043630
0.00043630
0.00043630
0.00043630
0.00043630
0.00043630
0.00043630
0.00043630
0.00043630
0.00043630
0.00043630
0.00043630
0.00043630
0.00043630
0.00043630
0.00043630
0.00043630
0.00043630
0.00043630
0.00043630
0.00043630
0.00043630
0.00043630
0.00043630
0.00043630
0.00043630
0.00043630
0.00043630
0.00043630
0.00043630
0.00043630
0.00043630
0.00043630
0.00043630
0.00043630
0.00043630
0.00043630
0.00043630
0.00043630
0.00043630
0.00043630
0.00043630
0.00043630
0.00043630
0.00043630
0.00043630
0.00043630
0.00043630
0.00043630
0.00043630
0.00043630
0.00043630
0.00043630
0.00043630
0.00043630
0.00043630
0.00043630
0.00043630
0.00043630
0.00043630
0.00043630
0.00043630
0.00043630
0.00043630
0.00043630
0.00043630
0.00043630
0.00043630
0.00043630
0.00043630
0.00043630
0.00043630
0.00043630
0.00043630
0.00043630
0.00043630
0.00043630
0.00043630
0.00043630
0.00043630
0.00043630
0.00043630
0.00043630
0.00043630
0.00043630
0.00043630
0.00043630
0.00043630
0.00043630
0.00043630
0.00043630
0.00043630
0.00043630
0.00043630
0.00043630
0.00043630
0.00043630
0.00043630
0.00043630
0.00043630
0.00043630
0.00043630
0.00043630
0.00043630
0.00043630
0.00043630
0.00043630
0.00043630
0.00043630
0.00043630
0.00043630
0.00043630
0.00043630
0.00043630
0.00043630
0.00043630
0.00043630
0.00043630
0.00043630
0.00043630
0.00043630
0.00043630
0.00043630
0.00043630
0.00043630
0.00043630
0.00043630
0.00043630
0.00043630
0.00043630
0.00043630
0.00043630
0.00043630
0.00043630
0.00043630
0.00043630
0.00043630
0.00043630
0.00043630
0.00043630
0.00043630
0.00043630
0.00043630
0.00043630
0.00043630
0.00043630
0.00043630
0.00043630
0.00043630
0.00043630
0.00043630
0.00043630
0.00043630
0.00043630
0.00043630
0.00043630
0.00043630
0.00043630
0.00043630
0.00043630
0.00043630
0.00043630
0.00043630
0.00043630
0.00043630
0.00043630
0.00043630
0.00043630
0.00043630
0.00043630
0.00043630
0.00043630
0.00043630
0.00043630
0.00043630
0.00043630
0.00043630
0.00043630
0.00043630
0.00043630
0.00043630
0.00043630
0.00043630
0.00043630
0.00043630
0.00043630
0.00043630
0.00043630
0.00043630
0.00043630
0.00043630
0.00043630
0.00043630
0.00043630
0.00043630
0.00043630
0.00043630
0.00043630
0.00043630
0.00043630
0.00043630
0.00043630
0.00043630
0.00043630
0.00043630
0.00043630
0.00043630
0.00043630
0.00043630
0.00043630
0.00043630
0.00043630
0.00043630
0.00043630
0.00043630
0.00043630
0.00043630
0.00043630
0.00043630
0.00043630
0.00043630
0.00043630
0.00043630
0.00043630
0.00043630
0.00043630
0.00043630
0.00043630
0.00043630
0.00043630
0.00043630
0.00043630
0.00043630
0.00043630
0.00043630
0.00043630
0.00043630
0.00043630
0.00043630
0.00043630
0.00043630
0.00043630
0.00043630
0.00043630
0.00043630
0.00043630
0.00043630
0.00043630
0.00043630
0.00043630
0.00043630
0.00043630
0.00043630
0.00043630
0.00043630
0.00043630
0.00043630
0.00043630
0.00043630
0.00043630
0.00043630
0.00043630
0.00043630
0.00043630
0.00043630
0.00043630
0.00043630
0.00043630
0.00043630
0.00043630
0.00043630
0.00043630
0.00043630
0.00043630
0.00043630
0.00043630
0.00043630
0.00043630
0.00043630
0.00043630
0.00043630
0.00043630
0.00043630
0.00043630
0.00043630
0.00043630
0.00043630
0.00043630
0.00043630
0.00043630
0.00043630
0.00043630
0.00043630
0.00043630
0.00043630
0.00043630
0.00043630
0.00043630
0.00043630
0.00043630
0.00043630
0.00043630
0.00043630
0.00043630
0.00043630
0.00043630
0.00043630
0.00043630
0.00043630
0.00043630
0.00043630
0.00043630
0.00043630
0.00043630
0.00043630
0.00043630
0.00043630
0.00043630
0.00043630
0.00043630
0.00043630
0.00043630
0.00043630
0.00043630
0.00043630
0.00043630
0.00043630
0.00043630
0.00043630
0.00043630
0.00043630
0.00043630
0.00043630
0.00043630
0.00043630
0.00043630
0.00043630
0.00043630
0.00043630
0.00043630
0.00043630
0.00043630
0.00043630
0.00043630
0.00043630
0.00043630
0.00043630
0.00043630
0.00043630
0.00043630
0.00043630
0.00043630
0.00043630
0.00043630
0.00043630
0.00043630
0.00043630
0.00043630
0.00043630
0.00043630
0.00043630
0.00043630
0.00043630
0.00043630
0.00043630
0.00043630
0.00043630
0.00043630
0.00043630
0.00043630
0.00043630
0.00043630
0.00043630
0.00043630
0.00043630
0.00043630
0.00043630
0.00043630
0.00043630
0.00043630
0.00043630
0.00043630
0.00043630
0.00043630
0.00043630
0.00043630
0.00043630
0.00043630
0.00043630
0.00043630
0.00043630
0.00043630
0.00043630
0.00043630
0.00043630
0.00043630
0.00043630
0.00043630
0.00043630
0.00043630
0.00043630
0.00043630
0.00043630
0.00043630
0.00043630
0.00043630
0.00043630
0.00043630
0.00043630
0.00043630
0.00043630
0.00043630
0.00043630
0.00043630
0.00043630
0.00043630
0.00043630
0.00043630
0.00043630
0.00043630
0.00043630
0.00043630
0.00043630
0.00043630
0.00043630
0.00043630
0.00043630
0.00043630
0.00043630
0.00043630
0.00043630
0.00043630
0.00043630
0.00043630
0.00043630
0.00043630
0.00043630
0.00043630
0.00043630
0.00043630
0.00043630
0.00043630
0.00043630
0.00043630
0.00043630
0.00043630
0.00043630
0.00043630
0.00043630
0.00043630
0.00043630
0.00043630
0.00043630
0.00043630
0.00043630
0.00043630
0.00043630
0.00043630
0.00043630
0.00043630
0.00043630
0.00043630
0.00043630
0.00043630
0.00043630
0.00043630
0.00043630
0.00043630
0.00043630
0.00043630
0.00043630
0.00043630
0.00043630
0.00043630
0.00043630
0.00043630
0.00043630
0.00043630
0.00043630
0.00043630
0.00043630
0.00043630
0.00043630
0.00043630
0.00043630
0.00043630
0.00043630
0.00043630
0.00043630
0.00043630
0.00043630
0.00043630
0.00043630
0.00043630
0.00043630
0.00043630
0.00043630
0.00043630
0.00043630
0.00043630
0.00043630
0.00043630
0.00043630
0.00043630
0.00043630
0.00043630
0.00043630
0.00043630
0.00043630
0.00043630
0.00043630
0.00043630
0.00043630
0.00043630
0.00043630
0.00043630
0.00043630
0.00043630
0.00043630
0.00043630
0.00043630
0.00043630
0.00043630
0.00043630
0.00043630
0.00043630
0.00043630
0.00043630
0.00043630
0.00043630
0.00043630
0.00043630
0.00043630
0.00043630
0.00043630
0.00043630
0.00043630
0.00043630
0.00043630
0.00043630
0.00043630
0.00043630
0.00043630
0.00043630
0.00043630
0.00043630
0.00043630
0.00043630
0.00043630
0.00043630
0.00043630
0.00043630
0.00043630
0.00043630
0.00043630
0.00043630
0.00043630
0.00043630
0.00043630
0.00043630
0.00043630
0.00043630
0.00043630
0.00043630
0.00043630
0.00043630
0.00043630
0.00043630
0.00043630
0.00043630
0.00043630
0.00043630
0.00043630
0.00043630
0.00043630
0.00043630
0.00043630
0.00043630
0.00043630
0.00043630
0.00043630
0.00043630
0.00043630
0.00043630
0.00043630
0.00043630
0.00043630
0.00043630
0.00043630
0.00043630
0.00043630
0.00043630
0.00043630
0.00043630
0.00043630
0.00043630
0.00043630
0.00043630
0.00043630
0.00043630
0.00043630
0.00043630
0.00043630
0.00043630
0.00043630
0.00043630
0.00043630
0.00043630
0.00043630
0.00043630
0.00043630
0.00043630
0.00043630
0.00043630
0.00043630
0.00043630
0.00043630
0.00043630
0.00043630
0.00043630
0.00043630
0.00043630
0.00043630
0.00043630
0.00043630
0.00043630
0.00043630
0.00043630
0.00043630
0.00043630
0.00043630
0.00043630
0.00043630
0.00043630
0.00043630
0.00043630
0.00043630
0.00043630
0.00043630
0.00043630
0.00043630
0.00043630
0.00043630
0.00043630
0.00043630
0.00043630
0.00043630
0.00043630
0.00043630
0.00043630
0.00043630
0.00043630
0.00043630
0.00043630
0.00043630
0.00043630
0.00043630
0.00043630
0.00043630
0.00043630
0.00043630
0.00043630
0.00043630
0.00043630
0.00043630
0.00043630
0.00043630
0.00043630
0.00043630
0.00043630
0.00043630
0.00043630
0.00043630
0.00043630
0.00043630
0.00043630
0.00043630
0.00043630
0.00043630
0.00043630
0.00043630
0.00043630
0.00043630
0.00043630
0.00043630
0.00043630
0.00043630
0.00043630
0.00043630
0.00043630
0.00043630
0.00043630
0.00043630
0.00043630
0.00043630
0.00043630
0.00043630
0.00043630
0.00043630
0.00043630
0.00043630
0.00043630
0.00043630
0.00043630
0.00043630
0.00043630
0.00043630
0.00043630
0.00043630
0.00043630
0.00043630
0.00043630
0.00043630
0.00043630
0.00043630
0.00043630
0.00043630
0.00043630
0.00043630
0.00043630
0.00043630
0.00043630
0.00043630
0.00043630
0.00043630
0.00043630
0.00043630
0.00043630
0.00043630
0.00043630
0.00043630
0.00043630
0.00043630
0.00043630
0.00043630
0.00043630
0.00043630
0.00043630
0.00043630
0.00043630
0.00043630
0.00043630
0.00043630
0.00043630
0.00043630
0.00043630
0.00043630
0.00043630
0.00043630
0.00043630
0.00043630
0.00043630
0.00043630
0.00043630
0.00043630
0.00043630
0.00043630
0.00043630
0.00043630
0.00043630
0.00043630
0.00043630
0.00043630
0.00043630
0.00043630
0.00043630
0.00043630
0.00043630
0.00043630
0.00043630
0.00043630
0.00043630
0.00043630
0.00043630
0.00043630
0.00043630
0.00043630
0.00043630
0.00043630
0.00043630
0.00043630
0.00043630
0.00043630
0.00043630
0.00043630
0.00043630
0.00043630
0.00043630
0.00043630
0.00043630
0.00043630
0.00043630
0.00043630
0.00043630
0.00043630
0.00043630
0.00043630
0.00043630
0.00043630
0.00043630
0.00043630
0.00043630
0.00043630
0.00043630
0.00043630
0.00043630
0.00043630
0.00043630
0.00043630
0.00043630
0.00043630
0.00043630
0.00043630
0.00043630
0.00043630
0.00043630
0.00043630
0.00043630
0.00043630
0.00043630
0.00043630
0.00043630
0.00043630
0.00043630
0.00043630
0.00043630
0.00043630
0.00043630
0.00043630
0.00043630
0.00043630
0.00043630
0.00043630
0.00043630
0.00043630
0.00043630
0.00043630
0.00043630
0.00043630
0.00043630
0.00043630
0.00043630
0.00043630
0.00043630
0.00043630
0.00043630
0.00043630
0.00043630
0.00043630
0.00043630
0.00043630
0.00043630
0.00043630
0.00043630
0.00043630
0.00043630
0.00043630
0.00043630
0.00043630
0.00043630
0.00043630
0.00043630
0.00043630
0.00043630
0.00043630
0.00043630
0.00043630
0.00043630
0.00043630
0.00043630
0.00043630
0.00043630
0.00043630
0.00043630
0.00043630
0.00043630
0.00043630
0.00043630
0.00043630
0.00043630
0.00043630
0.00043630
0.00043630
0.00043630
0.00043630
0.00043630
0.00043630
0.00043630
0.00043630
0.00043630
0.00043630
0.00043630
0.00043630
0.00043630
0.00043630
0.00043630
0.00043630
0.00043630
0.00043630
0.00043630
0.00043630
0.00043630
0.00043630
0.00043630
0.00043630
0.00043630
0.00043630
0.00043630
0.00043630
0.00043630
0.00043630
0.00043630
0.00043630
0.00043630
0.00043630
0.00043630
0.00043630
0.00043630
0.00043630
0.00043630
0.00043630
0.00043630
0.00043630
0.00043630
0.00043630
0.00043630
0.00043630
0.00043630
0.00043630
0.00043630
0.00043630
0.00043630
0.00043630
0.00043630
0.00043630
0.00043630
0.00043630
0.00043630
0.00043630
0.00043630
0.00043630
0.00043630
0.00043630
0.00043630
0.00043630
0.00043630
0.00043630
0.00043630
0.00043630
0.00043630
0.00043630
0.00043630
0.00043630
0.00043630
0.00043630
0.00043630
0.00043630
0.00043630
0.00043630
0.00043630
0.00043630
0.00043630
0.00043630
0.00043630
0.00043630
0.00043630
0.00043630
0.00043630
0.00043630
0.00043630
0.00043630
0.00043630
0.00043630
0.00043630
0.00043630
0.00043630
0.00043630
0.00043630
0.00043630
0.00043630
0.00043630
0.00043630
0.00043630
0.00043630
0.00043630
0.00043630
0.00043630
0.00043630
0.00043630
0.00043630
0.00043630
0.00043630
0.00043630
0.00043630
0.00043630
0.00043630
0.00043630
0.00043630
0.00043630
0.00043630
0.00043630
0.00043630
0.00043630
0.00043630
0.00043630
0.00043630
0.00043630
0.00043630
0.00043630
0.00043630
0.00043630
0.00043630
0.00043630
0.00043630
0.00043630
0.00043630
0.00043630
0.00043630
0.00043630
0.00043630
0.00043630
0.00043630
0.00043630
0.00043630
0.00043630
0.00043630
0.00043630
0.00043630
0.00043630
0.00043630
0.00043630
0.00043630
0.00043630
0.00043630
0.00043630
0.00043630
0.00043630
0.00043630
0.00043630
0.00043630
0.00043630
0.00043630
0.00043630
0.00043630
0.00043630
0.00043630
0.00043630
0.00043630
0.00043630
0.00043630
0.00043630
0.00043630
0.00043630
0.00043630
0.00043630
0.00043630
0.00043630
0.00043630
0.00043630
0.00043630
0.00043630
0.00043630
0.00043630
0.00043630
0.00043630
0.00043630
0.00043630
0.00043630
0.00043630
0.00043630
0.00043630
0.00043630
0.00043630
0.00043630
0.00043630
0.00043630
0.00043630
0.00043630
0.00043630
0.00043630
0.00043630
0.00043630
0.00043630
0.00043630
0.00043630
0.00043630
0.00043630
0.00043630
0.00043630
0.00043630
0.00043630
0.00043630
0.00043630
0.00043630
0.00043630
0.00043630
0.00043630
0.00043630
0.00043630
0.00043630
0.00043630
0.00043630
0.00043630
0.00043630
0.00043630
0.00043630
0.00043630
0.00043630
0.00043630
0.00043630
0.00043630
0.00043630
0.00043630
0.00043630
0.00043630
0.00043630
0.00043630
0.00043630
0.00043630
0.00043630
0.00043630
0.00043630
0.00043630
0.00043630
0.00043630
0.00043630
0.00043630
0.00043630
0.00043630
0.00043630
0.00043630
0.00043630
0.00043630
0.00043630
0.00043630
0.00043630
0.00043630
0.00043630
0.00043630
0.00043630
0.00043630
0.00043630
0.00043630
0.00043630
0.00043630
0.00043630
0.00043630
0.00043630
0.00043630
0.00043630
0.00043630
0.00043630
0.00043630
0.00043630
0.00043630
0.00043630
0.00043630
0.00043630
0.00043630
0.00043630
0.00043630
0.00043630
0.00043630
0.00043630
0.00043630
0.00043630
0.00043630
0.00043630
0.00043630
0.00043630
0.00043630
0.00043630
0.00043630
0.00043630
0.00043630
0.00043630
0.00043630
0.00043630
0.00043630
0.00043630
0.00043630
0.00043630
0.00043630
0.00043630
0.00043630
0.00043630
0.00043630
0.00043630
0.00043630
0.00043630
0.00043630
0.00043630
0.00043630
0.00043630
0.00043630
0.00043630
0.00043630
0.00043630
0.00043630
0.00043630
0.00043630
0.00043630
0.00043630
0.00043630
0.00043630
0.00043630
0.00043630
0.00043630
0.00043630
0.00043630
0.00043630
0.00043630
0.00043630
0.00043630
0.00043630
0.00043630
0.00043630
0.00043630
0.00043630
0.00043630
0.00043630
0.00043630
0.00043630
0.00043630
0.00043630
0.00043630
0.00043630
0.00043630
0.00043630
0.00043630
0.00043630
0.00043630
0.00043630
0.00043630
0.00043630
0.00043630
0.00043630
0.00043630
0.00043630
0.00043630
0.00043630
0.00043630
0.00043630
0.00043630
0.00043630
0.00043630
0.00043630
0.00043630
0.00043630
0.00043630
0.00043630
0.00043630
0.00043630
0.00043630
0.00043630
0.00043630
0.00043630
0.00043630
0.00043630
0.00043630
0.00043630
0.00043630
0.00043630
0.00043630
0.00043630
0.00043630
0.00043630
0.00043630
0.00043630
0.00043630
0.00043630
0.00043630
0.00043630
0.00043630
0.00043630
0.00043630
0.00043630
0.00043630
0.00043630
0.00043630
0.00043630
0.00043630
0.00043630
0.00043630
0.00043630
0.00043630
0.00043630
0.00043630
0.00043630
0.00043630
0.00043630
0.00043630
0.00043630
0.00043630
0.00043630
0.00043630
0.00043630
0.00043630
0.00043630
0.00043630
0.00043630
0.00043630
0.00043630
0.00043630
0.00043630
0.00043630
0.00043630
0.00043630
0.00043630
0.00043630
0.00043630
0.00043630
0.00043630
0.00043630
0.00043630
0.00043630
0.00043630
0.00043630
0.00043630
0.00043630
0.00043630
0.00043630
0.00043630
0.00043630
0.00043630
0.00043630
0.00043630
0.00043630
0.00043630
0.00043630
0.00043630
0.00043630
0.00043630
0.00043630
0.00043630
0.00043630
0.00043630
0.00043630
0.00043630
0.00043630
0.00043630
0.00043630
0.00043630
0.00043630
0.00043630
0.00043630
0.00043630
0.00043630
0.00043630
0.00043630
0.00043630
0.00043630
0.00043630
0.00043630
0.00043630
0.00043630
0.00043630
0.00043630
0.00043630
0.00043630
0.00043630
0.00043630
0.00043630
0.00043630
0.00043630
0.00043630
0.00043630
0.00043630
0.00043630
0.00043630
0.00043630
0.00043630
0.00043630
0.00043630
0.00043630
0.00043630
0.00043630
0.00043630
0.00043630
0.00043630
0.00043630
0.00043630
0.00043630
0.00043630
0.00043630
0.00043630
0.00043630
0.00043630
0.00043630
0.00043630
0.00043630
0.00043630
0.00043630
0.00043630
0.00043630
0.00043630
0.00043630
0.00043630
0.00043630
0.00043630
0.00043630
0.00043630
0.00043630
0.00043630
0.00043630
0.00043630
0.00043630
0.00043630
0.00043630
0.00043630
0.00043630
0.00043630
0.00043630
0.00043630
0.00043630
0.00043630
0.00043630
0.00043630
0.00043630
0.00043630
0.00043630
0.00043630
0.00043630
0.00043630
0.00043630
0.00043630
0.00043630
0.00043630
0.00043630
0.00043630
0.00043630
0.00043630
0.00043630
0.00043630
0.00043630
0.00043630
0.00043630
0.00043630
0.00043630
0.00043630
0.00043630
0.00043630
0.00043630
0.00043630
0.00043630
0.00043630
0.00043630
0.00043630
0.00043630
0.00043630
0.00043630
0.00043630
0.00043630
0.00043630
0.00043630
0.00043630
0.00043630
0.00043630
0.00043630
0.00043630
0.00043630
0.00043630
0.00043630
0.00043630
0.00043630
0.00043630
0.00043630
0.00043630
0.00043630
0.00043630
0.00043630
0.00043630
0.00043630
0.00043630
0.00043630
0.00043630
0.00043630
0.00043630
0.00043630
0.00043630
0.00043630
0.00043630
0.00043630
0.00043630
0.00043630
0.00043630
0.00043630
0.00043630
0.00043630
0.00043630
0.00043630
0.00043630
0.00043630
0.00043630
0.00043630
0.00043630
0.00043630
0.00043630
0.00043630
0.00043630
0.00043630
0.00043630
0.00043630
0.00043630
0.00043630
0.00043630
0.00043630
0.00043630
0.00043630
0.00043630
0.00043630
0.00043630
0.00043630
0.00043630
0.00043630
0.00043630
0.00043630
0.00043630
0.00043630
0.00043630
0.00043630
0.00043630
0.00043630
0.00043630
0.00043630
0.00043630
0.00043630
0.00043630
0.00043630
0.00043630
0.00043630
0.00043630
0.00043630
0.00043630
0.00043630
0.00043630
0.00043630
0.00043630
0.00043630
0.00043630
0.00043630
0.00043630
0.00043630
0.00043630
0.00043630
0.00043630
0.00043630
0.00043630
0.00043630
0.00043630
0.00043630
0.00043630
0.00043630
0.00043630
0.00043630
0.00043630
0.00043630
0.00043630
0.00043630
0.00043630
0.00043630
0.00043630
0.00043630
0.00043630
0.00043630
0.00043630
0.00043630
0.00043630
0.00043630
0.00043630
0.00043630
0.00043630
0.00043630
0.00043630
0.00043630
0.00043630
0.00043630
0.00043630
0.00043630
0.00043630
0.00043630
0.00043630
0.00043630
0.00043630
0.00043630
0.00043630
0.00043630
0.00043630
0.00043630
0.00043630
0.00043630
0.00043630
0.00043630
0.00043630
0.00043630
0.00043630
0.00043630
0.00043630
0.00043630
0.00043630
0.00043630
0.00043630
0.00043630
0.00043630
0.00043630
0.00043630
0.00043630
0.00043630
0.00043630
0.00043630
0.00043630
0.00043630
0.00043630
0.00043630
0.00043630
0.00043630
0.00043630
0.00043630
0.00043630
0.00043630
0.00043630
0.00043630
0.00043630
0.00043630
0.00043630
0.00043630
0.00043630
0.00043630
0.00043630
0.00043630
0.00043630
0.00043630
0.00043630
0.00043630
0.00043630
0.00043630
0.00043630
0.00043630
0.00043630
0.00043630
0.00043630
0.00043630
0.00043630
0.00043630
0.00043630
0.00043630
0.00043630
0.00043630
0.00043630
0.00043630
0.00043630
0.00043630
0.00043630
0.00043630
0.00043630
0.00043630
0.00043630
0.00043630
0.00043630
0.00043630
0.00043630
0.00043630
0.00043630
0.00043630
0.00043630
0.00043630
0.00043630
0.00043630
0.00043630
0.00043630
0.00043630
0.00043630
0.00043630
0.00043630
0.00043630
0.00043630
0.00043630
0.00043630
0.00043630
0.00043630
0.00043630
0.00043630
0.00043630
0.00043630
0.00043630
0.00043630
0.00043630
0.00043630
0.00043630
0.00043630
0.00043630
0.00043630
0.00043630
0.00043630
0.00043630
0.00043630
0.00043630
0.00043630
0.00043630
0.00043630
0.00043630
0.00043630
0.00043630
0.00043630
0.00043630
0.00043630
0.00043630
0.00043630
0.00043630
0.00043630
0.00043630
0.00043630
0.00043630
0.00043630
0.00043630
0.00043630
0.00043630
0.00043630
0.00043630
0.00043630
0.00043630
0.00043630
0.00043630
0.00043630
0.00043630
0.00043630
0.00043630
0.00043630
0.00043630
0.00043630
0.00043630
0.00043630
0.00043630
0.00043630
0.00043630
0.00043630
0.00043630
0.00043630
0.00043630
0.00043630
0.00043630
0.00043630
0.00043630
0.00043630
0.00043630
0.00043630
0.00043630
0.00043630
0.00043630
0.00043630
0.00043630
0.00043630
0.00043630
0.00043630
0.00043630
0.00043630
0.00043630
0.00043630
0.00043630
0.00043630
0.00043630
0.00043630
0.00043630
0.00043630
0.00043630
0.00043630
0.00043630
0.00043630
0.00043630
0.00043630
0.00043630
0.00043630
0.00043630
0.00043630
0.00043630
0.00043630
0.00043630
0.00043630
0.00043630
0.00043630
0.00043630
0.00043630
0.00043630
0.00043630
0.00043630
0.00043630
0.00043630
0.00043630
0.00043630
0.00043630
0.00043630
0.00043630
0.00043630
0.00043630
0.00043630
0.00043630
0.00043630
0.00043630
0.00043630
0.00043630
0.00043630
0.00043630
0.00043630
0.00043630
0.00043630
0.00043630
0.00043630
0.00043630
0.00043630
0.00043630
0.00043630
0.00043630
0.00043630
0.00043630
0.00043630
0.00043630
0.00043630
0.00043630
0.00043630
0.00043630
0.00043630
0.00043630
0.00043630
0.00043630
0.00043630
0.00043630
0.00043630
0.00043630
0.00043630
0.00043630
0.00043630
0.00043630
0.00043630
0.00043630
0.00043630
0.00043630
0.00043630
0.00043630
0.00043630
0.00043630
0.00043630
0.00043630
0.00043630
0.00043630
0.00043630
0.00043630
0.00043630
0.00043630
0.00043630
0.00043630
0.00043630
0.00043630
0.00043630
0.00043630
0.00043630
0.00043630
0.00043630
0.00043630
0.00043630
0.00043630
0.00043630
0.00043630
0.00043630
0.00043630
0.00043630
0.00043630
0.00043630
0.00043630
0.00043630
0.00043630
0.00043630
0.00043630
0.00043630
0.00043630
0.00043630
0.00043630
0.00043630
0.00043630
0.00043630
0.00043630
0.00043630
0.00043630
0.00043630
0.00043630
0.00043630
0.00043630
0.00043630
0.00043630
0.00043630
0.00043630
0.00043630
0.00043630
0.00043630
0.00043630
0.00043630
0.00043630
0.00043630
0.00043630
0.00043630
0.00043630
0.00043630
0.00043630
0.00043630
0.00043630
0.00043630
0.00043630
0.00043630
0.00043630
0.00043630
0.00043630
0.00043630
0.00043630
0.00043630
0.00043630
0.00043630
0.00043630
0.00043630
0.00043630
0.00043630
0.00043630
0.00043630
0.00043630
0.00043630
0.00043630
0.00043630
0.00043630
0.00043630
0.00043630
0.00043630
0.00043630
0.00043630
0.00043630
0.00043630
0.00043630
0.00043630
0.00043630
0.00043630
0.00043630
0.00043630
0.00043630
0.00043630
0.00043630
0.00043630
0.00043630
0.00043630
0.00043630
0.00043630
0.00043630
0.00043630
0.00043630
0.00043630
0.00043630
0.00043630
0.00043630
0.00043630
0.00043630
0.00043630
0.00043630
0.00043630
0.00043630
0.00043630
0.00043630
0.00043630
0.00043630
0.00043630
0.00043630
0.00043630
0.00043630
0.00043630
0.00043630
0.00043630
0.00043630
0.00043630
0.00043630
0.00043630
0.00043630
0.00043630
0.00043630
0.00043630
0.00043630
0.00043630
0.00043630
0.00043630
0.00043630
0.00043630
0.00043630
0.00043630
0.00043630
0.00043630
0.00043630
0.00043630
0.00043630
0.00043630
0.00043630
0.00043630
0.00043630
0.00043630
0.00043630
0.00043630
0.00043630
0.00043630
0.00043630
0.00043630
0.00043630
0.00043630
0.00043630
0.00043630
0.00043630
0.00043630
0.00043630
0.00043630
0.00043630
0.00043630
0.00043630
0.00043630
0.00043630
0.00043630
0.00043630
0.00043630
0.00043630
0.00043630
0.00043630
0.00043630
0.00043630
0.00043630
0.00043630
0.00043630
0.00043630
0.00043630
0.00043630
0.00043630
0.00043630
0.00043630
0.00043630
0.00043630
0.00043630
0.00043630
0.00043630
0.00043630
0.00043630
0.00043630
0.00043630
0.00043630
0.00043630
0.00043630
0.00043630
0.00043630
0.00043630
0.00043630
0.00043630
0.00043630
0.00043630
0.00043630
0.00043630
0.00043630
0.00043630
0.00043630
0.00043630
0.00043630
0.00043630
0.00043630
0.00043630
0.00043630
0.00043630
0.00043630
0.00043630
0.00043630
0.00043630
0.00043630
0.00043630
0.00043630
0.00043630
0.00043630
0.00043630
0.00043630
0.00043630
0.00043630
0.00043630
0.00043630
0.00043630
0.00043630
0.00043630
0.00043630
0.00043630
0.00043630
0.00043630
0.00043630
0.00043630
0.00043630
0.00043630
0.00043630
0.00043630
0.00043630
0.00043630
0.00043630
0.00043630
0.00043630
0.00043630
0.00043630
0.00043630
0.00043630
0.00043630
0.00043630
0.00043630
0.00043630
0.00043630
0.00043630
0.00043630
0.00043630
0.00043630
0.00043630
0.00043630
0.00043630
0.00043630
0.00043630
0.00043630
0.00043630
0.00043630
0.00043630
0.00043630
0.00043630
0.00043630
0.00043630
0.00043630
0.00043630
0.00043630
0.00043630
0.00043630
0.00043630
0.00043630
0.00043630
0.00043630
0.00043630
0.00043630
0.00043630
0.00043630
0.00043630
0.00043630
0.00043630
0.00043630
0.00043630
0.00043630
0.00043630
0.00043630
0.00043630
0.00043630
0.00043630
0.00043630
0.00043630
0.00043630
0.00043630
0.00043630
0.00043630
0.00043630
0.00043630
0.00043630
0.00043630
0.00043630
0.00043630
0.00043630
0.00043630
0.00043630
0.00043630
0.00043630
0.00043630
0.00043630
0.00043630
0.00043630
0.00043630
0.00043630
0.00043630
0.00043630
0.00043630
0.00043630
0.00043630
0.00043630
0.00043630
0.00043630
0.00043630
0.00043630
0.00043630
0.00043630
0.00043630
0.00043630
0.00043630
0.00043630
0.00043630
0.00043630
0.00043630
0.00043630
0.00043630
0.00043630
0.00043630
0.00043630
0.00043630
0.00043630
0.00043630
0.00043630
0.00043630
0.00043630
0.00043630
0.00043630
0.00043630
0.00043630
0.00043630
0.00043630
0.00043630
0.00043630
0.00043630
0.00043630
0.00043630
0.00043630
0.00043630
0.00043630
0.00043630
0.00043630
0.00043630
0.00043630
0.00043630
0.00043630
0.00043630
0.00043630
0.00043630
0.00043630
0.00043630
0.00043630
0.00043630
0.00043630
0.00043630
0.00043630
0.00043630
0.00043630
0.00043630
0.00043630
0.00043630
0.00043630
0.00043630
0.00043630
0.00043630
0.00043630
0.00043630
0.00043630
0.00043630
0.00043630
0.00043630
0.00043630
0.00043630
0.00043630
0.00043630
0.00043630
0.00043630
0.00043630
0.00043630
0.00043630
0.00043630
0.00043630
0.00043630
0.00043630
0.00043630
0.00043630
0.00043630
0.00043630
0.00043630
0.00043630
0.00043630
0.00043630
0.00043630
0.00043630
0.00043630
0.00043630
0.00043630
0.00043630
0.00043630
0.00043630
0.00043630
0.00043630
0.00043630
0.00043630
0.00043630
0.00043630
0.00043630
0.00043630
0.00043630
0.00043630
0.00043630
0.00043630
0.00043630
0.00043630
0.00043630
0.00043630
0.00043630
0.00043630
0.00043630
0.00043630
0.00043630
0.00043630
0.00043630
0.00043630
0.00043630
0.00043630
0.00043630
0.00043630
0.00043630
0.00043630
0.00043630
0.00043630
0.00043630
0.00043630
0.00043630
0.00043630
0.00043630
0.00043630
0.00043630
0.00043630
0.00043630
0.00043630
0.00043630
0.00043630
0.00043630
0.00043630
0.00043630
0.00043630
0.00043630
0.00043630
0.00043630
0.00043630
0.00043630
0.00043630
0.00043630
0.00043630
0.00043630
0.00043630
0.00043630
0.00043630
0.00043630
0.00043630
0.00043630
0.00043630
0.00043630
0.00043630
0.00043630
0.00043630
0.00043630
0.00043630
0.00043630
0.00043630
0.00043630
0.00043630
0.00043630
0.00043630
0.00043630
0.00043630
0.00043630
0.00043630
0.00043630
0.00043630
0.00043630
0.00043630
0.00043630
0.00043630
0.00043630
0.00043630
0.00043630
0.00043630
0.00043630
0.00043630
0.00043630
0.00043630
0.00043630
0.00043630
0.00043630
0.00043630
0.00043630
0.00043630
0.00043630
0.00043630
0.00043630
0.00043630
0.00043630
0.00043630
0.00043630
0.00043630
0.00043630
0.00043630
0.00043630
0.00043630
0.00043630
0.00043630
0.00043630
0.00043630
0.00043630
0.00043630
0.00043630
0.00043630
0.00043630
0.00043630
0.00043630
0.00043630
0.00043630
0.00043630
0.00043630
0.00043630
0.00043630
0.00043630
0.00043630
0.00043630
0.00043630
0.00043630
0.00043630
0.00043630
0.00043630
0.00043630
0.00043630
0.00043630
0.00043630
0.00043630
0.00043630
0.00043630
0.00043630
0.00043630
0.00043630
0.00043630
0.00043630
0.00043630
0.00043630
0.00043630
0.00043630
0.00043630
0.00043630
0.00043630
0.00043630
0.00043630
0.00043630
0.00043630
0.00043630
0.00043630
0.00043630
0.00043630
0.00043630
0.00043630
0.00043630
0.00043630
0.00043630
0.00043630
0.00043630
0.00043630
0.00043630
0.00043630
0.00043630
0.00043630
0.00043630
0.00043630
0.00043630
0.00043630
0.00043630
0.00043630
0.00043630
0.00043630
0.00043630
0.00043630
0.00043630
0.00043630
0.00043630
0.00043630
0.00043630
0.00043630
0.00043630
0.00043630
0.00043630
0.00043630
0.00043630
0.00043630
0.00043630
0.00043630
0.00043630
0.00043630
0.00043630
0.00043630
0.00043630
0.00043630
0.00043630
0.00043630
0.00043630
0.00043630
0.00043630
0.00043630
0.00043630
0.00043630
0.00043630
0.00043630
0.00043630
0.00043630
0.00043630
0.00043630
0.00043630
0.00043630
0.00043630
0.00043630
0.00043630
0.00043630
0.00043630
0.00043630
0.00043630
0.00043630
0.00043630
0.00043630
0.00043630
0.00043630
0.00043630
0.00043630
0.00043630
0.00043630
0.00043630
0.00043630
0.00043630
0.00043630
0.00043630
0.00043630
0.00043630
0.00043630
0.00043630
0.00043630
0.00043630
0.00043630
0.00043630
0.00043630
0.00043630
0.00043630
0.00043630
0.00043630
0.00043630
0.00043630
0.00043630
0.00043630
0.00043630
0.00043630
0.00043630
0.00043630
0.00043630
0.00043630
0.00043630
0.00043630
0.00043630
0.00043630
0.00043630
0.00043630
0.00043630
0.00043630
0.00043630
0.00043630
0.00043630
0.00043630
0.00043630
0.00043630
0.00043630
0.00043630
0.00043630
0.00043630
0.00043630
0.00043630
0.00043630
0.00043630
0.00043630
0.00043630
0.00043630
0.00043630
0.00043630
0.00043630
0.00043630
0.00043630
0.00043630
0.00043630
0.00043630
0.00043630
0.00043630
0.00043630
0.00043630
0.00043630
0.00043630
0.00043630
0.00043630
0.00043630
0.00043630
0.00043630
0.00043630
0.00043630
0.00043630
0.00043630
0.00043630
0.00043630
0.00043630
0.00043630
0.00043630
0.00043630
0.00043630
0.00043630
0.00043630
0.00043630
0.00043630
0.00043630
0.00043630
0.00043630
0.00043630
0.00043630
0.00043630
0.00043630
0.00043630
0.00043630
0.00043630
0.00043630
0.00043630
0.00043630
0.00043630
0.00043630
0.00043630
0.00043630
0.00043630
0.00043630
0.00043630
0.00043630
0.00043630
0.00043630
0.00043630
0.00043630
0.00043630
0.00043630
0.00043630
0.00043630
0.00043630
0.00043630
0.00043630
0.00043630
0.00043630
0.00043630
0.00043630
0.00043630
0.00043630
0.00043630
0.00043630
0.00043630
0.00043630
0.00043630
0.00043630
0.00043630
0.00043630
0.00043630
0.00043630
0.00043630
0.00043630
0.00043630
0.00043630
0.00043630
0.00043630
0.00043630
0.00043630
0.00043630
0.00043630
0.00043630
0.00043630
0.00043630
0.00043630
0.00043630
0.00043630
0.00043630
0.00043630
0.00043630
0.00043630
0.00043630
0.00043630
0.00043630
0.00043630
0.00043630
0.00043630
0.00043630
0.00043630
0.00043630
0.00043630
0.00043630
0.00043630
0.00043630
0.00043630
0.00043630
0.00043630
0.00043630
0.00043630
0.00043630
0.00043630
0.00043630
0.00043630
0.00043630
0.00043630
0.00043630
0.00043630
0.00043630
0.00043630
0.00043630
0.00043630
0.00043630
0.00043630
0.00043630
0.00043630
0.00043630
0.00043630
0.00043630
0.00043630
0.00043630
0.00043630
0.00043630
0.00043630
0.00043630
0.00043630
0.00043630
0.00043630
0.00043630
0.00043630
0.00043630
0.00043630
0.00043630
0.00043630
0.00043630
0.00043630
0.00043630
0.00043630
0.00043630
0.00043630
0.00043630
0.00043630
0.00043630
0.00043630
0.00043630
0.00043630
0.00043630
0.00043630
0.00043630
0.00043630
0.00043630
0.00043630
0.00043630
0.00043630
0.00043630
0.00043630
0.00043630
0.00043630
0.00043630
0.00043630
0.00043630
0.00043630
0.00043630
0.00043630
0.00043630
0.00043630
0.00043630
0.00043630
0.00043630
0.00043630
0.00043630
0.00043630
0.00043630
0.00043630
0.00043630
0.00043630
0.00043630
0.00043630
0.00043630
0.00043630
0.00043630
0.00043630
0.00043630
0.00043630
0.00043630
0.00043630
0.00043630
0.00043630
0.00043630
0.00043630
0.00043630
0.00043630
0.00043630
0.00043630
0.00043630
0.00043630
0.00043630
0.00043630
0.00043630
0.00043630
0.00043630
0.00043630
0.00043630
0.00043630
0.00043630
0.00043630
0.00043630
0.00043630
0.00043630
0.00043630
0.00043630
0.00043630
0.00043630
0.00043630
0.00043630
0.00043630
0.00043630
0.00043630
0.00043630
0.00043630
0.00043630
0.00043630
0.00043630
0.00043630
0.00043630
0.00043630
0.00043630
0.00043630
0.00043630
0.00043630
0.00043630
0.00043630
0.00043630
0.00043630
0.00043630
0.00043630
0.00043630
0.00043630
0.00043630
0.00043630
0.00043630
0.00043630
0.00043630
0.00043630
0.00043630
0.00043630
0.00043630
0.00043630
0.00043630
0.00043630
0.00043630
0.00043630
0.00043630
0.00043630
0.00043630
0.00043630
0.00043630
0.00043630
0.00043630
0.00043630
0.00043630
0.00043630
0.00043630
0.00043630
0.00043630
0.00043630
0.00043630
0.00043630
0.00043630
0.00043630
0.00043630
0.00043630
0.00043630
0.00043630
0.00043630
0.00043630
0.00043630
0.00043630
0.00043630
0.00043630
0.00043630
0.00043630
0.00043630
0.00043630
0.00043630
0.00043630
0.00043630
0.00043630
0.00043630
0.00043630
0.00043630
0.00043630
0.00043630
0.00043630
0.00043630
0.00043630
0.00043630
0.00043630
0.00043630
0.00043630
0.00043630
0.00043630
0.00043630
0.00043630
0.00043630
0.00043630
0.00043630
0.00043630
0.00043630
0.00043630
0.00043630
0.00043630
0.00043630
0.00043630
0.00043630
0.00043630
0.00043630
0.00043630
0.00043630
0.00043630
0.00043630
0.00043630
0.00043630
0.00043630
0.00043630
0.00043630
0.00043630
0.00043630
0.00043630
0.00043630
0.00043630
0.00043630
0.00043630
0.00043630
0.00043630
0.00043630
0.00043630
0.00043630
0.00043630
0.00043630
0.00043630
0.00043630
0.00043630
0.00043630
0.00043630
0.00043630
0.00043630
0.00043630
0.00043630
0.00043630
0.00043630
0.00043630
0.00043630
0.00043630
0.00043630
0.00043630
0.00043630
0.00043630
0.00043630
0.00043630
0.00043630
0.00043630
0.00043630
0.00043630
0.00043630
0.00043630
0.00043630
0.00043630
0.00043630
0.00043630
0.00043630
0.00043630
0.00043630
0.00043630
0.00043630
0.00043630
0.00043630
0.00043630
0.00043630
0.00043630
0.00043630
0.00043630
0.00043630
0.00043630
0.00043630
0.00043630
0.00043630
0.00043630
0.00043630
0.00043630
0.00043630
0.00043630
0.00043630
0.00043630
0.00043630
0.00043630
0.00043630
0.00043630
0.00043630
0.00043630
0.00043630
0.00043630
0.00043630
0.00043630
0.00043630
0.00043630
0.00043630
0.00043630
0.00043630
0.00043630
0.00043630
0.00043630
0.00043630
0.00043630
0.00043630
0.00043630
0.00043630
0.00043630
0.00043630
0.00043630
0.00043630
0.00043630
0.00043630
0.00043630
0.00043630
0.00043630
0.00043630
0.00043630
0.00043630
0.00043630
0.00043630
0.00043630
0.00043630
0.00043630
0.00043630
0.00043630
0.00043630
0.00043630
0.00043630
0.00043630
0.00043630
0.00043630
0.00043630
0.00043630
0.00043630
0.00043630
0.00043630
0.00043630
0.00043630
0.00043630
0.00043630
0.00043630
0.00043630
0.00043630
0.00043630
0.00043630
0.00043630
0.00043630
0.00043630
0.00043630
0.00043630
0.00043630
0.00043630
0.00043630
0.00043630
0.00043630
0.00043630
0.00043630
0.00043630
0.00043630
0.00043630
0.00043630
0.00043630
0.00043630
0.00043630
0.00043630
0.00043630
0.00043630
0.00043630
0.00043630
0.00043630
0.00043630
0.00043630
0.00043630
0.00043630
0.00043630
0.00043630
0.00043630
0.00043630
0.00043630
0.00043630
0.00043630
0.00043630
0.00043630
0.00043630
0.00043630
0.00043630
0.00043630
0.00043630
0.00043630
0.00043630
0.00043630
0.00043630
0.00043630
0.00043630
0.00043630
0.00043630
0.00043630
0.00043630
0.00043630
0.00043630
0.00043630
0.00043630
0.00043630
0.00043630
0.00043630
0.00043630
0.00043630
0.00043630
0.00043630
0.00043630
0.00043630
0.00043630
0.00043630
0.00043630
0.00043630
0.00043630
0.00043630
0.00043630
0.00043630
0.00043630
0.00043630
0.00043630
0.00043630
0.00043630
0.00043630
0.00043630
0.00043630
0.00043630
0.00043630
0.00043630
0.00043630
0.00043630
0.00043630
0.00043630
0.00043630
0.00043630
0.00043630
0.00043630
0.00043630
0.00043630
0.00043630
0.00043630
0.00043630
0.00043630
0.00043630
0.00043630
0.00043630
0.00043630
0.00043630
0.00043630
0.00043630
0.00043630
0.00043630
0.00043630
0.00043630
0.00043630
0.00043630
0.00043630
0.00043630
0.00043630
0.00043630
0.00043630
0.00043630
0.00043630
0.00043630
0.00043630
0.00043630
0.00043630
0.00043630
0.00043630
0.00043630
0.00043630
0.00043630
0.00043630
0.00043630
0.00043630
0.00043630
0.00043630
0.00043630
0.00043630
0.00043630
0.00043630
0.00043630
0.00043630
0.00043630
0.00043630
0.00043630
0.00043630
0.00043630
0.00043630
0.00043630
0.00043630
0.00043630
0.00043630
0.00043630
0.00043630
0.00043630
0.00043630
0.00043630
0.00043630
0.00043630
0.00043630
0.00043630
0.00043630
0.00043630
0.00043630
0.00043630
0.00043630
0.00043630
0.00043630
0.00043630
0.00043630
0.00043630
0.00043630
0.00043630
0.00043630
0.00043630
0.00043630
0.00043630
0.00043630
0.00043630
0.00043630
0.00043630
0.00043630
0.00043630
0.00043630
0.00043630
0.00043630
0.00043630
0.00043630
0.00043630
0.00043630
0.00043630
0.00043630
0.00043630
0.00043630
0.00043630
0.00043630
0.00043630
0.00043630
0.00043630
0.00043630
0.00043630
0.00043630
0.00043630
0.00043630
0.00043630
0.00043630
0.00043630
0.00043630
0.00043630
0.00043630
0.00043630
0.00043630
0.00043630
0.00043630
0.00043630
0.00043630
0.00043630
0.00043630
0.00043630
0.00043630
0.00043630
0.00043630
0.00043630
0.00043630
0.00043630
0.00043630
0.00043630
0.00043630
0.00043630
0.00043630
0.00043630
0.00043630
0.00043630
0.00043630
0.00043630
0.00043630
0.00043630
0.00043630
0.00043630
0.00043630
0.00043630
0.00043630
0.00043630
0.00043630
0.00043630
0.00043630
0.00043630
0.00043630
0.00043630
0.00043630
0.00043630
0.00043630
0.00043630
0.00043630
0.00043630
0.00043630
0.00043630
0.00043630
0.00043630
0.00043630
0.00043630
0.00043630
0.00043630
0.00043630
0.00043630
0.00043630
0.00043630
0.00043630
0.00043630
0.00043630
0.00043630
0.00043630
0.00043630
0.00043630
0.00043630
0.00043630
0.00043630
0.00043630
0.00043630
0.00043630
0.00043630
0.00043630
0.00043630
0.00043630
0.00043630
0.00043630
0.00043630
0.00043630
0.00043630
0.00043630
0.00043630
0.00043630
0.00043630
0.00043630
0.00043630
0.00043630
0.00043630
0.00043630
0.00043630
0.00043630
0.00043630
0.00043630
0.00043630
0.00043630
0.00043630
0.00043630
0.00043630
0.00043630
0.00043630
0.00043630
0.00043630
0.00043630
0.00043630
0.00043630
0.00043630
0.00043630
0.00043630
0.00043630
0.00043630
0.00043630
0.00043630
0.00043630
0.00043630
0.00043630
0.00043630
0.00043630
0.00043630
0.00043630
0.00043630
0.00043630
0.00043630
0.00043630
0.00043630
0.00043630
0.00043630
0.00043630
0.00043630
0.00043630
0.00043630
0.00043630
0.00043630
0.00043630
0.00043630
0.00043630
0.00043630
0.00043630
0.00043630
0.00043630
0.00043630
0.00043630
0.00043630
0.00043630
0.00043630
0.00043630
0.00043630
0.00043630
0.00043630
0.00043630
0.00043630
0.00043630
0.00043630
0.00043630
0.00043630
0.00043630
0.00043630
0.00043630
0.00043630
0.00043630
