1.00000000
0.99481865
0.98963731
0.97409326
0.96373057
0.95854922
0.94818653
0.94300518
0.93264249
0.92746114
0.91191710
0.90673575
0.89637306
0.89119171
0.88082902
0.87564767
0.86528497
0.85492228
0.84455959
0.83419689
0.82901554
0.81865285
0.81347150
0.80310881
0.79792746
0.79274611
0.78238342
0.77720207
0.77202073
0.76165803
0.74611399
0.74093264
0.73575130
0.72020725
0.69948187
0.68393782
0.67875648
0.67357513
0.66321244
0.65803109
0.65284974
0.64248705
0.63730570
0.63212435
0.62176166
0.61658031
0.61139896
0.60621762
0.59585492
0.59067358
0.58549223
0.58031088
0.57512953
0.56994819
0.55958549
0.54922280
0.54404145
0.53886010
0.52849741
0.51813472
0.51295337
0.50259067
0.47668394
0.47150259
0.46113990
0.45595855
0.44559585
0.44041451
0.43005181
0.42487047
0.40932642
0.38860104
0.37823834
0.36787565
0.35751295
0.33678756
0.31606218
0.31088083
0.30051813
0.28497409
0.27461140
0.20207254
0.18134715
0.17616580
0.15544041
0.15025907
0.13989637
0.08290155
0.05699482
0.03108808
0.02590674
0.02590674
0.01554404
0.01554404
0.01036269
0.01036269
0.01036269
0.01036269
0.01036269
0.01036269
0.01036269
0.01036269
0.01036269
0.01036269
0.01036269
0.00518135
0.00518135
0.00518135
0.00518135
0.00518135
0.00518135
0.00518135
0.00518135
0.00518135
0.00518135
0.00518135
0.00518135
0.00518135
0.00518135
0.00518135
0.00518135
0.00518135
0.00518135
0.00518135
0.00518135
0.00518135
0.00518135
0.00518135
0.00518135
0.00518135
0.00518135
0.00518135
0.00518135
0.00518135
0.00518135
0.00518135
0.00518135
0.00518135
0.00518135
0.00518135
0.00518135
0.00518135
0.00518135
0.00518135
0.00518135
0.00518135
0.00518135
0.00518135
0.00518135
0.00518135
0.00518135
0.00518135
0.00518135
0.00518135
0.00518135
0.00518135
0.00518135
0.00518135
0.00518135
0.00518135
0.00518135
0.00518135
0.00518135
0.00518135
0.00518135
0.00518135
0.00518135
0.00518135
0.00518135
0.00518135
0.00518135
0.00518135
0.00518135
0.00518135
0.00518135
0.00518135
0.00518135
0.00518135
0.00518135
0.00518135
0.00518135
0.00518135
0.00518135
0.00518135
0.00518135
0.00518135
0.00518135
0.00518135
0.00518135
0.00518135
0.00518135
0.00518135
0.00518135
0.00518135
0.00518135
0.00518135
0.00518135
0.00518135
0.00518135
0.00518135
0.00518135
0.00518135
0.00518135
0.00518135
0.00518135
0.00518135
0.00518135
0.00518135
0.00518135
0.00518135
0.00518135
0.00518135
0.00518135
0.00518135
