1.00000000
1.00000000
1.00000000
0.93333333
0.89523810
0.80952381
0.80952381
0.80952381
0.73809524
0.72380952
0.68571429
0.19047619
0.19047619
0.19047619
0.19047619
0.19047619
0.18571429
0.15238095
0.15238095
0.15238095
0.15238095
0.15238095
0.15238095
0.11904762
0.11904762
0.11904762
0.11904762
0.11904762
0.11904762
0.10952381
0.09523810
0.09523810
0.09523810
0.09523810
0.09523810
0.09523810
0.09523810
0.09523810
0.09523810
0.09523810
0.09523810
0.09523810
0.09523810
0.09523810
0.09523810
0.09523810
0.09523810
0.09523810
0.09523810
0.09523810
0.09523810
0.09523810
0.08095238
0.06666667
0.06666667
0.06666667
0.06666667
0.06666667
0.06666667
0.06666667
0.06666667
0.06666667
0.06666667
0.06666667
0.06666667
0.06666667
0.06666667
0.06666667
0.06666667
0.06190476
0.06190476
0.06190476
0.06190476
0.05714286
0.05238095
0.04761905
0.04285714
0.03809524
0.03333333
0.02857143
0.02380952
0.02380952
0.02380952
0.02380952
0.02380952
0.02380952
0.02380952
0.02380952
0.02380952
0.02380952
0.02380952
0.02380952
0.02380952
0.02380952
0.02380952
0.02380952
0.02380952
0.02380952
0.02380952
0.02380952
0.02380952
0.02380952
0.02380952
0.02380952
0.02380952
0.02380952
0.02380952
0.02380952
0.02380952
0.02380952
0.02380952
0.02380952
0.02380952
0.02380952
0.02380952
0.02380952
0.02380952
0.02380952
0.02380952
0.02380952
0.02380952
0.02380952
0.01904762
0.01904762
0.01904762
0.01904762
0.01904762
0.01428571
0.01428571
0.01428571
0.01428571
0.01428571
0.01428571
0.01428571
0.01428571
0.01428571
0.01428571
0.01428571
0.01428571
0.01428571
0.01428571
0.01428571
0.01428571
0.01428571
0.01428571
0.01428571
0.01428571
0.01428571
0.01428571
0.01428571
0.01428571
0.01428571
0.01428571
0.01428571
0.01428571
0.01428571
0.01428571
0.01428571
0.01428571
0.01428571
0.01428571
0.01428571
0.01428571
0.01428571
0.01428571
0.01428571
0.01428571
0.01428571
0.01428571
0.01428571
0.01428571
0.01428571
0.01428571
0.01428571
0.01428571
0.01428571
0.01428571
0.01428571
0.01428571
0.01428571
0.01428571
0.01428571
0.01428571
0.01428571
0.01428571
0.01428571
0.01428571
0.01428571
0.01428571
0.01428571
0.01428571
0.01428571
0.01428571
0.01428571
0.01428571
0.01428571
0.01428571
0.01428571
0.01428571
0.01428571
0.01428571
0.01428571
0.01428571
0.01428571
0.01428571
0.01428571
0.01428571
0.01428571
0.01428571
0.01428571
0.01428571
0.01428571
0.01428571
0.01428571
0.01428571
0.01428571
0.01428571
0.01428571
0.01428571
0.01428571
0.01428571
0.01428571
0.01428571
0.00952381
0.00952381
0.00952381
0.00952381
0.00952381
0.00952381
0.00952381
0.00952381
0.00952381
0.00952381
0.00952381
0.00952381
0.00952381
0.00952381
0.00952381
0.00952381
0.00952381
0.00952381
0.00952381
0.00952381
0.00952381
0.00952381
0.00952381
0.00952381
0.00952381
0.00952381
0.00952381
0.00952381
0.00952381
0.00952381
0.00952381
0.00952381
0.00952381
0.00952381
0.00952381
0.00952381
0.00952381
0.00952381
0.00952381
0.00952381
0.00952381
0.00952381
0.00952381
0.00952381
0.00952381
0.00952381
0.00952381
0.00952381
0.00952381
0.00952381
0.00952381
0.00952381
0.00952381
0.00952381
0.00952381
0.00952381
0.00952381
0.00952381
0.00952381
0.00952381
0.00952381
0.00952381
0.00952381
0.00952381
0.00952381
0.00952381
0.00952381
0.00952381
0.00952381
0.00952381
0.00952381
0.00952381
0.00952381
0.00952381
0.00952381
0.00952381
0.00952381
0.00952381
0.00952381
0.00952381
0.00952381
0.00952381
0.00952381
0.00952381
0.00952381
0.00952381
0.00952381
0.00952381
0.00952381
0.00952381
0.00952381
0.00952381
0.00952381
0.00952381
0.00952381
0.00952381
0.00952381
0.00952381
0.00952381
0.00952381
0.00952381
0.00952381
0.00952381
0.00952381
0.00952381
0.00952381
0.00952381
0.00952381
0.00952381
0.00952381
0.00952381
0.00952381
0.00952381
0.00952381
0.00952381
0.00952381
0.00952381
0.00952381
0.00952381
0.00952381
0.00952381
0.00952381
0.00952381
0.00952381
0.00952381
0.00952381
0.00952381
0.00952381
0.00952381
0.00952381
0.00952381
0.00952381
0.00952381
0.00952381
0.00952381
0.00952381
0.00952381
0.00952381
0.00952381
0.00952381
0.00952381
0.00952381
0.00952381
0.00952381
0.00952381
0.00952381
0.00952381
0.00952381
0.00952381
0.00952381
0.00952381
0.00952381
0.00952381
0.00952381
0.00952381
0.00952381
0.00952381
0.00476190
0.00476190
0.00476190
0.00476190
0.00476190
0.00476190
0.00476190
0.00476190
0.00476190
0.00476190
0.00476190
0.00476190
0.00476190
0.00476190
0.00476190
0.00476190
0.00476190
0.00476190
0.00476190
0.00476190
0.00476190
0.00476190
0.00476190
0.00476190
0.00476190
0.00476190
0.00476190
0.00476190
0.00476190
0.00476190
0.00476190
0.00476190
0.00476190
0.00476190
0.00476190
0.00476190
0.00476190
0.00476190
0.00476190
0.00476190
0.00476190
0.00476190
0.00476190
0.00476190
0.00476190
0.00476190
0.00476190
0.00476190
0.00476190
0.00476190
0.00476190
0.00476190
0.00476190
0.00476190
0.00476190
0.00476190
0.00476190
0.00476190
0.00476190
0.00476190
0.00476190
0.00476190
0.00476190
0.00476190
0.00476190
0.00476190
0.00476190
0.00476190
0.00476190
0.00476190
0.00476190
0.00476190
0.00476190
0.00476190
0.00476190
0.00476190
0.00476190
0.00476190
0.00476190
0.00476190
0.00476190
0.00476190
0.00476190
0.00476190
0.00476190
0.00476190
0.00476190
0.00476190
0.00476190
0.00476190
0.00476190
0.00476190
0.00476190
0.00476190
0.00476190
0.00476190
0.00476190
0.00476190
0.00476190
0.00476190
0.00476190
0.00476190
0.00476190
0.00476190
0.00476190
0.00476190
0.00476190
0.00476190
0.00476190
0.00476190
0.00476190
0.00476190
0.00476190
0.00476190
0.00476190
0.00476190
0.00476190
0.00476190
0.00476190
0.00476190
0.00476190
0.00476190
0.00476190
0.00476190
0.00476190
0.00476190
0.00476190
0.00476190
0.00476190
0.00476190
0.00476190
0.00476190
0.00476190
0.00476190
0.00476190
0.00476190
0.00476190
0.00476190
0.00476190
0.00476190
0.00476190
0.00476190
0.00476190
0.00476190
0.00476190
0.00476190
0.00476190
0.00476190
0.00476190
0.00476190
0.00476190
0.00476190
0.00476190
0.00476190
0.00476190
0.00476190
0.00476190
0.00476190
0.00476190
0.00476190
0.00476190
0.00476190
0.00476190
0.00476190
0.00476190
0.00476190
0.00476190
0.00476190
0.00476190
0.00476190
0.00476190
0.00476190
0.00476190
0.00476190
0.00476190
0.00476190
0.00476190
0.00476190
0.00476190
0.00476190
0.00476190
0.00476190
0.00476190
0.00476190
0.00476190
0.00476190
0.00476190
0.00476190
0.00476190
0.00476190
0.00476190
0.00476190
0.00476190
0.00476190
0.00476190
0.00476190
0.00476190
0.00476190
0.00476190
0.00476190
0.00476190
0.00476190
0.00476190
0.00476190
0.00476190
0.00476190
0.00476190
0.00476190
0.00476190
0.00476190
0.00476190
0.00476190
0.00476190
0.00476190
0.00476190
0.00476190
0.00476190
0.00476190
0.00476190
0.00476190
0.00476190
0.00476190
0.00476190
0.00476190
0.00476190
0.00476190
0.00476190
0.00476190
0.00476190
0.00476190
0.00476190
0.00476190
0.00476190
0.00476190
0.00476190
0.00476190
0.00476190
0.00476190
0.00476190
0.00476190
0.00476190
0.00476190
0.00476190
0.00476190
0.00476190
0.00476190
0.00476190
0.00476190
0.00476190
0.00476190
0.00476190
0.00476190
0.00476190
0.00476190
0.00476190
0.00476190
0.00476190
0.00476190
0.00476190
0.00476190
0.00476190
0.00476190
0.00476190
0.00476190
0.00476190
0.00476190
0.00476190
0.00476190
0.00476190
0.00476190
0.00476190
0.00476190
0.00476190
0.00476190
0.00476190
0.00476190
0.00476190
0.00476190
0.00476190
0.00476190
0.00476190
0.00476190
0.00476190
0.00476190
0.00476190
0.00476190
0.00476190
0.00476190
0.00476190
0.00476190
0.00476190
0.00476190
0.00476190
0.00476190
0.00476190
0.00476190
0.00476190
0.00476190
0.00476190
0.00476190
0.00476190
0.00476190
0.00476190
0.00476190
0.00476190
0.00476190
0.00476190
0.00476190
0.00476190
0.00476190
0.00476190
0.00476190
0.00476190
0.00476190
0.00476190
0.00476190
0.00476190
0.00476190
0.00476190
0.00476190
0.00476190
0.00476190
0.00476190
0.00476190
0.00476190
0.00476190
0.00476190
0.00476190
0.00476190
0.02685204
0.00000000
