1.00000000
0.98275862
0.94827586
0.86206897
0.63793103
0.50000000
0.48275862
0.36206897
0.36206897
0.36206897
0.22413793
0.15517241
0.15517241
0.15517241
0.15517241
0.12068966
0.12068966
0.05172414
0.05172414
0.05172414
0.03448276
0.03448276
0.03448276
0.03448276
0.03448276
0.03448276
0.03448276
0.01724138
0.01724138
0.01724138
0.01724138
0.01724138
0.01724138
0.01724138
0.01724138
0.01724138
0.01724138
0.01724138
0.01724138
0.01724138
0.01724138
0.01724138
0.01724138
0.01724138
0.01724138
0.01724138
0.01724138
0.01724138
0.01724138
0.01724138
0.01724138
0.01724138
0.01724138
0.01724138
0.01724138
0.01724138
0.01724138
0.01724138
0.01724138
0.01724138
0.01724138
0.11475410
0.00000000
