1.00000000
0.91358025
0.79012346
0.66666667
0.53086420
0.46913580
0.27160494
0.16049383
0.02469136
0.02469136
0.02469136
0.02469136
0.02469136
0.01234568
0.01234568
0.01234568
0.01234568
0.01234568
0.01234568
0.01234568
0.01234568
0.01234568
0.01234568
0.01234568
0.01234568
0.01234568
0.01234568
0.01234568
0.01234568
0.01234568
0.01234568
0.01234568
0.01234568
0.01234568
0.01234568
0.01234568
0.01234568
0.01234568
0.01234568
0.01234568
0.01234568
0.01234568
0.01234568
0.01234568
0.01234568
0.01234568
0.01234568
0.01234568
0.01234568
0.01234568
0.01234568
0.01234568
0.01234568
0.01234568
0.01234568
0.01234568
0.01234568
0.01234568
0.01234568
0.01234568
0.01234568
0.01234568
0.01234568
0.01234568
0.01234568
0.01234568
0.01234568
0.01234568
0.01234568
0.01234568
0.01234568
0.01234568
0.01234568
0.01234568
0.01234568
0.01234568
0.01234568
0.01234568
0.01234568
0.01234568
0.01234568
0.01234568
0.04802770
0.00000000
