726
399
45
19
604
21
15212
326
16
1059
1597
243
809
30
802
314
114
3067
7256
190
206
8
936
26
40
28
2979
14868
828
5693
593
6349
6642
92
1546
6632
7894
127
38
513
1593
1810
1019
1376
3266
49772
233
1508
3016
86
2727
142
5188
10
34639
6283
19703
4778
15633
5498
1978
161
3237
6607
738
4995
10249
6871
5566
464
731
996
4718
3224
3000
6661
247
1616
13702
367
1228
353
289
832
22448
2698
1628
13712
5494
133
12487
4150
408
222
3081
168
2294
1281
1098
1170
10049
177
3001
1258
4039
4765
2966
4567
6732
8131
1070
523
1339
3655
32992
6367
58
1907
15055
2790
12233
3864
6
768
11852
4590
6050
1367
2295
89
5086
5106
64
3110
237
5178
15147
1741
7691
6639
193
2886
6450
1813
2950
1250
38632
6353
394
3085
3075
4913
3608
3257
2836
1752
1172
39282
2253
11
6606
4641
11703
2027
63
4737
332
1788
9929
6022
5191
1497
740
3940
268
1110
33
8803
985
45815
521
1567
6223
1319
2347
31277
47715
1746
12
1249
6190
1340
10313
8925
902
1101
1742
135
14105
1
3228
6069
282
3892
4327
58894
2438
11540
5242
1495
1656
1152
1063
3511
3174
7226
6861
136
2160
6179
73
6272
3425
2515
2745
424
2841
811
7531
29
3875
11017
418
3373
1632
283
228
1283
3620
1275
16077
55560
39894
55561
39654
1724
6267
1510
11089
1921
6716
187
1260
1060
1770
56022
1824
2264
496
1579
11546
4436
451
1816
1773
4375
16200
2348
1677
12875
1625
7446
83
5800
5039
194
508
5873
420
6327
10518
7384
19986
1592
486
442
4974
2161
2044
5783
434
3114
164
15753
1025
1125
416
4356
7495
239
12411
1771
3387
1715
71
712
2086
12195
12073
4724
26039
6553
6937
3122
2808
277
181
6526
497
954
510
22457
713
6329
904
204
1302
3044
3084
6218
836
14279
4027
24481
584
1177
4102
4588
2871
1006
4610
3259
1950
4033
8016
4536
1952
137
4879
319
2907
3107
12874
4386
338
7890
3536
1798
6755
1087
11888
214
1833
10608
51700
1760
48583
4709
529
1875
4050
178
3159
6079
23823
5035
6191
58875
4638
1662
2440
2931
182
771
12552
9640
825
5334
53905
109
6547
10635
6839
2444
2480
2391
2989
21105
2773
6932
16817
5057
736
13603
2096
6481
18599
2137
4425
6220
42023
2049
5623
1257
7129
4649
134
47609
6141
11698
1867
241
477
4009
12050
73422
31
1085
1751
708
152
5671
747
7771
25184
7096
635
19789
4572
3068
3300
47530
4478
47002
2103
2932
6569
10177
524
984
2768
2483
1213
3980
387
4758
235
14391
49761
32489
13164
10674
7233
45592
14815
40854
6938
4284
2869
1934
25303
1288
835
3285
11385
47869
73607
35501
1024
1629
25442
1777
40921
15609
102
742
12421
60861
1723
1338
6160
7806
1073
47606
6555
6643
23847
12635
31666
12032
23653
29777
18567
78451
10371
13940
5135
25383
778
53899
3777
10214
11815
7982
49201
13542
10801
19581
1868
11112
20329
1408
6295
9102
12099
6889
10794
1889
263
22502
16202
4508
28640
26699
16868
16727
5992
48424
5902
12976
2904
3515
1179
26055
24442
6301
6645
15611
3264
4540
3202
8204
57158
12154
37511
6381
6337
3792
21781
1821
56290
3458
30813
2082
6624
6959
1234
100
5352
1321
2861
53432
834
5832
6819
12092
5049
10130
38678
14290
41196
39807
5232
63694
65824
22600
10716
3755
9917
3372
1509
39462
61780
14080
16111
8858
23694
83378
88353
38110
87672
24577
28149
25167
4010
57900
6202
10761
19612
7290
7191
2786
5125
22357
16162
3821
2891
39525
7654
13190
18629
676
15803
52897
110
10054
2179
532
943
3229
11242
10934
6491
10638
5507
8548
305
29410
24874
1441
7387
65
45362
2088
1095
50196
8249
40904
73988
51636
2193
74731
10883
388
3363
2800
14983
24504
964
59505
2734
19790
6049
15535
5689
81454
6103
3293
81686
19688
51605
53426
1778
12568
30345
39515
25425
18703
73474
57719
6689
37355
54420
30957
13321
48027
80905
1650
1852
145
3479
2937
1573
7285
1615
11776
2928
19378
13122
3045
97
25957
14
6161
47548
6173
15653
6263
572
6964
19073
53417
9992
1305
21001
65735
1540
3420
24349
59360
38199
22199
87587
18591
58866
6452
40316
15921
13057
54202
6213
11709
48285
15635
21562
25810
48961
44006
73815
16398
86929
78995
4070
59991
2431
11471
7924
32700
83168
4884
24864
51
3277
534
19546
3014
18740
238
24144
7429
71523
42483
2437
29140
1745
1286
5885
24166
7946
24218
4030
191
10729
14953
6407
11979
696
48456
59237
6724
11655
2375
8776
7630
21197
125
12862
22936
4154
1657
11001
10869
7284
73277
30812
1542
977
21057
232
73118
6227
24192
5210
29018
11944
5128
34812
409
656
81648
4227
16345
4997
2939
1113
10517
26464
19906
23629
3170
20604
12093
2149
5026
5277
1494
5659
3063
55846
69160
800
60218
46218
74030
15766
80324
81093
69273
12116
3883
5463
1580
74887
274
7910
26820
6390
520
28189
13578
32183
6527
410
21969
24761
42707
41374
30354
40553
2796
81481
3534
62938
5700
54239
40354
3053
41002
82735
55810
14918
42532
27712
83740
10275
4958
49510
25242
40349
57195
58149
5067
32094
55408
21953
4007
69945
13966
47455
5881
39640
28461
9480
12834
56438
378
23815
75829
71204
55628
7891
3542
58938
10689
65295
26842
10116
2045
2238
51655
51081
54741
5347
28238
1050
22443
42809
11103
49460
85466
39268
28535
10246
14750
16329
44878
26012
53650
3130
58847
26488
7568
24817
31043
41064
4017
56910
14419
17376
28182
28510
35986
2162
39497
21211
15813
50399
19235
7478
4008
25972
49931
6235
3473
28496
2801
28492
22812
25639
25959
39715
25956
29173
4842
29855
81640
41050
7456
56860
2122
2120
26439
49392
13212
28474
32149
2113
4826
64101
12627
21194
29149
7443
30270
26418
2100
14369
74588
75155
25314
17311
6189
58495
51849
25306
3092
7427
1042
14651
8177
28145
13176
74595
11382
2293
87422
75172
1737
14351
47717
14350
79622
2066
2922
6163
21793
24305
56544
45773
57349
46399
45770
27657
5580
11373
54499
56783
29100
4481
22743
21167
55641
3072
76627
26366
81411
1016
3069
14600
29533
6882
25554
50615
54188
1682
53007
10159
11674
6129
4747
76637
38177
7635
4742
11663
1002
55636
2001
1674
10143
10141
73827
1359
2232
13385
19571
5296
11349
50583
3724
16946
3334
18251
11637
32692
20193
1663
33796
8621
987
21762
62523
3319
37439
22378
11340
982
25751
66881
29020
58697
14522
73409
27819
11615
19809
58459
12456
26790
75231
81266
16220
28317
24194
17182
29478
30899
5802
645
44739
47866
12439
1641
29689
34345
82192
13042
59464
7032
39402
15709
58671
2820
13526
39398
47608
28292
15705
26993
3268
14252
72263
11318
7317
32071
4725
14834
12669
53925
53576
14243
21733
28269
72719
12396
24393
72253
50085
615
21729
37647
8585
3009
4633
36940
46502
3007
8794
52946
2558
28025
16895
25209
25422
40993
34304
29334
55838
12364
47559
4618
12360
12358
49692
43258
41808
2533
64860
24805
37970
23454
3209
7990
25182
50226
1849
7851
81827
10051
586
5977
11518
81013
75896
16877
17085
7255
19733
49086
17079
82975
77534
4372
28651
14188
10978
15446
50207
24276
81728
14184
48108
16151
17064
57970
73451
48099
23911
6682
24254
3167
14174
67427
82993
13113
54987
74008
13109
39628
74011
46372
63325
6397
22542
2965
4549
11473
5926
48842
63245
87079
4964
10157
6377
47664
10651
26830
26829
12244
27682
11946
47653
6805
27385
3760
58380
882
7058
21031
45963
18795
66081
49595
55754
2946
26080
6621
79601
31378
28958
2288
22507
47623
23322
24800
24798
7723
70341
4328
6604
2033
85034
49573
1953
28795
40660
2411
29488
83200
46092
56655
59388
53169
6730
11881
82332
10343
6581
14103
2268
86464
74751
1714
72641
88309
10920
14950
19658
6572
5695
16810
7561
70879
9498
1010
31240
40649
6973
13571
36876
32195
37583
16372
43111
39312
84425
1686
1526
45390
10586
12276
52149
70867
73291
13926
11221
1521
10436
27309
57082
660
18462
36125
23369
49532
18083
22285
651
7130
66731
6933
9968
28928
1297
20966
16362
48461
18613
69873
79702
19885
6508
66281
56248
627
35480
7113
6907
5038
35728
74424
57806
815
40345
56372
471
15954
49357
9466
82394
83220
16765
9883
8442
7732
68658
44090
15455
26236
20429
20938
14024
30572
2202
1491
51187
12472
461
74110
73765
71363
72694
25012
20222
71774
47435
64454
25157
18840
6766
38964
83853
12131
25872
7069
59725
23124
5003
57761
4591
33372
1478
41375
62752
59719
50842
6370
16044
29946
5634
18573
29239
47841
73947
2858
8053
41700
31508
2263
60845
7599
16037
45261
2703
32225
46527
16338
8782
67003
29865
41027
60556
80089
13681
1198
32551
16029
31563
5458
2846
52146
15319
82696
1188
4103
27114
6961
42351
50787
86295
43998
86597
21566
58993
22951
14795
540
32627
2681
16328
81893
973
29857
41976
62105
23247
31953
30415
45273
86672
7076
31275
44238
61080
66079
9616
58204
53787
1245
13634
631
4739
31211
64562
3538
73556
7053
11139
27470
40571
10970
12107
39693
18020
61604
3270
448
739
37126
49286
34763
6325
28892
1129
82131
2654
26417
65514
39888
74645
59357
56627
75766
10684
79610
55459
66213
211
2285
87463
79584
26403
12788
29164
32577
6334
71117
68638
46702
47683
61425
79279
55137
31805
42555
80608
88579
67278
66417
5080
8135
31067
59437
5932
8281
36750
32930
5131
65271
21850
66061
33013
40478
10660
60740
51224
41176
26924
24596
78300
79096
59576
53766
42265
30499
82126
76814
69112
16228
52
10378
86716
337
10576
32255
49258
44366
2379
16163
16452
22
16647
59911
5445
73161
