523
1352
1017
1291
14
63
1041
46
123
1131
255
952
368
715
108
477
429
124
254
628
380
27
787
616
549
383
1046
1129
668
1033
1243
876
1268
1226
1322
1175
508
1297
416
564
590
280
472
396
303
384
711
423
1151
1068
1388
457
584
526
494
900
365
3
1396
198
1055
1231
511
1265
687
1198
25
1222
372
1110
702
231
157
1190
392
506
1127
798
1290
768
659
832
864
606
93
936
898
347
1362
471
1249
338
487
851
841
748
895
665
238
1172
1189
283
216
146
497
1048
61
11
1332
343
295
66
719
101
69
636
1140
868
1108
1088
325
795
1107
1065
545
614
990
1209
1375
965
1307
156
1123
1090
513
601
1124
751
44
39
860
949
234
412
419
933
1323
725
261
1031
1061
1302
211
871
107
660
54
1343
1317
932
1170
223
811
451
1217
26
621
620
605
862
375
189
512
827
349
436
224
959
803
1005
518
17
1312
822
152
970
285
444
164
222
979
13
699
81
1359
208
408
10
1133
350
760
265
209
1095
1045
1059
892
294
790
1337
991
1380
9
1141
468
704
1104
1097
279
1098
626
646
376
1156
113
843
1128
602
824
312
1002
395
1137
842
205
1080
630
853
1109
533
857
0
570
915
404
274
59
400
653
1134
363
99
452
522
591
428
1346
740
227
386
458
716
424
1106
250
495
780
445
1371
618
517
1338
1060
627
770
450
245
869
531
491
1160
1162
571
1325
1091
690
694
259
489
978
1330
1225
909
488
1169
440
746
975
974
1105
652
500
443
496
485
1025
422
969
1178
1176
339
808
240
427
733
855
964
536
963
1063
114
466
731
309
960
1333
1012
1252
1353
1050
456
796
397
1192
145
478
914
913
210
64
219
138
1320
163
176
78
579
951
130
706
212
1028
252
125
1341
334
417
594
1116
577
327
165
894
1103
1257
1309
505
1121
833
1280
555
1357
34
992
1281
194
1153
1397
1159
939
31
1228
581
916
1115
525
766
729
945
221
393
926
1113
1118
691
863
476
539
1255
1295
764
703
1042
243
182
1334
595
204
331
1094
1188
115
826
578
332
304
1102
1079
126
817
720
800
1007
774
207
1394
441
881
781
439
322
1215
320
1138
1216
776
437
874
873
872
314
870
313
767
930
433
867
866
432
761
1236
931
617
431
1132
430
927
264
859
858
749
608
856
302
854
426
852
300
299
298
297
1211
544
848
847
846
845
844
587
292
730
917
840
727
839
838
239
723
835
288
287
574
415
1120
830
717
908
907
906
1003
282
281
904
903
712
710
411
278
708
410
821
707
409
550
1114
818
547
816
815
814
406
701
1221
537
405
1111
266
532
1223
530
1224
528
263
1269
806
262
200
260
519
684
258
681
888
257
799
886
543
677
509
676
253
673
507
792
709
503
502
371
184
788
183
786
666
181
180
391
1100
782
971
244
351
779
778
777
875
1096
387
968
342
651
480
772
648
1008
237
647
769
1279
643
235
641
1010
1283
765
1013
465
158
1285
635
1092
229
632
1015
1152
1018
629
226
148
918
623
757
1089
111
755
144
754
374
966
1161
498
1163
1021
1022
750
610
560
100
136
747
215
214
134
358
554
600
355
741
598
739
738
1026
737
658
902
1298
1029
367
1076
588
987
553
589
1184
944
996
65
121
120
119
77
649
680
726
74
362
724
572
461
1194
196
316
360
1037
459
542
359
540
887
173
129
516
559
337
336
1149
1311
188
713
919
1044
296
1212
1155
942
1234
1229
534
1369
961
1260
151
30
984
58
86
329
663
41
76
47
73
89
23
22
520
940
