653
358
454
515
198
393
403
455
372
68
529
105
648
167
347
33
288
677
601
294
466
339
290
24
662
447
316
107
166
134
642
506
16
614
670
344
612
534
657
668
620
523
241
626
261
496
563
584
364
596
453
431
256
308
252
234
436
65
293
522
508
611
251
320
604
250
440
165
452
622
407
660
686
621
530
51
674
161
427
158
341
14
426
502
185
255
605
572
651
675
317
208
85
536
371
565
664
111
281
649
184
177
56
84
80
262
153
600
125
625
607
334
70
154
193
79
517
50
128
589
676
698
94
464
387
103
2
0
520
224
615
629
549
404
148
366
443
442
257
460
489
143
513
439
357
659
472
218
437
510
217
525
434
353
277
275
343
215
542
408
481
92
503
462
201
501
212
500
211
667
187
374
550
78
248
247
122
230
206
75
318
118
237
71
189
287
707
310
113
66
131
62
109
524
172
482
582
438
655
53
465
627
592
377
200
706
124
559
99
15
278
28
562
297
650
634
564
139
181
242
178
701
485
461
229
585
174
228
227
171
170
226
579
578
451
450
617
394
333
448
306
164
446
162
222
444
619
159
576
577
441
157
156
575
380
307
573
152
435
304
216
432
467
570
457
147
214
566
428
145
616
289
636
114
360
424
283
282
110
421
279
420
209
418
417
416
207
135
350
413
412
133
411
132
410
130
260
258
93
406
202
127
126
362
89
401
497
270
335
86
557
397
396
395
356
196
119
238
390
389
491
176
623
76
386
192
385
319
191
383
72
553
315
595
545
314
598
599
552
680
183
188
245
551
666
44
63
643
645
348
60
121
647
507
610
100
295
37
163
543
55
593
486
239
365
630
671
652
168
29
47
27
322
492
73
490
36
150
9
13
