8
231
113
493
417
89
182
254
117
178
467
115
213
408
2
181
106
349
385
285
326
99
282
249
396
75
420
130
129
333
32
264
474
250
242
402
363
411
88
60
338
3
309
0
356
355
266
216
415
371
433
483
373
471
35
36
298
48
390
269
398
6
435
374
299
452
418
436
454
455
147
186
146
322
173
145
358
422
497
437
288
421
180
208
409
206
171
425
83
167
341
280
80
460
472
426
128
310
307
156
272
194
43
111
64
195
132
332
481
369
33
126
229
191
445
453
465
327
416
168
21
183
161
160
320
159
319
120
410
317
360
157
314
116
273
311
434
339
270
308
112
268
152
407
304
336
302
107
404
258
149
403
388
218
297
102
255
401
293
400
199
257
399
290
97
431
143
287
321
241
187
395
185
91
394
237
377
362
315
63
139
393
278
138
276
275
84
458
46
224
164
54
53
175
239
468
238
133
459
211
265
364
365
234
323
367
31
73
30
261
260
127
259
368
379
202
424
440
110
37
109
466
430
340
233
188
11
174
305
248
24
245
