258
626
1806
1565
390
1561
601
468
1056
1816
900
723
1019
513
58
1944
1533
184
1304
1895
792
1327
374
670
1872
524
221
1146
2335
359
600
1820
925
446
1615
1788
1170
618
1765
1108
1926
1653
2130
2195
1903
549
1
985
2902
951
706
355
695
1740
2958
345
1867
3610
508
3669
1134
1760
1263
769
449
663
707
266
209
793
1744
230
1747
1954
1956
1961
339
1712
1940
14
520
1838
3637
237
1413
2509
1538
1268
865
1624
474
721
1741
3596
1802
1386
815
185
478
718
83
1784
2474
530
2119
364
1807
660
108
1522
226
1323
381
161
1748
1181
475
3630
1650
101
368
722
1291
326
1133
1745
53
784
1804
1737
1870
1654
1912
1846
656
657
1962
483
1285
88
228
797
290
2075
1269
95
1752
1397
111
973
590
752
1859
342
0
1443
1174
2149
1791
300
3418
457
697
485
1887
197
217
764
272
1100
321
1771
1810
569
1197
1281
2278
1179
993
1139
124
302
249
1555
382
895
594
1151
5
4
701
1165
2358
1746
874
484
349
1183
3055
301
791
1664
2074
2030
1866
1173
1022
1830
807
605
1792
688
796
885
218
794
191
1330
942
2800
133
289
146
44
178
2909
1828
1900
2
164
18
937
781
599
122
401
338
431
195
1437
1288
74
496
2971
1928
907
1873
288
171
1164
532
2016
1929
128
3
174
46
1536
1184
933
1113
1905
1864
1825
2772
3035
291
490
293
2197
126
2029
275
93
1809
150
109
427
566
2170
1259
1010
162
2067
533
1904
2917
1836
586
140
177
1034
1732
120
2035
546
13
67
1156
693
286
1947
1265
1888
876
1883
837
1009
608
1152
1819
1813
322
3057
2300
1726
173
1593
3052
1136
1274
1135
795
1198
353
1876
2176
1069
1779
1735
1092
1658
166
2203
33
208
78
1111
1279
89
1278
225
68
1861
2024
1089
1251
1934
830
144
1328
323
279
1852
2142
678
2882
1276
1090
1915
25
1301
8
2888
257
547
1024
298
438
1414
151
1238
759
393
24
461
207
1155
110
229
558
219
616
23
1046
292
29
1531
1789
