76
232
14
1
149
5
41
401
9
858
39
553
51
33
37
214
797
215
56
20
673
774
743
81
188
68
1868
35
80
59
40
386
31118
171
379
151
474
165
7
3671
31120
355
9924
1742
262
3917
43
54
10896
2537
9658
2325
189
220
746
354
8866
460
28354
77
114
1690
1389
61
328
664
53
1481
519
5816
2834
3223
29185
2658
643
248
431
5611
182
1767
629
69
1390
2666
621
64
547
914
26
348
22309
1926
2273
10244
3490
1516
16757
206
1919
12798
6809
154
2457
5407
6692
34499
3248
12390
44978
1733
593
5157
5308
6078
306
820
2890
7217
3062
18166
1839
507
3777
218
3883
8168
3571
968
492
471
23702
1634
2781
47072
45071
1460
6587
9579
3225
8144
381
5180
2344
4476
4817
5287
603
1024
13492
425
6478
3048
21463
5211
2705
14905
4145
2942
1553
6905
13446
14678
8485
8487
3246
444
1663
706
570
4112
6201
1127
2430
8594
343
1208
4397
988
885
236
7336
12758
10802
6803
36813
4051
1564
1602
4165
3764
13276
6867
11461
266
10065
211
5402
5481
10875
33746
21573
3043
15804
234
125
28829
7128
216
8363
2352
6034
6088
6886
35909
393
35999
14523
1587
533
29
2058
2685
21318
13487
10047
8569
13520
8369
480
1757
811
16561
1644
6860
823
567
27011
8098
3247
20815
17750
6260
8669
22294
4265
12397
230
6910
4140
240
4763
29988
27946
6096
2225
22981
3923
5040
11197
37171
46079
18471
27723
2182
36717
43138
5423
22362
10349
5568
4637
10327
21391
30
18350
6909
16387
6283
5659
18575
1417
32448
1254
31188
20279
9876
16851
999
5134
18724
40898
12591
795
25242
19642
7158
5149
6593
46955
116
1595
20540
5758
1668
946
6780
3930
242
6211
4302
935
1695
678
7106
3171
8902
7291
7192
31575
23843
1611
9094
27653
7473
4610
40040
9819
13711
6423
383
666
15672
19040
5748
8513
5739
923
16088
7858
609
136
3938
4561
1152
3632
60
2660
790
27318
6155
5428
15194
31320
1443
568
5583
14611
104
1996
12463
3325
3786
14740
13362
10640
2557
12619
37046
3066
37090
7028
39690
126
4332
17785
25093
24327
10339
26708
10020
6556
34633
4068
4775
3435
33593
11918
7656
3855
31781
4836
6829
5347
85
5908
1276
13604
22574
2005
17857
4799
13183
13582
16304
35548
390
57
1712
3942
1507
6487
27541
32051
12305
13872
46601
8407
9763
2356
3749
1315
987
8229
15273
2663
6486
6497
352
787
6037
3724
1913
22508
1369
6699
17854
17908
3114
295
6257
1881
27562
4873
7203
6781
7312
13345
14076
2851
4478
979
2759
5167
8934
11496
631
10063
16687
43069
42649
3929
1737
17410
3800
2564
26529
1530
28796
4972
3522
5699
9503
28096
6928
14360
11350
2433
17593
9797
51666
9750
1765
6281
33429
39229
4418
8624
35431
13197
2500
36052
21897
2313
1933
93
6184
7436
2497
2019
22597
1341
19598
3838
71
1622
7098
416
13082
21082
7039
5390
31465
24523
8792
33588
19106
8019
55813
5961
5303
345
7064
5196
32669
34693
8737
13396
25486
23444
20882
17753
12512
8096
14986
17914
6035
48631
12322
21092
4383
8303
19028
9069
38122
575
15744
6579
20282
8810
18076
3135
22000
26005
15666
14063
15954
928
20935
41021
10282
5189
102
5971
1943
6210
2808
8012
28134
5291
34565
18224
22271
7689
14486
51996
489
39784
4599
6390
4327
12050
9331
5783
5582
13389
18689
23219
3657
37552
10684
9309
18077
21812
38231
18676
12232
46008
4939
11694
24258
1537
11884
12237
12992
19466
5218
33711
418
12828
4969
8181
7757
8596
1550
8532
36164
11286
3091
255
3652
5784
40979
5374
7094
3550
14761
25751
7020
818
452
26240
14633
47449
6219
12687
3398
45822
31179
25253
13358
7260
3591
38988
5325
2793
4495
52068
13051
2562
1768
46306
3283
3713
6052
9735
52513
34314
780
42220
842
24610
35130
17869
7195
6461
5757
7295
16528
3249
13156
28364
6036
9757
1812
23105
2935
8479
9530
15809
4094
40515
12314
6844
6958
19723
27836
14321
13663
36415
14820
26410
11672
11423
5457
52718
31838
24461
11403
7613
35486
5372
2644
6640
5523
18255
16871
17810
3245
21191
35961
6517
33714
17645
8016
13637
1909
25376
14772
7276
9240
4073
34512
17627
5243
38976
1224
737
3633
35297
24749
15939
20292
25292
26857
21139
21637
7635
37478
38563
2606
5004
3988
4047
2949
17693
9315
5721
14742
5427
190
4039
4588
4012
4240
1418
8346
6263
8980
9567
6216
3927
9781
18467
2585
7085
31953
54418
5422
13121
34348
24759
12227
4930
6618
1797
41425
3503
8312
58
8156
39885
5095
5394
39042
48
21212
5195
6389
28981
3170
13891
5763
6457
11015
5069
13565
16424
4834
26644
29172
7169
1719
5385
836
28195
2
11566
13485
18666
6432
18656
45590
13162
39291
8251
1620
9642
11688
39287
9638
30455
52747
8241
16422
33296
4805
23409
9632
9630
39949
30440
54324
7595
22126
22125
54325
11670
8226
4111
36247
8219
4786
52067
18379
22115
48907
2389
7588
18925
6505
29038
19840
22107
52702
18919
4766
18370
42949
6494
46201
4761
21547
11647
35289
6488
8190
52090
18901
18899
18356
26855
6482
6480
22087
38765
18892
23073
17005
15149
53612
7080
21538
22081
42335
36214
26852
50492
33216
36212
20253
7076
4084
37445
7073
32525
31098
8162
31095
36203
49928
4078
33199
35266
18232
19345
25243
14500
7564
1555
1554
45652
4703
22506
12448
13104
48298
35689
55459
45655
16964
4692
16307
10714
18326
9562
7555
11600
8130
28985
16295
11729
3078
11592
7551
8121
5892
22039
52156
31049
13090
28976
6417
4666
49474
24663
7034
6412
28971
15087
18301
13799
35231
43557
33679
27912
32429
33536
2695
42910
15079
18809
18150
34671
31671
4638
15074
16912
16247
24099
5868
4630
3021
35440
55499
25215
19996
52923
7531
13063
51043
24671
6368
8067
52749
8746
28949
48986
54399
8059
2304
4608
13779
33083
3829
19289
5227
9496
28941
18102
15041
33071
4016
8044
14468
15036
8042
42888
20183
8944
8038
42885
18082
20677
30228
54413
16190
39236
8031
20672
1478
22460
16183
25193
8026
36106
20164
28920
14459
13760
7506
42877
7505
36099
2937
8013
15005
7501
54424
4554
8006
23056
7499
18717
52804
34143
36091
28906
7998
14452
28904
45686
7495
49014
2267
7990
7989
36083
13011
20646
42861
36078
3992
52267
23048
21938
41249
23050
17316
5803
53031
4517
11707
18223
17983
7485
42854
4510
25169
6269
7965
7482
9442
4502
44226
9439
7479
21917
14958
36058
7953
50633
54452
10977
53875
3973
10381
1422
3971
7941
36051
46151
18198
53885
14940
25434
30876
1414
7930
55245
4467
54462
21891
47640
7923
4463
8585
28860
25441
8579
31615
37730
2810
42830
4947
7911
7910
7459
18617
34095
12223
2800
21875
6209
6869
6208
52327
17888
35096
46143
9390
7452
14904
46141
14901
35086
39483
5110
6199
42815
34481
49064
2212
35082
24035
21860
35081
23439
22401
9767
3937
12945
33495
50675
13692
5094
24032
7867
30817
4408
15987
20593
25455
1374
17349
4909
14409
18558
9362
32080
30920
2196
4392
36820
32398
32834
2193
32833
7431
7843
12925
16670
7429
7839
35977
44209
14856
25123
7834
6143
21823
7425
17092
12916
5722
2708
46121
16650
11343
7821
14839
18524
42780
28793
42778
41297
12908
41298
44649
39499
20574
7812
52832
30754
2680
36784
944
31227
17773
25474
4336
21803
49772
14822
18505
28780
18112
4328
17756
40611
9679
46115
22368
18495
33409
55320
12896
51744
9310
15892
34378
5693
9666
6092
41313
32339
35005
28767
21783
10266
7400
55329
19998
49122
42359
1314
16594
25485
21777
14793
7768
7395
9645
46577
14002
7393
39157
8673
14376
19654
4283
26759
9291
2139
7389
25088
21416
28745
4988
42751
6751
2134
14770
41640
15502
12867
29890
1291
7742
9281
18074
20550
4973
35888
26319
49488
9835
5412
34960
34959
47342
16550
22716
7727
2566
6029
12854
44583
42737
5658
6730
14743
52488
38329
5273
6726
2867
36709
35868
19628
29849
15451
19407
19033
3404
25067
5649
19932
47959
4224
5646
24003
6000
6707
7695
19620
17921
4217
37575
51375
24000
32252
38796
17610
4210
14713
5990
7683
43428
5988
8587
7353
15751
18017
28690
7352
7673
2097
42713
7133
44550
6686
14696
4919
8290
17571
25050
26723
4917
42706
28677
39123
22013
40273
6014
21378
12138
12807
17556
12806
4174
21682
16461
7650
21679
5352
44818
35811
14331
11194
15698
44528
34208
9212
8546
32201
9211
5946
52550
4896
31958
31238
3568
7629
22992
32191
29744
14325
1220
6658
50116
45271
801
16425
5609
8517
37954
16981
49193
7612
2427
41700
2423
16412
53396
7606
21358
54594
8505
16405
9184
11155
48607
40316
6968
10346
20482
35769
17465
46529
17829
3535
37512
29703
50851
18727
36621
8775
8183
17822
13560
33601
4865
21631
41385
5596
25528
9443
14612
2048
45241
1188
13554
18929
7301
1915
12430
30372
41727
32437
50137
40337
8577
10128
36595
47408
1179
53671
5286
21607
41391
24998
17924
8451
10092
3508
20769
6942
46928
5574
17917
30785
16348
30479
8439
5569
3769
44031
3210
14296
10812
2329
19791
6932
9133
10808
43369
46501
34715
8421
30460
23239
7279
19054
17368
10067
25747
34075
4036
22833
9122
44439
19915
5815
35136
14546
34792
3753
28572
14285
37453
14541
45761
9356
17337
14537
36550
16139
13242
9648
28564
17887
7265
29864
9344
36539
41405
8385
3150
44416
40382
30680
23220
1131
4781
18854
17880
1810
10039
30226
3739
36524
37422
19532
17306
13898
15484
7255
48381
41412
46755
20446
8361
14271
7251
40395
29153
51170
17592
8572
53542
40166
2488
9090
17589
18838
15462
50398
12666
7245
15456
3433
11779
34420
19118
28529
17097
15677
9990
9293
30165
24375
37011
31903
2714
33030
3065
5520
28520
12655
37122
46323
12069
17231
39028
8524
9273
34714
37679
15760
17846
24933
37175
30133
32235
457
13878
30126
5511
6875
10770
24928
27273
12639
6299
29495
6298
19699
648
17542
5164
5502
37169
40428
645
13864
22972
7221
6858
25559
641
5497
51949
8288
1708
3040
3697
36966
22491
30315
9221
11249
2522
5146
36438
22363
8270
3029
14043
7210
2511
10747
35047
42068
6459
626
1937
22873
16354
19490
15533
42005
55974
5479
413
1671
19165
28465
11822
12589
20113
13437
1235
39304
20594
15643
5734
12583
22591
18743
36559
30927
47514
48282
7194
38536
11933
9950
37157
36402
1506
26600
8223
8763
47522
22313
24877
1640
5464
55562
51988
12682
31803
20395
47198
27297
41296
15569
12165
14015
5453
36388
55568
15446
12551
382
14011
5446
6980
33351
5444
31943
8937
45972
29958
960
7174
34483
1019
54995
48843
47543
24425
31936
12029
38557
30107
366
23307
52540
52072
7168
25825
13805
30362
25567
35272
3641
26453
20255
14852
569
9092
32519
22839
51776
38839
27320
3636
7161
12519
5420
1556
29260
32781
38960
26108
43665
50083
40513
41748
34969
26464
47814
13770
4493
25985
17033
40521
36610
23296
45391
42168
8402
15606
12511
56240
52042
9873
41880
40954
6747
20373
8638
42489
4559
46221
55070
41887
15300
28386
13785
977
8798
28383
36755
25677
31526
11832
31523
38252
46783
29303
25593
53361
35458
13271
53365
18278
20967
50977
54253
54903
15436
9617
26006
24279
36563
47248
8283
53849
40640
6727
1487
13981
43617
36814
7676
15691
46616
27633
45042
51338
30152
26340
32797
23833
22739
12177
15851
42128
33427
4578
2805
5373
46851
4573
292
38928
27796
43170
10376
4380
20184
12460
33237
48480
16002
20901
8672
44003
18664
55776
54849
564
5358
455
13522
37747
7112
20354
25658
6890
31247
276
23890
24595
56445
45909
41940
16435
22553
2530
8804
25876
15546
36957
18636
34596
35156
55036
17604
19845
44131
24256
5343
10639
3163
26137
24360
47705
20630
56258
41601
25866
73
24777
49519
40747
30091
37992
39958
42234
25609
26941
51244
55210
23632
55742
2338
37500
700
53996
20340
117
27641
43598
38907
36286
55700
47415
12382
21064
47046
1349
20995
5678
43035
878
24064
14150
29092
14149
38897
33383
20753
44585
10046
3436
32403
23580
49637
38472
394
11858
23158
46987
8681
56361
37836
34918
39422
27672
10570
34320
13587
19138
43949
10524
37845
28231
12330
28229
5172
