0.000000000000000000e+00
1.428127505245654905e-02
3.245967443719735557e-02
4.271726584387376680e-02
5.985336178422016873e-02
7.273260478931903306e-02
8.402450833090510662e-02
9.515554200253570349e-02
1.103517023191404461e-01
1.215637813759434110e-01
1.355663825731135697e-01
1.569788958038498272e-01
1.685857559042544251e-01
1.823803548861168689e-01
1.908224171394079516e-01
2.078657994845301005e-01
2.194530570665867431e-01
2.222161485800104586e-01
2.362767991989451755e-01
2.409167578941303622e-01
2.573712064228010910e-01
2.704756216615566977e-01
2.823707722280623389e-01
2.909533821651422714e-01
3.008873295284485994e-01
3.197106380104385859e-01
3.321562468854131200e-01
3.392460215938513102e-01
3.579657792995282195e-01
3.735622380827979816e-01
3.838343457059422703e-01
3.905079440156878356e-01
4.038416525716641559e-01
4.125625934085633828e-01
4.236844453513079478e-01
4.297341809758033482e-01
4.503019084563870122e-01
4.565265926707367528e-01
4.595584006144110001e-01
4.696687278204414451e-01
4.845537344258024626e-01
4.999838699014642063e-01
1.370808073323120102e-01
