0.000000000000000000e+00
1.367531427631640123e-02
2.192537807679070805e-02
3.345038039278969144e-02
4.444816461305173272e-02
5.061532297537922609e-02
6.250776434170991769e-02
6.704383783632104910e-02
8.033777903503178108e-02
9.058975120899223632e-02
1.057967149176723964e-01
1.250475876495654726e-01
1.285953420445899997e-01
1.322682052602134894e-01
1.494399813233531493e-01
1.629090372413216081e-01
1.785006729282722637e-01
1.847719302924862861e-01
2.026004279803891861e-01
2.152949210343244324e-01
2.313352900327507178e-01
2.489072851638635120e-01
2.638105202405485739e-01
2.805183489532934726e-01
2.866427914915645192e-01
3.059239097880866454e-01
3.213446501873865602e-01
3.360810899917614503e-01
3.504287471912932994e-01
3.509044826762229285e-01
3.625598460677607049e-01
3.646565664894940717e-01
3.761245242503131192e-01
3.925295069354527433e-01
1.641457280718591205e-01
