0.000000000000000000e+00
4.842057192288471909e-03
6.389527443465599192e-03
1.206959707019013978e-02
1.849731329746712866e-02
2.387986571169976868e-02
2.841061668586533986e-02
3.201979540522693901e-02
3.562565586090925274e-02
4.304026566582835195e-02
4.530622250810216467e-02
5.041598066765441699e-02
5.626563215156114850e-02
5.948612960106905434e-02
6.116187263003167868e-02
6.826525442243513986e-02
7.674514702168845626e-02
8.167553374194529148e-02
9.028598935525590508e-02
9.754342088305839598e-02
1.034160011615778002e-01
1.068527269865842816e-01
1.094226679018037163e-01
1.150708193851401051e-01
1.218315450592441090e-01
1.265352760783503561e-01
1.332917744744189781e-01
1.384688085647920452e-01
1.439592472494588826e-01
1.492035820458996742e-01
1.517420820360538547e-01
1.519951305815657738e-01
1.583979211986009938e-01
1.627930462333596340e-01
1.701703771437174662e-01
1.744337344975658288e-01
1.818162257114154245e-01
1.861883249465699774e-01
1.907085265224889581e-01
1.979317107666375142e-01
2.047722405229349951e-01
2.095215954708535000e-01
2.099226643373815204e-01
2.177860975602776694e-01
2.238472081255210300e-01
2.282531112863221134e-01
2.327958139776008795e-01
2.356374021125610951e-01
2.384352381362792594e-01
2.405729157243521044e-01
2.438670695268480293e-01
2.450330202738689733e-01
2.495044815213075806e-01
2.571420940294251722e-01
2.652030345709147086e-01
2.708243856420378681e-01
2.771908881158063886e-01
2.828804890800157290e-01
2.874446260297056077e-01
2.955443924924559540e-01
2.999373382573318758e-01
3.087419557016076732e-01
3.143220677675349073e-01
3.176682881472679409e-01
3.212495805990449593e-01
3.234607053745212624e-01
3.290718641967579350e-01
3.347355195396683469e-01
3.368629640030118000e-01
3.378157541371695771e-01
3.446060040998273344e-01
3.465877719223921516e-01
3.494939120894990925e-01
3.522522426282008179e-01
3.569976693897974895e-01
3.604324220227287934e-01
3.673800130892762583e-01
3.725666464572270353e-01
3.755963507620038722e-01
3.823183425270690328e-01
3.871201627391104294e-01
3.910541893833890392e-01
3.962082977553763596e-01
4.016857153907752997e-01
4.069917098898427898e-01
4.098426252522500701e-01
4.147424643173393544e-01
4.202740470526493688e-01
4.243847805825095576e-01
4.284309160537235206e-01
4.310696992164246288e-01
4.351397873514746273e-01
4.416328155928839205e-01
4.485650726718087289e-01
4.508862897092412725e-01
4.560532047322580218e-01
4.603258803591585568e-01
4.654281717924974582e-01
4.706763266984850258e-01
4.768558626640772014e-01
4.824107403914166814e-01
4.894206909127764571e-01
4.913525402406555553e-01
4.968062175971046379e-01
5.017078265391332614e-01
5.059729474589896858e-01
5.121087452756343250e-01
5.155963429261827269e-01
5.193408944529936955e-01
5.229382621257628871e-01
5.307505267649774705e-01
5.334043977732705333e-01
2.930664603422878933e-01
