0.000000000000000000e+00
1.434723304061643863e-03
3.070653156292416953e-03
5.241666953944101523e-03
6.953810971720097121e-03
7.797244463200255112e-03
1.066964516143690395e-02
1.189750939023696830e-02
1.240683781078022463e-02
1.367242224263515854e-02
1.541338657691954626e-02
1.694749847397249848e-02
1.803172236608808349e-02
1.949565175634208544e-02
2.234116255261129474e-02
2.397023151902715615e-02
2.549670030884360061e-02
2.653449348035838776e-02
2.746378332719452003e-02
2.938213995684060831e-02
3.151648897373646868e-02
3.353471638194680665e-02
3.561456168339036804e-02
3.833177111077099714e-02
3.997096787667379914e-02
4.093836204358211606e-02
4.264572021292421800e-02
4.415720099971211926e-02
4.457298124212413087e-02
4.658254428093704796e-02
4.896893513427984929e-02
5.098549479611641511e-02
5.252703435741647164e-02
5.373318552248246283e-02
5.475376616007664177e-02
5.723800015461116830e-02
5.910185127565244223e-02
6.055384203863711096e-02
6.203687158333755225e-02
6.425438562131917386e-02
6.575845657004504574e-02
6.707335866347612086e-02
6.849807005594484022e-02
6.894922931003728828e-02
7.089151775877773620e-02
7.250904789160109165e-02
7.414148061000508383e-02
7.689233692376792884e-02
7.811021840953168149e-02
7.931487486778218687e-02
8.092198492690762246e-02
8.200197512681338397e-02
8.343856456634560215e-02
8.558252580855663094e-02
8.793477151337145137e-02
9.001611328420874858e-02
9.130285323461721780e-02
9.243314854488349219e-02
9.435602164477902010e-02
9.571084304675339660e-02
9.778379091479563745e-02
9.915346642493184925e-02
9.994682792754593093e-02
1.026534386757045336e-01
1.037772425174215696e-01
1.061614218102255869e-01
1.079387163558927637e-01
1.093933478272906545e-01
1.103292650508035377e-01
1.124587656479948128e-01
1.145686988648748489e-01
1.163718368554478161e-01
1.175178407335736724e-01
1.178591887207286332e-01
1.192938295705544549e-01
1.217753421620612481e-01
1.238056005057315417e-01
1.244319240860980585e-01
1.268113813373320520e-01
1.279767245394523023e-01
1.304290877719077868e-01
1.318165611347860700e-01
1.339112108548466684e-01
1.347807106442120706e-01
1.364934401898186822e-01
1.390004847276669897e-01
1.409427500972399161e-01
1.433821208051416218e-01
1.454610469289822072e-01
1.469979142345701761e-01
1.487076090250988580e-01
1.494526908248419994e-01
1.521197858384212009e-01
1.542795976489893528e-01
1.543644819354495212e-01
1.556655963462982017e-01
1.582190497553765951e-01
1.595968523173994791e-01
1.604743537898323247e-01
1.615128249988160847e-01
1.625969623961640576e-01
1.638352268669787670e-01
1.653234114282166600e-01
1.659633036770183090e-01
1.681413684450230595e-01
1.692955442359884988e-01
1.703543937999955349e-01
1.715686391994736548e-01
1.719360423026868312e-01
1.722079807037282251e-01
1.734111284833941002e-01
1.754414605973975139e-01
1.766003575890449373e-01
1.778769864259871769e-01
1.788166262412690666e-01
1.799783771172578373e-01
1.814169566100196918e-01
1.823512339434617546e-01
1.848384942466364256e-01
1.849668258071040794e-01
1.873760996739110007e-01
1.888832927840727316e-01
1.905392885258140601e-01
1.924553783496552872e-01
1.938087361591526447e-01
1.944277444683107925e-01
1.955167940882851785e-01
1.973599099291644399e-01
1.988520876330816534e-01
2.003772654151056709e-01
2.025517971662957328e-01
2.037539585576435552e-01
2.057548146446247783e-01
2.078215561344241569e-01
2.094557967898117434e-01
2.106270120509131094e-01
2.126495351671396361e-01
2.130549613787501573e-01
2.137675021160940492e-01
2.146516326077468062e-01
2.163827715736735824e-01
2.183339858716356330e-01
2.194593109285286892e-01
2.221951098184803963e-01
2.232260150117464648e-01
2.255140108898190110e-01
2.281816489911350221e-01
2.299379567388255274e-01
2.323511555121130778e-01
2.330472104285963575e-01
2.354405956669421707e-01
2.375181124275535238e-01
2.400683201729772176e-01
2.409060126689912817e-01
2.423559428685211348e-01
2.440141322515932687e-01
2.466056820118336379e-01
2.491062494090273693e-01
2.500726177918544679e-01
2.520524847587164996e-01
2.533391705064537702e-01
2.548129586062369278e-01
2.558143892308747946e-01
2.585271607221917289e-01
2.598546940027279262e-01
2.624647740388953987e-01
2.645201480566881092e-01
2.650064174826674002e-01
2.670607183704237775e-01
2.695748624532243731e-01
2.711938520693995547e-01
2.722702791105862663e-01
2.734297822162830571e-01
2.750315022897018014e-01
2.769941378893656103e-01
2.786255790509283847e-01
2.803249908416592939e-01
2.808987428165768407e-01
2.824252484151521525e-01
2.839971356282401937e-01
2.846827666474393004e-01
2.862988051799956191e-01
2.886968786541851961e-01
2.900240104365835458e-01
2.919759923845011151e-01
2.938051943088021978e-01
2.955559445703265786e-01
2.972653298351149997e-01
2.978032113405044701e-01
2.994907784698939146e-01
3.003331833434090270e-01
3.019098633320746461e-01
3.043893084750269873e-01
3.048063910550421474e-01
3.068298001137413911e-01
3.078278358648656177e-01
3.091140026985085831e-01
3.112889014234849205e-01
3.114890925958335721e-01
3.134155596562420709e-01
3.145767356036996421e-01
3.169062819865163250e-01
3.184955533666309346e-01
3.200543558565817626e-01
3.222567505255173881e-01
3.246218819566017433e-01
3.254147972046425585e-01
3.277930573277281767e-01
3.285477772790083018e-01
3.299963610854010354e-01
3.312043280091500619e-01
3.312951703535881309e-01
3.328392932746204180e-01
3.345962806102922293e-01
3.364177140047434067e-01
3.376204625873933662e-01
3.401128630895193239e-01
3.409562562227042570e-01
3.426355920927064425e-01
3.444575214769923233e-01
3.458344873381345996e-01
3.470072256133177602e-01
3.471001305301188444e-01
3.487655657286081734e-01
3.502628335738658394e-01
3.520927179318355527e-01
3.524506418889842840e-01
3.535096399751966878e-01
3.540438375659450410e-01
3.551751557614192811e-01
3.569492771074479487e-01
3.583108454665000497e-01
3.596298249844916417e-01
3.616281466088308028e-01
3.630662347263565737e-01
3.659629350386865987e-01
3.674902272787635704e-01
3.681062453245593225e-01
3.698777208622897605e-01
3.703927688730044299e-01
3.717814189281901660e-01
3.737660126770775415e-01
3.747296031074929257e-01
3.751794134320406426e-01
3.769433879877377991e-01
3.770820516238906350e-01
2.214469200943575480e-02
