0.000000000000000000e+00
1.627698063967066141e-03
3.171382061751618076e-03
6.828293346814115657e-03
8.483649370145934093e-03
1.264906495917731202e-02
1.610597336151740541e-02
2.011849129795263702e-02
2.625806281820628266e-02
2.963674476605410862e-02
3.223368070119213974e-02
3.790552422534333027e-02
4.284299107647542709e-02
4.673374864757109948e-02
5.250644158340658091e-02
5.681030671255517250e-02
6.265580554105407152e-02
6.802668302909051223e-02
7.318001302256123275e-02
7.583673484839274781e-02
7.825366787480236841e-02
7.993037718487655541e-02
8.444420682224124119e-02
8.579873747752143898e-02
9.192745831718210359e-02
9.438401958763820154e-02
9.758916876620733760e-02
1.005752580649601491e-01
1.057561675375166405e-01
1.097598211188965944e-01
1.106655649012872056e-01
1.132859168690807244e-01
1.170935951444748990e-01
1.209598294836398691e-01
1.243211552525098490e-01
1.297610103497515988e-01
1.366438858525034217e-01
1.406386638731337291e-01
1.458707960383790192e-01
1.489911159465693025e-01
1.542942852570096945e-01
1.564628259243853736e-01
1.589185167380262054e-01
1.613657528786009987e-01
1.659046834635686529e-01
1.689037565401385610e-01
1.727539937513624391e-01
1.792621970577858159e-01
1.857017826570410979e-01
1.915694268997806538e-01
1.948012947414790863e-01
1.985272248538360318e-01
2.027131493301600751e-01
2.081942768607339123e-01
2.112533727308922027e-01
2.166531504242452943e-01
2.230750875039908820e-01
2.265729567611840523e-01
2.309163120695107707e-01
2.333949043921781652e-01
2.366089019348435185e-01
2.422640942955816556e-01
2.486630636754718349e-01
2.517100598631377695e-01
2.548657151551880773e-01
2.590119836778710938e-01
2.651404570735161892e-01
2.687290079056098846e-01
2.739394427121657483e-01
2.782527823239455134e-01
2.834244623997584367e-01
2.871710419205273368e-01
2.889929613358230287e-01
2.932346636958462205e-01
2.993996875119900869e-01
2.997034012736894404e-01
3.034905085238693290e-01
3.043013536398800900e-01
3.062369867415684621e-01
3.099992682283402301e-01
3.124354218779271664e-01
3.137757407081957495e-01
3.159089009779572077e-01
3.194265995106982947e-01
3.226825099334311164e-01
3.239184224340738716e-01
3.287231342075345730e-01
3.338308075700330280e-01
3.384020538505537745e-01
3.391574762558531297e-01
3.430444518888454142e-01
3.433623724555321943e-01
3.479301570428112722e-01
3.507808872689633928e-01
3.540959068594508041e-01
3.570099109759924949e-01
3.604197923625157562e-01
3.638214131432316867e-01
3.684225740940348937e-01
3.725939951315774823e-01
3.759378610638824947e-01
3.792714611328433238e-01
3.834565341073185030e-01
3.863491847330007833e-01
3.893710820650021498e-01
3.938268132054081327e-01
3.968733335549313179e-01
4.026279148050129209e-01
4.067730905800049923e-01
4.096434298281899644e-01
4.137232279543694435e-01
4.176787795890408717e-01
4.226950947098214728e-01
4.264478616290058866e-01
4.316549461618058303e-01
4.359402558515641513e-01
4.361068436284419314e-01
4.401476633877446365e-01
4.430600852397290068e-01
4.471436422894235485e-01
4.527604199521547135e-01
4.564774621654979492e-01
4.592212395962896321e-01
4.635723787906508853e-01
4.692093892212741979e-01
4.734711331239919718e-01
4.782836012092047673e-01
4.820154348016598700e-01
4.837397557377245971e-01
4.866560048705073083e-01
4.913642785475290098e-01
4.928589450270036698e-01
4.939875235529775921e-01
4.982463258297230579e-01
5.036847644959620007e-01
5.097564097529796445e-01
5.123337221292136867e-01
5.170489852052884139e-01
5.174842447866487838e-01
5.184410789136185693e-01
5.197965224209759594e-01
5.261958386525826814e-01
5.321373384943705043e-01
5.344374717405363517e-01
5.382455074124508076e-01
5.413877087221633522e-01
5.437244149699875795e-01
5.445168946016266665e-01
5.465573739420754862e-01
5.496998547722243833e-01
5.551057932860111732e-01
5.581027898233639206e-01
5.607973363219466156e-01
5.652434766028427982e-01
5.686154690621626484e-01
5.721008650190674283e-01
5.743361707530477700e-01
5.774817790626693981e-01
5.798569002343524348e-01
5.862785966970247564e-01
5.899993650135268997e-01
5.958641685508447861e-01
5.994253412865426789e-01
6.038385955756088164e-01
6.066142891764600975e-01
6.110170378177238737e-01
6.146788458346263972e-01
6.168410049037656995e-01
6.217828149509448954e-01
6.246897258202414038e-01
6.288710853930048472e-01
6.347519678903214002e-01
6.356988021110819842e-01
6.402551806881585650e-01
6.423936306173734234e-01
6.455907373056162246e-01
6.508150550180326066e-01
6.566046702206949082e-01
6.576315388530661332e-01
6.588896517282152310e-01
6.615102849092792114e-01
6.650076761636035672e-01
6.661086595967347090e-01
6.699560769796422122e-01
6.727524596513027033e-01
6.786044029600640792e-01
6.819370721746474961e-01
6.842810463855756309e-01
6.864266582333055089e-01
6.887970275021555455e-01
6.950154113362573272e-01
6.989514797849982752e-01
6.998168173924728119e-01
7.024721239101785475e-01
7.065239802879251796e-01
7.122017593366927191e-01
7.169469177421589068e-01
7.210430517052459631e-01
7.249308132137454175e-01
7.287098225006402030e-01
7.308009882930127654e-01
7.322974286314318793e-01
7.371716522032266683e-01
7.408976742471088395e-01
7.421775863058627243e-01
7.441349947727922132e-01
7.451293118229586065e-01
7.489650070801473491e-01
7.529788465728551872e-01
7.570048713521457806e-01
7.622028259911000081e-01
7.637662100164747114e-01
7.672120088672210736e-01
7.696671277888793572e-01
7.736500294565656910e-01
7.766367999232245412e-01
7.791580523659824564e-01
7.808378758978975487e-01
7.821436117403397503e-01
7.842278545061341921e-01
7.880963422679639896e-01
7.931151723780286433e-01
7.984367196590677063e-01
8.025493658012721188e-01
8.059621758925444857e-01
8.103722115342280041e-01
8.158764246242050655e-01
8.194782171105832180e-01
8.197411963057347206e-01
8.232053331176488742e-01
8.241987945740957278e-01
8.293353980375499646e-01
8.338110463450089105e-01
8.366210935774475166e-01
8.428252791791301934e-01
8.462721198049455440e-01
8.502259146549538960e-01
8.533348403717848640e-01
8.572943021595635926e-01
8.595510626566094103e-01
8.639756252157266836e-01
8.663378455162685787e-01
8.671434532599764378e-01
8.725131934010881274e-01
8.789012096569562837e-01
8.824637970628554928e-01
8.879593396615645950e-01
8.915243626355289219e-01
8.967138238974586839e-01
9.008850106862290597e-01
9.046140557554954720e-01
9.060682341099585146e-01
9.083786707048832065e-01
3.232415279175588907e-01
