0.000000000000000000e+00
6.953177819300145361e-04
1.477610242683834261e-03
1.788324102548716037e-03
2.817542130794939252e-03
3.583145077241318196e-03
3.758886245241622494e-03
4.524929954149829042e-03
5.195826756605691904e-03
6.431470598515861767e-03
7.395342400848779578e-03
8.127753731475107629e-03
9.034135047571754257e-03
9.907385952423734821e-03
1.093202973011181064e-02
1.161013328455836116e-02
1.227603037533192380e-02
1.346823688895387380e-02
1.428867746194217858e-02
1.515893622976989541e-02
1.588667877217162655e-02
1.655991493697411485e-02
1.730814711533093520e-02
1.751095297058860578e-02
1.815687413526018840e-02
1.856909455999285197e-02
1.899520351193775478e-02
1.983316138772087123e-02
2.049538817038707578e-02
2.114825124209500015e-02
2.223046517658301691e-02
2.274188903934091718e-02
2.313452109181792643e-02
2.366621810694687425e-02
2.375952571169637900e-02
2.413216883327883380e-02
2.507946312229219696e-02
2.560663330891445669e-02
2.610689046254462131e-02
2.684063817632750121e-02
2.801850583613749862e-02
2.911065487387430942e-02
2.964557454851534865e-02
3.031446475742743257e-02
3.087790898149904081e-02
3.180812416715447788e-02
3.229596427011111742e-02
3.277962466576465894e-02
3.345951967515455039e-02
3.452551783861800005e-02
3.542566971634786288e-02
3.595442812497430529e-02
3.639800183250861687e-02
3.743087551587773870e-02
3.826665481392003271e-02
3.926019602781723183e-02
3.998204556322770831e-02
4.011918802809317369e-02
4.062125872582136171e-02
4.144753605024276144e-02
4.226972654842766491e-02
4.287184415651725672e-02
4.326896257861563566e-02
4.441616689660923128e-02
4.500300011618677681e-02
4.594614988570287772e-02
4.685038934031634378e-02
4.772924267367937429e-02
4.824222627055649998e-02
4.872386172886532252e-02
4.947847700858604841e-02
5.024660115990436243e-02
5.125124859044198622e-02
5.212980003585113847e-02
5.278094845065120500e-02
5.346292374160366290e-02
5.411027926786209780e-02
5.498786938634323690e-02
5.591027042916311279e-02
5.642263068476020826e-02
5.699590662359178134e-02
5.753514105051993344e-02
5.812523439004815828e-02
5.877483415619229323e-02
5.958527087954395424e-02
6.051611024286426138e-02
6.117923167387684380e-02
6.217835404031545748e-02
6.297346504649761756e-02
6.351566048678683463e-02
6.421449265493354985e-02
6.430335410977740251e-02
6.483316818859030661e-02
6.528997185186848073e-02
6.574024846958845258e-02
6.673974960194002659e-02
6.786843378080315015e-02
6.859096895330522858e-02
6.956033007127970791e-02
7.017614441680267157e-02
7.026633386581340734e-02
7.096940325886742784e-02
7.128547001899980529e-02
7.187046622174363131e-02
7.279493789831935346e-02
7.347552912990873430e-02
7.394742568145526440e-02
7.449964625414227937e-02
7.548911879316136386e-02
7.683654689874767907e-02
7.801137389752177409e-02
7.850025418616418671e-02
7.961786999453364377e-02
8.006710058934618512e-02
8.049390906076746288e-02
8.126290297758122227e-02
8.159696756193644818e-02
8.215104936562948879e-02
8.257650168540323077e-02
8.323585382784497166e-02
8.447349116719006512e-02
8.522554622609000707e-02
8.559849595995856764e-02
8.638003623217169191e-02
8.669245613476504742e-02
8.730183997164904508e-02
8.819942923941617718e-02
8.889620924495897358e-02
8.974064788611743615e-02
9.056608746527276821e-02
9.097379530023327887e-02
9.137834198616706649e-02
9.268448508519475104e-02
9.355046086413972006e-02
9.415473497326799779e-02
9.485729997430027149e-02
9.565515967871245084e-02
9.579050756190471416e-02
9.608548375999285962e-02
9.655284959313409354e-02
9.695191518026100019e-02
9.714512419756617112e-02
9.806944393593333698e-02
9.907652422267138048e-02
1.002835597354628377e-01
1.012471380417254846e-01
1.017565861518331671e-01
1.021984715329072591e-01
1.024449503131556749e-01
1.033603682706333154e-01
1.042662576296125160e-01
1.047505275579753425e-01
1.057942424068041842e-01
1.067692708410007130e-01
1.073547038417965310e-01
1.076291000022702171e-01
1.081772541578156915e-01
1.090030606053341011e-01
1.094316864405594364e-01
1.101568376535843052e-01
1.113649611546933677e-01
1.115080657058047653e-01
1.121119207858484457e-01
1.127697349570334073e-01
1.135539081717405197e-01
1.142055333943554907e-01
1.151105854676013202e-01
1.163191485100477512e-01
1.168969845854844897e-01
1.175471189754792589e-01
1.180367096417592743e-01
1.188770578546812506e-01
1.194587720600633757e-01
1.201627551763364832e-01
1.209534820578441333e-01
1.216617534071353229e-01
1.222171338202319435e-01
1.229900341977888528e-01
1.233605992272130830e-01
1.240028674265712949e-01
1.250190650463282871e-01
1.263688262042143851e-01
1.269285197420639555e-01
1.276867485606164587e-01
1.279876013899718112e-01
1.286108170563550757e-01
1.299539948212613538e-01
1.301796350764689303e-01
1.307546819973557928e-01
1.318850371053323645e-01
1.325116386743902808e-01
1.329361475296142736e-01
1.334794755212918849e-01
1.342067537733250826e-01
1.351054227176810285e-01
1.358438736741116870e-01
1.370429725224200923e-01
1.375129635147029072e-01
1.378977461988024900e-01
1.388964854714587471e-01
1.394987530394474207e-01
1.400808434073856357e-01
1.410457247768927280e-01
1.419385962348191643e-01
1.430988858044665857e-01
1.442702049772248696e-01
1.447787482243134416e-01
1.451595035620314722e-01
1.454538161446604638e-01
1.461132738319990132e-01
1.467670412194847507e-01
1.477318853329816772e-01
1.487662597925018260e-01
1.495319147294900952e-01
1.504700119827183102e-01
1.509817097378057527e-01
1.519796994984215499e-01
1.523449126880909998e-01
1.529393866039127636e-01
1.536216458818192854e-01
1.545055775390538344e-01
1.554897643757491565e-01
1.562614154162307589e-01
1.569055460384673195e-01
1.575689749804934647e-01
1.581103016816303442e-01
1.588932352487008592e-01
1.594164072742176030e-01
1.605652822198974650e-01
1.607493221020901697e-01
1.617331608291256440e-01
1.624451586235950429e-01
1.627879988352011476e-01
1.631498393320184870e-01
1.634810735780874713e-01
1.640279453647184582e-01
1.650877450779535405e-01
1.656025077590474737e-01
1.663924771988437301e-01
1.672217136459893949e-01
1.681055282064164158e-01
1.683625609161858716e-01
1.691876266338551427e-01
1.699173043748972989e-01
1.701543996390510183e-01
1.710286210660650341e-01
1.721958172350956107e-01
1.729130945565846289e-01
1.740591709778268603e-01
1.746397020646967280e-01
1.753714401143563195e-01
1.759938617056592269e-01
1.772633707269956060e-01
1.774534188785728550e-01
1.784634745895655183e-01
1.791002377981818494e-01
1.797635922056625424e-01
1.810360645766097842e-01
1.818199808041465471e-01
1.830914232612140813e-01
1.834099494251710816e-01
1.837787051777022285e-01
1.845727672596253199e-01
1.852475458304904399e-01
1.858459032808102429e-01
1.867718398916519973e-01
1.871687132557081357e-01
1.879694531554359505e-01
1.891085220695002678e-01
1.901212953523334082e-01
1.908103096490507966e-01
1.915885035980207374e-01
1.922291796353667592e-01
1.930789109334255793e-01
1.938488131995536046e-01
1.948410684481101107e-01
1.956043860247023425e-01
1.962710692524496370e-01
1.973137208939897969e-01
1.979809254733057577e-01
1.988841988781158698e-01
1.998469664804420065e-01
2.010429639543359903e-01
2.022991891011640675e-01
2.034157826769597832e-01
2.042029459231641253e-01
2.050985285238942635e-01
2.056336305397395703e-01
2.062807909408921614e-01
2.070974854336512239e-01
2.078887123139574744e-01
2.085945463686738888e-01
2.091909536299574046e-01
2.098153686497673254e-01
2.104121304903744660e-01
2.115445383942958502e-01
2.122885242792936777e-01
2.126582204279773847e-01
2.135596224433988777e-01
2.142962579753949215e-01
2.148740026691337845e-01
2.157565124149523339e-01
2.165543807880007110e-01
2.170300826862311960e-01
2.183995845874032449e-01
2.192545584938010994e-01
2.201455035873220167e-01
2.210650957336615652e-01
2.213151004232672137e-01
2.216805155742572475e-01
2.224447600570910177e-01
2.224897539838151528e-01
2.232671960014594725e-01
2.235619269472719772e-01
2.246969829838379729e-01
2.253504816639731179e-01
2.258377501385768205e-01
2.262068627760230599e-01
2.267116196075565915e-01
2.278142156589473832e-01
2.284170111166263784e-01
2.291916769363254169e-01
2.304748658090789160e-01
2.309953489987997544e-01
2.315607501495362264e-01
2.318880862009000399e-01
2.328215185396753095e-01
2.337385597758167288e-01
2.338355609292800397e-01
2.347986436294351165e-01
2.360055189997848635e-01
2.367494534208541279e-01
2.374021382235751432e-01
2.387147533398505939e-01
2.395410871640424877e-01
2.403604965678981242e-01
2.408727766923357549e-01
2.416072668933258172e-01
2.422409527238229554e-01
2.426833543737130505e-01
2.431103396547927287e-01
2.438559428472073243e-01
2.447920217456331371e-01
2.458024774534256773e-01
2.464964641605636997e-01
2.472648727340942265e-01
2.481454576281433289e-01
2.486830135925628127e-01
2.489885225286804782e-01
2.496972120236950199e-01
2.510864766570913842e-01
2.517245666318896902e-01
2.522647270075762949e-01
2.524857474950503167e-01
2.532758746949638762e-01
2.540191848258048779e-01
2.544854194079700926e-01
2.547059423178949511e-01
2.552991204242852086e-01
2.559899999635003587e-01
2.563496203813989682e-01
2.571501532921234845e-01
2.581353072260220705e-01
2.593588553383652240e-01
2.599740939507864113e-01
2.608965736828398052e-01
2.612862837930836624e-01
2.618398955570911957e-01
2.625880976320190130e-01
2.630402699927965604e-01
2.644000759839890691e-01
2.646325360317932640e-01
2.650444964981365503e-01
2.660223464869081456e-01
2.666416635663100831e-01
2.673493753706924769e-01
2.681070878137606361e-01
2.687774324687119409e-01
2.692443244019730453e-01
2.704171636839735049e-01
2.712102695451526491e-01
2.712836690723633981e-01
2.718891955807565264e-01
2.725022935239045929e-01
2.731966170031368546e-01
2.737287286524848207e-01
2.741245666997778052e-01
2.750051795512764574e-01
2.754592123997656739e-01
2.759999266950013963e-01
2.767705194985084494e-01
2.775492080200376854e-01
2.779076454081961245e-01
2.786150760911169089e-01
2.792737258631694530e-01
2.796073671600027843e-01
2.801552892947957729e-01
2.810159404824998375e-01
2.819160257781604395e-01
2.823947362954477014e-01
2.834316984513530202e-01
2.842808343486177280e-01
2.849248730679780350e-01
2.860568657788499780e-01
2.871426019942704966e-01
2.879738660341054080e-01
2.882130783525314599e-01
2.891743559592259150e-01
2.897473662810257644e-01
2.903296230567903868e-01
2.911124448840491930e-01
2.913416774304832257e-01
2.918811924242911693e-01
2.927326093528352380e-01
2.935733869568007415e-01
2.940617849808449535e-01
2.947530892542050696e-01
2.955468907299840797e-01
2.963457312577749692e-01
2.968428512264636998e-01
2.978193090611985783e-01
2.987306551903350926e-01
2.988641448115606503e-01
2.993197702796133175e-01
3.000010317427895257e-01
3.005329860517266805e-01
3.007492683806575751e-01
3.017210017461345317e-01
3.024980127718593925e-01
3.033468281877454431e-01
3.042860401387872948e-01
3.051064743918214250e-01
3.058887706075145707e-01
3.066164781824847752e-01
3.077614724782870015e-01
3.084548547991553535e-01
3.093837245632912736e-01
3.095269107303734724e-01
3.104201540069818632e-01
3.113869707504935969e-01
3.121044114904937272e-01
3.128145002025208288e-01
3.137662126135805640e-01
3.146184844735311348e-01
3.155765375472427414e-01
3.163365664966754087e-01
3.174361626136280035e-01
3.184240652596079246e-01
3.192694530571741351e-01
3.195898005047673185e-01
3.199156143464472191e-01
3.206914322240614346e-01
3.210612064943528243e-01
3.217495572479394106e-01
3.224378911492162270e-01
3.225272241426979103e-01
3.230993259911234539e-01
3.232272390905268078e-01
3.241314187471628361e-01
3.248723606169065525e-01
3.256492955400123734e-01
3.264800435946924040e-01
3.269597510488784775e-01
3.277779261625166640e-01
3.284930246283607747e-01
3.288058436477548363e-01
3.292669216350792571e-01
3.299894228967314436e-01
3.303945565944658713e-01
3.307161798411597520e-01
3.311796755920858315e-01
3.317228277604014619e-01
3.325481604476407393e-01
3.331283052302805303e-01
3.337793925991107691e-01
3.345715742558141859e-01
3.352585862603305600e-01
3.362090348568120279e-01
3.371345075632583010e-01
3.379324701861859959e-01
3.384455549670181140e-01
3.392342713834594070e-01
3.399626971001977749e-01
3.404045742515653394e-01
3.411190681151994863e-01
3.416609202253964028e-01
3.422349957860026937e-01
3.427851316529569314e-01
3.434329853201962268e-01
3.445820498085910843e-01
3.454944763579489986e-01
3.458122300729774001e-01
3.467901452985092114e-01
3.473103176756390242e-01
3.482170891855340122e-01
3.490208721500732136e-01
3.495388068979330409e-01
3.501505714944850856e-01
3.511401188019699360e-01
3.523681337226782784e-01
3.534969037971446570e-01
3.543709269915353288e-01
3.553245341722235384e-01
3.557312002236189818e-01
3.559481836018425494e-01
3.561726745020090124e-01
3.567189047714909855e-01
3.579062656692684752e-01
3.584870115087434583e-01
3.593924168485037041e-01
3.597015296564053943e-01
3.602176071131434898e-01
3.608804128671025402e-01
3.613536944008833296e-01
3.620854890786774360e-01
3.627214779949632928e-01
3.630930438658314663e-01
3.643485738695730891e-01
3.647491630010434305e-01
3.656256950734455557e-01
3.663862368867209507e-01
3.669164017912212028e-01
3.680758281835051493e-01
3.690774768013855844e-01
3.700108185094588831e-01
3.707503039160499614e-01
3.720596452181376690e-01
3.726238300252571745e-01
3.735118282090470476e-01
3.738670504002197803e-01
3.745260077985413383e-01
3.756521414881934806e-01
3.764866833494413534e-01
3.775017153815753423e-01
3.784026003057092136e-01
3.789547830402645312e-01
3.798367992023973239e-01
3.808289656801331913e-01
3.812568675624786185e-01
3.821869621778297699e-01
3.833871358992351763e-01
3.841269984457705844e-01
3.848629654551534163e-01
3.856296999984972218e-01
3.864951699112864070e-01
3.870619142322965223e-01
3.876913103471952837e-01
3.887375033241199929e-01
3.895058144121969490e-01
3.899681481190505061e-01
3.905475641142808763e-01
3.911993766293406227e-01
3.918589977527530688e-01
3.928131796354256133e-01
3.932798116461339588e-01
3.936306039714065341e-01
3.941886786217406180e-01
3.948603320763170443e-01
3.961576847411467650e-01
3.970201831767054546e-01
3.973863667188839432e-01
3.980763294605989544e-01
3.982809794265434467e-01
3.983862729025255955e-01
3.991390856718843305e-01
3.995071712396738306e-01
3.996911981521910628e-01
4.005882968460665050e-01
4.018431999325040582e-01
4.032240208694302108e-01
4.032529894251455360e-01
4.035737641816776744e-01
4.047637500191897941e-01
4.057882733567484412e-01
4.066562927563849850e-01
4.076088642597987532e-01
4.085972439177459337e-01
4.095217130307196585e-01
4.096905827109360576e-01
4.103354400892262888e-01
4.114006068062971977e-01
4.121101646810738095e-01
4.128440092685033425e-01
4.141286736052087747e-01
4.145621205536255127e-01
4.146195438106057840e-01
4.157673262280580651e-01
4.163992555235088155e-01
4.169382590186503368e-01
4.181865257351266574e-01
4.188090744367888862e-01
4.198720537962123966e-01
4.204595800785903004e-01
4.213702177545076699e-01
4.218115454949967202e-01
4.229634634358218070e-01
4.240625449229347699e-01
4.248084490325317875e-01
4.260327906320638958e-01
4.264961602001875463e-01
4.271893670278184563e-01
4.282400890041738184e-01
4.292792187143286697e-01
4.296342775884032794e-01
4.300300051439990279e-01
4.307674254333230812e-01
4.308308364322704920e-01
4.315649875749091868e-01
4.324753680012514145e-01
4.332231563007251651e-01
4.335583792250186086e-01
4.340110172475286632e-01
4.345671860517572038e-01
4.352627311509210672e-01
4.363376794218180588e-01
4.371429797066063161e-01
4.375367233728054139e-01
4.383841425278597881e-01
4.393453302183850662e-01
4.395127397969198491e-01
4.401817129323149502e-01
4.411059999641407936e-01
4.414393678967872825e-01
4.425162690469682247e-01
4.432416636069145821e-01
4.445321922025757266e-01
4.451215397865388446e-01
4.457872634600542061e-01
4.469745753726893089e-01
4.475187544240154525e-01
4.476685180758466776e-01
4.482341303319677950e-01
4.489188096191217281e-01
4.498871710002954050e-01
4.502151473663417169e-01
4.509771423105813914e-01
4.512440084520654704e-01
4.519841259332615935e-01
4.524406486774940062e-01
4.533351475455260626e-01
4.536390999465426122e-01
4.545631248464357399e-01
4.557760155865800411e-01
4.567630990171958616e-01
4.576419903857296134e-01
4.585880090111634777e-01
4.598758604529884497e-01
4.606852416837918796e-01
4.619232027820479591e-01
4.624799636463919339e-01
4.634089168435585604e-01
4.642933852397304051e-01
4.651166380324026628e-01
4.657532855863553700e-01
4.668126723004288325e-01
4.681814046251557282e-01
4.686556072000759854e-01
4.688640277190205263e-01
4.695827396347717064e-01
4.701179369138226427e-01
4.705979143829051581e-01
4.707770816640445277e-01
4.715122523692215073e-01
4.723364035093506330e-01
4.725140841619525633e-01
4.734590842128224564e-01
4.745614174313914080e-01
4.754723780687105106e-01
4.762608521618978408e-01
4.773620983481296487e-01
4.784015908692739183e-01
4.789028670477677441e-01
4.795902511434465554e-01
4.803355716151400667e-01
4.805754254564850170e-01
4.813196169823401593e-01
4.815318796515017374e-01
4.824180237015586736e-01
1.156820865377676671e-01
