0.000000000000000000e+00
1.460090759308105800e-03
2.868431596938291611e-03
4.821834545364704454e-03
6.685320086184980831e-03
8.595776347656371857e-03
1.047380302048939171e-02
1.285247040698452026e-02
1.435166431162291853e-02
1.491462877054915842e-02
1.653927650798717869e-02
1.873979805548639521e-02
1.880945603032675023e-02
2.109271288453451118e-02
2.330029908836150215e-02
2.405209903654975320e-02
2.602042087840428924e-02
2.753657817878818123e-02
3.003674620046238586e-02
3.255104825163484400e-02
3.471521937878734726e-02
3.657808774715510386e-02
3.781897605152770292e-02
4.008818524651552861e-02
4.131933180700955721e-02
4.322153998328302771e-02
4.565529050092519137e-02
4.758410692536811648e-02
4.921532279679220745e-02
5.036648553766710085e-02
5.175149478708946510e-02
5.308882694364499416e-02
5.453281501786762936e-02
5.623884006166916805e-02
5.863463965974091696e-02
6.018998034103107547e-02
6.160601426535796538e-02
6.386260677318593426e-02
6.674268309708951408e-02
6.907532431558910391e-02
7.000492823374608597e-02
7.153060293310913031e-02
7.278248405978875180e-02
7.485139959210906913e-02
7.643517342567940354e-02
7.749469747731294045e-02
7.876594926310863387e-02
7.955602088317496878e-02
8.098550312484270597e-02
8.179193066149258173e-02
8.374796066178571974e-02
8.550186570365107819e-02
8.702150867652103106e-02
8.789760415568888263e-02
8.934782689296484615e-02
9.163706579226128801e-02
9.293334668782667063e-02
9.391985913063582991e-02
9.611298537859483404e-02
9.750901479101710401e-02
9.886520795079756230e-02
1.007618173227568387e-01
1.027801820236130675e-01
1.038191025682279056e-01
1.056033056034743900e-01
1.071168160989006274e-01
1.091020684730235890e-01
1.112329992301265835e-01
1.134593648029169205e-01
1.160430700825947348e-01
1.171214619058064954e-01
1.186148330826848341e-01
1.198459039882121963e-01
1.208453151988034407e-01
1.210710052809728376e-01
1.224585182559972535e-01
1.239921655324973254e-01
1.254341545733944907e-01
1.270903975483982928e-01
1.287730631178090335e-01
1.297725489623005879e-01
1.303815997235254209e-01
1.321668448602247581e-01
1.344322798246732342e-01
1.360498488471907907e-01
1.380320917283393567e-01
1.397488514359341849e-01
1.411943283694920837e-01
1.430221074739237153e-01
1.431620709389926638e-01
1.451815817369286055e-01
1.464495614653040234e-01
1.481390146450113077e-01
1.487443814259592212e-01
1.507510865851771908e-01
1.525811682964083316e-01
1.532777091873366027e-01
1.544746107884221176e-01
1.556714703333562377e-01
1.566464787522559299e-01
1.586972722734153463e-01
1.613983741287983997e-01
1.615122581244776423e-01
1.619081782200453845e-01
1.634790780506311936e-01
1.665134649579353698e-01
1.693382607308815124e-01
1.715457476311952612e-01
1.728154515344430264e-01
1.731679891598634502e-01
1.746606897499230759e-01
1.762154520824720794e-01
1.789250627299729390e-01
1.809932044310561816e-01
1.831972307011831003e-01
1.844198469359773218e-01
1.848063754777365120e-01
1.851097575093795800e-01
1.865032622485687241e-01
1.877681325437687287e-01
1.879245124946023471e-01
1.892830081826503141e-01
1.904610313216162087e-01
1.921344465328013451e-01
1.941683917835342887e-01
1.954098342137174371e-01
1.965420852679968244e-01
1.978758291273867709e-01
2.008274268952435215e-01
2.032590937444586909e-01
2.047466852612961630e-01
2.063820972862346614e-01
2.078750507824245197e-01
2.088873736602206987e-01
2.110513253622623153e-01
2.126280329049207163e-01
2.147633007516589476e-01
2.166175369492864544e-01
2.175990276576030558e-01
2.202273582390296136e-01
2.211693997311889870e-01
2.218942892079127649e-01
2.243738809906550835e-01
2.265361449610512334e-01
2.279231940108094323e-01
2.286229384818032617e-01
2.316014419780342282e-01
2.335903910792485050e-01
2.345165614341981064e-01
2.359384251723490311e-01
2.376848884406068396e-01
2.401112016444323927e-01
2.413482526908110881e-01
2.433475158408110461e-01
2.438905208747901843e-01
2.450943831595058242e-01
2.470609049781644639e-01
2.495451244553408554e-01
2.499284369527265126e-01
2.519039196596654651e-01
2.542675654663026363e-01
2.559839994226142390e-01
2.569040437483227080e-01
2.578369546869280216e-01
2.600031877193277330e-01
2.608992482348666542e-01
2.629879431084013452e-01
2.634354535846137324e-01
2.660311423607753523e-01
2.681726734481358343e-01
2.699834777288335208e-01
2.709584845404853781e-01
2.724957047729810733e-01
2.750564922328094797e-01
2.771250987138219601e-01
2.785947570044023935e-01
2.804543461690643946e-01
2.818826060492757857e-01
2.834265610454714812e-01
2.843948079087207925e-01
2.864216685190298928e-01
2.865798971428502595e-01
2.877811900601532913e-01
2.892210765402736250e-01
2.915924505791855359e-01
2.938816857191617338e-01
2.960935718942743766e-01
2.965991564308565476e-01
2.972768866089382511e-01
2.998308589958074699e-01
3.020812033750246983e-01
3.049143685223218436e-01
3.068649130129549873e-01
3.075211003710163205e-01
3.097241494438086051e-01
3.121152160851031754e-01
3.152321581086692803e-01
3.163865517811841332e-01
3.170144148532141326e-01
3.182986457431250527e-01
3.197931650004097737e-01
3.225937463414924600e-01
3.252709633890803476e-01
3.278000041287519872e-01
1.412990298600729291e-02
