0.000000000000000000e+00
1.568947924962020915e-02
3.790096730970492211e-02
5.702324790763522999e-02
7.026182973402397836e-02
8.837949758598244443e-02
1.004118638480111653e-01
1.175138255439746315e-01
1.306628569584875887e-01
1.407961800589408730e-01
1.531086251049182667e-01
1.607314754800185375e-01
1.775735054985695949e-01
1.901531562415381960e-01
1.942903489292771013e-01
2.122217199455986025e-01
2.275567085644539522e-01
2.449733987602365215e-01
2.525960617841338518e-01
2.614373572246923572e-01
2.695675940332641352e-01
9.973346395632926020e-02
