0.000000000000000000e+00
1.313721739942838238e-03
2.693635942757468225e-03
4.746739804400242416e-03
6.483513160854248100e-03
7.363040653767896973e-03
8.844712969391982718e-03
9.166427635263629456e-03
1.090490357824381272e-02
1.144227806689154109e-02
1.322439941097019490e-02
1.403442738702511024e-02
1.456999997158572695e-02
1.629125778032881888e-02
1.760479935734270140e-02
1.888980794444385450e-02
2.031985579526076474e-02
2.182330380041775861e-02
2.320289139279541057e-02
2.458115014656716765e-02
2.684384299871169638e-02
2.884114639993661661e-02
2.999897406992647897e-02
3.191047307387438053e-02
3.302437726058388839e-02
3.503269527342176004e-02
3.706027324011744450e-02
3.810453251544567571e-02
4.021653491574930794e-02
4.184987261489091920e-02
4.288563104720911900e-02
4.381527113119382949e-02
4.495007667442717236e-02
4.636096247857262459e-02
4.797777781294948474e-02
4.979985201128471484e-02
5.133733891913843522e-02
5.364471069353429072e-02
5.427027434732489136e-02
5.538463881589070908e-02
5.688727754900280154e-02
5.825368626929915139e-02
5.950542424112999218e-02
6.085130657910111512e-02
6.203316034103593946e-02
6.299450344243577582e-02
6.421270401496496916e-02
6.595360322917261098e-02
6.693573557687584885e-02
6.811644412728221076e-02
7.017931711518297921e-02
7.120019181491385463e-02
7.152822309868669959e-02
7.390753652176122734e-02
7.534961917659527275e-02
7.704320029572728212e-02
7.924417669151027910e-02
8.082931682066549217e-02
8.213485413279082714e-02
8.323584647834103567e-02
8.389071926762979581e-02
8.444202488192247003e-02
8.601898116444126052e-02
8.651743123478727870e-02
8.904455328697583050e-02
9.082570810098200553e-02
9.235740807452502699e-02
9.462511542306216439e-02
9.566346208706266729e-02
9.691190981826210138e-02
9.811560151845435951e-02
9.935564735620669441e-02
1.005058597706009887e-01
1.022165083481884895e-01
1.031584010008359809e-01
1.046523401528078046e-01
1.052177736645795447e-01
1.060408783548820733e-01
1.079122369973025408e-01
1.083444142966522167e-01
1.105991915545026655e-01
1.117805628839575738e-01
1.126421441332436241e-01
1.137708409984651975e-01
1.151579062494518801e-01
1.172542303170161226e-01
1.180818664770981186e-01
1.200944576178207684e-01
1.211791835610194906e-01
1.221896017696375708e-01
1.243385817999383552e-01
1.253540299198124819e-01
1.267015928410532011e-01
1.284305091250160791e-01
1.310608437360233636e-01
1.322569411412170826e-01
1.339003728585960451e-01
1.357854567465890672e-01
1.369113426338982309e-01
1.383409747970571202e-01
1.402222911139034689e-01
1.426872676784491367e-01
1.442143648221664576e-01
1.457153833905012463e-01
1.471457262979334324e-01
1.494856453834751964e-01
1.510968311491647786e-01
1.526427802442730797e-01
1.547200959556474242e-01
1.563370321472722368e-01
1.574918339746735063e-01
1.589567514835125983e-01
1.601891875659440245e-01
1.620797252538353772e-01
1.634045547533039267e-01
1.651786062783220099e-01
1.674237928742401682e-01
1.700050338858211663e-01
1.712377501713528982e-01
1.727823912587847233e-01
1.734523950491236310e-01
1.746695855286880261e-01
1.760013189149329249e-01
1.772270236820961409e-01
1.783430227879225782e-01
1.796278896290890714e-01
1.818117320140402449e-01
1.822436797830158939e-01
1.842332937378754198e-01
1.852631443536114642e-01
1.861392480317549114e-01
1.875694471557571574e-01
1.889017050993359315e-01
1.905226016881413631e-01
1.924479778817083375e-01
1.948428613449334212e-01
1.965195441590400216e-01
1.981704619584948313e-01
1.983200159975844479e-01
2.007251185288164985e-01
2.020321101703129174e-01
2.033124941859204837e-01
2.048392790933098451e-01
2.063291547607671583e-01
2.084614360586319048e-01
2.106974554631905472e-01
2.109089781747180981e-01
2.125025918423070481e-01
2.137128931820821420e-01
2.161276554267079764e-01
2.175000646857916387e-01
2.193323586068298414e-01
2.206277230004078937e-01
2.219429721235980368e-01
2.240612278296081061e-01
2.261144899391731855e-01
2.265739406524691357e-01
2.274059481660914150e-01
2.297592784075138117e-01
2.307890897032262578e-01
2.323730251774945577e-01
2.338129931832149400e-01
2.344302728302237737e-01
2.366956352936403774e-01
2.380936822258913899e-01
2.396696075104293722e-01
2.400998169225657675e-01
2.420255155165192962e-01
2.420987578067727575e-01
2.434205725070807125e-01
2.451609011160885976e-01
2.465297338622478018e-01
2.478280630965850606e-01
2.489285770867276093e-01
2.498654099132205375e-01
2.508041380078973592e-01
2.518566916990909732e-01
2.522358984373039847e-01
2.536702053683700941e-01
2.546100746720565966e-01
2.556094541674475695e-01
2.576162540707488402e-01
2.580997899205360602e-01
2.587082710029593446e-01
2.601018436431943859e-01
2.613226227865069196e-01
2.627628387824524347e-01
2.638416762376148417e-01
2.650052396103513841e-01
2.670524794997057305e-01
2.691607737339756778e-01
2.694519146974544421e-01
2.716790469069901848e-01
2.720863669364770865e-01
2.739413817845589016e-01
2.753532363418227380e-01
2.772912672779372922e-01
2.785713378951639729e-01
2.803942638744201243e-01
2.825655744889691845e-01
2.839747992083805350e-01
2.853603382498507424e-01
2.865981808526104069e-01
2.880921589300889374e-01
2.898517535600502737e-01
2.916857897150265666e-01
2.927888300970825086e-01
2.937086514216241673e-01
2.960219606185892083e-01
2.983564851451633859e-01
2.999526896668634479e-01
3.007955708859192390e-01
3.026969350107449053e-01
3.045777948269917101e-01
3.060015727922762996e-01
3.079371557899525658e-01
3.085352963829877115e-01
3.099875128180349937e-01
3.116294412351596765e-01
3.140372342789339855e-01
3.156576900341316327e-01
3.176096377949948479e-01
3.183998463977523175e-01
3.203553604271815458e-01
3.213837011127462229e-01
3.221358707146501077e-01
3.233741813242330121e-01
3.251656600755858384e-01
3.262416353221235243e-01
3.278255260248068015e-01
3.293652026886108586e-01
3.310965263895883637e-01
3.328603067957747186e-01
3.342328527781285308e-01
3.349473276898247698e-01
3.362058261290082894e-01
3.368455884693818958e-01
3.384681413139361550e-01
3.404220599538257952e-01
3.409454550529511518e-01
3.429346867015641842e-01
3.442187064247075878e-01
3.464232795993001379e-01
3.476168915712229412e-01
3.493671577834655539e-01
3.504482224387063805e-01
3.509699455647466437e-01
3.516542102319605845e-01
3.530012288681897981e-01
3.539971254152083358e-01
3.551685367065841037e-01
3.572123443546471044e-01
3.591732309384654265e-01
3.606567867014250917e-01
3.621141030237184921e-01
3.630583784208318288e-01
3.641944651870265282e-01
3.661787575087666058e-01
3.675769128069261149e-01
3.695295468330180855e-01
3.713348944656815753e-01
3.729344539695607086e-01
3.740729343579587973e-01
3.756089102481585673e-01
3.767461764799787116e-01
3.774293425295312532e-01
3.791742011664369638e-01
3.807900840155141742e-01
3.814353604233491346e-01
3.837262958477158370e-01
3.844818111409100680e-01
3.855642186379468761e-01
3.877130430479109879e-01
3.895196988388084369e-01
3.906962746326503311e-01
3.921098859082720600e-01
3.934785423503648905e-01
3.941171029009493676e-01
3.953828811045567715e-01
3.971370751893887885e-01
3.975181093960751255e-01
3.988533576713805262e-01
4.006103435737055074e-01
4.019802056496463161e-01
4.040802888982107377e-01
4.053231345767156490e-01
4.071182551953040352e-01
4.088609877043874463e-01
4.108903198077517027e-01
4.119742297895797045e-01
4.140563656192175479e-01
4.150200265330863392e-01
4.161086134322882213e-01
4.176393340316549296e-01
4.193518819085342297e-01
4.196334028944158079e-01
4.213013211729623730e-01
4.235535110730075936e-01
4.245054586952459186e-01
4.261147412388442413e-01
4.273961767372289056e-01
4.283559117724635157e-01
4.290456166929650372e-01
4.302909578305372795e-01
4.323845410593914473e-01
4.327329162474729540e-01
4.350131517803063064e-01
4.353840448383801687e-01
4.367427106799315895e-01
4.376231146639381620e-01
4.392680218295980654e-01
4.400799025005870946e-01
4.409201271493802810e-01
4.423338570485352839e-01
4.438916615066912930e-01
4.453247744389668972e-01
4.465814373296160267e-01
4.471429998261136629e-01
4.484093160462834238e-01
4.502895411997911990e-01
4.526051597584104802e-01
4.543430192408617341e-01
4.550984439203685228e-01
4.562374824873009493e-01
4.582101048848831737e-01
4.601714721866800861e-01
4.609389104258249659e-01
4.622967159967296680e-01
4.628510294731555952e-01
4.636099053638216838e-01
4.651057280950819939e-01
4.654020422702470627e-01
4.656351058027703993e-01
4.673591048098781897e-01
4.696655619056355757e-01
4.715951532912062150e-01
4.735973549545915429e-01
4.753486900917924807e-01
4.767255552554259257e-01
4.786077423004104214e-01
4.801959739692454043e-01
4.818567259424761384e-01
4.830608219278291204e-01
4.849505729747357607e-01
1.047633757389125481e-01
