0.000000000000000000e+00
3.738723028180610870e-05
9.156172739790082349e-05
1.420267841791788524e-04
1.790111124829179699e-04
2.369591297587023105e-04
3.224666251813381075e-04
4.095284107725031294e-04
4.434747743441032862e-04
4.739146743261844937e-04
5.479575926777748712e-04
6.020208425967318476e-04
6.276774790419250389e-04
6.561721505532172507e-04
7.077342281362356078e-04
7.907102474583539622e-04
8.306840289830322733e-04
8.908135163489454365e-04
9.052619911043967727e-04
9.612057406441288417e-04
1.018310839803538478e-03
1.065402518708316549e-03
1.153386422404600615e-03
1.194218047402090428e-03
1.288855705166905763e-03
1.353283087917933397e-03
1.447440034353648323e-03
1.506254570967702645e-03
1.575050374748506897e-03
1.621163378475121803e-03
1.699141124322696818e-03
1.757817869565957494e-03
1.807307586216163253e-03
1.868600170071381666e-03
1.976956386857495022e-03
1.990842380304750411e-03
2.044701012059166930e-03
2.066859922041620456e-03
2.125232687254177948e-03
2.151215284015058158e-03
2.186283600786774299e-03
2.256707303154411020e-03
2.297924421663304767e-03
2.349942019404190324e-03
2.395037584483518476e-03
2.457034531651317456e-03
2.505483423806606318e-03
2.538630487889166620e-03
2.590293394488393363e-03
2.642501527543194683e-03
2.654357694271260691e-03
2.692501136102547557e-03
2.738214545570634342e-03
2.751787080900231289e-03
2.817855688546739776e-03
2.918633566887985243e-03
2.986184768186502057e-03
3.040030963002771265e-03
3.090866357428461667e-03
3.150017553931259116e-03
3.204201802391153792e-03
3.232324427844235262e-03
3.331910000978534087e-03
3.417180361734369152e-03
3.460429026374986939e-03
3.531481843571424029e-03
3.602468212799127874e-03
3.691318254209182206e-03
3.748830167778447256e-03
3.805769104980264144e-03
3.866609444620726106e-03
3.920142239048812587e-03
3.946379724496364670e-03
3.967925900546100115e-03
4.053393731516862462e-03
4.078479655751188898e-03
4.130449677825926043e-03
4.150443039007689627e-03
4.193494735308321043e-03
4.247641758619418069e-03
4.297538912248995147e-03
4.389585313493185072e-03
4.460925216797639870e-03
4.505128838544720377e-03
4.535567210002482315e-03
4.593001859014741485e-03
4.649126601263470389e-03
4.720699143537766818e-03
4.813711374788615972e-03
4.824760353817304434e-03
4.923442875883892421e-03
4.968216483589683180e-03
5.032223526390716337e-03
5.097830656268899710e-03
5.177697715509613566e-03
5.242546807906018833e-03
5.286097236537557788e-03
5.360504171199744795e-03
5.406601086608399734e-03
5.471364972965667497e-03
5.570124537459898717e-03
5.649297975287672843e-03
5.703974230229410733e-03
5.772895838655520140e-03
5.838605359256708767e-03
5.906957509105654341e-03
5.989870958608408368e-03
6.031944839990499053e-03
6.134240754308716188e-03
6.199898810516049803e-03
6.242849898416572008e-03
6.287244693874215022e-03
6.355271454083932792e-03
6.417760076656225422e-03
6.458815549749355976e-03
6.533391916168946635e-03
6.579889391974792258e-03
6.591864813587818006e-03
6.619099398461602071e-03
6.653407913964567294e-03
6.702612232125630502e-03
6.785533637960619070e-03
6.847675879292119266e-03
6.904436760568665246e-03
6.963411721946305769e-03
7.043581016161090842e-03
7.078312070848262819e-03
7.123136091550361440e-03
7.189243208419001351e-03
7.274673390603256067e-03
7.334743969461779423e-03
7.413670426470915682e-03
7.474405402070819285e-03
7.511215107972400024e-03
7.527808796149737698e-03
7.597020290401672662e-03
7.667362720161351175e-03
7.720352612905014705e-03
7.758194117947435180e-03
7.807407324445657555e-03
7.869608102687946846e-03
7.956804045146835536e-03
8.014630520354219800e-03
8.085450731186553247e-03
8.171027141286681117e-03
8.193685917500897337e-03
8.255281422863032514e-03
8.268267269270204375e-03
8.310457937625309252e-03
8.383833277145610538e-03
8.471842867494845317e-03
8.554302336440835000e-03
8.608684444368299229e-03
8.651459383052621105e-03
8.712050799899043532e-03
8.784188291682527155e-03
8.796688432167623292e-03
8.851283515967483737e-03
8.923282261635369014e-03
9.017997466312776406e-03
9.069281410036109450e-03
9.121702457357537888e-03
9.201050953243214078e-03
9.268487488324261836e-03
9.309307265559299549e-03
9.344486634236984918e-03
9.407069238492493657e-03
9.473514256747035678e-03
9.514144506598574275e-03
9.561491474965374410e-03
9.642573876605858851e-03
9.687703582061285221e-03
9.728325616144846422e-03
9.754676123095424797e-03
9.822257618874074420e-03
9.884823777467298053e-03
9.966332356323461678e-03
1.000257596693421118e-02
1.004673464700793668e-02
1.010919575876123230e-02
1.012049300124028342e-02
1.015018142354736329e-02
1.017834228491853836e-02
1.025771248099357873e-02
1.033585856667014642e-02
1.037960978687143924e-02
1.042864809828918278e-02
1.049140185089748704e-02
1.057233115257523968e-02
1.058361263154347122e-02
1.063951008817659236e-02
1.068659630972816459e-02
1.077004472242395518e-02
1.079661682627540073e-02
1.087456592762765101e-02
1.092503618554364203e-02
1.095069329524512615e-02
1.101360070614062700e-02
1.104373916850160536e-02
1.108660139317013509e-02
1.111040719643706549e-02
1.116305722786550304e-02
1.122506117451520409e-02
1.132838699084542239e-02
1.136064112876325471e-02
1.142541856986189520e-02
1.150019440837213650e-02
1.154307119484883695e-02
1.163959361165316231e-02
1.170392421500065366e-02
1.176827410349306526e-02
1.181124520085509791e-02
1.185648111828083336e-02
1.187966201298400366e-02
1.192840554593700177e-02
1.197897098136013923e-02
1.201744092312282720e-02
1.206368980398783014e-02
1.215791280834460121e-02
1.221574536513334898e-02
1.225212705537376268e-02
1.231940535278794324e-02
1.234883877860510314e-02
1.239673976249946671e-02
1.244565262319196307e-02
1.251410295768490277e-02
1.255588099527093354e-02
1.259633948711949038e-02
1.265223860414464024e-02
1.270558940865039455e-02
1.275866720726688899e-02
1.277310305681166915e-02
1.283700866174970062e-02
1.289052459032328027e-02
1.292934833990615207e-02
1.295449170907047622e-02
1.298990744516637097e-02
1.301068615535477119e-02
1.304386799685524831e-02
1.312801584524456340e-02
1.316853379825748058e-02
1.321310657512518930e-02
1.327191793750781904e-02
1.334381519364404196e-02
1.341855428658007138e-02
1.345541083348454972e-02
1.353991541611110870e-02
1.356866422382136186e-02
1.363502026853519872e-02
1.368418105005940813e-02
1.374691519651099689e-02
1.385381534346801467e-02
1.388662321424038830e-02
1.397284435032184260e-02
1.406216674818527336e-02
1.411666087322865394e-02
1.421281626678520989e-02
1.424608502905231472e-02
1.430342879024003311e-02
1.436988372470404673e-02
1.440600613998547185e-02
1.448612468837079392e-02
1.456806868488944376e-02
1.458770276211496242e-02
1.468209539146024534e-02
1.474315873429659328e-02
1.478302755517510794e-02
1.486920048349753103e-02
1.493436644566658277e-02
1.500266355803674644e-02
1.505851006011822875e-02
1.512096193881611733e-02
1.515004548059498655e-02
1.522224798712982184e-02
1.523993283105649042e-02
1.529713648742111326e-02
1.534887084830902776e-02
1.535678556890250450e-02
1.539717433089198180e-02
1.543207075326414809e-02
1.549068667372354748e-02
1.551576560466736907e-02
1.554842681858661056e-02
1.562406631472040147e-02
1.564235416294439823e-02
1.573728275211342884e-02
1.582096492464393767e-02
1.583144988741560025e-02
1.591209832021524620e-02
1.598428619696315792e-02
1.607264040360320903e-02
1.614511037571237512e-02
1.620889947054627786e-02
1.628501430418875795e-02
1.636295861947652946e-02
1.640209979453140926e-02
1.644796342125683444e-02
1.652097980176108274e-02
1.654803924613498442e-02
1.663633123812434042e-02
1.668297132370380464e-02
1.669950567908179070e-02
1.677820623920818141e-02
1.683713185586562314e-02
1.692522401442379115e-02
1.700153858210746646e-02
1.706771492985043395e-02
1.712137292833982444e-02
1.720729567026248880e-02
1.722359495767676607e-02
1.726047102719700452e-02
1.729200206285399360e-02
1.733806163125427985e-02
1.742356375210752165e-02
1.750005218610916832e-02
1.756517032910526188e-02
1.758441426206715230e-02
1.765826296564019030e-02
1.772055171968432707e-02
1.778567819961029278e-02
1.782349090226412192e-02
1.783278835061926151e-02
1.784105073320569820e-02
1.789777242227068299e-02
1.794886835979472503e-02
1.800551925954794671e-02
1.809588965126612825e-02
1.815823956858296159e-02
1.820918546945444680e-02
1.826880352839992117e-02
1.831077314853780946e-02
1.835837945911683242e-02
1.840720836397427215e-02
1.842624236984826552e-02
1.849440924229881281e-02
1.854528153787246558e-02
1.860885898757740770e-02
1.861780145039725401e-02
1.867386949592196241e-02
1.871190934923887966e-02
1.875129959203751875e-02
1.879181255334989517e-02
1.884102461625782043e-02
1.884576732209143970e-02
1.891244854178817519e-02
1.895577996226131129e-02
1.904237188674489864e-02
1.910720665529150666e-02
1.918789592067317307e-02
1.924888567954067056e-02
1.929092831075398043e-02
1.935120567955829832e-02
1.940161037523055118e-02
1.948883511302963029e-02
1.956549917646042969e-02
1.962901578279583822e-02
1.970823699068991602e-02
1.976082169452851589e-02
1.984791617300842026e-02
1.992624587371303116e-02
1.997187865693048764e-02
2.005327881897054493e-02
2.005945159006247008e-02
2.013917409476559742e-02
2.019395435326068119e-02
2.022659467847640405e-02
2.030757699129296517e-02
2.035082954385679724e-02
2.040196275935187570e-02
2.044638063862453531e-02
2.051070807483432179e-02
2.053418056948020862e-02
2.056715330050182949e-02
2.063859893415361316e-02
2.067194736488955908e-02
2.077266615192589413e-02
2.083301573900454146e-02
2.087926996604278287e-02
2.096217470650977091e-02
2.102887932847690225e-02
2.108728994879906574e-02
2.116673466470085641e-02
2.123016659916414708e-02
2.128017756594481960e-02
2.137549481481099134e-02
2.142455728399435960e-02
2.148099342064765244e-02
2.155499831313908640e-02
2.163853178075811345e-02
2.167762020067899240e-02
2.173553925423327496e-02
2.178326749514878508e-02
2.183664826231167949e-02
2.189521116161342873e-02
2.197022591699059058e-02
2.201498185670627133e-02
2.210453588617078760e-02
2.214497443277572974e-02
2.215133060220020322e-02
2.215751652830371191e-02
2.222126369270174817e-02
2.231555266572448140e-02
2.236813006039297877e-02
2.242390996177265686e-02
2.244665921851983839e-02
2.253673580779511423e-02
2.256870309243911091e-02
2.261631667374106730e-02
2.271202308366119735e-02
2.277986960548149253e-02
2.279999579998603573e-02
2.285688698370749727e-02
2.291488378563502279e-02
2.295582045242195585e-02
2.303880503727133086e-02
2.309550721582792274e-02
2.316762824764312390e-02
2.322096191490575709e-02
2.329406984315109466e-02
2.335583680806902970e-02
2.336731094933752403e-02
2.344056022923404758e-02
2.351521497428080490e-02
2.353017721789672084e-02
2.358702136753400291e-02
2.367383562216567733e-02
2.368475663896060443e-02
2.371016697041807009e-02
2.374969478704282849e-02
2.380320324493062287e-02
2.390143236222783477e-02
2.398483003180988324e-02
2.404347621558382969e-02
2.411513940390910479e-02
2.417404812039970416e-02
2.423634881590153514e-02
2.428205522476103995e-02
2.436198005200913147e-02
2.440171963074230441e-02
2.448167692796122952e-02
2.454978501755638448e-02
2.456903142503972029e-02
2.464829565477156051e-02
2.469099812713468345e-02
2.476831926106859080e-02
2.482938722163912856e-02
2.489343605533663600e-02
2.494449974560383060e-02
2.496687318979719239e-02
2.497710027927284304e-02
2.503604649366514973e-02
2.508080793604930414e-02
2.510680840383129608e-02
2.514148998185784453e-02
2.515514510611213325e-02
2.522528116506846801e-02
2.525304973447791562e-02
2.529880427361774764e-02
2.535740856646717320e-02
2.540282490634490631e-02
2.545840094864908892e-02
2.554608763368955426e-02
2.561400997320452400e-02
2.567436680974675631e-02
2.573136571071447942e-02
2.578243682609231840e-02
2.579030736194335566e-02
2.582509485354925541e-02
2.587428123773636429e-02
2.590523952829683341e-02
2.598266989692568293e-02
2.602925395498938491e-02
2.611458826976547493e-02
2.616898749307680974e-02
2.620368867763174514e-02
2.622807164455069270e-02
2.623912977685889658e-02
2.625119332305751729e-02
2.633042594128286520e-02
2.637818352996733687e-02
2.645876546932978551e-02
2.649371858023037707e-02
2.658699310427416543e-02
2.664100434451175878e-02
2.674335122795867825e-02
2.681627324276205163e-02
2.685551995449009591e-02
2.690618232040101546e-02
2.697360304200967229e-02
2.704942316744311445e-02
2.708917641207528315e-02
2.715529392263391073e-02
2.722660305940315800e-02
2.732772258139809507e-02
2.738784150086424549e-02
2.742935142678451510e-02
2.746346906054622852e-02
2.753939659420120631e-02
2.755456156827788827e-02
2.758808703697327239e-02
2.764186400689383483e-02
2.771798615451098041e-02
2.778657428919610248e-02
2.785153087701178892e-02
2.794333346888434183e-02
2.796004696879673262e-02
2.799642912260226491e-02
2.805308755888472061e-02
2.808573948128059716e-02
2.812519470006672254e-02
2.820939619963434841e-02
2.824968516744735120e-02
2.832098028487667341e-02
2.836608898236765361e-02
2.845716357458343351e-02
2.851813823225487002e-02
2.852974506890167128e-02
2.857962766255751560e-02
2.867040249482301004e-02
2.874595350645143751e-02
2.882585990253926436e-02
2.887876900899810986e-02
2.895643779101409951e-02
2.900632297562531076e-02
2.905858585819293474e-02
2.913004770865096349e-02
2.918512364715155835e-02
2.925139671652245490e-02
2.931013252355989945e-02
2.937087193183059164e-02
2.940374075161290499e-02
2.945927399875386543e-02
2.951747153427986686e-02
2.959663234694276737e-02
2.966133081561180690e-02
2.971875622295807109e-02
2.973665225839094983e-02
2.979490883914981750e-02
2.986213934019692900e-02
2.995888665620482366e-02
3.002340232571258649e-02
3.006989761326643584e-02
3.014819642747667422e-02
3.022021629464792178e-02
3.023131978511934756e-02
3.031251797955508351e-02
3.037027028659023548e-02
3.040104138847133861e-02
3.047769999554162529e-02
3.051956182381220309e-02
3.056473085505413342e-02
3.061335204290837469e-02
3.064743599482548653e-02
3.069427122608698807e-02
3.075493365891051809e-02
3.076136788353646054e-02
3.082824439701550498e-02
3.092612511099856673e-02
3.095717404320372582e-02
3.099230668456440935e-02
3.108265169033559358e-02
3.110375842266401014e-02
3.115842867309149763e-02
3.121946144339600090e-02
3.125265586283659802e-02
3.134121255660379801e-02
3.140723207777307985e-02
3.147491230704051873e-02
3.151841826166882493e-02
3.154490290529595592e-02
3.161678693609419610e-02
3.171861865838084688e-02
3.178827335302412960e-02
3.181930330974859500e-02
3.185803206608570082e-02
3.191549890693517327e-02
3.193269264962811382e-02
3.198561468499582644e-02
3.203037112162064604e-02
3.211914267152669172e-02
3.215545231986574604e-02
3.221344921191537924e-02
3.222834003208032566e-02
3.223727319681729542e-02
3.229306998930074613e-02
3.234850882535499073e-02
3.240217026621385749e-02
3.249071923255372751e-02
3.250796726714009349e-02
3.251703598659309163e-02
3.256075340314635441e-02
3.263114324799938626e-02
3.270844396535627779e-02
3.277267532709031428e-02
3.283560625544589689e-02
3.290811313472099403e-02
3.297256286439398387e-02
3.303013271343942237e-02
3.311987809575650532e-02
3.317127106952644927e-02
3.324236270431615153e-02
3.324451154822848087e-02
3.332295927894166065e-02
3.334317373123108635e-02
3.341022668442236027e-02
3.347306505850709824e-02
3.351143890155980354e-02
3.355347470991499464e-02
3.361217017788836747e-02
3.363985804999730655e-02
3.365882695842171979e-02
3.374824879733827332e-02
3.380674730764141739e-02
3.384369032301058622e-02
3.387421698909280632e-02
3.393243902387085842e-02
3.398952100063775544e-02
3.404827586272804463e-02
3.405824980970229704e-02
3.411110464512780854e-02
3.420169278467423413e-02
3.429394231640604113e-02
3.438002451161234485e-02
3.446379304874711696e-02
3.451905281002176640e-02
3.457759971120325654e-02
3.460273951603023979e-02
3.466540989389797073e-02
3.471209182514153890e-02
3.478297112143272779e-02
3.479933134354132318e-02
3.489571636631787210e-02
3.494362451827113386e-02
3.503594844489853893e-02
3.509601569135831212e-02
3.516469729441101810e-02
3.525198760311239882e-02
3.525849887369546937e-02
3.526720746085989372e-02
3.534903295774567689e-02
3.538261646966180812e-02
3.541072668498138065e-02
3.549926452805049482e-02
3.554874221437184095e-02
3.562033026422536247e-02
3.567095532332924951e-02
3.571207183161676652e-02
3.576953430274124046e-02
3.581236832382429097e-02
3.587593010193666082e-02
3.592003645098715975e-02
3.595818724198716898e-02
3.603149965736397037e-02
3.604348579687801507e-02
3.608041124831268959e-02
3.609739777495701851e-02
3.618876106504373413e-02
3.628289533622698626e-02
3.633422117407351937e-02
3.637996521558181651e-02
3.643627262520481025e-02
3.652636847504110718e-02
3.658005864948522118e-02
3.660924835671460625e-02
3.666021442525733975e-02
3.672312822660934312e-02
3.674444519475335985e-02
3.679880512883103305e-02
3.686511648303150701e-02
3.693125177418083577e-02
3.699677217952779956e-02
3.707218723930084947e-02
3.711752869911932873e-02
3.721343622338522256e-02
3.727215431978351395e-02
3.729290107452238462e-02
3.735206022512371077e-02
3.742902633360076226e-02
3.744333020134436169e-02
3.752230166783813298e-02
3.758260913632047867e-02
3.763058356481242817e-02
3.769104415890983661e-02
3.773290789773765114e-02
3.778871451567516332e-02
3.782769342716149619e-02
3.787574659492523588e-02
3.793451795428354201e-02
3.794987841744329460e-02
3.798312221665796351e-02
3.800728968028328075e-02
3.808199903115875445e-02
3.815106468757892277e-02
3.821525919754772960e-02
3.829339579585255837e-02
3.837397355667455240e-02
3.839554049864939145e-02
3.846638848809176559e-02
3.852796279065375668e-02
3.862992822518416386e-02
3.870376893292773457e-02
3.877465368749373475e-02
3.885306061668528793e-02
3.890332237247718511e-02
3.896542233460615484e-02
3.903865869575835756e-02
3.908511116786599765e-02
3.912566035391824154e-02
3.916688952530692630e-02
3.923216423256328800e-02
3.930362438461692393e-02
3.939579000507402451e-02
3.942295426718291085e-02
3.947751707322744164e-02
3.952270621416344859e-02
3.959485609369759601e-02
3.963680829287945934e-02
3.972083350910453337e-02
3.978033416920201404e-02
3.986119899303113695e-02
3.989972047019742923e-02
3.992244638100158477e-02
3.996982956806642562e-02
4.001555654150490415e-02
4.009174359621511807e-02
4.014367335928046426e-02
4.019918594534112322e-02
4.027778231794406499e-02
4.032712819145400224e-02
4.036254905359251688e-02
4.041563764316685042e-02
4.047452882298495369e-02
4.057312601879124736e-02
4.064632407874849140e-02
4.072843046614486873e-02
4.079519622433532000e-02
4.084265192593782012e-02
4.093282771710655271e-02
4.098374111698729894e-02
4.105390309150697831e-02
4.112270809637269542e-02
4.114525257843074796e-02
4.121387788716753681e-02
4.127319830746895013e-02
4.133451918642205153e-02
4.136840291211488913e-02
4.139320146779337795e-02
4.144692510939548824e-02
4.152538601383087141e-02
4.156478667937198862e-02
4.163129591855208034e-02
4.164010657200696575e-02
4.171907303605187217e-02
4.178725423950366280e-02
4.179526550306359584e-02
4.181168650981837570e-02
4.188026405440914424e-02
4.194785411477465475e-02
4.200784036368213764e-02
4.208649797082660016e-02
4.214496731989764849e-02
4.219599994260748999e-02
4.223935593443143427e-02
4.227414865470782712e-02
4.230246555065408226e-02
4.234170512632154382e-02
4.240044518957698794e-02
4.249337766741909800e-02
4.251031118057234381e-02
4.254889007520294003e-02
4.261473299385520885e-02
4.267254134970517587e-02
4.274607929009222734e-02
4.281055627007464282e-02
4.287615688142158710e-02
4.290339713419773909e-02
4.294087759887427885e-02
4.300300843797581762e-02
4.305151884721426792e-02
4.307717358975723249e-02
4.312586994715166683e-02
4.317840790195918294e-02
4.323752160182069842e-02
4.329387310479530099e-02
4.333943182295250940e-02
4.336115015339141870e-02
4.339170016289714549e-02
4.340292679371068191e-02
4.349221706850441016e-02
4.350475364958159702e-02
4.357607405999928962e-02
4.361293231409762300e-02
4.370135149360299121e-02
4.377470802070500960e-02
4.383471655189534466e-02
4.392188496268314285e-02
4.399630613467004486e-02
4.405988098176308321e-02
4.415598057325158948e-02
4.421869783067810394e-02
4.429259185133483517e-02
4.436937567992981640e-02
4.445339265287250041e-02
4.446965051881531655e-02
4.452954686600766460e-02
4.459936880671626358e-02
4.469686977875696882e-02
4.472788338696723903e-02
4.478127553141354050e-02
4.484538952640104714e-02
4.491062525862394433e-02
4.500351273760975351e-02
4.507141046894991981e-02
4.510762690614698867e-02
4.516144661720590536e-02
4.520989940430818893e-02
4.522410926557508815e-02
4.527045380480763936e-02
4.532012378856908191e-02
4.539280556405357603e-02
4.543971211745550381e-02
4.549489182519518560e-02
4.551803142343186642e-02
4.555343574500124448e-02
4.563121511126573548e-02
4.567149437322236272e-02
4.572837635889254182e-02
4.576863746524387905e-02
4.581262857270525929e-02
4.586305735998714300e-02
4.588432632345110229e-02
4.595308319006129877e-02
4.601587329016903344e-02
4.609318823997952258e-02
4.615363354823213277e-02
4.624257442925180928e-02
4.630616147892802070e-02
4.637061668263472297e-02
4.640197265356384160e-02
4.645638408279655074e-02
4.652186099678343179e-02
4.657111871209831250e-02
4.665675484576642384e-02
4.675488940469809535e-02
4.679707757440043636e-02
4.689100624308878418e-02
4.691623034635061112e-02
4.699762880185266029e-02
4.706605814566262869e-02
4.712646566441971302e-02
4.716488676717751904e-02
4.722788750178406880e-02
4.729723141658353364e-02
4.736312582455051018e-02
4.742631324262441134e-02
4.749646791015033065e-02
4.756313389149757070e-02
4.761525090356630990e-02
4.767518390315313159e-02
4.771422171445796612e-02
4.779415572196857309e-02
4.783909781986042664e-02
4.785516590049015279e-02
4.793644765551093728e-02
4.797436511671165221e-02
4.803148490582417190e-02
4.808812828651111426e-02
4.815732301753869460e-02
4.823329954807881875e-02
4.828891087868169424e-02
4.831877916859496358e-02
4.837959800676692318e-02
4.844398189528257431e-02
4.845788977382668727e-02
4.852762101462561317e-02
4.860126341363168317e-02
4.864519699815286063e-02
4.869096198320910229e-02
4.874908922974157538e-02
4.876838704589892687e-02
4.879247887107699549e-02
4.881401172731417160e-02
4.888009397563029129e-02
4.889441707207242693e-02
4.892429168961680286e-02
4.896598801650098309e-02
4.902056236758282892e-02
4.907457761785014722e-02
4.912202526085070187e-02
4.917787041567998202e-02
4.924756443382201365e-02
4.932504229098875342e-02
4.942165246971123166e-02
4.949247381683814784e-02
4.953674513530451073e-02
4.959767008076237244e-02
4.966695411786250375e-02
4.970409671827262510e-02
4.976062006315189190e-02
4.984513700386093704e-02
4.990017749742249598e-02
4.997212936040345416e-02
5.003177750645303179e-02
5.009506950817725623e-02
5.015095389931737563e-02
5.017263738635354547e-02
5.025200269856448104e-02
5.030502676179196553e-02
5.037203041088676031e-02
5.045673605097120151e-02
5.053988326003916454e-02
5.057640917040701761e-02
5.060601565176647831e-02
5.065432015450021391e-02
5.070174776444942577e-02
5.075557294054391239e-02
5.084277122521063674e-02
5.092522828328466949e-02
5.097241090738506564e-02
5.100723344057502689e-02
5.105309384958576363e-02
5.109967294967009133e-02
5.113407738298664240e-02
5.121242473066578427e-02
5.126536092161892294e-02
5.135340735415708929e-02
5.136897255617926122e-02
5.141379874141780576e-02
5.151105249328050834e-02
5.152228590276158177e-02
5.158204575957247434e-02
5.162501761882663104e-02
5.169002575599746657e-02
5.174958554878029277e-02
5.181951360533849915e-02
5.184507494888120765e-02
5.187663092793742825e-02
5.191863138383136234e-02
5.195206202182470895e-02
5.198879624166575369e-02
5.207138714836533760e-02
5.213334697225611991e-02
5.218099886007112470e-02
5.220112144566080997e-02
5.228221047478719130e-02
5.234496686560537876e-02
5.240597840125833795e-02
5.247290340877072690e-02
5.254799331450038524e-02
5.256889673245164485e-02
5.260854000151130028e-02
5.265932838758708573e-02
5.271809586393454844e-02
5.278643498795990846e-02
5.282228768124056645e-02
5.290913486933775112e-02
5.294605843322151145e-02
5.300934255918633015e-02
5.308225225986618750e-02
5.313984474837273736e-02
5.318620568862657966e-02
5.325533706622188196e-02
5.330281085217784126e-02
5.334821138026656084e-02
5.344428537421558323e-02
5.353869454034018011e-02
5.357925980922296355e-02
5.365864004530575965e-02
5.371213872687383845e-02
5.377853632704113901e-02
5.381434412662879085e-02
5.388985328188006241e-02
5.390146694003665473e-02
5.392670856886455644e-02
5.398186665939311291e-02
5.400013343332607518e-02
5.406110897959252176e-02
5.413259540871798170e-02
5.417241151103908969e-02
5.418655395221965571e-02
5.424373471853845274e-02
5.431741761618158471e-02
5.439868446423238441e-02
5.448986312575040958e-02
5.452699852561920801e-02
5.458841903268107920e-02
5.467432994448552519e-02
5.468210279482410563e-02
5.474224235275422512e-02
5.477685332692468212e-02
5.479684273601548999e-02
5.481434074276008567e-02
5.487018361148562201e-02
5.494661864844261473e-02
5.500455673899989906e-02
5.501889987305469409e-02
5.507129836719171223e-02
5.511345788350385105e-02
5.516303361670817779e-02
5.522484860957898450e-02
5.531208158339152858e-02
5.535360104610969473e-02
5.542010563508735499e-02
5.546073310288086172e-02
5.549597126332793395e-02
5.551098978996125977e-02
5.557715539938493099e-02
5.567429863400347179e-02
5.572172499260889811e-02
5.579010957485782546e-02
5.582252262357030592e-02
5.588956338584693401e-02
5.594616873186538525e-02
5.601923259939795702e-02
5.608146143501509251e-02
5.612093057568875304e-02
5.617612311398297725e-02
5.621604893776086659e-02
5.628777200599481556e-02
5.634813733753386844e-02
5.641566903367007529e-02
5.646655237145695172e-02
5.652779415315165035e-02
5.658549668970055263e-02
5.667043331022972308e-02
5.672745000882337824e-02
5.676135089726346006e-02
5.679427694577390134e-02
5.684257976492022857e-02
5.693936548717692253e-02
5.698720831780782620e-02
5.701924483312299785e-02
5.708064203127495573e-02
5.717716467125116137e-02
5.723764624930988143e-02
5.725289658730566000e-02
5.732301016108447972e-02
5.738902844776423012e-02
5.743333159274981864e-02
5.748846314102081662e-02
5.749167020455248772e-02
5.757543554767759197e-02
5.766051367929365956e-02
5.768678007847175687e-02
5.779014510211762795e-02
5.782534147389960244e-02
5.785056266383907519e-02
5.787610958361414509e-02
5.792804102981859160e-02
5.796661873061886155e-02
5.803339473247900310e-02
5.809196261600592381e-02
5.810135496399070759e-02
5.813534433327445516e-02
5.818961671364830668e-02
5.825316591496894347e-02
5.835847926025451715e-02
5.843818696141298702e-02
5.847205757200853865e-02
5.850843123125627071e-02
5.852053269854222417e-02
5.858547269680519642e-02
5.868268696642531951e-02
5.874241583936815059e-02
5.876679529998534574e-02
5.880665731529122892e-02
5.889019940115693824e-02
5.896531388707819399e-02
5.906052753105123232e-02
5.911860403040031936e-02
5.913200593165612862e-02
5.920925250456543498e-02
5.929658653003182928e-02
5.934468109807757713e-02
5.940500364301026098e-02
5.941921424532999735e-02
5.944809773056893704e-02
5.950357111964571510e-02
5.958686429154862185e-02
5.964284853685068721e-02
5.970244619984325929e-02
5.978616211762561444e-02
5.987710684797329513e-02
5.993237732370992887e-02
5.996926632987271966e-02
5.998907034067500754e-02
6.005838961977517237e-02
6.008797352719788543e-02
6.013679803894590725e-02
6.019273428472643461e-02
6.025335299213699369e-02
6.033732095889209751e-02
6.037349307320923758e-02
6.042724297185940452e-02
6.046904956706774387e-02
6.051318347890286692e-02
6.061315792482317028e-02
6.067041199825939923e-02
6.075409141771577481e-02
6.084382575385525321e-02
6.087688441193678940e-02
6.092813802217144498e-02
6.100048375896064551e-02
6.105736586119479142e-02
6.112994944236430084e-02
6.119681641851755505e-02
6.128619402183378001e-02
6.134415287774478559e-02
6.140982800450940637e-02
6.144861400868151247e-02
6.151562163389660137e-02
6.159610271392535613e-02
6.165069481483401170e-02
6.170307715545613608e-02
6.175288781325706522e-02
6.182911908677811430e-02
6.185182800752291044e-02
6.192071096771772226e-02
6.200680736179099706e-02
6.204551549153675127e-02
6.214710027891312549e-02
6.220751867407425112e-02
6.229352515977660404e-02
6.234800409024423423e-02
6.240737412736573758e-02
6.241590532444217521e-02
6.243635647121299065e-02
6.246011958180667373e-02
6.251777926870183411e-02
6.260208354575230727e-02
6.268092627392148064e-02
6.271528102047717323e-02
6.277950187012543148e-02
6.286842283910183682e-02
6.293159120206417989e-02
6.298613050515704248e-02
6.303530599401244161e-02
6.313979102199407389e-02
6.321751746327981814e-02
6.327867289085840896e-02
6.330987197357539065e-02
6.337461434593082144e-02
6.343446843705979887e-02
6.348643884732499409e-02
6.354157061539310314e-02
6.357805649664755032e-02
6.368035694100229738e-02
6.375089761332076999e-02
6.379211874467002885e-02
6.383044707512104676e-02
6.387171510149367015e-02
6.394744156256576550e-02
6.400246995708518127e-02
6.405752185112038866e-02
6.410663902612566412e-02
6.416691322577755541e-02
6.423630010424559444e-02
6.431839128390239024e-02
6.436786336906959172e-02
6.446564858730288727e-02
6.452253751005364302e-02
6.459276014118996156e-02
6.467616352743384145e-02
6.472422990912791996e-02
6.481049308632606809e-02
6.484251282628722413e-02
6.490451884466738597e-02
6.497330187906813492e-02
6.500640054050288441e-02
6.504950177134000144e-02
6.509560722430221547e-02
6.515509338648273197e-02
6.522894808803497702e-02
6.529785793520256898e-02
6.534434397753938195e-02
6.536889299787858321e-02
6.539416729930201677e-02
6.547395977852961402e-02
6.554136095488351244e-02
6.560281659393640830e-02
6.563336444382918133e-02
6.571616522613728251e-02
6.572364580496667386e-02
6.574538283097293434e-02
6.582596244690719356e-02
6.587749610519409715e-02
6.594241705918137131e-02
6.600916778395565787e-02
6.608343328180187048e-02
6.614258386783511412e-02
6.621861197520281794e-02
6.630108699932350802e-02
6.636117916413036832e-02
6.638213236658208061e-02
6.642832017864493122e-02
6.645354130849642771e-02
6.654049863119933239e-02
6.663804715794155453e-02
6.668526782891720517e-02
6.674079925750407705e-02
6.677781433912863274e-02
6.685351133690860259e-02
6.690917223306933059e-02
6.695630089640598748e-02
6.700072755114969136e-02
6.708034901109119486e-02
6.716164516633087167e-02
6.721537073767322457e-02
6.723819179680248781e-02
6.732415423349047412e-02
6.739955747060885627e-02
6.744936547775506885e-02
6.753460761511945187e-02
6.756160416004315661e-02
6.759145785074370527e-02
6.765534369129778958e-02
6.769355368036740483e-02
6.773014963428597435e-02
6.778611292679341538e-02
6.783831610135085399e-02
6.786723461065072294e-02
6.792003825379967774e-02
6.795639241475347203e-02
6.798931796393752058e-02
6.808192892434043741e-02
6.813553233873061166e-02
6.814828411821220733e-02
6.821515198943711722e-02
6.828158574157988658e-02
6.829648972993472567e-02
6.836498642742631915e-02
6.847043238871658444e-02
6.856566935848967814e-02
6.863138054150731693e-02
6.869862350921630834e-02
6.880478334965413334e-02
6.889262886428447474e-02
6.894169350392966023e-02
6.900244497859718551e-02
6.907687980823748464e-02
6.912953861124157551e-02
6.920205787173001888e-02
6.927678907551006182e-02
6.933067591928479545e-02
6.939208093896326313e-02
6.943052988135908765e-02
6.944986574026204562e-02
6.948158344077944026e-02
6.955953031460385128e-02
6.961596380233948944e-02
6.972199907193109281e-02
6.980245060292722403e-02
6.986103012106634202e-02
6.996108126081806988e-02
6.999728212270407701e-02
7.002998845205465894e-02
7.010205045316163230e-02
7.015516270464915161e-02
7.018700252646539739e-02
7.024558109023837371e-02
7.032459085274896105e-02
7.041187544136459642e-02
7.041622707251853075e-02
7.047370035732575255e-02
7.057353913898069264e-02
7.064916280666590220e-02
7.070676746377153876e-02
7.077614105605282979e-02
7.082255871660013413e-02
7.085945441050198190e-02
7.092143360278845010e-02
7.098785725771268595e-02
7.105265453066456072e-02
7.111870929545729969e-02
7.114086769036438718e-02
7.121040026395478173e-02
7.123930993168955950e-02
7.132684049513234037e-02
7.138792329263986269e-02
7.143668512240024249e-02
7.147419832643484017e-02
7.151899094650251976e-02
7.156100657570055312e-02
7.161774402676907014e-02
7.167343078988804017e-02
7.174287915401329763e-02
7.182114309022900878e-02
7.188450028378264023e-02
7.192613689259240439e-02
7.197505524805165866e-02
7.204697861628760192e-02
7.208333514718177903e-02
7.213040942794711474e-02
7.221436354972257665e-02
7.227306157691779087e-02
7.233983178818273463e-02
7.238236465744184167e-02
7.242562655461602661e-02
7.247463751162094847e-02
7.255933122847271766e-02
7.263858456775877659e-02
7.269160527103880887e-02
7.273322553966694859e-02
7.279962524946824443e-02
7.282886508901333100e-02
7.284722970312254575e-02
7.290906628085386254e-02
7.299891150765971948e-02
7.305965159262442499e-02
7.310949602812052972e-02
7.315403097820342981e-02
7.317459793266689605e-02
7.321699241789397794e-02
7.327610852731564206e-02
7.335615495795967667e-02
7.340521220805229508e-02
7.343546869881979744e-02
7.350601091520478358e-02
7.353056351845556338e-02
7.358993117458058342e-02
7.366076970424563497e-02
7.369585705589441760e-02
7.375437193982700701e-02
7.376780422544247651e-02
7.378303490082417648e-02
7.384131021579033727e-02
7.390703208340469732e-02
7.396515110810243654e-02
7.403028516059140252e-02
7.408026378634988141e-02
7.413747414499650967e-02
7.420807683204634631e-02
7.424616081627706532e-02
7.428877825796924295e-02
7.432331049967928760e-02
7.435374879093467615e-02
7.435913086382847648e-02
7.444233899520984188e-02
7.452793515495917398e-02
7.461662551431612334e-02
7.466056901978214422e-02
7.472913183656273994e-02
7.474944746873206369e-02
7.480730195334180099e-02
7.487304463719703096e-02
7.494846428515156145e-02
7.500505596773700268e-02
7.504290621094332481e-02
7.508253232449142722e-02
7.514172886300754528e-02
7.521970383364366686e-02
7.527523961238152816e-02
7.535831642666260266e-02
7.538649343428499572e-02
7.546536806617884507e-02
7.550762917263809104e-02
7.556840680769108531e-02
7.562691251463490860e-02
7.566161237013710461e-02
7.569290162257735766e-02
7.575499643396595151e-02
7.579518752598425613e-02
7.584482800744279940e-02
7.594488395055207230e-02
7.603531757122747314e-02
7.606157330286968110e-02
7.609271496136418844e-02
7.613416187652205513e-02
7.621338219793812041e-02
7.626103873617784412e-02
7.627312893405115146e-02
7.631074058309267327e-02
7.635783944964140424e-02
7.641645674222810602e-02
7.647088063371108857e-02
7.655069413573696580e-02
7.657305266268245314e-02
7.664352566145511692e-02
7.665485166337282497e-02
7.670216613474496736e-02
7.675259150877164482e-02
7.680892333876083999e-02
7.687132450104090797e-02
7.687854944732860907e-02
7.692828646628151190e-02
7.701034409973309125e-02
7.710823442747921641e-02
7.713926054120220921e-02
7.721510228274318377e-02
7.726160155106143179e-02
7.732994019635835992e-02
7.739448686012631584e-02
7.747009534511201112e-02
7.750435960309476346e-02
7.758871238732592546e-02
7.764185576337648276e-02
7.770161137993732148e-02
7.779856493780662463e-02
7.785366539944472974e-02
7.792192884252802099e-02
7.795915625791631498e-02
7.803973050414805823e-02
7.810282967951391597e-02
7.818030891656467529e-02
7.825418659047703174e-02
7.830312945736922492e-02
7.836723417864280283e-02
7.845399157519374056e-02
7.851045457183296328e-02
7.855689120447373330e-02
7.863126505447436132e-02
7.867228432149081518e-02
7.873299773722793049e-02
7.875753523335179973e-02
7.883300611390464674e-02
7.889595776679685091e-02
7.894173983981465914e-02
7.898616713763757791e-02
7.907832883122102585e-02
7.913542201113714369e-02
7.919808290902088932e-02
7.929603045224555002e-02
7.933494720934006206e-02
7.939719774385864404e-02
7.942183218475236395e-02
7.945503039193603512e-02
7.952658812497472030e-02
7.958088577933736252e-02
7.964085867060052837e-02
7.966373433001640303e-02
7.974468596683252641e-02
7.981067165883240500e-02
7.986089745266758411e-02
7.996363171359928412e-02
8.005517556088936892e-02
8.014285125767470208e-02
8.023656039368265436e-02
8.028890261185761545e-02
8.037589131362669892e-02
8.042110478071316793e-02
8.049124512938772569e-02
8.056753146796437337e-02
8.059082474257416029e-02
8.065869710112179292e-02
8.074644296747393590e-02
8.083005585839771190e-02
8.088370530759328436e-02
8.094481456623400795e-02
8.103079071225520458e-02
8.104373846554518979e-02
8.112149245351067683e-02
8.120789212692378078e-02
8.129119683324267931e-02
8.131295260667432967e-02
8.138992613404825993e-02
8.146382915710484451e-02
8.152274694769155727e-02
8.157224476750142561e-02
8.162556662331835189e-02
8.165478762508231181e-02
8.171616673099731110e-02
8.181387552429399135e-02
8.190637533195758990e-02
8.198917257278803827e-02
8.206120698149931003e-02
8.215759156586691092e-02
8.223620885478434561e-02
8.232022689045516428e-02
8.237392594495807074e-02
8.242339355982926385e-02
8.244377078104038470e-02
8.248607554869172298e-02
8.253755488317551792e-02
8.257970589995985988e-02
8.265843462072244852e-02
8.274195175510794253e-02
8.278374214216274729e-02
8.286007082457555462e-02
8.288974951281924408e-02
8.291616786297867359e-02
8.296729966922228305e-02
8.302654525659547424e-02
8.307777068655376740e-02
8.312556567388885986e-02
8.317152110356061667e-02
8.320998894023039216e-02
8.322668075702067958e-02
8.326139433593168770e-02
8.328895798960780916e-02
8.338174680179748222e-02
8.344939961213591884e-02
8.349399953447550482e-02
8.356993347176508435e-02
8.358431838469604358e-02
8.363378353147080113e-02
8.372448099292799373e-02
8.375885740298548432e-02
8.380260506918203733e-02
8.383563580319908226e-02
8.385473208741248130e-02
8.389454585373572193e-02
8.394037361559787691e-02
8.396708525443256910e-02
8.404410786151596258e-02
8.410703328063397211e-02
8.414796168293584011e-02
8.421445498060933788e-02
8.427812489623229264e-02
8.436491110261533366e-02
8.441731821011838610e-02
8.446124448808156604e-02
8.451417569830700638e-02
8.457280314114419550e-02
8.459974871061036461e-02
8.466927180023946231e-02
8.467305070425351632e-02
8.471472597240185809e-02
8.477345501743077660e-02
8.482560815603150395e-02
8.488292398048581655e-02
8.489777057905362190e-02
8.494002541842486653e-02
8.499146781042929422e-02
8.501111314185297307e-02
8.504453533380393337e-02
8.512131080810762807e-02
8.517048092538087589e-02
8.519445302942176002e-02
8.526163330966386733e-02
8.533013403883273063e-02
8.535921236636642706e-02
8.544031660706864761e-02
8.549976896767236267e-02
8.556071100675599617e-02
8.560950443194997872e-02
8.569685247319683286e-02
8.575985767037733187e-02
8.579980684418775372e-02
8.584935444740675325e-02
8.595458300910399640e-02
8.598060135817622851e-02
8.601832614216328721e-02
8.609969927114724531e-02
8.611525207458416153e-02
8.613197121353628749e-02
8.618422792354304973e-02
8.623731719225377623e-02
8.629925044168890169e-02
8.631422301457945812e-02
8.634629073777730368e-02
8.638149981207285388e-02
8.643946483248378387e-02
8.648185985719936131e-02
8.656124000423190412e-02
8.660652314429222176e-02
8.663342399301923735e-02
8.667695416305161438e-02
8.670688196238836298e-02
8.677040282557464679e-02
8.680212136557738378e-02
8.685766302145073170e-02
8.687342002220602155e-02
8.692731703163912582e-02
8.702771361723231347e-02
8.707786412600315717e-02
8.714523398948237354e-02
8.719935234501713373e-02
8.726731648801569485e-02
8.736717766136227470e-02
8.741909327685581932e-02
8.746893110420442263e-02
8.752367885054139485e-02
8.753787046313922515e-02
8.756568018850437174e-02
8.762321732725529555e-02
8.770056594589004106e-02
8.779319498878225547e-02
8.785100785236805987e-02
8.790609126996520861e-02
8.795937639506891392e-02
8.803582267396709016e-02
8.808804278776309615e-02
8.812980049595063592e-02
8.819247997921797477e-02
8.821399869349438871e-02
8.830051127985935611e-02
8.835264880497968598e-02
8.839206696966686594e-02
8.842662902124458213e-02
8.845828544465135501e-02
8.851728382158305375e-02
8.857237373150868287e-02
8.867104732582238580e-02
8.871560644985493349e-02
8.872000241972802237e-02
8.882430611047262281e-02
8.886971627668628637e-02
8.889894675435322524e-02
8.895334125010800896e-02
8.898503519673298112e-02
8.902580690183067857e-02
8.910105261358518269e-02
8.919190778612196002e-02
8.924608667895018999e-02
8.934608823968047397e-02
8.944233268075278687e-02
8.954633401791081693e-02
8.960335637672388331e-02
8.966086918202305356e-02
8.971454233131176403e-02
8.980611450390203754e-02
8.985207876380085779e-02
8.989177469228459838e-02
8.999072854473859351e-02
9.006905160591954784e-02
9.015411127664726965e-02
9.024935271329062592e-02
9.034186920161238477e-02
9.041430829552460358e-02
9.050856946242878676e-02
9.052021319367174745e-02
9.060745034877605575e-02
9.064465086537519534e-02
9.066861276478338505e-02
9.069106518137359796e-02
9.072840761500922113e-02
9.074545130765419854e-02
9.081229894025362459e-02
9.088912148945624270e-02
9.092033129136611880e-02
9.102175391665613680e-02
9.108970293707714661e-02
9.112880493834685236e-02
9.115850722638227377e-02
9.122673264802801107e-02
9.127416029780792417e-02
9.130430719887527857e-02
9.134926053902418797e-02
9.141549567031455326e-02
9.144844614343242140e-02
9.146115718083459856e-02
9.150992224334643377e-02
9.155414559714573908e-02
9.158691902866590573e-02
9.161253203704006198e-02
9.167767389197895023e-02
9.174714079769651087e-02
9.184319378656127797e-02
9.188779512486128231e-02
9.196931045327906562e-02
9.198455627257631773e-02
9.202968152442031480e-02
9.208611023079985025e-02
9.212611272000334472e-02
9.217649931484532544e-02
9.222826225620933682e-02
9.229145898838561624e-02
9.235881722752926903e-02
9.241601153346454267e-02
9.251711929681709357e-02
9.257870096688296246e-02
9.259540844667703274e-02
9.262522429365972754e-02
9.271288311861104747e-02
9.274926832998385551e-02
9.283297285988438563e-02
9.289178518308068011e-02
9.295326944273095415e-02
9.298117070812647600e-02
9.306422291407223657e-02
9.315465129392988541e-02
9.321129964156149583e-02
9.326194279799875086e-02
9.331846463787395185e-02
9.339481283863457217e-02
9.342044998776309617e-02
9.345923337443817758e-02
9.347418600795467936e-02
9.355233865791037773e-02
9.360442503836985395e-02
9.365620682671903230e-02
9.370965810172861288e-02
9.376509050524053923e-02
9.381691190027731386e-02
9.384885570268859667e-02
9.392134294453244325e-02
9.400901227404219462e-02
9.408409134064946167e-02
9.414454511759577648e-02
9.420728860088259382e-02
9.425659269181438371e-02
9.431364914193905713e-02
9.437130879000739381e-02
9.440818561117743368e-02
9.449481851178058445e-02
9.458188386010103754e-02
9.462597918087901905e-02
9.465555370799959289e-02
9.470938322527822084e-02
9.474707145862838742e-02
9.480400641649353033e-02
9.486798876732836783e-02
9.491618431495088548e-02
9.496234391354571591e-02
9.503150504446859770e-02
9.509833998063042804e-02
9.514486690933676716e-02
9.520570688798937753e-02
9.524510990232940011e-02
9.531707302441878860e-02
9.535982751921742717e-02
9.540910376526706704e-02
9.545959158934333444e-02
9.552280945648931876e-02
9.558950610992127117e-02
9.565519019838449044e-02
9.573315552963633512e-02
9.580514652220203931e-02
9.585459041411620307e-02
9.587274259612517391e-02
9.588887818324284829e-02
9.596967282837370883e-02
9.601773230179182217e-02
9.609416565849351888e-02
9.615718128757795580e-02
9.623132932945886731e-02
9.629939227222619746e-02
9.635499360745941599e-02
9.639599356167495581e-02
9.645981313177473537e-02
9.654588799940501398e-02
9.663550470913562229e-02
9.673339269580137623e-02
9.678475632258122519e-02
9.682649365742698744e-02
9.689818983641555750e-02
9.694731896005476246e-02
9.698332868612867530e-02
9.702110439696837174e-02
9.706952999751544686e-02
9.712897166199424559e-02
9.714677829648851737e-02
9.715992678957541262e-02
9.722258499887452554e-02
9.723580513143052773e-02
9.731476141448834605e-02
9.739782598086423049e-02
9.744298658595872131e-02
9.749555213743152371e-02
9.753475647410028704e-02
9.757166483912778354e-02
9.766170203552214379e-02
9.771816288577782339e-02
9.780435674162969717e-02
9.782771329638140223e-02
9.788938940704859648e-02
9.792065836329306994e-02
9.796305522787877862e-02
9.805590680009025617e-02
9.810665199937597392e-02
9.811962725492123782e-02
9.818907267966871244e-02
9.822109861756068983e-02
9.827525942577172713e-02
9.832825207908610365e-02
9.839732185571122003e-02
9.842995726826626879e-02
9.844422400618278723e-02
9.853438384007440209e-02
9.860101002827206806e-02
9.865376072931741902e-02
9.869063305196400238e-02
9.877130398785907706e-02
9.885580915393833712e-02
9.895342509016687160e-02
9.901637280040885558e-02
9.908014153186645023e-02
9.914046494240624785e-02
9.921933322622096540e-02
9.931562746142509612e-02
9.940784925183861198e-02
9.945372384180972691e-02
9.956090650482404825e-02
9.960305644157954608e-02
9.965274890683448183e-02
9.967535682997037683e-02
9.973697161226037500e-02
9.979887572605915247e-02
9.984783157733966019e-02
9.989847801708709452e-02
9.994048266812048664e-02
1.000169503260522896e-01
1.000369693779432773e-01
1.000802643430333122e-01
1.001230119340663915e-01
1.001686210107547020e-01
1.002337415428977418e-01
1.002876387534732683e-01
1.003527802605218705e-01
1.003920405433288976e-01
1.004125905986333611e-01
1.004765740000109903e-01
1.005024295404497309e-01
1.005310347621613531e-01
1.005836823508114708e-01
1.006193843801934107e-01
1.006638677914060281e-01
1.006688465215775236e-01
1.007097569652962848e-01
1.007349044999852616e-01
1.008008036221526710e-01
1.008281288573399659e-01
1.008698747686769676e-01
1.009626202489204982e-01
1.010518763901716438e-01
1.011191569827959297e-01
1.011572802985630654e-01
1.012221943785464873e-01
1.012904867205360743e-01
1.013728710015383422e-01
1.014306075800642803e-01
1.014630299290451704e-01
1.015622981474656322e-01
1.016229230841704662e-01
1.016565858223901220e-01
1.017094398554014983e-01
1.017353943298732188e-01
1.018128379238961712e-01
1.018566009907299896e-01
1.018634047455475033e-01
1.019384125095031679e-01
1.020221555556422299e-01
1.020714110295547206e-01
1.021006172841400633e-01
1.021917732399926781e-01
1.022389417267298845e-01
1.023349958523950831e-01
1.023604348961575095e-01
1.024239237645361567e-01
1.024597294791144003e-01
1.025298006756033692e-01
1.025818788626985945e-01
1.026061603107319142e-01
1.026854845097752017e-01
1.026959305421928925e-01
1.027855146677437853e-01
1.028787972449744514e-01
1.029761999213091722e-01
1.030541621662033752e-01
1.030731344179528358e-01
1.030798666895422766e-01
1.031251627880949845e-01
1.031890736930416580e-01
1.032541282051016307e-01
1.033404528670762573e-01
1.034300448714681325e-01
1.034709354439288242e-01
1.035416739758390214e-01
1.035945500961938659e-01
1.035982037347770862e-01
1.036482983560817195e-01
1.037207288425948670e-01
1.037704948846812497e-01
1.038082700753537174e-01
1.038820269951594710e-01
1.039766186844156420e-01
1.040472034702651788e-01
1.041181995368094249e-01
1.041690603677302013e-01
1.042051008234907844e-01
1.042579419367452437e-01
1.043504349486345240e-01
1.044238735198734502e-01
1.044928564129561643e-01
1.045546603116165457e-01
1.045919782024151284e-01
1.046219622545371680e-01
1.046556353004842593e-01
1.047156508292389349e-01
1.047671884242497020e-01
1.048343250704683732e-01
1.048701094869208539e-01
1.048912465061647148e-01
1.049484282769940768e-01
1.050110220118979920e-01
1.050799348955658574e-01
1.050912897483247260e-01
1.051416968604885482e-01
1.051711218572302653e-01
1.052699001828002329e-01
1.053617708929478064e-01
1.054200890138837499e-01
1.054771125419762534e-01
1.055273579805780237e-01
1.055790591822798330e-01
1.056430674533970632e-01
1.056824628506630448e-01
1.057146885078237147e-01
1.057704493992412814e-01
1.057979841291072365e-01
1.058474402045183616e-01
1.058936194499773414e-01
1.059794864388353824e-01
1.060293692131321075e-01
1.061198819297440310e-01
1.061647402980302191e-01
1.061932398282660617e-01
1.062337631616501327e-01
1.062891944566541347e-01
1.063534008349919374e-01
1.063929082426523093e-01
1.064828582724913625e-01
1.065240270618627860e-01
1.065868878256667346e-01
1.066582229847211488e-01
1.066818424908689278e-01
1.067305299558451992e-01
1.067987889838856314e-01
1.068627171963815320e-01
1.069607219960641564e-01
1.070350862139843595e-01
1.070773578919632929e-01
1.071388986704227275e-01
1.071974278006723597e-01
1.072273978040092085e-01
1.073175022183583543e-01
1.074170846964358772e-01
1.074918999324778329e-01
1.075588518761174117e-01
1.075864053248424962e-01
1.076330288412725433e-01
1.076812264116756429e-01
1.077318653015407884e-01
1.077470822641054260e-01
1.078330358501648767e-01
1.078778464597739961e-01
1.079397735071234710e-01
1.079604100494604285e-01
1.080089410194630117e-01
1.080795548391412647e-01
1.081589125177844640e-01
1.082549534060045365e-01
1.082966247931439890e-01
1.083310589779869076e-01
1.084025784143350102e-01
1.084428120688856051e-01
1.084946460094248499e-01
1.085771577477240984e-01
1.086402122893106587e-01
1.086686740752141750e-01
1.087351347220494452e-01
1.087921646224520450e-01
1.088429137781111028e-01
1.089311806928964788e-01
1.089880812515897773e-01
1.090385504637544772e-01
1.091135229734156165e-01
1.091683278603446106e-01
1.092202278279785638e-01
1.092862571202186939e-01
1.093530098490837765e-01
1.094118496479667968e-01
1.094462356341072001e-01
1.094946081948508232e-01
1.095268719809227020e-01
1.095847882776352089e-01
1.096501913806748191e-01
1.097161231506200013e-01
1.098104442017601573e-01
1.099139652033174208e-01
1.099516856913673735e-01
1.099720837009164065e-01
1.100360680312735401e-01
1.100789437133052051e-01
1.101172629134651859e-01
1.101677283724775691e-01
1.102038060782497969e-01
1.102672349276214436e-01
1.103607267338427844e-01
1.104327029665833626e-01
1.104780534290942529e-01
1.105657855183783678e-01
1.106276927767837065e-01
1.106894421295920028e-01
1.107406286206764623e-01
1.107946098494354409e-01
1.108587896415084428e-01
1.109378049523910836e-01
1.110246436710154716e-01
1.110853850469060572e-01
1.111530977662125580e-01
1.111849666092361300e-01
1.112453837100794291e-01
1.112998141941886204e-01
1.113430997034361158e-01
1.113904793257209230e-01
1.114177035342116956e-01
1.114487588429157600e-01
1.114940336608120641e-01
1.115618732469306068e-01
1.116364117645867321e-01
1.116867779501019425e-01
1.117418472894730619e-01
1.117930922470361244e-01
1.118603844359941646e-01
1.119498260474096202e-01
1.120258430130499500e-01
1.120522660808665194e-01
1.120952857442129164e-01
1.121021691838035711e-01
1.121544183589290450e-01
1.121853158156291969e-01
1.121953274717145399e-01
1.122146507856562753e-01
1.123056357818377066e-01
1.123761394955826581e-01
1.124417739426796792e-01
1.124722782241670965e-01
1.125070254705397149e-01
1.125706084595607115e-01
1.126474299695606057e-01
1.127065489875770654e-01
1.127715680300502843e-01
1.128464023917664927e-01
1.129141555289567417e-01
1.129372605844470717e-01
1.129841545113392798e-01
1.130249550144456772e-01
1.130760487149868460e-01
1.131219443586257839e-01
1.132252434571153488e-01
1.132990281491198792e-01
1.133691662004122636e-01
1.134177598282155031e-01
1.134955749808054942e-01
1.135806405974963962e-01
1.136496262446951983e-01
1.136733251241908993e-01
1.137321563602104596e-01
1.138123352995178972e-01
1.138331125776460007e-01
1.139179239140072769e-01
1.139719913622726372e-01
1.140278067446604815e-01
1.140638640024506240e-01
1.141554681843703067e-01
1.142335715675258379e-01
1.142680281015321930e-01
1.143642369660697322e-01
1.143796955205747534e-01
1.144346604526182976e-01
1.145036011690034466e-01
1.145840718597277846e-01
1.146124524481449275e-01
1.146615389493362558e-01
1.146787716146017155e-01
1.147324865178056957e-01
1.148224560417778206e-01
1.148870867117832845e-01
1.149676222945190812e-01
1.150200946591540541e-01
1.151018094191292168e-01
1.151558194171616034e-01
1.152301764534320039e-01
1.152812860378672061e-01
1.153322095584832507e-01
1.154144325689139827e-01
1.154488311470335954e-01
1.155182629864109217e-01
1.156040400029239718e-01
1.156527955966719784e-01
1.157027326738030992e-01
1.157970573437887840e-01
1.158253497312161789e-01
1.158847698773923518e-01
1.159473276898348032e-01
1.160021065521165406e-01
1.160598064197869428e-01
1.161165937298174466e-01
1.161765916639405233e-01
1.162522293104442522e-01
1.162944843324803801e-01
1.163531189466950333e-01
1.164107579578450430e-01
1.164466608288148991e-01
1.165271191844410997e-01
1.165672567763524348e-01
1.166574621345178864e-01
1.167041460825023469e-01
1.167615998219395518e-01
1.168443706677925326e-01
1.168983575106187500e-01
1.169290694598595082e-01
1.169565291244739624e-01
1.169782289354850957e-01
1.170300447157803791e-01
1.170438474463589146e-01
1.170966619521177088e-01
1.171254641600350116e-01
1.171735061395210026e-01
1.171973914896467239e-01
1.172478142706854243e-01
1.173424316796845696e-01
1.173897980193790991e-01
1.174084672924070871e-01
1.174987514650455006e-01
1.175566095184426285e-01
1.175845602153612057e-01
1.176117184780815367e-01
1.176527483660349677e-01
1.177403767020950009e-01
1.177567215455550820e-01
1.177936262943408696e-01
1.178074190942939720e-01
1.178487760905204823e-01
1.179157149585321196e-01
1.180153347258790508e-01
1.180538853165178648e-01
1.181309644741706244e-01
1.181810115594793265e-01
1.182291773458008649e-01
1.182616837272097154e-01
1.182895232922801382e-01
1.183473262082764127e-01
1.183669254654675651e-01
1.184208368451008381e-01
1.184829238561832532e-01
1.185417946387594818e-01
1.185939124385558957e-01
1.186823227033486777e-01
1.187335233104978849e-01
1.187631777570956476e-01
1.188152232920756668e-01
1.188461735561078814e-01
1.188664997203700835e-01
1.189569875083731215e-01
1.190030411212428252e-01
1.190807033980999380e-01
1.191314583602968019e-01
1.191821216958822982e-01
1.192478055615973781e-01
1.192729587066798103e-01
1.193282818411558061e-01
1.193552268229017138e-01
1.194085763176704479e-01
1.194762716579305800e-01
1.195396565303102482e-01
1.195922754810398170e-01
1.196160107357308738e-01
1.196917357309448537e-01
1.197560276554698322e-01
1.198605045048040385e-01
1.199398499789305211e-01
1.200308106839335781e-01
1.200606587505294864e-01
1.200998676011343774e-01
1.201250145166340988e-01
1.201470075604122306e-01
1.201742438538544733e-01
1.201880860024750336e-01
1.202324326579448516e-01
1.203139677097627147e-01
1.203692067432343277e-01
1.204411084119068609e-01
1.204483933518370742e-01
1.205306476483191808e-01
1.206213920265378076e-01
1.206676273000407695e-01
1.207384096460818595e-01
1.208046206729955357e-01
1.208778747629309785e-01
1.209357162574434541e-01
1.209548632326988005e-01
1.210440604563352562e-01
1.210974997621778876e-01
1.211462121231629552e-01
1.211710310752996400e-01
1.212324422746788588e-01
1.212877284740333655e-01
1.213565222300084234e-01
1.213743751257432835e-01
1.214363944332137457e-01
1.214791356688615931e-01
1.215112265199299740e-01
1.215743469022814299e-01
1.216386062780164534e-01
1.216745558340332073e-01
1.217100534928740874e-01
1.217445975139567621e-01
1.218313626070137712e-01
1.218854070178920362e-01
1.219657481973489138e-01
1.220488308344735429e-01
1.221295266332773355e-01
1.222154093170139955e-01
1.222617960037674645e-01
1.223186007483027526e-01
1.224068831534633334e-01
1.224193188411837468e-01
1.225076334179694693e-01
1.225811200439918813e-01
1.226390851624727940e-01
1.226894049589104113e-01
1.227365009389702610e-01
1.227627150868442346e-01
1.228265558334726421e-01
1.228777654318759932e-01
1.229633431421237461e-01
1.229984540900691120e-01
1.230359508560293774e-01
1.230583480098282334e-01
1.231411675499562985e-01
1.232100444537994749e-01
1.232676684469022482e-01
1.233497325586347532e-01
1.234170217558299698e-01
1.235054409990601204e-01
1.235762482258528083e-01
1.236491582493923214e-01
1.237101396309466250e-01
1.237828466478251566e-01
1.238209230973864733e-01
1.238780828052117033e-01
1.239246436360050274e-01
1.240290968321978576e-01
1.240851824404754222e-01
1.241516204567773701e-01
1.242108376200158348e-01
1.242624947060661234e-01
1.242743709774652705e-01
1.243253696153465565e-01
1.244087931923445051e-01
1.244356543193463338e-01
1.245356995787249010e-01
1.246031835607496613e-01
1.246618475740759319e-01
1.247062691062358897e-01
1.247775027416731242e-01
1.248174018339741481e-01
1.249143797993952781e-01
1.249430160424346431e-01
1.250174981156522147e-01
1.250562113113562190e-01
1.250690456521524330e-01
1.251126822622199986e-01
1.251909321687126597e-01
1.252238970823103814e-01
1.252545908079720494e-01
1.253439208362987500e-01
1.254051536456473048e-01
1.254652401663843286e-01
1.255000069311673350e-01
1.255489613509012115e-01
1.255528790647153503e-01
1.256228717242926229e-01
1.256802656895049108e-01
1.257598047849972644e-01
1.258495896143170534e-01
1.259491623195479471e-01
1.259750504045605013e-01
1.260683994994470924e-01
1.261575989421666044e-01
1.262516506282168050e-01
1.263292597550238761e-01
1.264019078539126151e-01
1.264807480383524640e-01
1.265309716846486632e-01
1.266155568791955677e-01
1.266850966011004442e-01
1.267494626409728653e-01
1.267987479829988939e-01
1.269005427488389404e-01
1.269530615768011406e-01
1.269620037970052295e-01
1.270136694133353339e-01
1.270626131473872045e-01
1.271253314837302861e-01
1.271944120353515895e-01
1.272260715419677446e-01
1.273235256532465332e-01
1.273489269198983531e-01
1.273832346889361422e-01
1.274058955736879495e-01
1.274738408135692169e-01
1.275449832536858508e-01
1.275957688288300029e-01
1.276817311249338061e-01
1.277170550041647201e-01
1.277530983736253622e-01
1.277908199254599031e-01
1.278731537142203112e-01
1.279252497191846194e-01
1.279282568268992615e-01
1.279892619493471495e-01
1.280319555960010569e-01
1.280943309085726400e-01
1.281566351026539874e-01
1.281770743471215557e-01
1.282687420098091724e-01
1.283510611113921618e-01
1.284228484470581744e-01
1.284478245548542064e-01
1.285191161360766943e-01
1.285902248788307334e-01
1.286334513195558360e-01
1.286759503894743528e-01
1.287378331719048474e-01
1.287866490336190273e-01
1.288337777913316495e-01
1.289010647457057568e-01
1.289113412867194386e-01
1.289529897734306152e-01
1.290365979719765299e-01
1.290770974602112597e-01
1.291251589078674378e-01
1.291893577129592796e-01
1.292559806387795773e-01
1.293276666095873051e-01
1.293796660756124095e-01
1.294329699232033837e-01
1.295056222226760312e-01
1.295345087611990409e-01
1.295843109384864911e-01
1.296544191584082795e-01
1.297327389172870660e-01
1.297803662035697247e-01
1.298618036064216053e-01
1.299242487441732430e-01
1.299481555435550162e-01
1.300163784995922445e-01
1.300678139236412234e-01
1.301379100022856672e-01
1.301884772541949953e-01
1.302215372611101318e-01
1.303143190730795820e-01
1.303943169242157696e-01
1.304081357338122416e-01
1.304410858279363428e-01
1.304754625148353830e-01
1.305522990961513474e-01
1.306382258886059633e-01
1.307015737768905672e-01
1.307478115608211033e-01
1.308359717238123388e-01
1.309407309779539730e-01
1.309795066958178711e-01
1.310316882421006524e-01
1.310982998428564528e-01
1.311851725188958595e-01
1.312374191373208432e-01
1.313085220789167451e-01
1.313217641378220113e-01
1.313721250752526992e-01
1.314363788939430788e-01
1.315360352769579799e-01
1.315943773886545098e-01
1.316220097669278666e-01
1.316551416081679082e-01
1.317391837691479495e-01
1.317977389894735563e-01
1.318082213021790350e-01
1.318766217752329328e-01
1.319477130221774486e-01
1.320116097730165139e-01
1.320570468939902264e-01
1.320832109647413211e-01
1.321740040810010786e-01
1.322686435374925695e-01
1.323422459864271039e-01
1.324407459688159150e-01
1.324469213713580229e-01
1.324957644917297839e-01
1.325630815862055001e-01
1.326523597610363148e-01
1.326649834639725134e-01
1.327272480698355461e-01
1.327464827038336848e-01
1.327750549544616243e-01
1.328080034734131221e-01
1.328347570423800139e-01
1.328973364738022245e-01
1.329389358849752401e-01
1.329990995286449706e-01
1.330724978537454750e-01
1.331528200792677641e-01
1.332011120734811205e-01
1.332505728090676300e-01
1.333062961066920349e-01
1.333450663005507075e-01
1.333980977956432390e-01
1.334327519343178614e-01
1.335136323170109662e-01
1.335890262351186186e-01
1.336450482181693600e-01
1.337301428050725605e-01
1.338042038773579467e-01
1.338661266273401540e-01
1.339561389353010057e-01
1.340079603544127584e-01
1.340533705855216917e-01
1.341106902774936993e-01
1.341295586609251578e-01
1.341700413305126349e-01
1.342052725066360530e-01
1.342524612388387162e-01
1.342892779025622874e-01
1.343874786105918873e-01
1.344707948555500521e-01
1.345305666905243780e-01
1.346235906188102127e-01
1.346843149308609433e-01
1.347339366148377349e-01
1.348134586411020019e-01
1.348571034937820767e-01
1.348773488394847397e-01
1.349245095610774325e-01
1.349871767962858293e-01
1.350349330116756563e-01
1.350881900440099037e-01
1.351853966456217360e-01
1.352059565312291878e-01
1.352575838464710190e-01
1.353186273445473042e-01
1.353735372642588253e-01
1.354161858087040704e-01
1.354850002067603254e-01
1.355625392075885394e-01
1.356121750323074360e-01
1.356923656030128711e-01
1.357815230916398774e-01
1.358341564964717640e-01
1.359055626920812609e-01
1.359374095132855897e-01
1.360139063918636981e-01
1.360508180984439652e-01
1.361261228936703760e-01
1.361730440119091889e-01
1.362461214242881580e-01
1.362991509859367012e-01
1.363569170818296761e-01
1.363953401054194825e-01
1.364179504854160785e-01
1.364823289641009518e-01
1.365437023395314475e-01
1.366078450748916262e-01
1.366279590837036484e-01
1.366786467403153793e-01
1.367596862675423131e-01
1.368128611745548784e-01
1.368706118014065831e-01
1.369503354274440587e-01
1.370045810912157436e-01
1.370752077684848635e-01
1.370915622406691514e-01
1.371258916128518524e-01
1.371794560731048607e-01
1.372489787514958315e-01
1.372956662295909125e-01
1.373481184316872050e-01
1.373776735992718045e-01
1.374135295959873215e-01
1.374735878757972762e-01
1.374927778823214763e-01
1.375569106458034707e-01
1.375772977909068551e-01
1.376287829664570306e-01
1.377004069354321458e-01
1.377145766658141868e-01
1.377432256516452624e-01
1.378417365928555349e-01
1.378729111765636672e-01
1.379180058288525523e-01
1.379740000584531445e-01
1.380486724972392332e-01
1.381112405197708337e-01
1.381701425711692188e-01
1.382297100664550138e-01
1.382824533081620511e-01
1.383431375700944488e-01
1.383553105522351834e-01
1.384226908109518484e-01
1.384842023045600445e-01
1.385125541455061171e-01
1.385986538471526697e-01
1.386835652550652553e-01
1.387632655941077042e-01
1.388522464075316043e-01
1.388606800359459825e-01
1.389507998089778429e-01
1.389754923818257160e-01
1.390340274172849611e-01
1.390681811465700746e-01
1.390846984256788044e-01
1.391310093876639009e-01
1.391990416409179532e-01
1.392573772850997371e-01
1.393220824109884792e-01
1.394006601139176627e-01
1.394558932434241394e-01
1.395598597478535929e-01
1.396181431344691581e-01
1.396469008368402820e-01
1.396880422317995363e-01
1.397375161072239025e-01
1.397429884639519171e-01
1.397862283513793547e-01
1.398443913405257033e-01
1.399364634763688997e-01
1.399982220633474994e-01
1.400509906342950195e-01
1.401013154427015739e-01
1.401777452471668628e-01
1.402246860707866138e-01
1.402483183425341229e-01
1.403022422915572165e-01
1.403759486775966459e-01
1.404473086806838633e-01
1.404899537505197304e-01
1.405629626746043581e-01
1.406053636671136808e-01
1.406753835568327338e-01
1.407457520460254630e-01
1.408052951406084108e-01
1.408784628199243327e-01
1.409634853045046432e-01
1.409820154844969864e-01
1.410128933286548258e-01
1.410931704606152859e-01
1.411484249089034471e-01
1.412077547889618312e-01
1.412854389732379201e-01
1.413443994183504748e-01
1.413670838084080672e-01
1.414203466970499479e-01
1.414793682310151735e-01
1.414969208397723333e-01
1.415391432741844868e-01
1.416062700718331568e-01
1.416808458568664109e-01
1.417113702802437480e-01
1.417644020098131341e-01
1.418200024449977337e-01
1.418881853006767890e-01
1.419461123490660670e-01
1.420425047951222597e-01
1.421220080216855641e-01
1.421676557803653873e-01
1.421933992338289265e-01
1.422859735785969304e-01
1.423674133596457281e-01
1.424147693419759164e-01
1.424698385792426969e-01
1.425169198718884145e-01
1.425561842430820847e-01
1.425989345585994827e-01
1.426146361698839848e-01
1.426735733294746400e-01
1.427205052754196568e-01
1.427811956996306586e-01
1.428332158688753184e-01
1.428617885148181776e-01
1.429324186275873210e-01
1.429982596849937171e-01
1.430703225770907638e-01
1.431327481641724020e-01
1.431736108131316798e-01
1.431847630013865780e-01
1.432559331094865607e-01
1.433212113373989738e-01
1.433469542844852951e-01
1.433662519120679768e-01
1.434117151597097128e-01
1.434404869889935596e-01
1.434777129039189192e-01
1.435119231166822329e-01
1.435857787924203766e-01
1.436420316785589901e-01
1.436905487934087844e-01
1.437690853935290891e-01
1.438369750696989191e-01
1.438872946279994014e-01
1.439707739734653047e-01
1.440084153134983391e-01
1.440702352516333995e-01
1.441523077939490527e-01
1.442144272691823215e-01
1.442492904031080214e-01
1.443133306695261187e-01
1.443819283144400500e-01
1.444502877379651995e-01
1.444871283602781331e-01
1.445605139480179713e-01
1.445947578407349721e-01
1.446513727945507310e-01
1.447073490492596648e-01
1.447582566112344538e-01
1.447997462193099938e-01
1.448776520566596449e-01
1.449183650865716322e-01
1.449528075384897419e-01
1.449882527902506546e-01
1.450832372453374763e-01
1.451239792686514485e-01
1.451760136703725557e-01
1.452274637179065409e-01
1.452560816692853585e-01
1.452947288400979753e-01
1.453497671529536406e-01
1.454457442227559405e-01
1.455256208572394128e-01
1.455673746529833612e-01
1.456340046208775829e-01
1.457027458873129955e-01
1.457560113859718287e-01
1.458029005495783403e-01
1.458585680839455667e-01
1.458994704156729438e-01
1.459847682610524722e-01
1.460342534740221576e-01
1.460857296978333442e-01
1.460903792656596811e-01
1.461302985624455542e-01
1.461687147757254890e-01
1.462252645521915639e-01
1.462997727425200956e-01
1.463425066596117652e-01
1.464251016615889245e-01
1.465097451006200646e-01
1.465767874886166611e-01
1.466629266572445078e-01
1.467201212867182691e-01
1.467507379254333333e-01
1.468382723967872061e-01
1.469283190447268628e-01
1.469907961402400487e-01
1.470896636950935754e-01
1.471802818487560338e-01
1.472146242774077518e-01
1.472830005638950668e-01
1.473597673157455712e-01
1.474427022725998959e-01
1.474821484799457016e-01
1.475671619983444649e-01
1.476522650769241662e-01
1.476783166156416527e-01
1.477391278214886250e-01
1.477792864609367152e-01
1.477987473995684420e-01
1.478341869903740669e-01
1.478906082551649792e-01
1.479062386905771742e-01
1.479472950916229934e-01
1.479622021313386215e-01
1.480208411730948304e-01
1.480491790739385249e-01
1.480913841763042416e-01
1.481706534490446481e-01
1.482083461545191105e-01
1.482895023349711239e-01
1.483638200033063625e-01
1.484307212763833483e-01
1.485016510390838040e-01
1.485304724581821001e-01
1.485733834340502713e-01
1.486361457937071529e-01
1.486952254064305701e-01
1.487267462461674405e-01
1.487547160850994643e-01
1.487829225494601282e-01
1.488446651109645302e-01
1.488785993066930879e-01
1.489022136313788158e-01
1.489548528665661786e-01
1.489835823116693325e-01
1.490151597396025263e-01
1.490389513079186656e-01
1.491110265931559486e-01
1.491661087564872534e-01
1.492176469695890018e-01
1.493034328001694722e-01
1.493626346755318468e-01
1.494065460806151546e-01
1.494478946873199210e-01
1.495032075649389003e-01
1.495515113330358747e-01
1.496080653278918093e-01
1.496580613878558119e-01
1.497193396831401624e-01
1.497928719048872426e-01
1.498713525438533367e-01
1.499512652990358796e-01
1.499978764150497190e-01
1.500281504234643182e-01
1.500363707963832671e-01
1.500707569480710379e-01
1.501035359034971761e-01
1.501434313706584978e-01
1.502490213729619495e-01
1.502878868097186349e-01
1.503411870556198293e-01
1.504046766161090953e-01
1.504678764851413442e-01
1.505208899315659821e-01
1.505635810136413122e-01
1.505991658422451696e-01
1.506246857680461348e-01
1.507043946091761455e-01
1.507949117576694864e-01
1.508204448747455795e-01
1.508837011713146936e-01
1.509480056350460953e-01
1.509743125154606180e-01
1.510190760107968933e-01
1.510795692891903075e-01
1.511156334910019328e-01
1.511956721535263337e-01
1.512648206707628284e-01
1.513037071438947667e-01
1.513110889999788045e-01
1.513872264877370588e-01
1.514240297763135568e-01
1.514501079767009706e-01
1.515475074005412925e-01
1.516199954798184701e-01
1.516925308160337882e-01
1.517552800090850029e-01
1.517885647497211055e-01
1.518412849498817496e-01
1.519187247766247140e-01
1.520051497825305187e-01
1.520434670108911923e-01
1.520967778797863434e-01
1.521175819375515936e-01
1.522004265406629864e-01
1.522504980676932518e-01
1.523162909861389691e-01
1.523884702310879802e-01
1.524619172211583717e-01
1.525208417614477008e-01
1.525756302334488612e-01
1.526117039195881153e-01
1.526436911072984182e-01
1.527001311732714139e-01
1.527840153441012427e-01
1.528519960008787315e-01
1.529272189108225877e-01
1.529665188917703755e-01
1.530409485118153501e-01
1.530986558119990237e-01
1.531238206820044745e-01
1.531983238120125934e-01
1.532660009222009123e-01
1.533093017034883598e-01
1.534014836307023844e-01
1.534234846236499916e-01
1.534663209991464217e-01
1.535159731681203510e-01
1.535350784332794594e-01
1.535877332064629619e-01
1.536436748845881328e-01
1.536984714217659587e-01
1.537768725071912979e-01
1.538689222186656325e-01
1.539364917569367164e-01
1.539724004722434758e-01
1.540351926525967141e-01
1.541036674548841856e-01
1.541623474576655772e-01
1.542210076914515837e-01
1.542801067566113571e-01
1.543377806803833685e-01
1.543854540850878587e-01
1.544206069626599120e-01
1.544903112826815916e-01
1.545823747888449284e-01
1.546403925351050312e-01
1.547011521742368279e-01
1.547377051950776516e-01
1.548380358405141155e-01
1.549391011417886044e-01
1.550264518512329825e-01
1.550783099093933914e-01
1.551414167381273135e-01
1.551929622336210568e-01
1.552390482437715491e-01
1.552711162189705785e-01
1.553472665343220149e-01
1.554373588301076470e-01
1.554643750520709466e-01
1.555167340003145715e-01
1.556048537457060399e-01
1.556687354019579417e-01
1.557050017746058057e-01
1.557552277462885826e-01
1.558340220471619852e-01
1.559049691581965991e-01
1.559923766943042689e-01
1.560747976533221615e-01
1.560901621259613292e-01
1.561172048863385953e-01
1.561874411150018793e-01
1.562168290433924855e-01
1.562262307709767206e-01
1.562873484883053332e-01
1.563286912440599308e-01
1.563891973099416077e-01
1.564119089735049317e-01
1.564492450025843362e-01
1.565108383603228959e-01
1.565675447541304000e-01
1.566178937749889977e-01
1.566598563864181337e-01
1.566783509937270114e-01
1.567340669824967558e-01
1.567903692524169335e-01
1.568081084061570263e-01
1.568614599473965865e-01
1.568983413967740548e-01
1.569626954003189301e-01
1.570051653253399793e-01
1.570527709735329014e-01
1.571076283048966904e-01
1.571258277775611223e-01
1.571598598456479257e-01
1.572465467831391517e-01
1.572931929640109527e-01
1.573161142589766803e-01
1.573812103260548156e-01
1.574662774438372603e-01
1.575202041379382412e-01
1.575551617059084974e-01
1.576312355823614175e-01
1.576622146443921457e-01
1.577361079485957995e-01
1.577755646750800822e-01
1.578052351519976804e-01
1.578275892462676078e-01
1.578886985143254096e-01
1.579571307957953474e-01
1.579837209012814603e-01
1.580519099629303925e-01
1.581032053618911248e-01
1.581352556789125952e-01
1.581975550501604488e-01
1.582602307269751485e-01
1.583034937737749226e-01
1.583829268042576677e-01
1.584118647177431283e-01
1.584918939689581585e-01
1.585346009007203572e-01
1.585708421550328651e-01
1.586571930958101395e-01
1.587016610296822783e-01
1.587362751517322201e-01
1.587682747246388637e-01
1.588095016078437949e-01
1.588840031959758703e-01
1.588941494061719695e-01
1.589812262494924300e-01
1.590484428687879426e-01
1.591217703921262994e-01
1.591652299465676768e-01
1.592021734470303873e-01
1.592397214251118631e-01
1.593147680194409721e-01
1.594027004745777742e-01
1.594319634575428191e-01
1.594987524031642456e-01
1.595528461333994008e-01
1.595667036204491962e-01
1.595928091629956469e-01
1.596747735638466559e-01
1.597510844815460684e-01
1.598290795191689984e-01
1.598328034196248582e-01
1.599115168073433901e-01
1.599720530686541686e-01
1.600361051746604368e-01
1.601299347491933478e-01
1.602046166167649111e-01
1.602560972246429849e-01
1.602957752296938487e-01
1.603447346993153166e-01
1.604422378828812001e-01
1.604955033888695037e-01
1.605437423235435423e-01
1.606304382581482670e-01
1.606524078071869255e-01
1.607147364968267989e-01
1.607958184042013183e-01
1.608550215665539296e-01
1.609305259240197683e-01
1.610074214564923556e-01
1.610592105899925908e-01
1.611182739134754127e-01
1.611951618780715911e-01
1.612211486007983086e-01
1.612741096579953792e-01
1.613353218574982706e-01
1.613666324008604380e-01
1.613897006048296556e-01
1.614003409668483546e-01
1.614270189457669702e-01
1.614786792321517006e-01
1.615467327708138556e-01
1.616008789311114691e-01
1.616459565066039050e-01
1.616933058216757368e-01
1.617092838155622103e-01
1.617351765267693864e-01
1.618253865028308203e-01
1.618567553502457401e-01
1.619004283810709377e-01
1.619735616936680000e-01
1.620280032086596489e-01
1.620881323383798756e-01
1.621600596625524526e-01
1.622481128827245045e-01
1.623244269436854292e-01
1.623818038372654704e-01
1.624290820543842773e-01
1.624872404880613186e-01
1.625604510353660104e-01
1.625820933385654921e-01
1.626387231395116373e-01
1.626664311838924293e-01
1.627319207072987495e-01
1.627656573576235499e-01
1.628399606554735424e-01
1.628834611597803073e-01
1.629539494221243778e-01
1.630210344200561934e-01
1.630647509051642297e-01
1.630914904335667714e-01
1.631614361936216950e-01
1.632319799176991659e-01
1.632984400323697072e-01
1.633653358234143649e-01
1.634566758642509166e-01
1.635121723656079995e-01
1.635769733271710824e-01
1.636022237378924327e-01
1.636403795153914265e-01
1.636699406455783545e-01
1.636980162593262289e-01
1.637168290113469038e-01
1.637891829919543019e-01
1.638293669911579098e-01
1.638699822768741599e-01
1.639265728758890206e-01
1.639427633026370179e-01
1.639938943988742681e-01
1.640952757020043840e-01
1.641675295005204926e-01
1.642378476225945794e-01
1.643174071256744972e-01
1.643830234999080486e-01
1.644297138993080498e-01
1.644982521960240140e-01
1.645700505541307646e-01
1.646482028116336427e-01
1.647176184241777863e-01
1.648122100334675488e-01
1.648898721719712357e-01
1.649302111556060491e-01
1.649657769247348804e-01
1.650194755032347582e-01
1.650910675608079081e-01
1.651414741644441631e-01
1.652049403971844466e-01
1.652622449144213745e-01
1.652943194674668104e-01
1.653093056753426049e-01
1.653721721511577369e-01
1.654681191982001198e-01
1.655017399201257899e-01
1.655876956995818439e-01
1.656045385554315852e-01
1.656489018867128293e-01
1.657153849533812284e-01
1.657873846560626030e-01
1.658807139925137786e-01
1.659603173237935991e-01
1.660382340279323021e-01
1.660814693210532766e-01
1.661118799341353147e-01
1.661569258273937200e-01
1.662253966641260572e-01
1.662616878365821005e-01
1.663202983736802032e-01
1.663407044705990379e-01
1.664447117062214099e-01
1.665212715999264681e-01
1.665530320495778038e-01
1.665670025238087659e-01
1.666501722369051752e-01
1.666738403863105844e-01
1.667303699272942308e-01
1.667752034252976134e-01
1.668601947999864832e-01
1.669186937024738637e-01
1.669548661858268335e-01
1.670178660819652272e-01
1.670477845979248532e-01
1.670870973503981172e-01
1.671597949396232130e-01
1.672152970891780666e-01
1.672869518846363257e-01
1.673228726781054443e-01
5.486003562107998749e-02
