0.000000000000000000e+00
1.613581466731629907e-03
4.572083104166234022e-03
6.566460051121174660e-03
7.069757537772506512e-03
8.685744056868251878e-03
1.138886614374608371e-02
1.310288131930144664e-02
1.568253629067954680e-02
1.638807555544344666e-02
1.874553517507852873e-02
2.055775216459590146e-02
2.136767892537193292e-02
2.202472217610720873e-02
2.371553950312345338e-02
2.453042386268305952e-02
2.550533098772488072e-02
2.792043675369792338e-02
3.120419750576628945e-02
3.256995403249880044e-02
3.337866266635352436e-02
3.542948852955091210e-02
3.766306111552292224e-02
4.003378613792417384e-02
4.215415775385004948e-02
4.384178812964773658e-02
4.589158205265172347e-02
4.908709843772678105e-02
5.057667820135224035e-02
5.205134445308114144e-02
5.298976921466245354e-02
5.571359246460899639e-02
5.869064305581260521e-02
5.895673398601058990e-02
6.040697435355460443e-02
6.183973413853667556e-02
6.362590569635792614e-02
6.397657467093563477e-02
6.734639401218528443e-02
6.957195558902720678e-02
7.059778509151125314e-02
7.271809458518838087e-02
7.345627862018828946e-02
7.494797020130547494e-02
7.735632556470163623e-02
8.012158003115270322e-02
8.181855993283417006e-02
8.359461512429479380e-02
8.610214057526982545e-02
8.703702090022720494e-02
8.909313219196909883e-02
8.964127245297628943e-02
9.186808035242322035e-02
9.404554468424015934e-02
9.564891081361746872e-02
9.806520331845693106e-02
1.001736336180504144e-01
1.019858533854540866e-01
1.038153641825558804e-01
1.047122100219112784e-01
1.055130396841093693e-01
1.084197339763163792e-01
1.098984567966027753e-01
1.120113165365038271e-01
1.136155842437761715e-01
1.145705210368351823e-01
1.162995989484795489e-01
1.183256497970123916e-01
1.200497262876926013e-01
1.213741433764465583e-01
1.218971847970495292e-01
1.247180233331845051e-01
1.270839978393273895e-01
1.287893533363819454e-01
1.310553700519562492e-01
1.337578002763925578e-01
1.362539550954625089e-01
1.393488489640431482e-01
1.408583937596421254e-01
1.421393497911820347e-01
1.446003082221748171e-01
1.462973648448106512e-01
1.489035334045493708e-01
1.494729653928137669e-01
1.498660331004411927e-01
1.524967126241059956e-01
1.550399831866226819e-01
1.564401585323028643e-01
1.591804979840750200e-01
1.601610783432388385e-01
1.633523117641022260e-01
1.656188513236490911e-01
1.676839703303246165e-01
1.693762646905762892e-01
1.694389134885542214e-01
1.722127412162127724e-01
1.735536020571156746e-01
1.747120995678463629e-01
1.770550996442299962e-01
1.796173163588219435e-01
1.813442358499695872e-01
1.827301617520566135e-01
1.846680738735533844e-01
1.868393670335001533e-01
1.896657921026319860e-01
1.922681204209754635e-01
1.942474118911136638e-01
1.963324679060069466e-01
1.983447068384721901e-01
2.008615089779173524e-01
2.028618523960839526e-01
2.045866363253733555e-01
2.059513794216234206e-01
2.076508424392120022e-01
2.090154246391321968e-01
2.107059814547606047e-01
2.118464550502634491e-01
2.138875192763871613e-01
2.154927269054576211e-01
2.176474322028685848e-01
2.195326252609725026e-01
2.207080873271779764e-01
2.221365044789858356e-01
2.239486123614770341e-01
2.264981033874338967e-01
2.284356251704649510e-01
2.301296365536906197e-01
2.311960867631728256e-01
2.339415284903526016e-01
2.350693273610017786e-01
2.358420147218518170e-01
2.384479419984185389e-01
2.397011716156104699e-01
2.408638684590873047e-01
2.422437454772494725e-01
2.429555574642491000e-01
2.448951319455329734e-01
2.476079580074968256e-01
2.490581806700532252e-01
2.514035451965705437e-01
2.535162924995668643e-01
2.556558050663393367e-01
2.579343874642878176e-01
2.605933299391475222e-01
2.629990750806205368e-01
2.642473474954759038e-01
2.665407913239351001e-01
2.675307261938504322e-01
2.688894539345793588e-01
2.720600937999592128e-01
2.738322036185477093e-01
2.759990591818278216e-01
2.777247099503809546e-01
2.796095071077575600e-01
2.820770295934399430e-01
2.828245879733887747e-01
2.842340916927984518e-01
2.855806141852377800e-01
2.866684833522500919e-01
2.879920418789410075e-01
2.893433769129767352e-01
2.912292182615620617e-01
2.934575978845558875e-01
2.949602964329439692e-01
2.967327478731697221e-01
2.982118963382019428e-01
2.989569324514765314e-01
2.995339700156125495e-01
3.021036626774519784e-01
3.035917939197217419e-01
3.057835902139757756e-01
3.080854254197968323e-01
3.093900087608413840e-01
3.111585008494214821e-01
3.140069774515635292e-01
3.149769131198157379e-01
3.168586747529420489e-01
3.188002661268088955e-01
3.202977012606726404e-01
3.225459374153295533e-01
3.240728957514042441e-01
3.253092049383436435e-01
3.269320699541399811e-01
3.291962274383040676e-01
3.303501039830419872e-01
3.316758457551630679e-01
3.330253364301887786e-01
3.340714588046462818e-01
3.352392607739004826e-01
3.362412659273804061e-01
3.382313848131182632e-01
3.408493878382435338e-01
3.412006469538325093e-01
3.428208967917771854e-01
3.460687864251287271e-01
3.481827146066713285e-01
3.504580206374366402e-01
3.529645272599422623e-01
3.549655096633537177e-01
3.573191959733576506e-01
3.590298865593541944e-01
3.597069135788917293e-01
3.610992538861391155e-01
3.628480641492334846e-01
3.652170656681865690e-01
3.679753176488104183e-01
3.701064874009074579e-01
3.719246859271885808e-01
3.737691942898360709e-01
3.756389380032333913e-01
3.763625697520163738e-01
3.778147003432785200e-01
3.793298852573027125e-01
3.810237245098085923e-01
3.824265496954190602e-01
3.826524375885888563e-01
3.841041287445571273e-01
3.854112597030038834e-01
3.867256931520874352e-01
3.898003558759997600e-01
3.918158314382044205e-01
3.930553470660410609e-01
3.946003152850700024e-01
3.954701439377378280e-01
3.987467224981327552e-01
3.999845222638718778e-01
4.023878401017774720e-01
4.049346448218879013e-01
4.060217305256437759e-01
4.085432091292215961e-01
4.104497727022077269e-01
4.113183006939832298e-01
4.132113041039985890e-01
4.164230157728096571e-01
4.180390798366667715e-01
4.201240003304343995e-01
8.323859488210333391e-02
