0.000000000000000000e+00
9.968850484120368380e-04
2.739315043125782438e-03
3.296470735307255318e-03
4.015506878274451713e-03
5.646888373185538976e-03
7.252464600900090236e-03
8.418880102861644663e-03
9.877878621195698705e-03
1.056828877404594400e-02
1.172765564952701900e-02
1.219527224812325984e-02
1.333084833627811751e-02
1.458657905159839799e-02
1.564283990172222680e-02
1.685341409892525399e-02
1.744592539893757496e-02
1.798851825816278824e-02
1.832314929908901782e-02
1.960342656235340014e-02
2.027751931674543276e-02
2.103881371579884724e-02
2.229330563180511454e-02
2.290228119379439028e-02
2.432030666628072837e-02
2.529389838057079926e-02
2.700095860165222655e-02
2.823853816314800952e-02
2.944811265705084280e-02
3.025507249046237301e-02
3.092491809956980989e-02
3.155901089377712715e-02
3.234205646364860659e-02
3.388284563315429460e-02
3.506826334654222777e-02
3.566443478917439430e-02
3.710589721990205370e-02
3.768388241537398015e-02
3.836656123064440677e-02
3.898581929132476781e-02
3.932275349366008005e-02
3.986758471461111786e-02
4.068314400093334809e-02
4.232056022405818185e-02
4.290794819187178366e-02
4.427357417135735496e-02
4.532540133721327247e-02
4.627786072210207657e-02
4.666167304348443901e-02
4.680812841593878781e-02
4.777958514178453492e-02
4.815137948009644980e-02
4.944277352612132248e-02
5.058334996147297036e-02
5.107815623039839437e-02
5.189816296422929132e-02
5.233503702022031939e-02
5.293218337708057580e-02
5.390568976821745462e-02
5.505934080507775968e-02
5.610771783587716749e-02
5.689192277717137342e-02
5.799177634597477843e-02
5.866556170818344046e-02
5.961041381071176259e-02
6.047503088532205084e-02
6.108953460667670976e-02
6.203193626621564261e-02
6.323391999225096149e-02
6.379552469615998311e-02
6.420815946737433444e-02
6.502554943640762031e-02
6.652643096719687565e-02
6.734386273402231948e-02
6.778270441321816719e-02
6.839446299024176668e-02
6.925342757938995897e-02
6.951098186500206944e-02
7.019509105786737868e-02
7.117107450116719192e-02
7.172194888119584610e-02
7.256300008052224415e-02
7.395150242019228604e-02
7.564089896690380510e-02
7.629632504013410255e-02
7.703900302363507480e-02
7.771435585299397986e-02
7.872049446541946882e-02
8.017787039349640044e-02
8.135535305318825072e-02
8.194741386098962355e-02
8.239694687244533688e-02
8.326751270198534671e-02
8.407540875965105465e-02
8.538208703645296105e-02
8.671426346030193522e-02
8.679117297252549046e-02
8.807745117053632222e-02
8.957926959481064821e-02
9.081459135336827915e-02
9.207151026434905183e-02
9.323417507896171463e-02
9.422073172950436171e-02
9.564741918696249845e-02
9.609516335182317903e-02
9.710272385270124484e-02
9.761110418684511292e-02
9.825437018807604839e-02
9.896428860481966405e-02
9.960399286071171254e-02
1.006038802943399479e-01
1.008235336427436013e-01
1.014339282842141587e-01
1.026452044107805800e-01
1.030463285961142894e-01
1.039006975306536879e-01
1.056056559160827857e-01
1.059796877411904314e-01
1.072632230920966961e-01
1.081407551587937471e-01
1.097425158789098604e-01
1.114139718418855063e-01
1.123037513984012775e-01
1.140657110485067960e-01
1.156223939818255692e-01
1.158076858330021747e-01
1.166109014271397432e-01
1.176810481452641444e-01
1.188217074259183131e-01
1.198877940941715237e-01
1.213072483603978846e-01
1.229329471866846824e-01
1.242505629593440158e-01
1.253452883854517530e-01
1.263557881669691296e-01
1.269183091399547214e-01
1.272379102942297890e-01
1.287955244892522166e-01
1.304695467083518412e-01
1.319366780554686591e-01
1.328271291898177608e-01
1.333949120192997884e-01
1.336285090218329863e-01
1.340485906571393937e-01
1.349840110730940457e-01
1.364751929406332887e-01
1.370409958190629829e-01
1.387746073912110023e-01
1.402498961358528418e-01
1.411915951449614348e-01
1.424557948707927679e-01
1.435909192159768866e-01
1.446943070162220180e-01
1.458599706553072584e-01
1.464454268071137266e-01
1.473786776564755263e-01
1.481792495268535459e-01
1.491772954923822059e-01
1.500569039223689505e-01
1.506389726927223616e-01
1.511504593302617772e-01
1.522942194893625867e-01
1.526080725013251038e-01
1.535703687113421367e-01
1.548467906615803025e-01
1.555323625988517811e-01
1.557732866814286743e-01
1.563383326481646018e-01
1.580791663997697105e-01
1.592241926164264798e-01
1.599845626334913673e-01
1.609268557392797006e-01
1.621983794097087150e-01
1.633205882235852224e-01
1.647909892172723656e-01
1.659170725203786279e-01
1.674048898611668612e-01
1.686246723773484057e-01
1.693233925595371558e-01
1.707044389985022392e-01
1.720290234596695556e-01
1.727935076378184220e-01
1.728651711781825917e-01
1.740784719428395688e-01
1.742756314774250026e-01
1.745347979441153885e-01
1.755264625789061950e-01
1.766400975311174515e-01
1.782219636977978028e-01
1.791721867446831040e-01
1.801867473523601770e-01
1.819745819636260087e-01
1.828025357792245342e-01
1.835208681541160569e-01
1.842101761981666530e-01
1.854593687130321467e-01
1.859458025622413302e-01
1.865006429428673895e-01
1.869670122477186669e-01
1.873232009464149417e-01
1.879617549858688674e-01
1.883982019392357043e-01
1.895090724866893561e-01
1.901517055265929401e-01
1.906476906181744646e-01
1.913659144604941409e-01
1.926936010932964460e-01
1.938449265467486748e-01
1.952142984170714135e-01
1.965185609352837759e-01
1.982356535057439306e-01
1.991300034412964437e-01
2.002939092283269884e-01
2.013950266089814256e-01
2.019774500907552672e-01
2.030153896882619380e-01
2.042060556329093890e-01
2.052189174497887902e-01
2.065395072508840468e-01
2.071707075291914502e-01
2.076249251615744917e-01
2.084065121883601213e-01
2.099771148881680316e-01
2.110930290684288058e-01
2.122618551461678826e-01
2.133045585967604518e-01
2.143274013669331512e-01
2.157318648256446314e-01
2.166161752656139972e-01
2.180814494324632702e-01
2.193354729624454325e-01
2.203091081843292498e-01
2.214860414163270230e-01
2.227153553725075008e-01
2.238583107087284696e-01
2.248623821806602641e-01
2.257065283515699017e-01
2.268075150744567614e-01
2.269056723007619458e-01
2.282705327010983998e-01
2.291701961245625752e-01
2.305780801855026041e-01
2.315594716827226729e-01
2.328150303596913384e-01
2.332943814950738659e-01
2.339469795354437998e-01
2.345099151093490430e-01
2.355286872426717582e-01
2.360907494763472281e-01
2.371491096841207569e-01
2.378754740495490072e-01
2.387802753038417991e-01
2.405144082972699715e-01
2.409166201765139403e-01
2.413594088873671495e-01
2.418619879878973478e-01
2.432294024670143828e-01
2.436539731293814459e-01
2.445717599094361372e-01
2.464251526825019523e-01
2.474319491356359590e-01
2.485969530557485263e-01
2.496139010904971922e-01
2.501125483052016873e-01
2.507720424907050605e-01
2.511980175600975196e-01
2.528754120995678756e-01
2.539891200394513437e-01
2.548110094727487063e-01
2.560900862652212284e-01
2.565515079109092489e-01
2.568286606434646013e-01
2.577530109390572255e-01
2.587735830325966768e-01
2.589624564255012529e-01
2.599622260012527941e-01
2.608598942259727771e-01
2.621523189641121743e-01
2.632322673114645406e-01
2.645566747702740584e-01
2.653518188152975688e-01
2.663248825526617902e-01
2.674055237683565789e-01
2.680838110307536826e-01
2.685310083031987594e-01
2.697236102793727497e-01
2.705803911845677812e-01
2.718502125595342878e-01
2.735246166338229923e-01
2.743474024437549397e-01
2.748086863294330051e-01
2.756876671235872767e-01
2.763430254010244558e-01
2.780219816580727366e-01
2.794724731942270224e-01
2.800326471594015154e-01
2.805158784670658267e-01
2.815652791697551560e-01
2.828256440163178231e-01
2.841155498288158165e-01
2.851526247384031376e-01
2.856963733795881422e-01
2.860266452801692449e-01
2.872772721407080843e-01
2.882681157957050488e-01
2.894948881244577277e-01
2.910093432084368548e-01
2.918481943369558573e-01
2.929106652002160249e-01
2.938072836540225330e-01
2.949267435705312801e-01
2.961535223031252495e-01
2.968228129215000899e-01
2.978906732894248122e-01
2.985344442308286439e-01
2.991590349205026089e-01
3.002580425292777355e-01
3.009695247819285657e-01
3.011550879520102364e-01
3.022510941329550338e-01
3.038909595021461740e-01
3.046797943363748207e-01
3.054424167510618737e-01
3.066668742556482030e-01
3.073876585587115295e-01
3.082407370567873950e-01
3.091083641507126889e-01
3.103582125084838883e-01
3.119541213005401770e-01
3.125059621109357311e-01
3.135541106024483660e-01
3.149213986578202618e-01
3.157692382361447225e-01
3.170903023065720916e-01
3.177281853409893442e-01
3.185124347933908640e-01
3.198366059164376995e-01
3.214231720445089868e-01
3.218482118302942174e-01
3.230069503726745728e-01
3.241569103704541321e-01
3.250264593094344123e-01
3.262971885596126498e-01
3.269690033397792406e-01
3.278635781374990565e-01
3.291444804880538366e-01
3.300185763110206061e-01
3.315430954067439262e-01
3.331808577104963809e-01
3.346418342289150250e-01
3.361278326895137947e-01
3.367871012026228961e-01
3.371700591436384009e-01
3.382180398983482550e-01
3.390256452905478501e-01
3.395427226036290547e-01
3.410177382009333402e-01
3.423331859898048335e-01
3.434422570220674875e-01
3.436992043615373915e-01
3.450500977144144166e-01
3.458944215763685159e-01
3.469753311453662725e-01
3.472685911065017117e-01
3.484093758942154451e-01
3.492132410359473083e-01
3.504827360212753318e-01
3.518480465565422821e-01
3.526783509149993834e-01
3.544292467222669440e-01
3.549952324525297853e-01
3.559050035335121764e-01
3.575153307650362211e-01
3.584689124489263690e-01
3.600127838768403810e-01
3.610887903173144453e-01
3.621047340518350754e-01
3.636408463789905232e-01
3.645542487640671125e-01
3.656506027518293678e-01
3.672315868636933933e-01
3.681865986321775641e-01
3.691537124734471931e-01
3.700882349591323450e-01
3.715719868674995374e-01
3.726742276168070189e-01
3.734897893486041620e-01
3.750155430545869528e-01
3.758851020631828743e-01
3.770089622286322273e-01
3.774133471809366092e-01
3.791146527292723611e-01
3.804413278154862299e-01
3.812910870965871557e-01
3.830819341806067091e-01
3.844378667017782081e-01
3.857892175030800952e-01
3.874010035698815524e-01
3.877157412833053818e-01
3.893749814042540836e-01
3.893990613564495273e-01
3.901753128334908283e-01
3.916087033360837744e-01
3.927957224435205674e-01
3.932783266380971976e-01
3.937408370433875260e-01
3.940880835706100926e-01
3.950501065514939181e-01
3.956539329310451714e-01
3.967510817349213514e-01
3.982436127323180641e-01
3.988642345073978301e-01
3.995099033028490232e-01
4.002493979846207250e-01
4.009630396564464738e-01
4.016005985039684534e-01
4.029784336265213041e-01
4.041065333578038876e-01
4.043781915057486076e-01
4.047313458351504134e-01
4.057798165713340510e-01
4.067212308355679928e-01
4.077451937137009930e-01
4.089307070736986072e-01
4.098506447649302720e-01
4.107831133369461152e-01
4.117547133623802313e-01
4.124375481029034507e-01
4.135042775477451027e-01
4.146324105170271501e-01
4.156460904341846563e-01
4.166627745237280189e-01
4.172496527587188364e-01
4.174928065192022864e-01
4.177950980667304859e-01
4.186953710425626030e-01
4.193263119991683108e-01
4.206726920765475053e-01
4.216530818276639225e-01
4.223597564303855911e-01
4.235393102859800751e-01
4.249051995853967423e-01
4.252006032321725137e-01
4.259601271557480473e-01
4.271370466522528830e-01
4.278307695400708766e-01
4.294225954957371916e-01
4.310752077665917503e-01
4.311089822250160908e-01
4.318498850566476754e-01
4.328369045779411062e-01
4.335111945565641167e-01
4.345382517122188815e-01
4.357272813086520702e-01
4.361123832620177332e-01
4.368498682639355701e-01
4.380090740699246754e-01
4.388954420605026829e-01
4.401383604144322725e-01
4.411350777023098635e-01
4.425022407723603335e-01
4.434385166746360185e-01
4.442304116803926783e-01
4.451380512235684206e-01
4.467694568961039780e-01
4.480134359446820702e-01
4.488524372176579402e-01
4.492136160122793265e-01
4.502355140760961882e-01
4.509274486929160108e-01
4.520456602292559078e-01
4.524418910415070605e-01
4.535072160438863298e-01
4.536897072948235521e-01
4.549778034767570922e-01
4.560014586635680045e-01
4.562840814441095905e-01
4.565672226423399538e-01
4.582823655601592217e-01
4.592958884633780436e-01
4.596048716974019399e-01
4.604859673411340060e-01
4.608939350133386403e-01
4.614275763580284462e-01
4.623008569716596239e-01
4.634924471514453304e-01
4.644099468617965965e-01
4.652763202961172628e-01
4.661933588209900003e-01
4.669577013606788229e-01
4.675209855165137762e-01
4.683219817824362252e-01
4.693206440391486933e-01
4.699948246601163282e-01
4.704751327911310677e-01
4.711107590028061898e-01
4.719047245598361751e-01
4.734939387499451091e-01
4.750738350063521409e-01
4.761006431086348134e-01
4.763362371130432926e-01
4.765671988851763463e-01
4.767499280543404105e-01
4.783153689525833085e-01
4.792891218492360550e-01
4.803216921278060103e-01
4.813217127681073126e-01
4.814078254337409435e-01
4.815112764523318822e-01
4.825394619343711944e-01
4.834789460191601940e-01
4.837640700661453574e-01
4.848409739808624552e-01
4.856565987602218248e-01
4.868206776750269027e-01
4.876577299995552561e-01
4.885507019636950998e-01
4.886697180515162664e-01
4.895664055501497414e-01
4.905654823172705958e-01
4.918652413963193748e-01
4.926938577534504260e-01
4.937454389257282528e-01
4.950373867922616133e-01
4.956884532476268368e-01
4.964849128198056127e-01
4.971014601000692257e-01
4.986423604228240603e-01
4.998951382556404699e-01
5.005971506121887904e-01
5.009397781205119360e-01
5.024462055597551657e-01
5.026892308147428157e-01
5.038725040397958876e-01
5.051493397270029329e-01
5.064110131154906380e-01
5.071750727943635795e-01
5.078398855976278270e-01
5.089209183855560870e-01
5.104643715600923892e-01
5.116910927999707148e-01
5.131826700545041309e-01
5.143926143017331087e-01
5.155713319288204310e-01
5.167253275285289549e-01
5.172948869935378724e-01
5.184762894897420038e-01
5.195171109076291982e-01
5.209599392346334623e-01
5.212045814724929338e-01
5.220267709790439303e-01
5.232507341125344213e-01
5.238478803471363632e-01
5.248190806731352076e-01
5.258993017451967233e-01
5.267119008821145032e-01
5.269527451201322377e-01
5.281445021666058004e-01
5.290487238361765154e-01
5.294824638639687997e-01
5.306006500410024307e-01
5.317961587277943991e-01
5.319812769333285285e-01
5.321991965173102912e-01
5.336348729443353145e-01
5.347018854969853852e-01
5.353040883401497529e-01
5.370022091311591472e-01
5.379460563750444457e-01
5.383123465516496120e-01
5.387645041040219906e-01
5.397218821183384918e-01
5.408002877266588904e-01
5.417581073276294124e-01
5.427421186036029965e-01
5.432878175539458399e-01
5.437980176693342216e-01
5.448386552797681581e-01
5.454623794273406601e-01
5.469528679254355152e-01
5.484872935272105954e-01
5.488827028646123818e-01
5.498381565243207758e-01
5.512312230427706128e-01
5.517375806467607058e-01
5.531489403516675063e-01
5.541668803972510382e-01
5.553830656003566624e-01
5.567255469335244955e-01
5.568755053591438742e-01
5.575591336765344241e-01
5.584324105451883291e-01
5.586278055825265598e-01
5.597442540414646617e-01
5.610620653788139789e-01
5.624451503802967434e-01
5.633549840622497085e-01
5.648816444092745748e-01
5.661288360928979913e-01
5.665758529313981162e-01
5.676885145728178816e-01
5.684243053956107294e-01
5.697579533949432840e-01
5.705199700492449288e-01
5.718043213219495824e-01
5.727306390110060708e-01
5.732894130652596010e-01
5.742460357527869874e-01
5.757516876725983224e-01
5.765262559348298677e-01
5.777093531807729887e-01
5.791561883854273729e-01
5.799747313014814720e-01
5.803990446853327656e-01
5.807567885932495289e-01
5.811159250754445171e-01
5.820894250401392744e-01
5.834484359686585853e-01
5.839234358437076500e-01
5.853432680332186777e-01
5.869422331133115067e-01
5.872993664276044967e-01
5.883504814085417367e-01
5.894929005279136991e-01
5.908083952434413089e-01
5.911920634227831872e-01
5.918924424396654338e-01
5.927757140025862181e-01
5.931733714190782214e-01
5.946141503359855252e-01
5.956478505342885921e-01
5.966682690463008809e-01
5.968496648479920674e-01
5.974717946721168627e-01
5.989107584095412218e-01
5.996787505045488853e-01
6.006397406742701728e-01
6.021214116413553530e-01
6.031544901344426668e-01
6.035857935158216447e-01
6.039179014513975652e-01
6.054250568174269764e-01
6.064831753184828367e-01
6.080355871633789100e-01
6.093463668406831069e-01
6.101283692979468931e-01
6.105205381042658752e-01
6.119782568167656533e-01
6.134534636673542041e-01
6.148547980690890480e-01
6.150614019505192820e-01
6.160559555053155556e-01
6.162857896980196148e-01
6.180423597075423991e-01
6.190433227724730925e-01
6.200015133809646528e-01
6.212335222250143785e-01
6.224569913224774487e-01
6.235702994869919413e-01
6.249317008075805369e-01
6.262391237131020860e-01
6.268820897884775922e-01
6.279657282718882350e-01
6.285018915735112177e-01
6.295366315928644374e-01
6.306665656158041422e-01
6.318868804000298267e-01
6.328022471793064430e-01
6.335262460926829320e-01
6.343700583584532815e-01
6.350066148316384496e-01
6.363721442284395735e-01
6.371308500608926506e-01
6.380451708364452967e-01
6.393469280978404390e-01
6.407338836532970872e-01
6.418130659445935304e-01
6.428241467334494530e-01
6.440492386513776424e-01
6.451725288427025973e-01
6.456079227569725409e-01
6.471587007294847815e-01
6.484448126112800637e-01
6.498932936822203743e-01
6.505260714867615590e-01
6.517774996741202420e-01
6.524909635687686782e-01
6.537974126986425549e-01
6.549382384694852899e-01
6.557813856924372686e-01
6.561485443638570558e-01
6.567795734098212934e-01
6.579453018763830041e-01
6.593120643562967453e-01
6.602761100688737672e-01
6.612627758330476002e-01
6.627419831760816837e-01
6.641407356598925116e-01
6.647676710855505711e-01
6.650548063194395843e-01
6.658486880500485983e-01
6.665309389195661627e-01
6.673045844217085909e-01
6.677807916566462776e-01
6.687668847896162116e-01
6.697656098826257898e-01
6.706653795966558418e-01
6.713182907667843979e-01
6.723136629546774268e-01
6.733333252007916991e-01
6.737387905138768618e-01
6.748637377476921495e-01
6.761085182554351647e-01
6.771330085997706583e-01
6.776687369858106491e-01
6.787964535364994223e-01
6.796029622987875829e-01
6.805183254573219376e-01
6.813540581095750559e-01
6.815492893300975075e-01
6.831224456056668171e-01
6.841743704717955232e-01
6.856838890515267737e-01
6.865107930389983126e-01
6.880111185535461304e-01
6.885386419802421720e-01
6.903063105280886624e-01
6.917797807529270093e-01
6.929106560764560774e-01
6.938223862432769673e-01
6.950026109158273790e-01
6.961243587116345832e-01
6.963700791381413069e-01
6.973154790081731447e-01
6.983278442021481069e-01
6.995209505523038995e-01
7.006685889688846203e-01
7.012295183979284641e-01
7.020821660152791743e-01
7.033410048545363225e-01
7.044252489896438707e-01
7.048206276673544268e-01
7.056986599428445306e-01
7.066058715463482409e-01
7.080539384421237203e-01
7.091624376549831021e-01
7.096561948317716695e-01
7.102212624155794796e-01
7.116018796390614076e-01
7.116364535296183513e-01
7.132872104417149473e-01
7.149747190788237061e-01
7.156815229243270737e-01
7.161355483216002016e-01
7.162045583177450991e-01
7.171431655765819757e-01
7.180218143390380003e-01
7.184378931823610648e-01
7.192576429317727449e-01
7.204628107060839781e-01
7.206165997683200430e-01
7.217918340064375382e-01
7.230016878206617648e-01
7.233973491361006536e-01
7.249806751852395648e-01
7.260803170584213539e-01
7.269856752359609153e-01
7.274415536732377063e-01
7.280743813887320393e-01
7.282366188788911288e-01
7.286251019881433422e-01
7.294158238064225586e-01
7.304048341779353359e-01
7.311093173481845175e-01
7.320956874144132209e-01
7.332875924822771507e-01
7.341084497208770765e-01
7.351928901163706787e-01
7.362585001816185359e-01
3.458303427804397812e-01
