0.000000000000000000e+00
1.549309220866380756e-03
2.074923554804584437e-03
4.539635790759985468e-03
5.904801912572179602e-03
6.712517281929749821e-03
7.435410309477075846e-03
9.345122409804481126e-03
1.273107899651982136e-02
1.469063582657104475e-02
1.744178542120018369e-02
1.920230546519428177e-02
2.133238132341886209e-02
2.241274923620680676e-02
2.360253708637075759e-02
2.597333661949323760e-02
2.873482063449020810e-02
3.194433959273576540e-02
3.347991002430095869e-02
3.624842698862115742e-02
3.712798696597351816e-02
3.949517275246791637e-02
4.219775804345609477e-02
4.296251742882047781e-02
4.615095944853191828e-02
4.725389293655900963e-02
4.966074956538949620e-02
5.063824771924092111e-02
5.246348019796775314e-02
5.476499442046046939e-02
5.711686720946867329e-02
5.935501633174935371e-02
6.217945513585539791e-02
6.376395082349742283e-02
6.591257774548404946e-02
6.909028742512629551e-02
7.002454521773385232e-02
7.050734467731882560e-02
7.149499713808915580e-02
7.508430427978901589e-02
7.579250492993164223e-02
7.805970558408879822e-02
8.169483701917358565e-02
8.329984265371614960e-02
8.433306400309263651e-02
8.540336038443474553e-02
8.727030029380029863e-02
9.006275080160075497e-02
9.166483237168666920e-02
9.292699053747789650e-02
9.449377183815549364e-02
9.662578476453201337e-02
9.822013867304632551e-02
1.005063673338961738e-01
1.020345126198084346e-01
1.042324623169091913e-01
1.075391882379810177e-01
1.107854252416139440e-01
1.124381385448028903e-01
1.143777887456157438e-01
1.181800255393922749e-01
1.208583130345653178e-01
1.227147138449206504e-01
1.250591498606083429e-01
1.267552678499453134e-01
1.296756271730254984e-01
1.318036135616001969e-01
1.336767644370970010e-01
1.359572440540630367e-01
1.361115660279493267e-01
1.375891242206029319e-01
1.397410406710553332e-01
1.411883818330982587e-01
1.431733356313703021e-01
1.434547398684695441e-01
1.447131383749938882e-01
1.460027533665264887e-01
1.480114439999805631e-01
1.500494243196622834e-01
1.527063190588252573e-01
1.555465228538147338e-01
1.571210907507305243e-01
1.576423764373631187e-01
1.605734701907339801e-01
1.623109257057854249e-01
1.646124882471252937e-01
1.676417546839782113e-01
1.697711298937993052e-01
1.701881202534751558e-01
1.725875169980614909e-01
1.755387769237882756e-01
1.771296821157625212e-01
1.795929165169632413e-01
1.827488171346591805e-01
1.833088198736130270e-01
1.865265321844233326e-01
1.878423188851981729e-01
1.892398901390068278e-01
1.907313075936623581e-01
1.916425275871839473e-01
1.929032359442638123e-01
1.949422449523929846e-01
1.974048109597915934e-01
1.988866607636447237e-01
2.002061264287683107e-01
2.021326024666346421e-01
2.038355300662735570e-01
2.076418859849559206e-01
2.094851906760853977e-01
2.101561260688358246e-01
2.121847809969727439e-01
2.134610348506608135e-01
2.150575200670596654e-01
2.177780599721475530e-01
2.193123938290584274e-01
2.221919746782408667e-01
2.244051254474476176e-01
2.259288514206084508e-01
2.283697769622064777e-01
2.313894336676289021e-01
2.336594612787893654e-01
2.363191517653225882e-01
2.386119731656825560e-01
2.400668172984294080e-01
2.420343485054634591e-01
2.438813793805645058e-01
2.456225507951437792e-01
2.467012573445181989e-01
2.495841117965208744e-01
2.500267757441314020e-01
2.534607673640788539e-01
2.563565556573290660e-01
2.580365112974741804e-01
2.604486881222177197e-01
2.616332454045080524e-01
2.654021658974121678e-01
2.680126113428765722e-01
2.704767894456884259e-01
2.734116068459466198e-01
2.769575348598831699e-01
2.800740292680239385e-01
2.829473275384405961e-01
2.848713337505237586e-01
2.857599062174465687e-01
2.878684303519121745e-01
2.896048389447819504e-01
2.914262455507541927e-01
2.937567411187215760e-01
2.955630279062831933e-01
2.989631578677868773e-01
3.000532204207845277e-01
3.029838333490722513e-01
3.062755995262937403e-01
3.080677587909611548e-01
3.096325683510879889e-01
3.116263589736461559e-01
3.133132878616556316e-01
3.140472760014539344e-01
3.143834828843753981e-01
3.155444665624151379e-01
3.188678191958055352e-01
3.201739779753132176e-01
3.230553175168104918e-01
3.263558253434344913e-01
3.291712768826615676e-01
3.304981422312932016e-01
3.324513820217267490e-01
3.355822120051745738e-01
3.368172094468026567e-01
3.381352629706072532e-01
3.405550755850985656e-01
3.428642494810040797e-01
3.454443785547534618e-01
3.476029643471817421e-01
3.508305479042954089e-01
3.522841823021276020e-01
3.544195341991418502e-01
3.555496954545875887e-01
3.570323599825880878e-01
3.575682104680785733e-01
3.605118477407518451e-01
3.636267435147341187e-01
3.650057448059730314e-01
3.677981068403501363e-01
3.693836795279096252e-01
3.701435146358199590e-01
3.707195257815669165e-01
3.733847344359658704e-01
3.763084492394496161e-01
3.781639496361317576e-01
3.802665580961354097e-01
3.812371600562169394e-01
3.829198984061892297e-01
3.848053117254368050e-01
3.885227176443454278e-01
3.918827431767921143e-01
3.926597879970019633e-01
3.952372655075827024e-01
3.970495468159082053e-01
3.984010903037966123e-01
4.009559131880389704e-01
4.026316824225174007e-01
9.389842559407833578e-02
