0.000000000000000000e+00
2.986398100922491527e-04
3.979251899015194592e-04
5.237797123650270344e-04
7.160514007636001408e-04
9.946761321738214773e-04
1.171735432296515779e-03
1.551619870916729968e-03
1.786372556189937035e-03
2.161361508161522074e-03
2.577349047742744700e-03
2.846983103010080045e-03
2.922077637170289108e-03
3.127581064343935933e-03
3.261626531055350844e-03
3.578946983591960868e-03
3.907683231389953542e-03
3.935309613869376021e-03
4.163477236892967545e-03
4.353667818260959291e-03
4.517579496076470566e-03
4.962738158680229938e-03
5.033773671767048305e-03
5.354917577837910170e-03
5.804102100705029604e-03
5.978675394734843905e-03
6.135788802852156811e-03
6.346457130869361148e-03
6.730964352751393071e-03
7.016681073875864934e-03
7.171687674312461278e-03
7.337498290425807125e-03
7.472189692282992825e-03
7.507137158366992795e-03
7.771236800702981291e-03
7.944579520531605890e-03
8.153398134032629682e-03
8.433589144685881347e-03
8.788369023448436637e-03
9.127516603231080120e-03
9.520512336338970635e-03
9.832699433217630472e-03
1.017854836060551327e-02
1.046757960204977925e-02
1.069132048745423044e-02
1.085692424175383614e-02
1.112476891743525466e-02
1.139337158498791164e-02
1.170629134522133304e-02
1.187209157060922435e-02
1.191343460536868973e-02
1.202851316691789553e-02
1.232696639770237620e-02
1.275302461191174866e-02
1.320994491837257021e-02
1.331792990793059621e-02
1.343067601451711224e-02
1.349684019668600209e-02
1.356307166046950841e-02
1.371718418033760975e-02
1.383355463254409140e-02
1.409460398663516141e-02
1.453371406488541788e-02
1.477951475421518911e-02
1.506301233402352127e-02
1.520156882467753323e-02
1.537710371199875296e-02
1.571310007243324064e-02
1.615148239183676615e-02
1.630041982586699287e-02
1.649525314305201953e-02
1.656507947096531527e-02
1.679756169807035751e-02
1.722255884880616664e-02
1.751046648387210095e-02
1.756880051686749225e-02
1.784112110986256841e-02
1.807934088615462814e-02
1.830963315998524951e-02
1.864715019812419883e-02
1.901959854040437617e-02
1.925374335833235709e-02
1.946233222837291665e-02
1.971813570112816716e-02
2.009564200780618315e-02
2.028712799963655611e-02
2.055782793104118933e-02
2.084494920004762233e-02
2.102296139050369855e-02
2.123176862155465999e-02
2.158525920208982304e-02
2.181750827610422910e-02
2.203696511158749136e-02
2.218129607017619784e-02
2.242782248254360233e-02
2.252835860147063551e-02
2.290327055039436538e-02
2.323029625480970209e-02
2.353909168854034090e-02
2.383219647370158137e-02
2.406022291158864401e-02
2.428492930561958196e-02
2.474876978196384469e-02
2.476832108537726368e-02
2.496290043905797021e-02
2.520580823374564058e-02
2.538039005107724927e-02
2.547461746392221116e-02
2.561684792318845438e-02
2.575275616452745581e-02
2.592023635708145396e-02
2.631115439696000632e-02
2.655502725499829519e-02
2.673831041628084437e-02
2.705151451276078742e-02
2.729853434837173701e-02
2.752666311149609343e-02
2.779161888522325291e-02
2.801830679699296445e-02
2.822716836077425462e-02
2.833469070140065896e-02
2.852398969903195691e-02
2.888463786564168453e-02
2.933292134326189946e-02
2.969612743618133335e-02
2.990679374708886049e-02
3.024812605494647463e-02
3.037907242683429015e-02
3.050709702743573809e-02
3.063126252602840077e-02
3.072923511067294708e-02
3.103349990285144203e-02
3.124718600360089360e-02
3.149147579896995758e-02
3.154615357335358028e-02
3.173526796305176090e-02
3.215937871654489522e-02
3.231433283155329267e-02
3.244261444373743031e-02
3.286893529472018766e-02
3.308102467053305323e-02
3.322544400835771711e-02
3.349821035189486096e-02
3.358343673111891664e-02
3.370732697531540062e-02
3.398472170023176392e-02
3.438770987619411967e-02
3.464620286923739134e-02
3.474852924530298648e-02
3.513367611175808453e-02
3.535071731418126112e-02
3.554235067200611081e-02
3.579400660020065628e-02
3.604287298410475959e-02
3.606734433763521958e-02
3.635402554942199910e-02
3.659718644616867522e-02
3.681539869287440980e-02
3.697351203935459601e-02
3.723464963271896216e-02
3.748347774143762773e-02
3.781848356061687233e-02
3.812462148598596418e-02
3.837481702434796665e-02
3.849209276909789507e-02
3.877075643842597952e-02
3.901010689667153142e-02
3.928736292807658015e-02
3.952629810908286911e-02
3.991886060077209225e-02
3.996036796028128862e-02
4.015256502461812121e-02
4.038106789184909423e-02
4.061671674168514101e-02
4.094467156993967377e-02
4.104698674279810833e-02
4.126634906660438945e-02
4.168869171425459985e-02
4.176694009853083867e-02
4.192015424499627441e-02
4.201510242939405365e-02
4.222192062537780816e-02
4.253575394006181565e-02
4.291184681143828117e-02
4.297842325712869505e-02
4.317534753196445446e-02
4.342371971908914191e-02
4.367100697296298628e-02
4.376273298941633916e-02
4.387633586287855575e-02
4.422213693722260724e-02
4.448479184272291498e-02
4.475434518462699518e-02
4.506056515903892473e-02
4.531142292492494617e-02
4.557274789058278486e-02
4.560015636845348580e-02
4.588092508794051200e-02
4.612713999716445967e-02
4.654871324243457092e-02
4.665889676304994099e-02
4.681705765039917422e-02
4.687541715167068551e-02
4.712821384489170734e-02
4.737617017903205524e-02
4.774947639044983122e-02
4.795102069854607907e-02
4.802739512141238759e-02
4.820528456918285465e-02
4.828043371264213734e-02
4.853301828391745620e-02
4.877628892461402521e-02
4.901747940727813752e-02
4.940948377674331954e-02
4.965730320622493976e-02
5.007045404465714639e-02
5.042446995157268130e-02
5.054982485058408248e-02
5.087811651387249418e-02
5.121017977810086996e-02
5.139882414298408558e-02
5.158995160897207610e-02
5.183994260431331463e-02
5.210672652841612240e-02
5.218944734952312564e-02
5.226133358419098734e-02
5.264952307233068673e-02
5.291118328379275371e-02
5.315400609574843366e-02
5.337751931644340447e-02
5.349651400738417856e-02
5.369208527702920564e-02
5.397650868694054554e-02
5.406885115434546807e-02
5.421843985731016752e-02
5.439464784319213153e-02
5.470775051142914847e-02
5.509541562535114761e-02
5.541612761977939700e-02
5.571690590584282149e-02
5.601699708015184936e-02
5.618947809373357055e-02
5.642578350489883821e-02
5.648444012928707098e-02
5.666595187296434577e-02
5.684952560011274220e-02
5.712568405483094136e-02
5.738288956883369485e-02
5.757217071568325462e-02
5.782423645439392634e-02
5.816600938012126548e-02
5.828369851997239337e-02
5.851830347158990669e-02
5.858426648766208722e-02
5.876122588873423924e-02
5.906701822912888838e-02
5.951343595027390465e-02
5.957089549420910291e-02
5.972860307331911284e-02
5.986006203425199568e-02
6.022355947263940273e-02
6.045475308042252277e-02
6.070167311650691289e-02
6.103166141166170566e-02
6.139421816284671568e-02
6.169226591908782281e-02
6.199381860540111727e-02
6.221358719515600322e-02
6.241513458622341415e-02
6.275603874894492007e-02
6.306092321897373287e-02
6.336916268521949891e-02
6.344624345420583900e-02
6.369506316907971866e-02
6.393361452435748771e-02
6.401448499876939702e-02
6.414899846431638963e-02
6.447063288973640949e-02
6.488120253460946674e-02
6.497821598099497165e-02
6.543719278480726598e-02
6.560444486367900119e-02
6.591115707699489457e-02
6.625795291371903983e-02
6.650708676500481642e-02
6.663508014626277898e-02
6.709909064896829589e-02
6.746344602024349768e-02
6.760097169566034458e-02
6.793705808501032672e-02
6.820965888737894056e-02
6.824509635091696724e-02
6.852761267164450554e-02
6.893109230839400414e-02
6.915532062474413766e-02
6.934474952997064789e-02
6.965582031182407374e-02
6.967129870648472445e-02
6.990076201964119662e-02
7.009025855195150090e-02
7.018922011436319608e-02
7.028620901388656084e-02
7.056010666316155089e-02
7.086887852585137260e-02
7.107300403706862113e-02
7.130151787435171085e-02
7.165914825380244324e-02
7.175374224392365441e-02
7.194909882879997609e-02
7.220948419158386422e-02
7.263488501891690596e-02
7.271863709764803119e-02
7.317354231032173473e-02
7.322401192707564399e-02
7.338252279190557448e-02
7.358999679007012518e-02
7.398469065666704592e-02
7.418288371375804380e-02
7.430183235417152365e-02
7.456702416469482286e-02
7.482193583612192778e-02
7.515385922444191291e-02
7.549294229117151089e-02
7.567782352899235510e-02
7.585411254859270036e-02
7.599214559324131424e-02
7.614707473121758163e-02
7.636308734198560266e-02
7.675185320453399573e-02
7.682768474473089526e-02
7.714699999283447518e-02
7.742142700171415759e-02
7.768162982861266663e-02
7.793561590875976164e-02
7.831792697700998285e-02
7.856259717197462689e-02
7.871020134826046954e-02
7.880461072259482835e-02
7.897913235359815820e-02
7.932516074149230378e-02
7.963931252266644167e-02
8.002923915137616362e-02
8.020550269499267249e-02
8.041334196229318887e-02
8.070039837736842081e-02
8.088621326540504364e-02
8.118008783389474292e-02
8.157325511611172864e-02
8.187452054253563372e-02
8.208960668262965665e-02
8.233356831329768921e-02
8.275114863491275785e-02
8.312451904444892459e-02
8.357284112101676099e-02
8.380141391490937564e-02
8.393507223114596294e-02
8.415269474267138283e-02
8.420677815926028154e-02
8.445914786263708507e-02
8.465359405079671273e-02
8.484536305365875108e-02
8.519921172329349146e-02
8.546379661320688270e-02
8.580822011980981934e-02
8.612727894176511190e-02
8.646309330131159154e-02
8.668084565586771373e-02
8.700496097702609122e-02
8.732439340488311330e-02
8.740716888100499848e-02
8.762418754351176953e-02
8.787226957282939788e-02
8.799888855006669786e-02
8.825684948755357917e-02
8.865227187980780077e-02
8.900663544401855864e-02
8.917685530726249254e-02
8.941073618633271769e-02
8.977916332474225602e-02
9.008298887273943900e-02
9.016097413474638556e-02
9.034255448913471043e-02
9.054519413626045676e-02
9.094912529451329442e-02
9.120734936919551450e-02
9.146786040602569723e-02
9.165026864018922803e-02
9.182779385980975595e-02
9.190338902311172287e-02
9.211377559700650863e-02
9.235759481139431404e-02
9.256654775988676365e-02
9.300205176984020772e-02
9.341345528417080435e-02
9.348409551415443053e-02
9.354663717648266374e-02
9.384864798833515709e-02
9.401938788914411538e-02
9.411312473759234076e-02
9.443048801176831542e-02
9.466858000140883356e-02
9.506460744845252053e-02
9.514676131642370305e-02
9.537749185707863897e-02
9.562276761708293771e-02
9.594117021631465292e-02
9.616467196873298984e-02
9.620845608413435002e-02
9.629205484226849299e-02
9.642821433997839087e-02
9.665001885390456238e-02
9.674201237865935610e-02
9.689633668691800816e-02
9.717558117040246690e-02
9.744399810060533351e-02
9.763048137731579479e-02
9.777633555006264021e-02
9.806764468743968399e-02
9.841643116158704796e-02
9.874386584921238108e-02
9.903669902834534577e-02
9.943999946494937181e-02
9.978195567730734072e-02
1.002032502624718296e-01
1.005854955402963880e-01
1.009034924226812069e-01
1.011067152080002834e-01
1.012406461288523907e-01
1.014368195189572636e-01
1.017308731428410024e-01
1.018533840271858559e-01
1.019161266402141691e-01
1.020051744040741254e-01
1.022472334425962165e-01
1.026355664203871115e-01
1.029239899876585457e-01
1.032495458676205846e-01
1.034951178430195962e-01
1.036815670818462820e-01
1.041185214925854918e-01
1.042870987816672951e-01
1.046770002365275259e-01
1.048953223330554435e-01
1.050904903319380967e-01
1.054970431167943090e-01
1.057674733510684667e-01
1.059820583578204162e-01
1.060104773504438325e-01
1.060849259048269461e-01
1.064059702070951352e-01
1.066127980145705617e-01
1.068434689733096660e-01
1.071498800381196354e-01
1.073649003786213973e-01
1.075590497103598719e-01
1.079242184742478100e-01
1.081166396498345478e-01
1.082585650476803607e-01
1.084932145803780973e-01
1.086334525902851872e-01
1.089674855262326159e-01
1.092305043255397401e-01
1.094375763267019935e-01
1.096821881347898459e-01
1.100103465464257330e-01
1.102759612556928476e-01
1.106317444602077926e-01
1.109810278700160135e-01
1.111690575407521253e-01
1.113742680051236777e-01
1.116528119390107765e-01
1.120008612343587340e-01
1.122120414076255429e-01
1.124945213600409832e-01
1.128945876715096580e-01
1.129747927532906565e-01
1.132879246188953221e-01
1.135550525159892410e-01
1.138204696466676019e-01
1.141006234333936387e-01
1.143496276055324806e-01
1.146338915265471547e-01
1.147713101415252096e-01
1.152085898005553166e-01
1.156203660237945796e-01
1.159576526133599544e-01
1.161188592473826053e-01
1.163897411621549749e-01
1.165360645389455913e-01
1.168879379714349437e-01
1.170317739086333131e-01
1.172697681520640106e-01
1.175172606198010561e-01
1.176769419420076734e-01
1.178829737604606964e-01
1.181439350341867006e-01
1.184804951320242300e-01
1.187701597617961263e-01
1.188860920481787514e-01
1.191734173205622888e-01
1.194316842434890447e-01
1.197487335497240402e-01
1.201801285538593583e-01
1.203122228757390055e-01
1.206799275225093615e-01
1.209972071589467540e-01
1.210090166357029595e-01
1.211743032965763717e-01
1.214202775961640834e-01
1.216669663180865307e-01
1.217223439685437975e-01
1.221135119009385955e-01
1.223679361552322681e-01
1.225746612990818579e-01
1.228024825316559460e-01
1.231096643520443595e-01
1.234496711873186298e-01
1.236757501680824933e-01
1.238172779676557089e-01
1.240400041888825300e-01
1.241967821483957318e-01
1.245692015804483604e-01
1.247880352544923216e-01
1.248904340614172825e-01
1.250637428648188609e-01
1.253383741989841094e-01
1.255305302412334234e-01
1.257959528833203500e-01
1.261012662752441227e-01
1.263355692465624180e-01
1.266350962704389516e-01
1.268082676455838664e-01
1.271242746595202533e-01
1.272563234314083302e-01
1.275392573482651559e-01
1.278209539643260784e-01
1.281279718528658684e-01
1.281869268001669115e-01
1.283538087502904268e-01
1.284319416374918310e-01
1.286114533892440404e-01
1.289589131582459247e-01
1.292013231155058339e-01
1.295426570336243866e-01
1.298288940670056790e-01
1.301408384510817640e-01
1.305777597828664816e-01
1.307792026833436427e-01
1.312181649274912487e-01
1.315693777759785743e-01
1.316542604963026608e-01
1.320104143795753360e-01
1.321433883351891825e-01
1.324210637423830772e-01
1.325978505933863849e-01
1.327829635758367710e-01
1.329515376212275501e-01
1.331119532514732362e-01
1.332165083171030495e-01
1.336035879128603387e-01
1.337643758390289761e-01
1.340701525494409352e-01
1.342509353665615190e-01
1.344649326903796238e-01
1.347073531005522351e-01
1.348197376313230167e-01
1.349032202117852741e-01
1.353292507628690300e-01
1.357084627863037463e-01
1.358802523811924456e-01
1.361362341716186308e-01
1.363413950163700761e-01
1.366515550316115823e-01
1.368873941841906028e-01
1.372555668550063945e-01
1.375697040061024945e-01
1.378922415090776399e-01
1.380503868049095528e-01
1.381965740244161245e-01
1.383087407950726044e-01
1.387471941298917544e-01
1.388865179245402093e-01
1.392699081525997362e-01
1.394944373010359728e-01
1.396807216698147391e-01
1.399172576109451172e-01
1.401846849238987947e-01
1.403783876163204603e-01
1.404993522895706115e-01
1.408953842194705930e-01
1.411571183751261782e-01
1.413881502408227131e-01
1.416757625966049705e-01
1.418851535507970052e-01
1.421082783243443615e-01
1.423760272285837514e-01
1.424016303833088304e-01
1.427910665464860451e-01
1.430544137995043985e-01
1.434033153607191802e-01
1.437090619598202224e-01
1.438550079244203250e-01
1.442133762199128422e-01
1.445137398156625119e-01
1.446959305236403537e-01
1.449199152350628406e-01
1.453008763637215206e-01
1.456142667813414004e-01
1.458512137030305023e-01
1.462727751856658653e-01
1.464520625231468809e-01
1.467172244092670441e-01
1.468418267030200675e-01
1.469884985722612059e-01
1.472295621150475076e-01
1.475108349184621193e-01
1.476505116059299572e-01
1.478912851039380361e-01
1.482177579337715378e-01
1.485674535365683613e-01
1.486615896397612824e-01
1.488885981795597391e-01
1.490588382083554431e-01
1.493113784648128772e-01
1.495598790336080675e-01
1.497894412702475142e-01
1.498756574687114540e-01
1.502116429769458361e-01
1.503994117558365706e-01
1.506487541878772929e-01
1.509516297953559238e-01
1.510387709675747869e-01
1.513517931551262019e-01
1.516362270386160116e-01
1.518942581609693532e-01
1.521282477672861733e-01
1.523806054349255701e-01
1.527696722131571538e-01
1.530107892712929407e-01
1.532552506312476470e-01
1.536252087537204603e-01
1.539840922636996345e-01
1.541924208100980132e-01
1.543790353746037902e-01
1.544966571633097363e-01
1.547669904681312769e-01
1.549538916060058946e-01
1.552758964260350372e-01
1.555677235684701787e-01
1.557034833086716474e-01
1.560602749127698308e-01
1.564461213069970880e-01
1.566781314324156571e-01
1.567566442260837356e-01
1.570495997451465675e-01
1.572956100364450160e-01
1.575327122716260464e-01
1.578976143211773264e-01
1.580737736318438835e-01
1.582166773460924047e-01
1.585067542959706921e-01
1.587406316903129666e-01
1.588435879590298361e-01
1.590372096468634922e-01
1.592156312210548930e-01
1.593077278565882549e-01
1.597314135141181535e-01
1.597598549108946442e-01
1.599559136702349005e-01
1.600340058490437867e-01
1.603663272434816545e-01
1.606293549772042362e-01
1.610828476445731183e-01
1.613315031197906646e-01
1.615287400417672603e-01
1.616941738466117495e-01
1.617523837109665352e-01
1.620481888194868214e-01
1.623405970547326382e-01
1.625526606192004286e-01
1.628611125513774460e-01
1.630999114498314084e-01
1.633587747104928989e-01
1.634890631428179975e-01
1.636104204865379830e-01
1.638530009060465420e-01
1.639403083930886518e-01
1.640743966983178592e-01
1.643097277910539333e-01
1.644135583282480273e-01
1.646472084084749099e-01
1.650169886770359584e-01
1.651631988740173418e-01
1.654737316841375372e-01
1.657328306549533670e-01
1.658888082982636070e-01
1.661950173855246404e-01
1.664660054511039322e-01
1.666781143502829854e-01
1.669517885951825042e-01
1.671495784017772157e-01
1.673445387117516447e-01
1.676106191557868164e-01
1.679059679572939279e-01
1.681174776995212061e-01
1.683455519394754241e-01
1.687347478583777483e-01
1.688497940106558071e-01
1.689747036555762083e-01
1.692278732152662779e-01
1.694982321816701498e-01
1.696725543616629528e-01
1.697957948922301508e-01
1.698907741795186166e-01
1.702491620103254721e-01
1.703475818532153852e-01
1.705420787249064818e-01
1.707770805418899196e-01
1.709660640917375074e-01
1.712494707076797906e-01
1.715708329239295504e-01
1.717736609431094186e-01
1.720627383884345274e-01
1.722174778307576093e-01
1.723731328467761892e-01
1.725838285155981700e-01
1.728630315929781114e-01
1.730418654845981286e-01
1.731921556720426303e-01
1.732639478454719439e-01
1.733619436732643793e-01
1.737473624278499107e-01
1.740833211510151302e-01
1.742641626627076112e-01
1.745691565977480209e-01
1.746952139237864798e-01
1.749715071996332250e-01
1.752095481233463259e-01
1.754464216188143522e-01
1.757154200339334227e-01
1.761105414183009865e-01
1.763568494344383564e-01
1.765049965804801335e-01
1.767294768095156732e-01
1.770459286055535153e-01
1.772509585111998742e-01
1.774414659236393244e-01
1.776508614025020250e-01
1.778376606411396221e-01
1.781962655447699995e-01
1.784297362810205456e-01
1.786742507267815028e-01
1.789427697081301116e-01
1.790117376525975912e-01
1.793790142690553646e-01
1.796172963992407889e-01
1.799698102029712032e-01
1.802475022534577587e-01
1.803195989270068023e-01
1.804162083042145648e-01
1.805374405920928127e-01
1.808449023442193493e-01
1.812593998455679645e-01
1.815730312953967862e-01
1.818375149440618621e-01
1.821003565776470046e-01
1.825363800321081753e-01
1.828174788138126339e-01
1.830296594798315746e-01
1.831092690376156795e-01
1.834635202347175975e-01
1.838901754964610558e-01
1.842816281886530128e-01
1.845242863921401910e-01
1.847804175089408085e-01
1.852138427951391664e-01
1.855757756102968392e-01
1.859627353919128256e-01
1.861905099039505851e-01
1.863978797489335704e-01
1.866891902381875579e-01
1.869380731867791301e-01
1.872314458533373693e-01
1.874767330962759659e-01
1.875571996230210869e-01
1.878467242329272535e-01
1.878898413902263254e-01
1.882237159258074444e-01
1.885035222698872859e-01
1.886388405623156406e-01
1.888543187687599101e-01
1.891189732038008053e-01
1.893171884942065619e-01
1.895954534540847114e-01
1.899260620857073090e-01
1.899964153482406604e-01
1.902368828967220538e-01
1.905128976792236639e-01
1.906290858248727849e-01
1.910246973652237612e-01
1.912703705206864058e-01
1.914255714816535947e-01
1.916714691858851238e-01
1.918966223356522449e-01
1.920181936694865810e-01
1.921501076240430261e-01
1.923219474608544310e-01
1.926381077709392875e-01
1.926864395328206636e-01
1.929102221910972137e-01
1.931878374355286421e-01
1.933350789936942316e-01
1.935517695848109898e-01
1.939184578296707928e-01
1.942462403112648617e-01
1.945561103678312143e-01
1.949687001862258628e-01
1.950549731659928510e-01
1.951551307195246443e-01
1.953454829073601462e-01
1.955846292714714107e-01
1.957810696073579437e-01
1.960993666288393944e-01
1.965435748222214285e-01
1.969223178244363659e-01
1.970390412266037061e-01
1.973755707531071046e-01
1.975658298284208025e-01
1.976102561297308213e-01
1.978461570756290255e-01
1.980999170896367567e-01
1.983469587076512886e-01
1.987409052680699506e-01
1.991656486084264766e-01
1.994772594357823170e-01
1.998404811165554740e-01
2.002592252427588815e-01
2.005980748189693519e-01
2.009031306509563575e-01
2.011608094051415552e-01
2.015371027163973261e-01
2.016560486501136618e-01
2.020653121676714292e-01
2.024622103777258264e-01
2.026536828779735011e-01
2.027854249873871639e-01
2.030873461057968732e-01
2.034874514375690502e-01
2.036740466178343922e-01
2.039382206124057684e-01
2.042282235369121957e-01
2.045393332999199121e-01
2.047042447785469566e-01
2.049663466110005494e-01
2.051499752316744141e-01
2.052972682016991901e-01
2.054577007843086667e-01
2.057616179827393144e-01
2.061390949421885166e-01
2.063996879549779839e-01
2.064323972369693783e-01
2.066803769510091038e-01
2.068683684782917642e-01
2.072295831613414074e-01
2.074649964110349964e-01
2.077746266527639718e-01
2.078484176666179073e-01
2.079794435820512266e-01
2.081966770624658070e-01
2.082465408006595187e-01
2.083495627190332933e-01
2.087026092354967166e-01
2.089358088309467287e-01
2.090359398227227550e-01
2.092724134457245866e-01
2.094532973279316923e-01
2.096197587046051691e-01
2.098797240539615194e-01
2.102785926077733736e-01
2.103586260737639324e-01
2.107585876397754798e-01
2.108989107620082570e-01
2.112444270753189579e-01
2.113733463824468695e-01
2.115841042175936049e-01
2.117459916285598098e-01
2.119226887863766839e-01
2.121265049183628515e-01
2.124556807367820321e-01
2.125686248687693736e-01
2.128787621134060615e-01
2.130435277432943530e-01
2.132663832322440611e-01
2.135188205213914836e-01
2.137430653173308104e-01
2.140465235641287878e-01
2.143749577959657704e-01
2.147769429930980467e-01
2.151455596431181838e-01
2.153391876891134205e-01
2.155483734855889177e-01
2.157080507687702819e-01
2.161394123895607755e-01
2.164307479042251459e-01
2.165351200763992456e-01
2.168027633291047251e-01
2.170196782947298175e-01
2.173962814147170908e-01
2.176431594337984443e-01
2.179370759911811450e-01
2.181449660271955471e-01
2.182847248993976530e-01
2.185461092464095201e-01
2.188290703793889791e-01
2.191139718088801758e-01
2.195312921004267115e-01
2.197088402283380038e-01
2.201283272756006659e-01
2.203550251626126832e-01
2.206531752438740390e-01
2.209078310473875095e-01
2.210059129125215016e-01
2.212768578690534893e-01
2.215907834034063217e-01
2.218021097349995308e-01
2.220837253503851749e-01
2.221816183905621633e-01
2.224521902009684304e-01
2.227578985016891444e-01
2.229664097442912163e-01
2.233261502148626565e-01
2.235209274381083355e-01
2.236459346238837964e-01
2.237590518088249936e-01
2.239802051761710378e-01
2.241964025129534466e-01
2.243813478481700430e-01
2.246362020429621409e-01
2.247702483153026509e-01
2.248266156617972356e-01
2.249037564481903007e-01
2.252003743198262575e-01
2.253829539753152700e-01
2.257151500035877167e-01
2.257307137201366998e-01
2.259653257109072721e-01
2.261410329786849860e-01
2.263640159304511623e-01
2.266576099553182511e-01
2.270113159301740402e-01
2.272981047849290115e-01
2.275977985923467173e-01
2.279266752935920071e-01
2.282576384874266395e-01
2.283994446742758921e-01
2.285680762127157428e-01
2.288625269061973777e-01
2.291731996742034372e-01
2.293942391762546773e-01
2.296736397197429169e-01
2.297717117719444702e-01
2.299922848835566636e-01
2.303254833016581127e-01
2.304782081267688354e-01
2.307992481627765824e-01
2.311036804724531102e-01
2.314812524809764793e-01
2.317773362764714573e-01
2.320141195739936490e-01
2.322839670025261261e-01
2.324942997335778805e-01
2.327514655128884724e-01
2.332176198957104929e-01
2.333863640479964252e-01
2.336973932905453688e-01
2.338644323344225284e-01
2.341995824562811968e-01
2.344276195079407488e-01
2.347532739537098179e-01
2.349948225074589003e-01
2.353398968422641957e-01
2.356383235213879712e-01
2.358260758489449382e-01
2.361894981442997365e-01
2.362441416418172013e-01
2.364806504355691508e-01
2.367112572303191886e-01
2.369410948091880686e-01
2.372035181571068851e-01
2.374838608505391857e-01
2.376345421641486155e-01
2.379062934812477548e-01
2.382137633433126789e-01
2.386250877853480223e-01
2.389533261778794826e-01
2.391808471858573870e-01
2.393260409377036269e-01
2.396780299532629277e-01
2.398800763370342315e-01
2.401572744482157462e-01
2.405209249597349830e-01
2.407182686226191637e-01
2.410201257442561862e-01
2.413560429952938124e-01
2.414034948312515083e-01
2.415840181352371385e-01
2.416421802237086192e-01
2.419947662574118696e-01
2.421421120005902428e-01
2.422455902915000292e-01
2.425058505049502988e-01
2.427629629537152722e-01
2.431793253217308104e-01
2.434086051414179053e-01
2.436432380269529518e-01
2.438221313704074522e-01
2.439110610409881419e-01
2.439764929013406025e-01
2.443842724334103211e-01
2.446473548347291582e-01
2.449355704523691057e-01
2.452165153784268414e-01
2.454245545969645226e-01
2.456729524128327402e-01
2.459227675112402867e-01
2.462295195332053765e-01
2.463067762801187388e-01
2.463848813520295999e-01
2.466186147598281586e-01
2.469142410897417206e-01
2.470285210488751826e-01
2.474524401367884929e-01
2.478362479085154946e-01
2.479953300820544881e-01
2.483967786582934045e-01
2.486824833996340578e-01
2.488968024509618793e-01
2.491595820009913920e-01
2.493965818827224845e-01
2.496668642289565088e-01
2.498114487686556862e-01
2.500517271241516903e-01
2.502631531544277088e-01
2.505895012152457024e-01
2.510072970218182320e-01
2.512749521962056587e-01
2.515240123022538521e-01
2.516886449102326839e-01
2.520276895987249022e-01
2.523416665377801738e-01
2.525972854944571466e-01
2.528765134126127467e-01
2.532666990647227667e-01
2.536484665702052888e-01
7.624354622744644594e-02
