1.000000000000000000e+00
9.905857740585773952e-01
9.884937238493723966e-01
9.874476987447698972e-01
9.843096234309622883e-01
9.790794979079497917e-01
9.780334728033472924e-01
9.780334728033472924e-01
9.759414225941422938e-01
9.748953974895397945e-01
9.748953974895397945e-01
9.728033472803346848e-01
9.717573221757321855e-01
9.707112970711296862e-01
9.267782426778242710e-01
9.257322175732217717e-01
9.246861924686192724e-01
9.236401673640167731e-01
9.236401673640167731e-01
9.215481171548116635e-01
9.205020920502091641e-01
9.173640167364016662e-01
9.163179916317991669e-01
9.142259414225941683e-01
9.131799163179916690e-01
9.121338912133891696e-01
9.089958158995815607e-01
9.037656903765690641e-01
9.027196652719665648e-01
9.016736401673640655e-01
8.995815899581589559e-01
8.974895397489539572e-01
8.964435146443514579e-01
8.943514644351464593e-01
8.933054393305439600e-01
8.922594142259414607e-01
8.912133891213389614e-01
8.901673640167363510e-01
8.891213389121338517e-01
8.880753138075313524e-01
8.880753138075313524e-01
8.870292887029288531e-01
8.859832635983263538e-01
8.859832635983263538e-01
8.828451882845188559e-01
8.797071129707112469e-01
8.786610878661087476e-01
8.776150627615062483e-01
8.776150627615062483e-01
8.765690376569037490e-01
8.734309623430962510e-01
8.702928870292887531e-01
8.682008368200836435e-01
8.671548117154811441e-01
8.671548117154811441e-01
8.650627615062761455e-01
8.629707112970711469e-01
8.619246861924686476e-01
8.608786610878661483e-01
8.504184100418410441e-01
8.493723849372385448e-01
8.483263598326359345e-01
8.462343096234309359e-01
8.451882845188284366e-01
8.441422594142259372e-01
8.430962343096234379e-01
8.420502092050209386e-01
8.315899581589958345e-01
8.305439330543933352e-01
8.274058577405857262e-01
8.263598326359832269e-01
8.263598326359832269e-01
8.253138075313807276e-01
8.242677824267782283e-01
8.242677824267782283e-01
8.242677824267782283e-01
8.232217573221757290e-01
8.096234309623431269e-01
8.085774058577406276e-01
8.085774058577406276e-01
8.075313807531381283e-01
8.075313807531381283e-01
8.064853556485355179e-01
8.064853556485355179e-01
8.043933054393305193e-01
8.033472803347280200e-01
8.023012552301255207e-01
8.012552301255230214e-01
7.981171548117155234e-01
7.960251046025104138e-01
7.928870292887029159e-01
7.918410041841004166e-01
7.866108786610879200e-01
7.866108786610879200e-01
7.855648535564853097e-01
7.824267782426778117e-01
7.813807531380753124e-01
7.792887029288703138e-01
7.792887029288703138e-01
7.782426778242678145e-01
7.771966527196653152e-01
7.761506276150628159e-01
7.740585774058577062e-01
7.730125523012552069e-01
7.625523012552301028e-01
7.615062761506276034e-01
7.604602510460251041e-01
7.562761506276151069e-01
7.552301255230126076e-01
7.541841004184099972e-01
7.531380753138074979e-01
7.520920502092049986e-01
7.510460251046024993e-01
7.489539748953975007e-01
7.479079497907950014e-01
7.468619246861925021e-01
7.468619246861925021e-01
7.458158995815900028e-01
7.447698744769873924e-01
7.437238493723848931e-01
7.405857740585773952e-01
7.405857740585773952e-01
7.384937238493723966e-01
7.374476987447698972e-01
7.322175732217572897e-01
7.311715481171547903e-01
7.301255230125522910e-01
7.280334728033472924e-01
7.269874476987447931e-01
7.259414225941422938e-01
7.259414225941422938e-01
7.259414225941422938e-01
7.248953974895397945e-01
7.248953974895397945e-01
7.248953974895397945e-01
7.248953974895397945e-01
7.228033472803346848e-01
7.186192468619246876e-01
7.175732217573221883e-01
7.165271966527196890e-01
7.165271966527196890e-01
7.165271966527196890e-01
7.154811715481171897e-01
7.144351464435146903e-01
7.144351464435146903e-01
7.102510460251045821e-01
7.092050209205020828e-01
7.071129707112970841e-01
7.060669456066945848e-01
7.060669456066945848e-01
7.050209205020920855e-01
7.039748953974895862e-01
7.018828451882844766e-01
7.018828451882844766e-01
7.008368200836819772e-01
7.008368200836819772e-01
6.997907949790794779e-01
6.987447698744769786e-01
6.966527196652719800e-01
6.935146443514644821e-01
6.924686192468618717e-01
6.914225941422593724e-01
6.799163179916317690e-01
6.799163179916317690e-01
6.767782426778242710e-01
6.757322175732217717e-01
6.725941422594142738e-01
6.715481171548116635e-01
6.705020920502091641e-01
6.673640167364016662e-01
6.663179916317991669e-01
6.548117154811715634e-01
6.537656903765690641e-01
6.516736401673640655e-01
6.506276150627614552e-01
6.506276150627614552e-01
6.506276150627614552e-01
6.495815899581589559e-01
6.443514644351464593e-01
6.443514644351464593e-01
6.443514644351464593e-01
6.412133891213389614e-01
6.401673640167363510e-01
6.401673640167363510e-01
6.401673640167363510e-01
6.401673640167363510e-01
6.391213389121338517e-01
6.359832635983263538e-01
6.338912133891213552e-01
6.338912133891213552e-01
6.338912133891213552e-01
6.328451882845188559e-01
6.317991631799163565e-01
6.307531380753138572e-01
6.297071129707112469e-01
6.286610878661087476e-01
6.276150627615062483e-01
6.276150627615062483e-01
6.276150627615062483e-01
6.265690376569037490e-01
6.234309623430962510e-01
6.223849372384937517e-01
6.213389121338912524e-01
6.202928870292887531e-01
3.399581589958158845e-01
3.399581589958158845e-01
3.399581589958158845e-01
3.347280334728033324e-01
3.347280334728033324e-01
3.347280334728033324e-01
3.347280334728033324e-01
3.336820083682008331e-01
3.326359832635983338e-01
3.315899581589958345e-01
3.315899581589958345e-01
3.315899581589958345e-01
3.315899581589958345e-01
3.315899581589958345e-01
3.305439330543932797e-01
3.305439330543932797e-01
3.305439330543932797e-01
3.305439330543932797e-01
3.284518828451882810e-01
3.284518828451882810e-01
3.274058577405857817e-01
3.274058577405857817e-01
3.274058577405857817e-01
2.824267782426778117e-01
2.824267782426778117e-01
2.824267782426778117e-01
2.813807531380753124e-01
2.813807531380753124e-01
2.792887029288703138e-01
2.792887029288703138e-01
2.792887029288703138e-01
2.782426778242677590e-01
2.782426778242677590e-01
2.782426778242677590e-01
2.782426778242677590e-01
2.782426778242677590e-01
2.782426778242677590e-01
2.782426778242677590e-01
2.782426778242677590e-01
2.782426778242677590e-01
2.782426778242677590e-01
2.782426778242677590e-01
2.782426778242677590e-01
2.771966527196652597e-01
2.771966527196652597e-01
2.771966527196652597e-01
2.761506276150627603e-01
2.761506276150627603e-01
2.761506276150627603e-01
2.761506276150627603e-01
2.751046025104602610e-01
2.751046025104602610e-01
2.740585774058577617e-01
2.740585774058577617e-01
2.740585774058577617e-01
2.730125523012552069e-01
2.730125523012552069e-01
2.677824267782426548e-01
2.667364016736401555e-01
2.667364016736401555e-01
2.667364016736401555e-01
2.667364016736401555e-01
2.667364016736401555e-01
2.667364016736401555e-01
2.667364016736401555e-01
2.667364016736401555e-01
2.667364016736401555e-01
2.656903765690376562e-01
2.656903765690376562e-01
2.656903765690376562e-01
2.656903765690376562e-01
2.646443514644351569e-01
2.646443514644351569e-01
2.646443514644351569e-01
2.646443514644351569e-01
2.646443514644351569e-01
2.646443514644351569e-01
2.646443514644351569e-01
2.604602510460251041e-01
2.573221757322175507e-01
2.562761506276150514e-01
2.562761506276150514e-01
2.541841004184100528e-01
2.541841004184100528e-01
2.458158995815899472e-01
2.458158995815899472e-01
2.458158995815899472e-01
2.458158995815899472e-01
2.458158995815899472e-01
2.458158995815899472e-01
2.426778242677824216e-01
2.395397489539748959e-01
2.395397489539748959e-01
2.395397489539748959e-01
2.395397489539748959e-01
2.395397489539748959e-01
2.395397489539748959e-01
2.395397489539748959e-01
2.395397489539748959e-01
2.395397489539748959e-01
2.395397489539748959e-01
2.395397489539748959e-01
2.395397489539748959e-01
2.395397489539748959e-01
2.228033472803347403e-01
2.228033472803347403e-01
2.217573221757322133e-01
2.207112970711297140e-01
2.207112970711297140e-01
2.207112970711297140e-01
2.207112970711297140e-01
2.207112970711297140e-01
2.207112970711297140e-01
2.207112970711297140e-01
2.207112970711297140e-01
2.207112970711297140e-01
2.207112970711297140e-01
2.112970711297071091e-01
2.112970711297071091e-01
2.102510460251046098e-01
2.102510460251046098e-01
2.102510460251046098e-01
2.102510460251046098e-01
2.102510460251046098e-01
2.102510460251046098e-01
2.102510460251046098e-01
2.102510460251046098e-01
2.081589958158995834e-01
2.081589958158995834e-01
2.018828451882845321e-01
2.018828451882845321e-01
2.018828451882845321e-01
2.018828451882845321e-01
2.008368200836820050e-01
1.966527196652719800e-01
1.966527196652719800e-01
1.966527196652719800e-01
1.966527196652719800e-01
1.945606694560669536e-01
1.903765690376569009e-01
1.893305439330544016e-01
1.893305439330544016e-01
1.882845188284518745e-01
1.882845188284518745e-01
1.882845188284518745e-01
1.882845188284518745e-01
1.882845188284518745e-01
1.882845188284518745e-01
1.872384937238493752e-01
1.861924686192468481e-01
1.851464435146443488e-01
1.851464435146443488e-01
1.841004184100418495e-01
1.736401673640167453e-01
1.725941422594142183e-01
1.725941422594142183e-01
1.715481171548117190e-01
1.715481171548117190e-01
1.715481171548117190e-01
1.715481171548117190e-01
1.715481171548117190e-01
1.694560669456066926e-01
1.694560669456066926e-01
1.694560669456066926e-01
1.684100418410041933e-01
1.684100418410041933e-01
1.673640167364016662e-01
1.663179916317991669e-01
1.663179916317991669e-01
1.663179916317991669e-01
1.663179916317991669e-01
1.663179916317991669e-01
1.652719665271966398e-01
1.652719665271966398e-01
1.652719665271966398e-01
1.652719665271966398e-01
1.652719665271966398e-01
1.652719665271966398e-01
1.642259414225941405e-01
1.642259414225941405e-01
1.642259414225941405e-01
1.621338912133891141e-01
1.527196652719665371e-01
1.527196652719665371e-01
1.527196652719665371e-01
1.527196652719665371e-01
1.527196652719665371e-01
1.527196652719665371e-01
1.527196652719665371e-01
1.527196652719665371e-01
1.527196652719665371e-01
1.527196652719665371e-01
1.527196652719665371e-01
1.527196652719665371e-01
1.527196652719665371e-01
1.516736401673640100e-01
1.516736401673640100e-01
1.506276150627615107e-01
1.495815899581589836e-01
1.485355648535564843e-01
1.474895397489539850e-01
1.474895397489539850e-01
1.474895397489539850e-01
1.474895397489539850e-01
1.474895397489539850e-01
1.474895397489539850e-01
1.474895397489539850e-01
1.474895397489539850e-01
1.464435146443514579e-01
1.464435146443514579e-01
1.464435146443514579e-01
1.464435146443514579e-01
1.464435146443514579e-01
1.453974895397489586e-01
1.443514644351464316e-01
1.433054393305439322e-01
1.422594142259414329e-01
1.380753138075313802e-01
1.380753138075313802e-01
1.380753138075313802e-01
1.380753138075313802e-01
1.370292887029288809e-01
1.370292887029288809e-01
1.370292887029288809e-01
1.370292887029288809e-01
1.349372384937238545e-01
1.349372384937238545e-01
1.338912133891213274e-01
1.338912133891213274e-01
1.338912133891213274e-01
1.338912133891213274e-01
1.338912133891213274e-01
1.338912133891213274e-01
1.338912133891213274e-01
1.056485355648535546e-01
1.056485355648535546e-01
1.056485355648535546e-01
1.056485355648535546e-01
1.056485355648535546e-01
1.046025104602510414e-01
1.046025104602510414e-01
1.046025104602510414e-01
1.046025104602510414e-01
1.035564853556485421e-01
1.025104602510460289e-01
1.025104602510460289e-01
1.025104602510460289e-01
1.025104602510460289e-01
1.025104602510460289e-01
1.025104602510460289e-01
1.025104602510460289e-01
1.014644351464435157e-01
1.014644351464435157e-01
1.014644351464435157e-01
1.014644351464435157e-01
1.014644351464435157e-01
1.014644351464435157e-01
1.004184100418410025e-01
1.004184100418410025e-01
1.004184100418410025e-01
1.004184100418410025e-01
1.004184100418410025e-01
1.004184100418410025e-01
1.004184100418410025e-01
1.004184100418410025e-01
1.004184100418410025e-01
9.728033472803347681e-02
9.728033472803347681e-02
9.728033472803347681e-02
8.472803347280334629e-02
8.472803347280334629e-02
8.472803347280334629e-02
8.472803347280334629e-02
8.472803347280334629e-02
8.472803347280334629e-02
8.472803347280334629e-02
8.472803347280334629e-02
8.472803347280334629e-02
8.472803347280334629e-02
8.472803347280334629e-02
8.472803347280334629e-02
8.472803347280334629e-02
8.472803347280334629e-02
8.472803347280334629e-02
8.472803347280334629e-02
8.472803347280334629e-02
8.472803347280334629e-02
8.472803347280334629e-02
8.472803347280334629e-02
8.472803347280334629e-02
8.472803347280334629e-02
8.472803347280334629e-02
8.472803347280334629e-02
8.472803347280334629e-02
8.368200836820083310e-02
8.368200836820083310e-02
8.368200836820083310e-02
8.368200836820083310e-02
8.368200836820083310e-02
8.263598326359831991e-02
8.263598326359831991e-02
8.263598326359831991e-02
8.263598326359831991e-02
8.263598326359831991e-02
8.263598326359831991e-02
8.263598326359831991e-02
8.263598326359831991e-02
8.263598326359831991e-02
8.263598326359831991e-02
8.263598326359831991e-02
8.263598326359831991e-02
8.158995815899582060e-02
8.158995815899582060e-02
8.158995815899582060e-02
8.158995815899582060e-02
8.158995815899582060e-02
8.158995815899582060e-02
8.158995815899582060e-02
8.158995815899582060e-02
8.158995815899582060e-02
8.158995815899582060e-02
8.158995815899582060e-02
8.158995815899582060e-02
8.158995815899582060e-02
8.158995815899582060e-02
8.054393305439330741e-02
7.949790794979079422e-02
7.949790794979079422e-02
7.949790794979079422e-02
7.949790794979079422e-02
7.949790794979079422e-02
7.845188284518828103e-02
7.845188284518828103e-02
7.845188284518828103e-02
7.845188284518828103e-02
7.845188284518828103e-02
7.845188284518828103e-02
7.845188284518828103e-02
7.845188284518828103e-02
7.845188284518828103e-02
7.845188284518828103e-02
7.845188284518828103e-02
7.845188284518828103e-02
7.845188284518828103e-02
7.845188284518828103e-02
7.845188284518828103e-02
7.845188284518828103e-02
7.845188284518828103e-02
7.845188284518828103e-02
7.845188284518828103e-02
7.845188284518828103e-02
7.740585774058576785e-02
7.740585774058576785e-02
7.740585774058576785e-02
7.740585774058576785e-02
7.740585774058576785e-02
7.740585774058576785e-02
7.635983263598326853e-02
7.635983263598326853e-02
7.635983263598326853e-02
7.635983263598326853e-02
7.635983263598326853e-02
7.531380753138075534e-02
7.531380753138075534e-02
7.531380753138075534e-02
7.531380753138075534e-02
7.531380753138075534e-02
7.531380753138075534e-02
7.531380753138075534e-02
7.531380753138075534e-02
7.531380753138075534e-02
7.531380753138075534e-02
7.531380753138075534e-02
7.531380753138075534e-02
7.531380753138075534e-02
7.531380753138075534e-02
7.531380753138075534e-02
7.531380753138075534e-02
7.531380753138075534e-02
7.531380753138075534e-02
7.426778242677824216e-02
7.426778242677824216e-02
7.426778242677824216e-02
7.426778242677824216e-02
7.426778242677824216e-02
7.426778242677824216e-02
7.426778242677824216e-02
7.426778242677824216e-02
1.778242677824267912e-02
1.778242677824267912e-02
1.778242677824267912e-02
1.778242677824267912e-02
1.778242677824267912e-02
1.778242677824267912e-02
1.778242677824267912e-02
1.778242677824267912e-02
1.778242677824267912e-02
1.778242677824267912e-02
1.778242677824267912e-02
1.778242677824267912e-02
1.778242677824267912e-02
1.778242677824267912e-02
1.778242677824267912e-02
1.778242677824267912e-02
1.778242677824267912e-02
1.778242677824267912e-02
6.276150627615062656e-03
6.276150627615062656e-03
6.276150627615062656e-03
6.276150627615062656e-03
6.276150627615062656e-03
6.276150627615062656e-03
6.276150627615062656e-03
6.276150627615062656e-03
6.276150627615062656e-03
6.276150627615062656e-03
6.276150627615062656e-03
6.276150627615062656e-03
6.276150627615062656e-03
6.276150627615062656e-03
4.184100418410041482e-03
4.184100418410041482e-03
4.184100418410041482e-03
4.184100418410041482e-03
4.184100418410041482e-03
4.184100418410041482e-03
4.184100418410041482e-03
4.184100418410041482e-03
4.184100418410041482e-03
4.184100418410041482e-03
4.184100418410041482e-03
4.184100418410041482e-03
4.184100418410041482e-03
4.184100418410041482e-03
4.184100418410041482e-03
4.184100418410041482e-03
4.184100418410041482e-03
4.184100418410041482e-03
4.184100418410041482e-03
4.184100418410041482e-03
4.184100418410041482e-03
4.184100418410041482e-03
4.184100418410041482e-03
4.184100418410041482e-03
4.184100418410041482e-03
4.184100418410041482e-03
4.184100418410041482e-03
4.184100418410041482e-03
4.184100418410041482e-03
4.184100418410041482e-03
4.184100418410041482e-03
4.184100418410041482e-03
4.184100418410041482e-03
4.184100418410041482e-03
4.184100418410041482e-03
4.184100418410041482e-03
4.184100418410041482e-03
4.184100418410041482e-03
4.184100418410041482e-03
4.184100418410041482e-03
4.184100418410041482e-03
4.184100418410041482e-03
4.184100418410041482e-03
4.184100418410041482e-03
4.184100418410041482e-03
4.184100418410041482e-03
4.184100418410041482e-03
4.184100418410041482e-03
4.184100418410041482e-03
4.184100418410041482e-03
4.184100418410041482e-03
4.184100418410041482e-03
4.184100418410041482e-03
4.184100418410041482e-03
4.184100418410041482e-03
4.184100418410041482e-03
4.184100418410041482e-03
4.184100418410041482e-03
4.184100418410041482e-03
4.184100418410041482e-03
4.184100418410041482e-03
4.184100418410041482e-03
4.184100418410041482e-03
4.184100418410041482e-03
4.184100418410041482e-03
4.184100418410041482e-03
4.184100418410041482e-03
4.184100418410041482e-03
4.184100418410041482e-03
4.184100418410041482e-03
4.184100418410041482e-03
4.184100418410041482e-03
4.184100418410041482e-03
4.184100418410041482e-03
4.184100418410041482e-03
4.184100418410041482e-03
4.184100418410041482e-03
4.184100418410041482e-03
4.184100418410041482e-03
4.184100418410041482e-03
4.184100418410041482e-03
4.184100418410041482e-03
4.184100418410041482e-03
4.184100418410041482e-03
4.184100418410041482e-03
4.184100418410041482e-03
4.184100418410041482e-03
4.184100418410041482e-03
4.184100418410041482e-03
4.184100418410041482e-03
4.184100418410041482e-03
4.184100418410041482e-03
4.184100418410041482e-03
4.184100418410041482e-03
4.184100418410041482e-03
4.184100418410041482e-03
4.184100418410041482e-03
4.184100418410041482e-03
4.184100418410041482e-03
4.184100418410041482e-03
4.184100418410041482e-03
4.184100418410041482e-03
4.184100418410041482e-03
4.184100418410041482e-03
4.184100418410041482e-03
4.184100418410041482e-03
4.184100418410041482e-03
4.184100418410041482e-03
2.092050209205020741e-03
2.092050209205020741e-03
2.092050209205020741e-03
2.092050209205020741e-03
2.092050209205020741e-03
2.092050209205020741e-03
2.092050209205020741e-03
2.092050209205020741e-03
2.092050209205020741e-03
2.092050209205020741e-03
2.092050209205020741e-03
2.092050209205020741e-03
2.092050209205020741e-03
2.092050209205020741e-03
2.092050209205020741e-03
2.092050209205020741e-03
2.092050209205020741e-03
2.092050209205020741e-03
2.092050209205020741e-03
2.092050209205020741e-03
2.092050209205020741e-03
2.092050209205020741e-03
2.092050209205020741e-03
2.092050209205020741e-03
2.092050209205020741e-03
2.092050209205020741e-03
2.092050209205020741e-03
2.092050209205020741e-03
2.092050209205020741e-03
2.092050209205020741e-03
2.092050209205020741e-03
2.092050209205020741e-03
2.092050209205020741e-03
2.092050209205020741e-03
2.092050209205020741e-03
2.092050209205020741e-03
2.092050209205020741e-03
2.092050209205020741e-03
2.092050209205020741e-03
2.092050209205020741e-03
2.092050209205020741e-03
2.092050209205020741e-03
2.092050209205020741e-03
2.092050209205020741e-03
2.092050209205020741e-03
2.092050209205020741e-03
2.092050209205020741e-03
2.092050209205020741e-03
2.092050209205020741e-03
2.092050209205020741e-03
2.092050209205020741e-03
2.092050209205020741e-03
2.092050209205020741e-03
2.092050209205020741e-03
2.092050209205020741e-03
2.092050209205020741e-03
2.092050209205020741e-03
2.092050209205020741e-03
2.092050209205020741e-03
2.092050209205020741e-03
2.092050209205020741e-03
2.092050209205020741e-03
2.092050209205020741e-03
2.092050209205020741e-03
2.092050209205020741e-03
2.092050209205020741e-03
2.092050209205020741e-03
2.092050209205020741e-03
2.092050209205020741e-03
2.092050209205020741e-03
2.092050209205020741e-03
2.092050209205020741e-03
2.092050209205020741e-03
2.092050209205020741e-03
2.092050209205020741e-03
2.092050209205020741e-03
2.092050209205020741e-03
2.092050209205020741e-03
2.092050209205020741e-03
2.092050209205020741e-03
2.092050209205020741e-03
2.092050209205020741e-03
2.092050209205020741e-03
2.092050209205020741e-03
2.092050209205020741e-03
2.092050209205020741e-03
2.092050209205020741e-03
2.092050209205020741e-03
2.092050209205020741e-03
2.092050209205020741e-03
2.092050209205020741e-03
2.092050209205020741e-03
2.092050209205020741e-03
2.092050209205020741e-03
2.092050209205020741e-03
2.092050209205020741e-03
2.092050209205020741e-03
2.092050209205020741e-03
2.092050209205020741e-03
2.092050209205020741e-03
2.092050209205020741e-03
2.092050209205020741e-03
2.092050209205020741e-03
2.092050209205020741e-03
2.092050209205020741e-03
2.092050209205020741e-03
2.092050209205020741e-03
2.092050209205020741e-03
2.092050209205020741e-03
2.092050209205020741e-03
2.092050209205020741e-03
2.092050209205020741e-03
2.092050209205020741e-03
2.092050209205020741e-03
2.092050209205020741e-03
2.092050209205020741e-03
2.092050209205020741e-03
2.092050209205020741e-03
2.092050209205020741e-03
2.092050209205020741e-03
2.092050209205020741e-03
2.092050209205020741e-03
2.092050209205020741e-03
2.092050209205020741e-03
2.092050209205020741e-03
2.092050209205020741e-03
2.092050209205020741e-03
2.092050209205020741e-03
2.092050209205020741e-03
2.092050209205020741e-03
2.092050209205020741e-03
2.092050209205020741e-03
2.092050209205020741e-03
2.092050209205020741e-03
2.092050209205020741e-03
2.092050209205020741e-03
2.092050209205020741e-03
2.092050209205020741e-03
2.092050209205020741e-03
2.092050209205020741e-03
2.092050209205020741e-03
2.092050209205020741e-03
2.092050209205020741e-03
2.092050209205020741e-03
2.092050209205020741e-03
2.092050209205020741e-03
2.092050209205020741e-03
2.092050209205020741e-03
2.092050209205020741e-03
2.092050209205020741e-03
2.092050209205020741e-03
2.092050209205020741e-03
2.092050209205020741e-03
2.092050209205020741e-03
2.092050209205020741e-03
2.092050209205020741e-03
2.092050209205020741e-03
2.092050209205020741e-03
2.092050209205020741e-03
2.092050209205020741e-03
2.092050209205020741e-03
2.092050209205020741e-03
2.092050209205020741e-03
2.092050209205020741e-03
2.092050209205020741e-03
2.092050209205020741e-03
2.092050209205020741e-03
2.092050209205020741e-03
2.092050209205020741e-03
2.092050209205020741e-03
2.092050209205020741e-03
2.092050209205020741e-03
2.092050209205020741e-03
2.092050209205020741e-03
2.092050209205020741e-03
2.092050209205020741e-03
2.092050209205020741e-03
2.092050209205020741e-03
2.092050209205020741e-03
2.092050209205020741e-03
2.092050209205020741e-03
2.092050209205020741e-03
2.092050209205020741e-03
2.092050209205020741e-03
2.092050209205020741e-03
2.092050209205020741e-03
2.092050209205020741e-03
2.092050209205020741e-03
2.092050209205020741e-03
2.092050209205020741e-03
2.092050209205020741e-03
2.092050209205020741e-03
2.092050209205020741e-03
2.092050209205020741e-03
2.092050209205020741e-03
2.092050209205020741e-03
2.092050209205020741e-03
2.092050209205020741e-03
2.092050209205020741e-03
2.092050209205020741e-03
2.092050209205020741e-03
2.092050209205020741e-03
2.092050209205020741e-03
2.092050209205020741e-03
2.092050209205020741e-03
2.092050209205020741e-03
2.092050209205020741e-03
2.092050209205020741e-03
2.092050209205020741e-03
2.092050209205020741e-03
2.092050209205020741e-03
2.092050209205020741e-03
2.092050209205020741e-03
2.092050209205020741e-03
2.092050209205020741e-03
2.092050209205020741e-03
2.092050209205020741e-03
2.092050209205020741e-03
2.092050209205020741e-03
2.092050209205020741e-03
2.092050209205020741e-03
2.092050209205020741e-03
2.092050209205020741e-03
2.092050209205020741e-03
2.092050209205020741e-03
2.092050209205020741e-03
2.092050209205020741e-03
2.092050209205020741e-03
2.092050209205020741e-03
2.092050209205020741e-03
2.092050209205020741e-03
2.092050209205020741e-03
2.092050209205020741e-03
2.092050209205020741e-03
2.092050209205020741e-03
2.092050209205020741e-03
2.092050209205020741e-03
2.092050209205020741e-03
2.092050209205020741e-03
2.092050209205020741e-03
2.092050209205020741e-03
2.092050209205020741e-03
2.092050209205020741e-03
2.092050209205020741e-03
2.092050209205020741e-03
2.092050209205020741e-03
2.092050209205020741e-03
2.092050209205020741e-03
2.092050209205020741e-03
2.092050209205020741e-03
2.092050209205020741e-03
2.092050209205020741e-03
2.092050209205020741e-03
2.092050209205020741e-03
2.092050209205020741e-03
2.092050209205020741e-03
2.092050209205020741e-03
2.092050209205020741e-03
2.092050209205020741e-03
2.092050209205020741e-03
2.092050209205020741e-03
2.092050209205020741e-03
2.092050209205020741e-03
2.092050209205020741e-03
2.092050209205020741e-03
2.092050209205020741e-03
2.092050209205020741e-03
2.092050209205020741e-03
2.092050209205020741e-03
2.092050209205020741e-03
2.092050209205020741e-03
2.092050209205020741e-03
2.092050209205020741e-03
2.092050209205020741e-03
2.092050209205020741e-03
2.092050209205020741e-03
2.092050209205020741e-03
2.092050209205020741e-03
2.092050209205020741e-03
2.092050209205020741e-03
2.092050209205020741e-03
2.092050209205020741e-03
2.092050209205020741e-03
2.092050209205020741e-03
2.092050209205020741e-03
2.092050209205020741e-03
2.092050209205020741e-03
2.092050209205020741e-03
2.092050209205020741e-03
2.092050209205020741e-03
2.092050209205020741e-03
2.092050209205020741e-03
2.092050209205020741e-03
2.092050209205020741e-03
2.092050209205020741e-03
2.092050209205020741e-03
2.092050209205020741e-03
2.092050209205020741e-03
2.092050209205020741e-03
2.092050209205020741e-03
2.092050209205020741e-03
2.092050209205020741e-03
2.092050209205020741e-03
2.092050209205020741e-03
2.092050209205020741e-03
2.092050209205020741e-03
2.092050209205020741e-03
2.092050209205020741e-03
2.092050209205020741e-03
2.092050209205020741e-03
2.092050209205020741e-03
2.092050209205020741e-03
2.092050209205020741e-03
2.092050209205020741e-03
2.092050209205020741e-03
2.092050209205020741e-03
2.092050209205020741e-03
2.092050209205020741e-03
2.092050209205020741e-03
2.092050209205020741e-03
2.092050209205020741e-03
2.092050209205020741e-03
2.092050209205020741e-03
2.092050209205020741e-03
2.092050209205020741e-03
2.092050209205020741e-03
2.092050209205020741e-03
2.092050209205020741e-03
2.092050209205020741e-03
2.092050209205020741e-03
2.092050209205020741e-03
2.092050209205020741e-03
2.092050209205020741e-03
2.092050209205020741e-03
2.092050209205020741e-03
2.092050209205020741e-03
2.092050209205020741e-03
2.092050209205020741e-03
2.092050209205020741e-03
2.092050209205020741e-03
2.092050209205020741e-03
2.092050209205020741e-03
2.092050209205020741e-03
2.092050209205020741e-03
2.092050209205020741e-03
2.092050209205020741e-03
2.092050209205020741e-03
2.092050209205020741e-03
2.092050209205020741e-03
2.092050209205020741e-03
2.092050209205020741e-03
2.092050209205020741e-03
2.092050209205020741e-03
2.092050209205020741e-03
2.092050209205020741e-03
2.092050209205020741e-03
2.092050209205020741e-03
2.092050209205020741e-03
2.092050209205020741e-03
2.092050209205020741e-03
2.092050209205020741e-03
2.092050209205020741e-03
2.092050209205020741e-03
2.092050209205020741e-03
2.092050209205020741e-03
2.092050209205020741e-03
2.092050209205020741e-03
2.092050209205020741e-03
2.092050209205020741e-03
2.092050209205020741e-03
2.092050209205020741e-03
2.092050209205020741e-03
2.092050209205020741e-03
2.092050209205020741e-03
2.092050209205020741e-03
2.092050209205020741e-03
2.092050209205020741e-03
2.092050209205020741e-03
2.092050209205020741e-03
2.092050209205020741e-03
2.092050209205020741e-03
2.092050209205020741e-03
2.092050209205020741e-03
2.092050209205020741e-03
2.092050209205020741e-03
2.092050209205020741e-03
2.092050209205020741e-03
2.092050209205020741e-03
2.092050209205020741e-03
2.092050209205020741e-03
2.092050209205020741e-03
2.092050209205020741e-03
2.092050209205020741e-03
2.092050209205020741e-03
2.092050209205020741e-03
2.092050209205020741e-03
2.092050209205020741e-03
2.092050209205020741e-03
2.092050209205020741e-03
2.092050209205020741e-03
2.092050209205020741e-03
2.092050209205020741e-03
2.092050209205020741e-03
2.092050209205020741e-03
2.092050209205020741e-03
2.092050209205020741e-03
2.092050209205020741e-03
2.092050209205020741e-03
2.092050209205020741e-03
2.092050209205020741e-03
2.092050209205020741e-03
2.092050209205020741e-03
2.092050209205020741e-03
2.092050209205020741e-03
2.092050209205020741e-03
2.092050209205020741e-03
2.092050209205020741e-03
2.092050209205020741e-03
2.092050209205020741e-03
2.092050209205020741e-03
2.092050209205020741e-03
2.092050209205020741e-03
2.092050209205020741e-03
2.092050209205020741e-03
2.092050209205020741e-03
2.092050209205020741e-03
2.092050209205020741e-03
2.092050209205020741e-03
2.092050209205020741e-03
2.092050209205020741e-03
2.092050209205020741e-03
2.092050209205020741e-03
2.092050209205020741e-03
2.092050209205020741e-03
2.092050209205020741e-03
2.092050209205020741e-03
2.092050209205020741e-03
2.092050209205020741e-03
2.092050209205020741e-03
2.092050209205020741e-03
2.092050209205020741e-03
2.092050209205020741e-03
2.092050209205020741e-03
2.092050209205020741e-03
2.092050209205020741e-03
2.092050209205020741e-03
2.092050209205020741e-03
2.092050209205020741e-03
2.092050209205020741e-03
2.092050209205020741e-03
2.092050209205020741e-03
2.092050209205020741e-03
2.092050209205020741e-03
2.092050209205020741e-03
2.092050209205020741e-03
2.092050209205020741e-03
2.092050209205020741e-03
2.092050209205020741e-03
2.092050209205020741e-03
2.092050209205020741e-03
2.092050209205020741e-03
2.092050209205020741e-03
2.092050209205020741e-03
2.092050209205020741e-03
2.092050209205020741e-03
2.092050209205020741e-03
2.092050209205020741e-03
2.092050209205020741e-03
2.092050209205020741e-03
2.092050209205020741e-03
2.092050209205020741e-03
2.092050209205020741e-03
2.092050209205020741e-03
2.092050209205020741e-03
2.092050209205020741e-03
2.092050209205020741e-03
2.092050209205020741e-03
2.092050209205020741e-03
2.092050209205020741e-03
2.092050209205020741e-03
2.092050209205020741e-03
2.092050209205020741e-03
2.092050209205020741e-03
2.092050209205020741e-03
2.092050209205020741e-03
2.092050209205020741e-03
2.092050209205020741e-03
2.092050209205020741e-03
2.092050209205020741e-03
2.092050209205020741e-03
2.092050209205020741e-03
2.092050209205020741e-03
2.092050209205020741e-03
2.092050209205020741e-03
2.092050209205020741e-03
2.092050209205020741e-03
2.092050209205020741e-03
2.092050209205020741e-03
2.092050209205020741e-03
2.092050209205020741e-03
2.092050209205020741e-03
2.092050209205020741e-03
2.092050209205020741e-03
2.092050209205020741e-03
2.092050209205020741e-03
2.092050209205020741e-03
2.092050209205020741e-03
2.092050209205020741e-03
2.092050209205020741e-03
2.092050209205020741e-03
2.092050209205020741e-03
2.092050209205020741e-03
2.092050209205020741e-03
2.092050209205020741e-03
2.092050209205020741e-03
2.092050209205020741e-03
2.092050209205020741e-03
2.092050209205020741e-03
2.092050209205020741e-03
2.092050209205020741e-03
2.092050209205020741e-03
2.092050209205020741e-03
2.092050209205020741e-03
2.092050209205020741e-03
2.092050209205020741e-03
2.092050209205020741e-03
2.092050209205020741e-03
2.092050209205020741e-03
2.092050209205020741e-03
2.092050209205020741e-03
2.092050209205020741e-03
2.092050209205020741e-03
2.092050209205020741e-03
2.092050209205020741e-03
2.092050209205020741e-03
2.092050209205020741e-03
2.092050209205020741e-03
2.092050209205020741e-03
2.092050209205020741e-03
2.092050209205020741e-03
2.092050209205020741e-03
2.092050209205020741e-03
2.092050209205020741e-03
2.092050209205020741e-03
2.092050209205020741e-03
2.092050209205020741e-03
2.092050209205020741e-03
2.092050209205020741e-03
2.092050209205020741e-03
2.092050209205020741e-03
2.092050209205020741e-03
2.092050209205020741e-03
2.092050209205020741e-03
2.092050209205020741e-03
2.092050209205020741e-03
2.092050209205020741e-03
2.092050209205020741e-03
2.092050209205020741e-03
2.092050209205020741e-03
2.092050209205020741e-03
2.092050209205020741e-03
2.092050209205020741e-03
2.092050209205020741e-03
2.092050209205020741e-03
2.092050209205020741e-03
2.092050209205020741e-03
2.092050209205020741e-03
2.092050209205020741e-03
2.092050209205020741e-03
2.092050209205020741e-03
2.092050209205020741e-03
2.092050209205020741e-03
2.092050209205020741e-03
2.092050209205020741e-03
2.092050209205020741e-03
2.092050209205020741e-03
2.092050209205020741e-03
2.092050209205020741e-03
2.092050209205020741e-03
2.092050209205020741e-03
2.092050209205020741e-03
2.092050209205020741e-03
2.092050209205020741e-03
2.092050209205020741e-03
2.092050209205020741e-03
2.092050209205020741e-03
2.092050209205020741e-03
2.092050209205020741e-03
2.092050209205020741e-03
2.092050209205020741e-03
2.092050209205020741e-03
2.092050209205020741e-03
2.092050209205020741e-03
2.092050209205020741e-03
2.092050209205020741e-03
2.092050209205020741e-03
2.092050209205020741e-03
2.092050209205020741e-03
2.092050209205020741e-03
2.092050209205020741e-03
2.092050209205020741e-03
2.092050209205020741e-03
2.092050209205020741e-03
2.092050209205020741e-03
2.092050209205020741e-03
2.092050209205020741e-03
2.092050209205020741e-03
2.092050209205020741e-03
2.092050209205020741e-03
2.092050209205020741e-03
2.092050209205020741e-03
2.092050209205020741e-03
2.092050209205020741e-03
2.092050209205020741e-03
2.092050209205020741e-03
2.092050209205020741e-03
2.092050209205020741e-03
2.092050209205020741e-03
2.092050209205020741e-03
2.092050209205020741e-03
2.092050209205020741e-03
2.092050209205020741e-03
2.092050209205020741e-03
2.092050209205020741e-03
2.092050209205020741e-03
2.092050209205020741e-03
2.092050209205020741e-03
2.092050209205020741e-03
2.092050209205020741e-03
2.092050209205020741e-03
2.092050209205020741e-03
2.092050209205020741e-03
2.092050209205020741e-03
2.092050209205020741e-03
2.092050209205020741e-03
2.092050209205020741e-03
2.092050209205020741e-03
2.092050209205020741e-03
2.092050209205020741e-03
2.092050209205020741e-03
2.092050209205020741e-03
2.092050209205020741e-03
2.092050209205020741e-03
2.092050209205020741e-03
2.092050209205020741e-03
2.092050209205020741e-03
2.092050209205020741e-03
2.092050209205020741e-03
2.092050209205020741e-03
2.092050209205020741e-03
2.092050209205020741e-03
2.092050209205020741e-03
2.092050209205020741e-03
2.092050209205020741e-03
2.092050209205020741e-03
2.092050209205020741e-03
2.092050209205020741e-03
2.092050209205020741e-03
2.092050209205020741e-03
2.092050209205020741e-03
2.092050209205020741e-03
2.092050209205020741e-03
2.092050209205020741e-03
2.092050209205020741e-03
2.092050209205020741e-03
2.092050209205020741e-03
2.092050209205020741e-03
2.092050209205020741e-03
2.092050209205020741e-03
2.092050209205020741e-03
2.092050209205020741e-03
2.092050209205020741e-03
2.092050209205020741e-03
2.092050209205020741e-03
2.092050209205020741e-03
2.092050209205020741e-03
2.092050209205020741e-03
2.092050209205020741e-03
2.092050209205020741e-03
2.092050209205020741e-03
2.092050209205020741e-03
2.092050209205020741e-03
2.092050209205020741e-03
2.092050209205020741e-03
2.092050209205020741e-03
2.092050209205020741e-03
2.092050209205020741e-03
2.092050209205020741e-03
2.092050209205020741e-03
2.092050209205020741e-03
2.092050209205020741e-03
2.092050209205020741e-03
2.092050209205020741e-03
2.092050209205020741e-03
2.092050209205020741e-03
2.092050209205020741e-03
2.092050209205020741e-03
2.092050209205020741e-03
2.092050209205020741e-03
2.092050209205020741e-03
2.092050209205020741e-03
2.092050209205020741e-03
2.092050209205020741e-03
2.092050209205020741e-03
2.092050209205020741e-03
2.092050209205020741e-03
2.092050209205020741e-03
2.092050209205020741e-03
2.092050209205020741e-03
2.092050209205020741e-03
2.092050209205020741e-03
2.092050209205020741e-03
2.092050209205020741e-03
2.092050209205020741e-03
2.092050209205020741e-03
2.092050209205020741e-03
2.092050209205020741e-03
2.092050209205020741e-03
2.092050209205020741e-03
2.092050209205020741e-03
2.092050209205020741e-03
2.092050209205020741e-03
2.092050209205020741e-03
2.092050209205020741e-03
2.092050209205020741e-03
2.092050209205020741e-03
2.092050209205020741e-03
2.092050209205020741e-03
2.092050209205020741e-03
2.092050209205020741e-03
2.092050209205020741e-03
2.092050209205020741e-03
2.092050209205020741e-03
2.092050209205020741e-03
2.092050209205020741e-03
2.092050209205020741e-03
2.092050209205020741e-03
2.092050209205020741e-03
2.092050209205020741e-03
2.092050209205020741e-03
2.092050209205020741e-03
2.092050209205020741e-03
2.092050209205020741e-03
2.092050209205020741e-03
2.092050209205020741e-03
2.092050209205020741e-03
2.092050209205020741e-03
2.092050209205020741e-03
2.092050209205020741e-03
2.092050209205020741e-03
2.092050209205020741e-03
2.092050209205020741e-03
2.092050209205020741e-03
2.092050209205020741e-03
2.092050209205020741e-03
2.092050209205020741e-03
2.092050209205020741e-03
2.092050209205020741e-03
2.092050209205020741e-03
2.092050209205020741e-03
2.092050209205020741e-03
2.092050209205020741e-03
2.092050209205020741e-03
2.092050209205020741e-03
2.092050209205020741e-03
2.092050209205020741e-03
2.092050209205020741e-03
2.092050209205020741e-03
2.092050209205020741e-03
2.092050209205020741e-03
2.092050209205020741e-03
2.092050209205020741e-03
2.092050209205020741e-03
2.092050209205020741e-03
2.092050209205020741e-03
2.092050209205020741e-03
2.092050209205020741e-03
2.092050209205020741e-03
2.092050209205020741e-03
2.092050209205020741e-03
2.092050209205020741e-03
2.092050209205020741e-03
2.092050209205020741e-03
2.092050209205020741e-03
2.092050209205020741e-03
2.092050209205020741e-03
2.092050209205020741e-03
2.092050209205020741e-03
2.092050209205020741e-03
2.092050209205020741e-03
2.092050209205020741e-03
2.092050209205020741e-03
2.092050209205020741e-03
2.092050209205020741e-03
2.092050209205020741e-03
2.092050209205020741e-03
2.092050209205020741e-03
2.092050209205020741e-03
2.092050209205020741e-03
2.092050209205020741e-03
2.092050209205020741e-03
2.092050209205020741e-03
2.092050209205020741e-03
2.092050209205020741e-03
2.092050209205020741e-03
2.092050209205020741e-03
2.092050209205020741e-03
2.092050209205020741e-03
2.092050209205020741e-03
2.092050209205020741e-03
2.092050209205020741e-03
2.092050209205020741e-03
2.092050209205020741e-03
2.092050209205020741e-03
2.092050209205020741e-03
2.092050209205020741e-03
2.092050209205020741e-03
2.092050209205020741e-03
2.092050209205020741e-03
2.092050209205020741e-03
2.092050209205020741e-03
2.092050209205020741e-03
2.092050209205020741e-03
2.092050209205020741e-03
2.092050209205020741e-03
2.092050209205020741e-03
2.092050209205020741e-03
2.092050209205020741e-03
2.092050209205020741e-03
2.092050209205020741e-03
2.092050209205020741e-03
2.092050209205020741e-03
2.092050209205020741e-03
2.092050209205020741e-03
2.092050209205020741e-03
2.092050209205020741e-03
2.092050209205020741e-03
2.092050209205020741e-03
2.092050209205020741e-03
2.092050209205020741e-03
2.092050209205020741e-03
2.092050209205020741e-03
2.092050209205020741e-03
2.092050209205020741e-03
2.092050209205020741e-03
2.092050209205020741e-03
2.092050209205020741e-03
2.092050209205020741e-03
2.092050209205020741e-03
2.092050209205020741e-03
2.092050209205020741e-03
2.092050209205020741e-03
2.092050209205020741e-03
2.092050209205020741e-03
2.092050209205020741e-03
2.092050209205020741e-03
2.092050209205020741e-03
2.092050209205020741e-03
2.092050209205020741e-03
2.092050209205020741e-03
2.092050209205020741e-03
2.092050209205020741e-03
2.092050209205020741e-03
2.092050209205020741e-03
2.092050209205020741e-03
2.092050209205020741e-03
2.092050209205020741e-03
2.092050209205020741e-03
2.092050209205020741e-03
2.092050209205020741e-03
2.092050209205020741e-03
2.092050209205020741e-03
2.092050209205020741e-03
2.092050209205020741e-03
2.092050209205020741e-03
2.092050209205020741e-03
2.092050209205020741e-03
2.092050209205020741e-03
2.092050209205020741e-03
2.092050209205020741e-03
2.092050209205020741e-03
2.092050209205020741e-03
2.092050209205020741e-03
2.092050209205020741e-03
2.092050209205020741e-03
2.092050209205020741e-03
2.092050209205020741e-03
2.092050209205020741e-03
2.092050209205020741e-03
2.092050209205020741e-03
2.092050209205020741e-03
2.092050209205020741e-03
2.092050209205020741e-03
2.092050209205020741e-03
2.092050209205020741e-03
2.092050209205020741e-03
2.092050209205020741e-03
2.092050209205020741e-03
2.092050209205020741e-03
2.092050209205020741e-03
2.092050209205020741e-03
2.092050209205020741e-03
2.092050209205020741e-03
2.092050209205020741e-03
2.092050209205020741e-03
2.092050209205020741e-03
2.092050209205020741e-03
2.092050209205020741e-03
2.092050209205020741e-03
2.092050209205020741e-03
2.092050209205020741e-03
2.092050209205020741e-03
2.092050209205020741e-03
2.092050209205020741e-03
2.092050209205020741e-03
2.092050209205020741e-03
2.092050209205020741e-03
2.092050209205020741e-03
2.092050209205020741e-03
2.092050209205020741e-03
2.092050209205020741e-03
2.092050209205020741e-03
2.092050209205020741e-03
2.092050209205020741e-03
2.092050209205020741e-03
2.092050209205020741e-03
2.092050209205020741e-03
2.092050209205020741e-03
2.092050209205020741e-03
2.092050209205020741e-03
2.092050209205020741e-03
2.092050209205020741e-03
2.092050209205020741e-03
2.092050209205020741e-03
2.092050209205020741e-03
2.092050209205020741e-03
2.092050209205020741e-03
2.092050209205020741e-03
2.092050209205020741e-03
2.092050209205020741e-03
2.092050209205020741e-03
2.092050209205020741e-03
2.092050209205020741e-03
2.092050209205020741e-03
2.092050209205020741e-03
2.092050209205020741e-03
2.092050209205020741e-03
2.092050209205020741e-03
2.092050209205020741e-03
2.092050209205020741e-03
2.092050209205020741e-03
2.092050209205020741e-03
2.092050209205020741e-03
2.092050209205020741e-03
2.092050209205020741e-03
2.092050209205020741e-03
2.092050209205020741e-03
2.092050209205020741e-03
2.092050209205020741e-03
2.092050209205020741e-03
2.092050209205020741e-03
2.092050209205020741e-03
2.092050209205020741e-03
2.092050209205020741e-03
2.092050209205020741e-03
2.092050209205020741e-03
2.092050209205020741e-03
2.092050209205020741e-03
2.092050209205020741e-03
2.092050209205020741e-03
2.092050209205020741e-03
2.092050209205020741e-03
2.092050209205020741e-03
2.092050209205020741e-03
2.092050209205020741e-03
2.092050209205020741e-03
2.092050209205020741e-03
2.092050209205020741e-03
2.092050209205020741e-03
2.092050209205020741e-03
2.092050209205020741e-03
2.092050209205020741e-03
2.092050209205020741e-03
2.092050209205020741e-03
2.092050209205020741e-03
2.092050209205020741e-03
2.092050209205020741e-03
2.092050209205020741e-03
2.092050209205020741e-03
2.092050209205020741e-03
2.092050209205020741e-03
2.092050209205020741e-03
2.092050209205020741e-03
2.092050209205020741e-03
2.092050209205020741e-03
2.092050209205020741e-03
2.092050209205020741e-03
2.092050209205020741e-03
2.092050209205020741e-03
2.092050209205020741e-03
2.092050209205020741e-03
2.092050209205020741e-03
2.092050209205020741e-03
2.092050209205020741e-03
2.092050209205020741e-03
2.092050209205020741e-03
2.092050209205020741e-03
2.092050209205020741e-03
2.092050209205020741e-03
2.092050209205020741e-03
2.092050209205020741e-03
2.092050209205020741e-03
2.092050209205020741e-03
2.092050209205020741e-03
2.092050209205020741e-03
2.092050209205020741e-03
2.092050209205020741e-03
2.092050209205020741e-03
2.092050209205020741e-03
2.092050209205020741e-03
2.092050209205020741e-03
2.092050209205020741e-03
2.092050209205020741e-03
2.092050209205020741e-03
2.092050209205020741e-03
2.092050209205020741e-03
2.092050209205020741e-03
2.092050209205020741e-03
2.092050209205020741e-03
2.092050209205020741e-03
2.092050209205020741e-03
2.092050209205020741e-03
2.092050209205020741e-03
2.092050209205020741e-03
2.092050209205020741e-03
2.092050209205020741e-03
2.092050209205020741e-03
2.092050209205020741e-03
2.092050209205020741e-03
2.092050209205020741e-03
2.092050209205020741e-03
2.092050209205020741e-03
2.092050209205020741e-03
2.092050209205020741e-03
2.092050209205020741e-03
2.092050209205020741e-03
2.092050209205020741e-03
2.092050209205020741e-03
2.092050209205020741e-03
2.092050209205020741e-03
2.092050209205020741e-03
2.092050209205020741e-03
2.092050209205020741e-03
2.092050209205020741e-03
2.092050209205020741e-03
2.092050209205020741e-03
2.092050209205020741e-03
2.092050209205020741e-03
2.092050209205020741e-03
2.092050209205020741e-03
2.092050209205020741e-03
2.092050209205020741e-03
2.092050209205020741e-03
2.092050209205020741e-03
2.092050209205020741e-03
2.092050209205020741e-03
2.092050209205020741e-03
2.092050209205020741e-03
2.092050209205020741e-03
2.092050209205020741e-03
2.092050209205020741e-03
2.092050209205020741e-03
2.092050209205020741e-03
2.092050209205020741e-03
2.092050209205020741e-03
2.092050209205020741e-03
2.092050209205020741e-03
2.092050209205020741e-03
2.092050209205020741e-03
2.092050209205020741e-03
2.092050209205020741e-03
2.092050209205020741e-03
2.092050209205020741e-03
2.092050209205020741e-03
2.092050209205020741e-03
2.092050209205020741e-03
2.092050209205020741e-03
2.092050209205020741e-03
2.092050209205020741e-03
2.092050209205020741e-03
2.092050209205020741e-03
2.092050209205020741e-03
2.092050209205020741e-03
2.092050209205020741e-03
2.092050209205020741e-03
2.092050209205020741e-03
2.092050209205020741e-03
2.092050209205020741e-03
2.092050209205020741e-03
2.092050209205020741e-03
2.092050209205020741e-03
2.092050209205020741e-03
2.092050209205020741e-03
2.092050209205020741e-03
2.092050209205020741e-03
2.092050209205020741e-03
2.092050209205020741e-03
2.092050209205020741e-03
2.092050209205020741e-03
2.092050209205020741e-03
2.092050209205020741e-03
2.092050209205020741e-03
2.092050209205020741e-03
2.092050209205020741e-03
2.092050209205020741e-03
2.092050209205020741e-03
2.092050209205020741e-03
2.092050209205020741e-03
2.092050209205020741e-03
2.092050209205020741e-03
2.092050209205020741e-03
2.092050209205020741e-03
2.092050209205020741e-03
2.092050209205020741e-03
2.092050209205020741e-03
2.092050209205020741e-03
2.092050209205020741e-03
2.092050209205020741e-03
2.092050209205020741e-03
2.092050209205020741e-03
2.092050209205020741e-03
2.092050209205020741e-03
2.092050209205020741e-03
2.092050209205020741e-03
2.092050209205020741e-03
2.092050209205020741e-03
2.092050209205020741e-03
2.092050209205020741e-03
2.092050209205020741e-03
2.092050209205020741e-03
2.092050209205020741e-03
2.092050209205020741e-03
2.092050209205020741e-03
2.092050209205020741e-03
2.092050209205020741e-03
2.092050209205020741e-03
2.092050209205020741e-03
2.092050209205020741e-03
2.092050209205020741e-03
2.092050209205020741e-03
2.092050209205020741e-03
2.092050209205020741e-03
2.092050209205020741e-03
2.092050209205020741e-03
2.092050209205020741e-03
2.092050209205020741e-03
2.092050209205020741e-03
2.092050209205020741e-03
2.092050209205020741e-03
2.092050209205020741e-03
2.092050209205020741e-03
2.092050209205020741e-03
2.092050209205020741e-03
2.092050209205020741e-03
2.092050209205020741e-03
2.092050209205020741e-03
2.092050209205020741e-03
2.092050209205020741e-03
2.092050209205020741e-03
2.092050209205020741e-03
2.092050209205020741e-03
2.092050209205020741e-03
2.092050209205020741e-03
2.092050209205020741e-03
2.092050209205020741e-03
2.092050209205020741e-03
1.046025104602510370e-03
