1
2
3
4
5
6
7
8
2054
2058
11
12
13
14
2059
2065
18
23
24
30
33
2084
2088
41
42
44
45
2092
47
48
2097
50
51
2099
53
54
2100
56
2102
58
59
60
63
65
66
67
2119
73
74
81
2130
83
84
85
88
89
2136
91
93
94
96
97
2145
2151
2152
105
106
2153
108
110
111
112
115
118
126
127
128
2179
132
2183
138
2187
140
142
146
149
150
151
2197
153
2198
157
158
161
162
2210
164
166
2214
2216
171
172
173
174
2219
2223
177
178
179
2226
2229
182
183
184
185
186
187
188
191
192
193
194
195
196
197
2244
199
2247
201
206
207
208
210
214
215
221
222
224
225
226
227
230
231
232
233
234
235
2278
237
238
2283
240
2287
2289
243
2292
2293
249
250
252
253
256
257
258
2305
2309
262
265
266
272
273
274
275
2328
283
285
286
287
288
289
290
2337
293
294
297
2347
301
302
303
308
2363
317
318
321
322
323
324
325
326
328
329
330
331
333
2383
339
345
349
350
351
2398
355
358
359
363
364
368
374
378
380
381
382
386
390
391
2440
393
2443
396
401
406
409
2461
414
416
421
422
423
427
428
436
438
439
440
441
442
2487
445
446
2493
449
450
454
455
457
458
2510
468
472
473
474
475
476
477
478
480
2529
2530
485
486
488
489
490
491
492
494
496
497
498
499
502
508
513
514
516
2566
519
520
524
2575
528
529
2576
531
532
533
534
535
536
537
2579
2584
540
2589
542
546
547
549
2600
2610
2614
569
572
574
581
582
583
584
585
586
2632
2633
2634
594
595
2645
599
600
601
2650
604
607
612
2662
615
616
617
618
619
622
2670
626
2677
632
634
2684
638
639
648
2697
650
651
652
2701
655
656
657
2703
2704
2707
661
663
666
667
668
669
670
2717
2722
675
2724
678
679
2729
2730
2732
688
689
691
693
694
695
697
2745
699
703
705
706
707
717
718
721
722
723
728
732
733
734
2785
739
750
751
752
754
756
757
763
764
766
767
768
775
2824
777
780
781
788
791
792
793
794
795
796
797
800
807
809
814
817
818
2874
828
837
843
2892
2893
2899
853
854
2906
860
865
2913
870
874
2923
878
881
883
884
885
886
887
888
889
895
896
897
2943
899
2945
2952
905
2955
911
913
915
916
924
925
926
928
931
932
933
934
935
2982
938
939
942
943
945
950
951
956
964
3013
970
971
972
973
3020
978
982
985
987
3035
992
993
994
3040
3043
1006
3057
3060
3061
1015
1018
3068
1021
3070
3071
1024
3079
3082
3085
1039
3088
1045
1046
3095
1049
1050
3100
1056
1060
3108
1069
3124
1080
1081
1082
1084
1085
3136
1090
1092
1093
3141
1097
3145
3146
1100
1101
3149
1104
3153
1106
1108
1109
1111
1113
1130
3180
1136
1145
1151
1154
3202
1156
1164
1170
1176
1182
1185
1189
1195
1197
1198
1200
1201
1202
1203
3248
3269
1227
1231
3280
1237
1257
1259
1262
1265
1266
1269
1270
3317
3321
1274
1278
1280
1281
3331
1284
1285
1286
1287
1288
1289
3339
1303
1304
1315
1324
1325
1336
3384
1343
1346
1349
1357
1358
3410
1368
1372
1380
3431
3432
3437
1392
1393
1412
1413
1414
1417
1418
1422
1436
1440
1442
1443
1448
1450
1451
1453
1459
1463
1464
1472
1481
1484
1488
1489
1491
1492
1495
1499
1501
1503
1508
1510
1520
1521
1522
1527
3578
1536
1538
1545
1561
1565
1566
3615
1573
1580
1589
3638
1593
1598
1599
1606
1608
1609
1612
1619
1624
1626
1627
1633
1643
1645
1646
1652
1655
1664
1665
1666
1668
1676
1677
1678
1680
1681
1684
1685
1686
1690
1692
1697
1705
1706
1708
1710
1711
1712
1715
1719
1720
1724
1729
1731
1736
1739
1742
1744
1747
1759
1780
1787
1804
1807
1815
1825
1830
1834
1838
1843
1856
1860
1867
1870
1887
1889
1890
1903
1910
1915
1918
1925
1926
1930
1931
1942
1948
1949
1952
1954
1956
1958
1961
1962
1966
1972
1981
1988
1992
2006
2010
2016
2025
2029
2044
2050
9
10
15
17
19
20
21
22
31
36
37
38
39
40
49
52
62
69
70
71
72
80
82
86
87
99
100
103
107
113
114
2164
120
123
125
131
135
136
137
139
141
143
145
148
152
159
160
163
165
167
170
175
176
180
181
189
190
200
203
219
236
242
244
255
259
260
261
2310
2321
277
278
280
282
284
295
2345
304
305
306
307
310
315
319
320
3728
2380
2382
335
336
2384
2385
2386
2387
2388
2389
343
344
2395
356
361
365
367
369
372
377
2426
384
387
388
389
2435
2437
394
395
2445
2446
2447
2448
2449
2450
403
404
2451
2454
407
3743
411
412
2462
415
417
418
419
420
2473
426
433
434
435
443
444
2492
2494
2497
451
452
453
2503
459
460
461
2511
2512
466
467
469
470
2520
2524
481
2531
2537
2538
2539
2541
2542
495
2545
2547
501
2549
2551
505
2553
2556
509
510
511
512
2558
2559
515
2561
517
518
2564
2565
2568
2572
2573
526
2578
2580
2582
2583
2585
538
539
2588
541
2591
544
545
2592
2595
548
2597
550
551
2598
2599
555
2603
557
2604
559
560
561
2607
563
564
565
2611
2616
2617
571
2619
573
2620
575
2621
577
2622
579
580
2625
2626
2627
2628
2629
2630
2631
588
589
2635
2636
2637
593
2639
2640
2641
597
2642
2643
2647
2648
602
603
2649
2651
606
2652
2653
609
610
2654
2655
613
614
2656
2657
2658
2660
2661
2664
2665
2667
2668
2669
625
2671
2672
628
2674
2678
631
633
635
636
637
2683
2686
2688
2691
2692
2693
2694
2695
2696
649
2700
653
654
2702
2705
658
2706
2709
2710
664
2712
2713
2714
2715
2716
2718
2719
672
673
674
2720
676
2721
2723
2725
680
681
682
683
684
2726
2727
2728
2731
2733
2734
2735
698
2746
2747
702
704
708
709
710
713
716
719
720
2767
727
729
730
731
735
2786
740
741
742
745
747
2798
755
760
762
765
778
782
783
786
789
790
2837
2839
2844
798
799
801
802
803
804
805
806
808
812
2862
816
2864
819
820
821
823
824
825
826
2873
2876
829
831
838
839
840
841
842
844
845
846
847
848
849
850
855
857
858
859
861
862
863
867
869
872
875
879
880
882
890
892
893
898
903
904
908
909
910
914
917
918
919
920
921
922
923
927
929
940
941
944
946
948
949
952
953
957
958
960
961
962
963
965
966
967
968
969
974
975
976
977
979
980
981
984
986
989
991
996
997
998
1001
1002
1005
1007
1016
1017
1027
1035
1036
1041
1042
1043
1044
1048
1052
1053
1054
1059
1063
1064
1066
1067
1068
3114
1070
1079
1086
1096
1102
1103
1105
1107
1110
1112
1114
1115
1116
1119
1120
1123
1126
1190
1205
1208
1223
1224
1229
1232
1233
1234
1249
1250
1253
1272
1295
1296
1298
1314
1340
1341
1342
1344
1345
1347
1348
1350
1351
1352
1353
1356
1359
1361
1367
1370
1375
1377
1378
1379
1384
1385
1390
1408
1415
1421
1423
1433
1435
1441
1444
1445
1446
1447
1449
1452
1454
1455
1456
1457
1458
1460
1461
1462
1465
1466
1467
1468
1469
1470
1471
3520
1473
1474
1475
1476
1477
1478
1479
1480
1482
1483
1485
1486
1487
1490
1493
1494
1496
1497
1498
3546
1500
1502
1504
1505
1506
1507
1509
1511
1512
1513
1514
1515
1516
3563
1526
1530
1535
1541
1542
1544
1546
1547
1551
1553
1554
1556
1557
1558
1559
1560
1562
1563
1564
3612
1567
1568
1569
1570
1571
1572
1574
1575
3631
1586
1600
1601
1602
1603
1604
1605
3650
1607
3654
1610
1617
1620
1621
1622
1623
1625
3673
1629
1630
1631
1632
3678
1634
1635
1636
1637
1638
1639
1640
1641
3687
3689
3691
3692
3693
3695
3696
3697
3698
3699
3700
3702
3703
3704
3705
3707
3710
3712
3713
3714
3715
3716
1669
3717
1671
1672
1673
1674
3718
3719
3721
3722
1679
3723
3724
1682
1683
3725
3726
3727
1687
1688
1689
3729
1691
3735
1693
1694
1695
1696
3741
1698
1699
1700
1701
1702
1703
1704
3751
3752
1707
1709
3758
1713
1714
1716
1717
1718
3767
3769
3772
3773
3775
3778
3794
3800
3807
3808
3809
3811
3812
3813
3814
3815
3816
3817
3818
3819
3821
3822
3825
3827
3829
3830
3834
3835
3837
3838
3839
3840
3841
3842
3843
3844
3845
3846
3847
3848
3849
3850
3852
3854
3855
3856
3862
3863
3864
3870
3871
3872
3873
3874
3875
3882
1835
3883
3887
3888
3889
3890
3891
3892
3893
3896
3897
3898
3900
3901
3902
3906
3909
3910
3911
3913
3914
3916
3917
3924
3926
3927
3928
3929
3931
3932
3933
3935
3936
3937
3938
3939
3940
3941
3942
3943
3944
3945
3946
3947
4040
3949
3951
3952
3953
3954
3955
3956
3957
3958
3959
3960
3962
3963
3964
3965
4043
3967
3968
3969
3970
3971
3972
3973
3975
3976
3979
3981
3982
3983
3985
3986
3989
3991
3992
3994
3997
1950
1951
3998
1953
4000
1955
4002
4007
1963
1964
1965
4013
1967
4014
1969
1970
1971
4015
1973
1974
1976
1977
1978
1979
1980
4027
1983
4032
1986
1987
4037
4038
1991
4039
1993
1994
1995
1996
1997
1998
1999
2000
2001
2002
4042
2004
2008
2027
0
25
26
27
28
29
32
34
35
43
46
55
61
68
78
90
92
95
101
109
116
117
121
122
124
130
133
134
144
147
154
155
156
168
169
198
202
204
205
209
211
212
213
216
217
218
220
223
228
229
239
245
246
247
248
251
254
263
264
268
270
279
291
292
296
298
299
300
309
311
312
313
316
332
334
338
340
341
342
347
348
352
353
357
360
362
366
370
371
379
383
392
397
400
402
408
413
424
431
432
437
456
462
465
471
479
483
484
493
500
504
506
507
521
522
527
530
558
566
567
570
578
590
591
598
605
608
624
630
641
645
646
660
662
665
671
686
690
692
700
701
711
715
724
736
738
753
759
769
772
773
776
779
784
815
830
832
834
835
851
866
868
871
873
876
900
901
906
907
912
936
937
959
988
990
995
999
1000
1009
1010
1014
1019
1020
1022
1023
1025
1026
1028
1029
1033
1034
1037
1038
1040
1047
1051
1055
1057
1058
1062
1072
1083
1087
1089
1091
1094
1099
1121
1122
1125
1127
1129
1131
1133
1134
1135
1137
1138
1139
1140
1141
1142
1144
1146
1147
1148
1149
1150
1152
1153
1155
1157
1158
1159
1161
1162
1163
1165
1166
1167
1168
1169
1171
1172
1173
1174
1179
1180
1181
1183
1184
1186
1188
1191
1192
1194
1196
1199
1206
1209
1215
1218
1219
1220
1222
1230
1236
1238
1240
1241
1251
1254
1256
1260
1261
1263
1264
1267
1268
1271
1276
1277
1279
1283
1290
1291
1293
1294
1297
1301
1302
1306
1307
1308
1309
1311
1312
1313
1317
1318
1319
1321
1322
1323
1326
1327
1328
1329
1330
1333
1334
1335
1337
1338
1339
1365
1366
1371
1373
1374
1381
1386
1387
1388
1395
1397
1399
1400
1403
1404
1405
1410
1424
1427
1428
1429
1437
1438
1518
1528
1529
1531
1532
1533
1534
1555
1581
1583
1588
1592
1613
1615
1616
1618
1628
1642
1644
1647
1648
1649
1650
1651
1653
1654
1656
1657
1658
1659
1662
1663
1667
1722
1725
1726
1727
1728
1730
1732
1733
1734
1735
1737
1738
1740
1741
1743
1745
1746
1748
1749
1750
1751
1752
1753
1754
1755
1756
1757
1758
1760
1761
1762
1763
1764
1765
1766
1767
1769
1770
1771
1772
1773
1774
1775
1776
1777
1778
1779
1781
1782
1783
1784
1785
1786
1788
1789
1790
1791
1792
1793
1794
1795
1796
1797
1798
1799
1800
1801
1802
1803
1805
1806
1808
1809
1810
1812
1813
1814
1816
1817
1818
1819
1820
1821
1822
1823
1826
1827
1828
1829
1831
1832
1833
1836
1837
1839
1840
1841
1842
1844
1845
1846
1847
1848
1849
1850
1851
1852
1853
1854
1855
1857
1858
1859
1861
1862
1864
1865
1866
1868
1869
1871
1872
1873
1874
1875
1876
1877
1878
1879
1880
1881
1882
1883
1884
1885
1886
1888
1892
1893
1894
1895
1896
1897
1898
1899
1900
1901
1902
1904
1905
1906
1907
1908
1909
1911
1912
1913
1914
1916
1917
1919
1920
1921
1922
1923
1924
1927
1928
1929
1933
1934
1935
1936
1937
1938
1939
1940
1943
1944
1945
1946
1947
1960
2003
2007
2009
2011
2012
2013
2014
2017
2018
2020
2022
2023
2024
2026
2030
2031
2032
2033
2034
2035
2036
2037
2038
2039
2045
2047
2048
2051
2055
2057
2060
2061
2063
2064
2067
2068
2069
2071
2073
2074
2075
2076
2077
2078
2081
2083
2085
2086
2087
2089
2090
2091
2093
2094
2095
2096
2098
2101
2103
2104
2105
2106
2107
2108
2109
2111
2112
2113
2114
2115
2116
2117
2118
2120
2122
2123
2124
2125
2126
2127
2128
2129
2131
2132
2133
2134
2135
2137
2138
2139
2140
2141
2142
2144
2146
2147
2148
2149
2150
2154
2155
2156
2157
2158
2159
2160
2161
2162
2163
2165
2166
2167
2168
2169
2170
2171
2172
2173
2174
2175
2176
2177
2178
2180
2181
2182
2184
2185
2186
2188
2189
2190
2191
2192
2193
2194
2195
2196
2199
2200
2201
2202
2203
2204
2205
2206
2207
2208
2209
2211
2212
2213
2215
2217
2218
2221
2222
2224
2225
2227
2228
2230
2231
2232
2233
2234
2235
2236
2238
2239
2240
2241
2242
2243
2245
2246
2250
2251
2252
2253
2254
2255
2256
2257
2258
2259
2261
2262
2263
2264
2265
2266
2267
2268
2269
2270
2271
2272
2273
2274
2275
2276
2277
2279
2280
2281
2282
2284
2285
2286
2288
2290
2291
2294
2295
2296
2297
2298
2299
2300
2301
2302
2304
2306
2307
2308
2311
2312
2313
2314
2315
2316
2317
2318
2319
2320
2324
2325
2326
2327
2329
2330
2331
2332
2333
2334
2335
2336
2339
2340
2341
2342
2343
2344
2346
2348
2349
2350
2352
2353
2354
2355
2356
2358
2360
2361
2362
2364
2365
2366
2367
2368
2369
2370
2371
2373
2374
2375
2376
2377
2399
2400
2407
2409
2413
2414
2415
2416
2417
2420
2422
2425
2428
2433
2434
2444
2452
2453
2474
2477
2480
2481
2485
2486
2488
2490
2491
2496
2501
2508
2509
2521
2522
2534
2535
2543
2563
2570
2577
2593
2596
2615
2659
2679
2682
2749
2752
2753
2754
2755
2757
2763
2764
2765
2766
2769
2771
2772
2773
2774
2775
2776
2780
2782
2783
2784
2787
2788
2789
2791
2794
2796
2800
2802
2804
2805
2806
2809
2811
2813
2814
2816
2817
2818
2819
2820
2823
2825
2826
2827
2828
2831
2833
2834
2835
2836
2838
2842
2845
2846
2848
2850
2851
2853
2856
2858
2861
2866
2867
2868
2869
2870
2871
2878
2879
2881
2882
2883
2884
2885
2886
2887
2888
2889
2890
2891
2894
2895
2896
2900
2901
2902
2903
2904
2905
2907
2908
2909
2910
2911
2912
2914
2915
2916
2917
2918
2919
2920
2921
2924
2925
2926
2927
2928
2929
2930
2932
2933
2934
2935
2936
2937
2938
2939
2940
2941
2942
2946
2947
2948
2949
2950
2951
2953
2954
2956
2957
2958
2959
2960
2961
2962
2963
2964
2965
2966
2967
2968
2969
2970
2971
2973
2974
2975
2976
2977
2979
2980
2981
2983
2984
2985
2986
2987
2988
2989
2990
2991
2992
2993
2995
2996
2998
2999
3000
3001
3002
3003
3004
3005
3006
3007
3008
3009
3010
3011
3012
3014
3015
3016
3017
3018
3019
3022
3023
3024
3025
3026
3027
3028
3029
3030
3031
3032
3033
3034
3036
3037
3038
3039
3041
3042
3044
3045
3046
3047
3048
3049
3050
3051
3052
3053
3054
3055
3056
3058
3062
3063
3065
3066
3069
3072
3073
3074
3075
3076
3078
3080
3083
3084
3087
3090
3091
3092
3094
3096
3098
3099
3101
3102
3103
3104
3105
3106
3107
3109
3110
3111
3112
3113
3115
3116
3117
3118
3119
3121
3122
3123
3126
3127
3128
3129
3130
3131
3132
3133
3134
3135
3137
3138
3139
3140
3142
3144
3147
3148
3150
3151
3152
3154
3155
3156
3157
3158
3159
3160
3162
3163
3164
3165
3166
3167
3168
3169
3170
3171
3172
3173
3174
3175
3176
3177
3178
3179
3181
3182
3183
3184
3186
3187
3188
3189
3190
3191
3192
3194
3195
3196
3197
3199
3200
3201
3203
3204
3205
3207
3208
3211
3212
3213
3214
3215
3216
3217
3218
3219
3220
3221
3222
3223
3224
3225
3228
3230
3232
3233
3236
3237
3238
3240
3241
3242
3244
3245
3246
3249
3250
3251
3252
3253
3254
3255
3256
3257
3258
3259
3260
3261
3262
3263
3264
3265
3266
3267
3268
3270
3271
3272
3273
3275
3277
3283
3284
3285
3286
3287
3288
3289
3291
3292
3293
3294
3295
3296
3297
3298
3299
3300
3301
3302
3303
3306
3307
3308
3310
3311
3312
3313
3314
3316
3318
3319
3320
3322
3323
3324
3325
3326
3327
3328
3330
3333
3334
3335
3336
3337
3338
3342
3344
3347
3348
3349
3350
3351
3352
3353
3354
3355
3356
3357
3358
3359
3360
3361
3362
3363
3364
3365
3366
3367
3368
3369
3370
3371
3372
3373
3375
3377
3378
3379
3382
3383
3386
3387
3388
3389
3390
3391
3392
3393
3395
3396
3397
3398
3399
3400
3401
3402
3404
3405
3407
3408
3409
3411
3413
3414
3415
3416
3417
3418
3419
3420
3421
3422
3423
3425
3426
3427
3428
3434
3435
3439
3440
3441
3442
3443
3444
3447
3448
3450
3451
3452
3454
3455
3456
3457
3458
3459
3460
3461
3463
3464
3466
3467
3469
3471
3472
3474
3475
3477
3479
3480
3481
3483
3486
3487
3488
3489
3490
3491
3492
3494
3495
3496
3497
3498
3499
3500
3501
3502
3503
3505
3507
3508
3510
3515
3517
3518
3519
3521
3523
3524
3527
3528
3529
3530
3531
3532
3534
3536
3538
3539
3541
3542
3543
3544
3548
3552
3555
3557
3559
3560
3561
3564
3568
3570
3571
3573
3576
3577
3580
3581
3591
3594
3596
3599
3607
3610
3611
3613
3614
3617
3618
3619
3620
3621
3622
3624
3625
3626
3628
3629
3630
3633
3634
3635
3637
3639
3641
3643
3644
3649
3651
3653
3655
3656
3657
3668
3669
3671
3679
373
398
1244
2459
2859
