0.00000000
0.02469443
0.04853220
0.05993629
0.07187931
0.08325927
0.09588802
0.10811257
0.12230784
0.13264814
0.14710080
0.16242220
0.17331349
0.18054487
0.18860877
0.19796973
0.20474864
0.21292314
0.21970205
0.22433930
0.23245346
0.23960036
0.24493541
0.25221704
0.25824988
0.26315660
0.26805125
0.27438976
0.28014107
0.28674904
0.29196142
0.29740707
0.30242438
0.30635177
0.31223781
0.31644673
0.32203917
0.32678702
0.33263686
0.33795984
0.34101850
0.34733287
0.35260758
0.35747809
0.36180968
0.36680285
0.37284776
0.37688575
0.38249026
0.38638145
0.39241429
0.39686854
0.40189792
0.40707410
0.41140568
0.41502740
0.41988585
0.42473222
0.42971333
0.43372718
0.44035929
0.44354061
0.44713820
0.45217965
0.45689129
0.46034208
0.46621605
0.47093976
0.47353389
0.47928520
0.48228352
0.48441311
0.48672570
0.49048215
0.49335781
0.49825245
0.50380869
0.50639075
0.50985360
0.51431992
0.51861530
0.52174835
0.52331488
0.52504027
0.52704720
0.53091425
0.53391256
0.53976240
0.54235653
0.54794897
0.55038423
0.55351728
0.55666239
0.56378516
0.56751748
0.56894927
0.57424811
0.57612031
0.57815137
0.58073342
0.58130855
0.58462461
0.58835693
0.59223604
0.59680089
0.60022754
0.60405839
0.60676310
0.60875796
0.61017769
0.61366468
0.61782533
0.62095838
0.62310003
0.62411556
0.62744369
0.63101714
0.63388072
0.63547139
0.63850591
0.64123476
0.64313109
0.64559049
0.64630035
0.64860087
0.65063193
0.65278566
0.65622438
0.65908796
0.66137642
0.66322448
0.66742133
0.67160612
0.67478744
0.67754043
0.67940055
0.68157841
0.68460087
0.68604473
0.68892039
0.69048691
0.69122091
0.69266477
0.69684956
0.69971315
0.70355606
0.70639551
0.71037316
0.71222121
0.71335941
0.71406927
0.71506066
0.71634566
0.71750799
0.71936811
0.72270830
0.72689309
0.72875321
0.73063747
0.73222814
0.73495699
0.73811418
0.74447682
0.74836801
0.75009340
0.75298113
0.75584471
0.75815731
0.76174282
0.76518154
0.76835080
0.77165478
0.77577923
0.77978101
0.78007461
0.78237513
0.78523872
0.78866537
0.79179842
0.79365855
0.79507827
0.79679160
0.80025445
0.80386411
0.80574837
0.80705750
0.80895383
0.81055656
0.81187775
0.81390881
0.81551154
0.81924386
0.82426117
0.82683116
0.82913169
0.83029402
0.83231301
0.83363421
0.83539580
0.83685173
0.83816086
0.83844239
0.84060819
0.84118332
0.84333704
0.84492770
0.84679990
0.84908835
0.85371354
0.85731112
0.86150798
0.86423683
0.86856842
0.86988962
0.87090515
0.87477220
0.87668059
0.87988605
0.88278584
0.88610190
0.88783936
0.89071501
0.89547493
0.89635573
0.89795846
0.90016045
0.90261985
0.90466298
0.90626570
0.90729330
0.90889603
0.91190642
0.91576140
0.91792719
0.92050925
0.92196518
0.92284598
0.92487704
0.92647977
0.92720170
0.92792363
0.92893916
0.92967316
0.92981996
0.93040716
0.93114116
0.93187516
0.93418775
0.93637768
0.93796834
0.94112552
0.94243465
0.94375585
0.94463665
0.94566425
0.94809951
0.95054683
0.95271262
0.95445008
0.95634641
0.95838954
0.96011493
0.96496131
0.96781283
0.96937935
0.96995449
0.97295280
0.97423780
0.97637945
0.97794598
0.98065070
0.98178889
0.98307389
0.98863013
0.99131071
0.99216737
0.99330557
0.99486002
0.99686695
0.38784971
