0.00000000
0.00322353
0.00609245
0.00829128
0.01100451
0.01350514
0.01575267
0.01777938
0.01981841
0.02189656
0.02434575
0.02658370
0.02866185
0.03126809
0.03366447
0.03606221
0.03798467
0.03975007
0.04230625
0.04470810
0.04700160
0.04934790
0.05169147
0.05372913
0.05581823
0.05801022
0.06019809
0.06222480
0.06451830
0.06686734
0.06910803
0.07093993
0.07292478
0.07464011
0.07667093
0.07859750
0.08073393
0.08276338
0.08453837
0.08651774
0.08849986
0.09047924
0.09240717
0.09423086
0.09589475
0.09755864
0.09959082
0.10131163
0.10313258
0.10485339
0.10641166
0.10843837
0.11015780
0.11218862
0.11416800
0.11604586
0.11750125
0.11926939
0.12125014
0.12297094
0.12511149
0.12687963
0.12870057
0.13062988
0.13240076
0.13406875
0.13567983
0.13766058
0.13963722
0.14130522
0.14302602
0.14495396
0.14688189
0.14844290
0.15021652
0.15219726
0.15376101
0.15538304
0.15689809
0.15856609
0.16059417
0.16215791
0.16398160
0.16580255
0.16752198
0.16929012
0.17074962
0.17225782
0.17376739
0.17538805
0.17710886
0.17861980
0.18007929
0.18154016
0.18299966
0.18456066
0.18622729
0.18789529
0.18945904
0.19128957
0.19280051
0.19462693
0.19597944
0.19764744
0.19905412
0.20046081
0.20207600
0.20363975
0.20530774
0.20749562
0.20931794
0.21072462
0.21223556
0.21390082
0.21541176
0.21676700
0.21806944
0.21957901
0.22098570
0.22249664
0.22395339
0.22562139
0.22682095
0.22812339
0.22937438
0.23067682
0.23244633
0.23369870
0.23525971
0.23703469
0.23823288
0.23948388
0.24104625
0.24265870
0.24401395
0.24562777
0.24682596
0.24859546
0.24984646
0.25104602
0.25234983
0.25386076
0.25532026
0.25657126
0.25803075
0.25928175
0.26053275
0.26215204
0.26350455
0.26480836
0.26590230
0.26720474
0.26887410
0.27002085
0.27137610
0.27272998
0.27408522
0.27538766
0.27653304
0.27788829
0.27914065
0.28106722
0.28221397
0.28398485
0.28544024
0.28705405
0.28830505
0.28950324
0.29070143
0.29252511
0.29367186
0.29512999
0.29674655
0.29841317
0.30008117
0.30122792
0.30237467
0.30367984
0.30466953
0.30649459
0.30769414
0.30884089
0.30998764
0.31123864
0.31270224
0.31452045
0.31608420
0.31733520
0.31889757
0.32014857
0.32139957
0.32301202
0.32462584
0.32571977
0.32670946
0.32801190
0.32926153
0.33045972
0.33191921
0.33317158
0.33442121
0.33587934
0.33770439
0.33926814
0.34057058
0.34192582
0.34286407
0.34406363
0.34521038
0.34625288
0.34745243
0.34859918
0.34979874
0.35110391
0.35214641
0.35334597
0.35428422
0.35553521
0.35694190
0.35819427
0.35923677
0.36007076
0.36106045
0.36262420
0.36439371
0.36533196
0.36684426
0.36772970
0.36934489
0.37059589
0.37142988
0.37241957
0.37393051
0.37518014
0.37611839
0.37705664
0.37799488
0.37924451
0.38028701
0.38122526
0.38205926
0.38388294
0.38508113
0.38659207
0.38815308
0.38909133
0.39096782
0.39190607
0.39284432
0.39440670
0.39576194
0.39680444
0.39795119
0.39914801
0.40024195
0.40139006
0.40232831
0.40357794
0.40446338
0.40545444
0.40633850
0.40727675
0.40837069
0.40910044
0.40988163
0.41102838
0.41254068
0.41358455
0.41498850
0.41582250
0.41676075
0.41764755
0.41889855
0.42020236
0.42124486
0.42207885
0.42327704
0.42494778
0.42599028
0.42729271
0.42823096
0.42937771
0.43016027
0.43115132
0.43229807
0.43334057
0.43448732
0.43620812
0.43740631
0.43829175
0.43912575
0.44006537
0.44089936
0.44162911
0.44308450
0.44391850
0.44490956
0.44584781
0.44678606
0.44803705
0.44907955
0.45012205
0.45153147
0.45226122
0.45330509
0.45424334
0.45596688
0.45674807
0.45742501
0.45836326
0.45909301
0.45997845
0.46060394
0.46143794
0.46237619
0.46373144
0.46446119
0.46519094
0.46623343
0.46696318
0.46774437
0.46894393
0.46988218
0.47071617
0.47165442
0.47327098
0.47400073
0.47525173
0.47608572
0.47733672
0.47817072
0.47910897
0.48082840
0.48207940
0.48291340
0.48411296
0.48525971
0.48645926
0.48771163
0.48880694
0.49021636
0.49136311
0.49240561
0.49323961
0.49396935
0.49532734
0.49605709
0.49694116
0.49829504
0.49939034
0.50038003
0.50100553
0.50183953
0.50303772
0.50387172
0.50449721
0.50501846
0.50585246
0.50637371
0.50741621
0.50825021
0.50908421
0.50970970
0.51023095
0.51096070
0.51200183
0.51273158
0.51335708
0.51466089
0.51549488
0.51659019
0.51773694
0.51867519
0.51961343
0.52107293
0.52221968
0.52336643
0.52399193
0.52498161
0.52565855
0.52711805
0.52763930
0.52904462
0.53013993
0.53086967
0.53149517
0.53264192
0.53342311
0.53404861
0.53540249
0.53613223
0.53722754
0.53816579
0.53910404
0.54014654
0.54103334
0.54186734
0.54348390
0.54489196
0.54614295
0.54734114
0.54838364
0.54921764
0.55078138
0.55260370
0.55343770
0.55437732
0.55541982
0.55640950
0.55734775
0.55818175
0.55901575
0.55974550
0.56047525
0.56156918
0.56224612
0.56344431
0.56427831
0.56521519
0.56604919
0.56740443
0.56891400
0.56964375
0.57131175
0.57235425
0.57287549
0.57417930
0.57543030
0.57584730
0.57668130
0.57746249
0.57840073
0.57954748
0.58017298
0.58142398
0.58251792
0.58356041
0.58434160
0.58496710
0.58569685
0.58637379
0.58767760
0.58840734
0.58913709
0.58965834
0.59017959
0.59143059
0.59226459
0.59299434
0.59382833
0.59497645
0.59581045
0.59643595
0.59732139
0.59799833
0.59883095
0.59976783
0.60018483
0.60070608
0.60143583
0.60226983
0.60320808
0.60404208
0.60498032
0.60571007
0.60643982
0.60706532
0.60779507
0.60857626
0.60961875
0.61034850
0.61097400
0.61201650
0.61379148
0.61446979
0.61504248
0.61640047
0.61707741
0.61801566
0.61874540
0.61957940
0.62030915
0.62093465
0.62156015
0.62218565
0.62291540
0.62333239
0.62427064
0.62479189
0.62520889
0.62614714
0.62739951
0.62792075
0.62844200
0.62953594
0.63036994
0.63089119
0.63162094
0.63318468
0.63381018
0.63464418
0.63568668
0.63631218
0.63693768
0.63735468
0.63798017
0.63850142
0.63990537
0.64073937
0.64115637
0.64266457
0.64386276
0.64548068
0.64652318
0.64777418
0.64850393
0.64902518
0.64985917
0.65048467
0.65079742
0.65152717
0.65236117
0.65329942
0.65371642
0.65413342
0.65538578
0.65632266
0.65736516
0.65799066
0.65929310
0.66012709
0.66054409
0.66116959
0.66169084
0.66278615
0.66330740
0.66393290
0.66497539
0.66549664
0.66601789
0.66653914
0.66700895
0.66773870
0.66836420
0.66878120
0.66898970
0.66925101
0.66966800
0.67018925
0.67102325
0.67164875
0.67227425
0.67279550
0.67362950
0.67415075
0.67482905
0.67555880
0.67597580
0.67644424
0.67696549
0.67759099
0.67800799
0.67852924
0.67957173
0.68014442
0.68082136
0.68217798
0.68269923
0.68311623
0.68405448
0.68488847
0.68561822
0.68634797
0.68718197
0.68780747
0.68864147
0.68916272
0.68957971
0.69041234
0.69103784
0.69135059
0.69218459
0.69348840
0.69421815
0.69562483
0.69593758
0.69645883
0.69713714
0.69755414
0.69911789
0.70005613
0.70099438
0.70182838
0.70214113
0.70302794
0.70334069
0.70375769
0.70448744
0.70558411
0.70662661
0.70693936
0.70725211
0.70766911
0.70871024
0.70902299
0.70943998
0.71016973
0.71079523
0.71152498
0.71215048
0.71256748
0.71308873
0.71340148
0.71465247
0.71538222
0.71611197
0.71705022
0.71861260
0.71928954
0.71996648
0.72059197
0.72173872
0.72236422
0.72398078
0.72476334
0.72518033
0.72632708
0.72721526
0.72820495
0.72877901
0.72919601
0.72971725
0.73044700
0.73081119
0.73122819
0.73174807
0.73232213
0.73289482
0.73362457
0.73430288
0.73518831
0.73602231
0.73664781
0.73758469
0.73800169
0.73821019
0.73862719
0.73914844
0.73992963
0.74024238
0.74076362
0.74128350
0.74201325
0.74321281
0.74383831
0.74456806
0.74488081
0.74529781
0.74581906
0.74644455
0.74686155
0.74738280
0.74800830
0.74852955
0.74899936
0.74967630
0.75040605
0.75103154
0.75202123
0.75243823
0.75285523
0.75457193
0.75514462
0.75618575
0.75691550
0.75764525
0.75827074
0.75962599
0.75993874
0.76087699
0.76160537
0.76223087
0.76296062
0.76374317
0.76416017
0.76447292
0.76572529
0.76624654
0.76676779
0.76739329
0.76822865
0.76895840
0.76927115
0.77026221
0.77067921
0.77239864
0.77291989
0.77333689
0.77396239
0.77479639
0.77573464
0.77604739
0.77729839
0.77771538
0.77833951
0.77875651
0.77959051
0.78105001
0.78136276
0.78188401
0.78350056
0.78412606
0.78568570
0.78631120
0.78672820
0.78724945
0.78797920
0.78839620
0.78870895
0.78912594
0.78943869
0.79011563
0.79162794
0.79241050
0.79303600
0.79366150
0.79397424
0.79423418
0.79454693
0.79475543
0.79527668
0.79642343
0.79684043
0.79741449
0.79772724
0.79824849
0.79856124
0.79918673
0.79970798
0.80064486
0.80111467
0.80174017
0.80293699
0.80324974
0.80444793
0.80486493
0.80549042
0.80590742
0.80663717
0.80705417
0.80788817
0.80820092
0.80851367
0.80913780
0.80997180
0.81070154
0.81101429
0.81221248
0.81273373
0.81315073
0.81335923
0.81471448
0.81513148
0.81570417
0.81601691
0.81664104
0.81705804
0.81757929
0.81872604
0.81903879
0.81935154
0.81956004
0.81997704
0.82081104
0.82122804
0.82226916
0.82315460
0.82362304
0.82466554
0.82513398
0.82555098
0.82648923
0.82748028
0.82810578
0.82951110
0.83086635
0.83128335
0.83185741
0.83227441
0.83269140
0.83321265
0.83352540
0.83425515
0.83488065
0.83524484
0.83576609
0.83738812
0.83749237
0.83796081
0.83848206
0.83926462
0.83968162
0.84009862
0.84108831
0.84249910
0.84312460
0.84333310
0.84364585
0.84395860
0.84458410
0.84520959
0.84552234
0.84646059
0.84776440
0.84849415
0.84917246
0.84948521
0.84979659
0.85021358
0.85151739
0.85214289
0.85287264
0.85313395
0.85407220
0.85459345
0.85490619
0.85574019
0.85636569
0.85699119
0.85730394
0.85808513
0.85891913
0.85944038
0.85996163
0.86136557
0.86178257
0.86240807
0.86272082
0.86334632
0.86376332
0.86475438
0.86517138
0.86558838
0.86579688
0.86631812
0.86678793
0.86751768
0.86803893
0.86866443
0.86949843
0.87012393
0.87090648
0.87132348
0.87194898
0.87335567
0.87387692
0.87439817
0.87460667
0.87491942
0.87544067
0.87570197
0.87606616
0.87679591
0.87731716
0.87861960
0.87903660
0.87955785
0.88039185
0.88091310
0.88174709
0.88310097
0.88383072
0.88445759
0.88508309
0.88586428
0.88648977
0.88742665
0.88794790
0.88826065
0.88878190
0.88961590
0.89034565
0.89112821
0.89149240
0.89243064
0.89316039
0.89347314
0.89394158
0.89488120
0.89592370
0.89654919
0.89675769
0.89753888
0.89795588
0.89837288
0.89946819
0.90150311
0.90160736
0.90233711
0.90275411
0.90311830
0.90405655
0.90457780
0.90520330
0.90614565
0.90666690
0.90739939
0.90812914
0.90870183
0.90911883
0.90953582
0.91094388
0.91156938
0.91209063
0.91250763
0.91292463
0.91417426
0.91469550
0.91532100
0.91615500
0.91646775
0.91719750
0.91740600
0.91761450
0.91808431
0.91850131
0.91969949
0.92100056
0.92240588
0.92261438
0.92360407
0.92454232
0.92558482
0.92579332
0.92704431
0.92834812
0.92912931
0.92965056
0.93058744
0.93142280
0.93194405
0.93251811
0.93345773
0.93366623
0.93434317
0.93465592
0.93580266
0.93642816
0.93684516
0.93726216
0.93778341
0.93809616
0.93929572
0.94018253
0.94059952
0.94112077
0.94252746
0.94315296
0.94377846
0.94497802
0.94581201
0.94617620
0.94638470
0.94727014
0.94904239
0.94945939
0.94998064
0.95081463
0.95133588
0.95206426
0.95258551
0.95414789
0.95446064
0.95498189
0.95555321
0.95706415
0.95774108
0.95841939
0.95951333
0.96055720
0.96076570
0.96191108
0.96274508
0.96399607
0.96451732
0.96483007
0.96597545
0.96670520
0.96733070
0.96774770
0.96858169
0.96951994
0.96983269
0.97061388
0.97113513
0.97155213
0.97248627
0.97300752
0.97352877
0.97425852
0.97477976
0.97592651
0.97623926
0.97686476
0.97749026
0.97832426
0.97894976
0.97926251
0.97967951
0.98046206
0.98087906
0.98150456
0.98218150
0.98259850
0.98291125
0.98353675
0.98379669
0.98431794
0.98504768
0.98556893
0.98598593
0.98676438
0.98707713
0.98780688
0.98884938
0.98978763
0.99015182
0.99046457
0.99134864
0.99197414
0.99228688
0.99301663
0.99343363
0.99385063
0.99494457
0.99525732
0.99583138
0.99650832
0.99692532
0.99734231
0.99796781
0.99859331
0.99895750
0.48331238
