0.00000000
0.00975360
0.01605231
0.02217095
0.02903492
0.03488292
0.04041448
0.04573160
0.05066567
0.05566633
0.06015902
0.06398550
0.06842198
0.07261074
0.07591993
0.08002957
0.08351775
0.08666657
0.09038065
0.09403958
0.09707600
0.09923070
0.10320502
0.10651314
0.10975360
0.11206653
0.11556617
0.11844436
0.12141311
0.12443807
0.12771182
0.13113235
0.13358060
0.13579471
0.13944220
0.14238911
0.14547134
0.14865560
0.15114967
0.15415279
0.15700806
0.16002263
0.16239284
0.16475159
0.16707812
0.16903198
0.17126687
0.17417942
0.17627899
0.17880742
0.18239763
0.18540075
0.18726298
0.19004021
0.19211687
0.19419460
0.19637328
0.19880077
0.20116059
0.20407314
0.20624037
0.20845341
0.21033748
0.21334060
0.21501131
0.21688499
0.21889506
0.22094988
0.22305984
0.22480966
0.22679682
0.22950532
0.23170691
0.23365971
0.23534187
0.23779226
0.23942860
0.24116697
0.24359445
0.24516313
0.24682238
0.24917075
0.25085291
0.25294103
0.25492819
0.25650832
0.25811137
0.25937612
0.26085424
0.26341704
0.26497426
0.26717586
0.26872270
0.27041632
0.27283234
0.27484241
0.27621957
0.27888333
0.28048637
0.28211233
0.28372683
0.28530697
0.28706825
0.28824243
0.28987984
0.29188884
0.29401132
0.29551342
0.29668760
0.29800856
0.29918274
0.30095547
0.30285206
0.30417302
0.30573132
0.30706373
0.30794437
0.30903943
0.31003355
0.31107242
0.31272128
0.31443781
0.31617617
0.31713593
0.31872752
0.31990170
0.32108734
0.32324311
0.32493566
0.32612130
0.32743080
0.32849257
0.32937321
0.33055885
0.33202658
0.33276044
0.33357342
0.33482672
0.33632774
0.33698249
0.33810047
0.33903732
0.34006473
0.34123891
0.34262752
0.34528089
0.34616153
0.34696305
0.34785515
0.34902933
0.35020351
0.35068858
0.35213340
0.35307024
0.35416531
0.35527184
0.35602861
0.35690925
0.35757545
0.35911084
0.36069098
0.36189953
0.36320903
0.36430410
0.36481207
0.36597480
0.36727285
0.36800671
0.36888735
0.36988040
0.37046749
0.37135958
0.37224022
0.37398897
0.37479049
0.37661943
0.37790602
0.37898963
0.38036679
0.38165446
0.38224155
0.38305453
0.38420580
0.38537998
0.38700594
0.38810101
0.38898165
0.38956874
0.39088969
0.39177033
0.39273008
0.39338483
0.39428838
0.39487547
0.39604966
0.39700941
0.39913189
0.40008018
0.40066728
0.40133348
0.40213501
0.40272210
0.40386192
0.40470819
0.40609680
0.40676301
0.40735010
0.40877308
0.40966517
0.41039904
0.41098613
0.41220506
0.41330013
0.41410166
0.41533204
0.41621268
0.41755655
0.41909193
0.42031087
0.42125916
0.42184626
0.42235423
0.42279455
0.42323487
0.42382196
0.42426228
0.42484937
0.42528969
0.42579767
0.42623799
0.42667831
0.42790869
0.42834901
0.42893611
0.42986149
0.43030181
0.43074213
0.43119390
0.43233372
0.43277404
0.43358702
0.43410645
0.43484032
0.43528063
0.43608216
0.43728964
0.43809116
0.43958073
0.44079966
0.44168030
0.44282119
0.44340828
0.44427746
0.44537253
0.44581285
0.44761887
0.44935724
0.45009110
0.45097174
0.45141206
0.45185238
0.45229270
0.45343252
0.45430170
0.45510322
0.45598386
0.45737248
0.45839989
0.45920141
0.45986762
0.46060148
0.46148212
0.46206921
0.46324339
0.46397726
0.46457580
0.46537733
0.46632562
0.46740924
0.46822222
0.46911431
0.46976906
0.47086413
0.47269306
0.47376522
0.47452200
0.47481554
0.47569618
0.47598973
0.47643005
0.47919582
0.48034709
0.48093419
0.48152128
0.48196160
0.48248103
0.48277458
0.48372287
0.48401642
0.48445674
0.48481794
0.48540503
0.48584535
0.48621801
0.48651156
0.48709865
0.48745985
0.48819372
0.48884847
0.48964999
0.48994354
0.49112918
0.49142272
0.49223570
0.49252925
0.49282279
0.49340989
0.49385020
0.49414375
0.49458407
0.49487761
0.49575825
0.49605180
0.49737275
0.49781307
0.49810662
0.49869371
0.49928080
0.49972112
0.50024055
0.50068087
0.50126796
0.50214860
0.50244215
0.50288247
0.50376310
0.50405665
0.50449697
0.50493729
0.50537761
0.50581792
0.50633736
0.50677768
0.50721799
0.50751154
0.50780509
0.50852750
0.50897927
0.50974643
0.51070618
0.51114650
0.51166593
0.51255802
0.51375512
0.51418398
0.51447753
0.51491785
0.51542582
0.51578703
0.51647614
0.51691646
0.51750355
0.51836128
0.51865483
0.51894837
0.51938869
0.51968224
0.52012256
0.52056288
0.52223358
0.52252713
0.52296745
0.52361074
0.52405106
0.52449138
0.52521379
0.52566556
0.52625265
0.52682829
0.52712184
0.52814925
0.52858957
0.52888311
0.52961698
0.53020407
0.53079116
0.53173946
0.53337580
0.53381612
0.53494448
0.53553157
0.53597189
0.53663810
0.53766551
0.53908742
0.53953919
0.53983274
0.54027306
0.54133376
0.54193231
0.54266617
0.54360301
0.54448365
0.54527372
0.54607524
0.54702354
0.54761063
0.54877336
0.54941666
0.55040970
0.55070325
0.55114357
0.55158388
0.55187743
0.55217098
0.55253218
0.55311927
0.55385314
0.55482434
0.55511789
0.55702594
0.55775980
0.55901310
0.56001760
0.56045792
0.56185799
0.56265951
0.56391281
0.56464667
0.56571883
0.56586561
0.56601238
0.56658802
0.56673479
0.56738954
0.56753631
0.56804429
0.56840550
0.56950057
0.57008766
0.57126184
0.57169070
0.57252552
0.57267229
0.57281907
0.57347382
0.57479477
0.57502066
0.57560775
0.57591275
0.57605953
0.57675903
0.57733466
0.57762821
0.57820385
0.57849739
0.57899391
0.57914069
0.58006715
0.58085721
0.58121842
0.58136519
0.58261849
0.58304735
0.58319413
0.58348767
0.58449217
0.58463895
0.58478572
0.58522604
0.58551958
0.58632111
0.58646788
0.58676142
0.58748383
0.58769827
0.58813859
0.58912018
0.58956049
0.58985404
0.59044113
0.59169336
0.59242722
0.59272077
0.59339843
0.59383875
0.59398552
0.59427907
0.59457261
0.59486616
0.59521591
0.59536268
0.59580300
0.59639009
0.59720307
0.59793694
0.59838871
0.59882903
0.59897580
0.59912257
0.59941612
0.59956289
0.59985644
0.60008233
0.60022910
0.60037587
0.60066942
0.60097442
0.60126796
0.60141474
0.60156151
0.60278044
0.60320931
0.60397754
0.60433874
0.60469995
0.60484672
0.60553583
0.60568261
0.60612293
0.60626970
0.60656324
0.60685679
0.60814338
0.60858370
0.60902402
0.60946434
0.60975788
0.61005143
0.61050320
0.61064998
0.61086441
0.61115795
0.61137239
0.61181270
0.61210625
0.61225302
0.61239980
0.61297543
0.61333664
0.61370930
0.61408196
0.61464614
0.61493969
0.61550387
0.61587653
0.61631685
0.61690394
0.61734426
0.61749103
0.61793135
0.61837167
0.61881199
0.61961351
0.61990705
0.62020060
0.62049415
0.62113744
0.62174744
0.62204099
0.62226688
0.62284251
0.62328283
0.62372315
0.62445702
0.62460379
0.62553025
0.62567702
0.62582379
0.62641088
0.62751741
0.62774329
0.62810450
0.62854482
0.62898514
0.62913191
0.62949311
0.62993343
0.63022698
0.63066730
0.63110762
0.63125439
0.63140116
0.63154794
0.63213503
0.63228180
0.63301566
0.63345598
0.63374953
0.63418985
0.63485605
0.63544315
0.63572524
0.63631233
0.63711385
0.63755417
0.63770094
0.63826512
0.63891988
0.63928108
0.63978906
0.64028558
0.64057913
0.64087267
0.64145976
0.64204686
0.64263395
0.64278072
0.64292749
0.64349168
0.64418079
0.64432756
0.64506143
0.64535497
0.64594207
0.64638238
0.64676650
0.64699239
0.64743270
0.64847157
0.64876512
0.64905866
0.64979253
0.65014228
0.65044728
0.65059405
0.65139557
0.65242298
0.65278419
0.65316830
0.65331508
0.65375540
0.65513149
0.65557180
0.65571858
0.65615890
0.65797638
0.65863113
0.65892467
0.65936499
0.66030183
0.66074215
0.66132924
0.66207456
0.66236811
0.66266165
0.66295520
0.66380254
0.66452495
0.66467173
0.66504439
0.66563148
0.66599268
0.66637680
0.66652357
0.66696389
0.66711066
0.66825048
0.66854403
0.66883757
0.66971821
0.67015853
0.67059885
0.67089239
0.67133271
0.67162626
0.67201037
0.67245069
0.67341044
0.67385076
0.67521647
0.67609710
0.67668420
0.67683097
0.67748572
0.67820813
0.67923554
0.67951763
0.67981118
0.68030770
0.68156100
0.68185454
0.68255404
0.68314113
0.68342322
0.68415709
0.68474418
0.68522925
0.68566957
0.68617754
0.68661786
0.68691141
0.68816364
0.68854775
0.68916814
0.68990200
0.69027466
0.69117821
0.69139264
0.69183296
0.69235239
0.69316537
0.69405746
0.69490374
0.69563760
0.69593115
0.69636001
0.69786103
0.69838047
0.69896756
0.69940788
0.70028851
0.70087561
0.70116915
0.70160947
0.70249011
0.70286277
0.70315631
0.70359663
0.70418372
0.70535791
0.70543702
0.70571911
0.70578677
0.70622709
0.70666741
0.70717539
0.70827046
0.70855255
0.70876698
0.70891375
0.70935407
0.70964762
0.70978293
0.71050534
0.71073123
0.71117155
0.71131832
0.71175864
0.71183776
0.71221042
0.71243630
0.71272985
0.71317017
0.71324928
0.71354283
0.71368960
0.71412992
0.71412992
0.71476176
0.71556328
0.71600360
0.71615037
0.71644392
0.71673747
0.71688424
0.71836235
0.71873501
0.71888179
0.71908476
0.71937831
0.71988629
0.72003306
0.72024749
0.72074401
0.72102610
0.72162465
0.72198586
0.72227940
0.72257295
0.72257295
0.72273118
0.72329536
0.72350979
0.72439043
0.72497752
0.72542929
0.72557606
0.72624227
0.72690848
0.72822943
0.72846677
0.72861355
0.72890709
0.72948273
0.72977628
0.73072457
0.73085989
0.73130021
0.73159375
0.73218085
0.73233907
0.73286996
0.73293762
0.73308439
0.73323117
0.73393067
0.73430333
0.73459687
0.73474365
0.73530783
0.73566903
0.73573669
0.73645910
0.73689942
0.73733974
0.73779151
0.73800594
0.73845772
0.73889804
0.74029918
0.74045740
0.74090918
0.74129329
0.74158684
0.74173361
0.74245602
0.74308786
0.74324609
0.74339286
0.74396850
0.74427350
0.74479293
0.74523325
0.74544768
0.74552680
0.74617009
0.74623775
0.74659896
0.74673428
0.74745669
0.74745669
0.74830296
0.74837062
0.74851739
0.74910448
0.74942094
0.74971448
0.75001948
0.75001948
0.75032448
0.75122696
0.75136228
0.75136228
0.75180260
0.75180260
0.75216380
0.75231058
0.75261558
0.75313501
0.75342856
0.75406040
0.75428628
0.75479426
0.75495249
0.75509926
0.75516692
0.75516692
0.75530224
0.75538135
0.75630674
0.75658883
0.75734560
0.75749238
0.75749238
0.75786504
0.75859890
0.75897156
0.75970543
0.75999897
0.76061936
0.76103677
0.76133031
0.76174772
0.76218804
0.76257216
0.76293336
0.76337368
0.76352045
0.76436672
0.76451350
0.76467173
0.76516825
0.76530357
0.76583445
0.76598123
0.76642155
0.76678275
0.76707630
0.76735839
0.76868973
0.76868973
0.76883650
0.76934448
0.76984100
0.77019075
0.77033752
0.77136493
0.77223412
0.77294507
0.77322716
0.77337394
0.77358837
0.77422021
0.77458141
0.77613864
0.77635307
0.77700782
0.77738048
0.77752726
0.77780935
0.77795612
0.77817055
0.77837353
0.77845264
0.77903973
0.78019101
0.78056367
0.78056367
0.78093633
0.78122987
0.78137665
0.78297969
0.78400710
0.78400710
0.78408622
0.78430065
0.78458274
0.78458274
0.78511363
0.78526040
0.78606193
0.78635547
0.78656990
0.78686345
0.78715699
0.78730377
0.78775554
0.78882770
0.78932422
0.78947100
0.78969688
0.78999043
0.79028398
0.79083670
0.79205563
0.79249595
0.79263127
0.79350045
0.79394077
0.79425723
0.79441546
0.79464134
0.79514932
0.79544287
0.79558964
0.79588319
0.79631205
0.79704591
0.79775687
0.79834396
0.79834396
0.79862605
0.79877282
0.79912257
0.80020619
0.80122214
0.80165101
0.80275753
0.80334462
0.80393172
0.80451881
0.80481235
0.80510590
0.80545565
0.80560242
0.80589597
0.80632483
0.80670895
0.80766870
0.80832345
0.80932795
0.80976827
0.81006181
0.81035536
0.81094245
0.81108922
0.81158575
0.81187929
0.81210518
0.81239873
0.81269227
0.81298582
0.81313259
0.81327936
0.81544659
0.81589837
0.81619191
0.81657603
0.81686957
0.81702780
0.81732135
0.81776166
0.81805521
0.81826964
0.81904826
0.81961244
0.82034630
0.82171201
0.82185878
0.82229910
0.82244587
0.82244587
0.82267176
0.82281853
0.82311208
0.82340562
0.82355240
0.82399272
0.82428626
0.82428626
0.82443303
0.82495247
0.82592367
0.82621722
0.82739033
0.82840629
0.82908395
0.82967104
0.83011136
0.83024668
0.83060788
0.83088997
0.83095763
0.83103675
0.83175916
0.83242536
0.83323834
0.83366720
0.83396075
0.83410752
0.83478518
0.83522550
0.83550759
0.83615089
0.83645589
0.83660266
0.83704298
0.83747184
0.83812660
0.83840869
0.84004503
0.84100478
0.84115155
0.84214460
0.84279935
0.84337499
0.84366853
0.84388296
0.84440240
0.84462828
0.84560987
0.84590342
0.84663728
0.84707760
0.84773235
0.84817267
0.84831944
0.84875976
0.85000054
0.85021497
0.85036174
0.85065529
0.85109560
0.85167124
0.85187422
0.85203245
0.85247277
0.85261954
0.85291308
0.85305986
0.85350018
0.85350018
0.85364695
0.85394049
0.85423404
0.85482113
0.85518234
0.85532911
0.85570177
0.85650329
0.85679684
0.85694361
0.85788045
0.85802723
0.85867052
0.85992382
0.86007059
0.86035268
0.86131243
0.86159453
0.86236276
0.86244187
0.86317573
0.86422605
0.86465492
0.86509524
0.86524201
0.86546790
0.86616740
0.86631417
0.86660771
0.86683360
0.86712715
0.86771424
0.86786101
0.86816601
0.86845956
0.86860633
0.86896754
0.86918197
0.86967849
0.86975761
0.87063824
0.87130445
0.87203831
0.87210597
0.87254629
0.87254629
0.87269306
0.87291895
0.87306572
0.87350604
0.87410459
0.87439813
0.87483845
0.87498523
0.87512054
0.87526732
0.87556086
0.87640714
0.87670068
0.87720866
0.87759277
0.87831518
0.87875550
0.87976000
0.87990678
0.88086653
0.88109241
0.88132976
0.88235717
0.88279749
0.88323780
0.88367812
0.88382490
0.88426521
0.88441199
0.88488667
0.88519167
0.88548522
0.88577876
0.88607231
0.88662504
0.88699770
0.88729124
0.88743801
0.88820517
0.88864549
0.88943556
0.88972911
0.89016943
0.89031620
0.89121975
0.89166006
0.89195361
0.89254070
0.89311634
0.89334223
0.89378254
0.89415520
0.89444875
0.89488907
0.89511496
0.89555527
0.89626623
0.89655978
0.89700009
0.89758719
0.89802750
0.89810662
0.89859169
0.89926935
0.90027385
0.90056739
0.90149278
0.90193310
0.90193310
0.90350178
0.90379533
0.90429185
0.90494660
0.90538692
0.90608642
0.90686610
0.90701288
0.90701288
0.90745320
0.90759997
0.90790497
0.90849206
0.90900004
0.90914681
0.90971099
0.91123493
0.91165234
0.91272450
0.91295038
0.91352602
0.91518527
0.91562559
0.91606591
0.91621268
0.91665300
0.91679977
0.91709332
0.91770332
0.91831332
0.91852775
0.91930637
0.92108948
0.92108948
0.92166512
0.92195866
0.92254576
0.92332437
0.92376469
0.92412589
0.92441944
0.92515330
0.92544685
0.92631603
0.92701553
0.92730908
0.92745585
0.92789617
0.92804294
0.92885592
0.92922858
0.92960124
0.92966890
0.93010922
0.93025599
0.93054954
0.93100131
0.93208492
0.93454570
0.93512134
0.93562931
0.93622786
0.93688261
0.93702938
0.93761648
0.93835034
0.93959111
0.94016675
0.94077675
0.94092352
0.94157827
0.94201859
0.94208625
0.94266189
0.94280866
0.94295543
0.94318132
0.94332809
0.94347487
0.94376841
0.94438987
0.94508937
0.94529235
0.94543912
0.94660185
0.94688394
0.94830692
0.94860047
0.94918756
0.94962788
0.95065529
0.95184092
0.95242802
0.95257479
0.95301511
0.95322954
0.95380518
0.95387284
0.95445993
0.95525000
0.95547588
0.95640127
0.95690925
0.95720279
0.95734957
0.95778988
0.95807198
0.95845609
0.95933673
0.95990091
0.96012680
0.96055566
0.96106364
0.96150396
0.96165073
0.96194428
0.96245225
0.96344530
0.96375030
0.96397619
0.96412296
0.96469860
0.96544392
0.96566980
0.96724994
0.96770171
0.96820969
0.96828881
0.96866147
0.96921419
0.97001572
0.97016249
0.97073813
0.97161876
0.97214965
0.97303029
0.97333529
0.97396713
0.97453131
0.97482486
0.97498309
0.97586372
0.97645081
0.97698170
0.97712848
0.97712848
0.97756879
0.97786234
0.97830266
0.97916039
0.97945393
0.97974748
0.98004102
0.98041368
0.98131723
0.98161078
0.98175755
0.98197198
0.98232173
0.98276205
0.98305560
0.98327003
0.98356357
0.98377801
0.98392478
0.98451187
0.98465864
0.98488453
0.98517808
0.98532485
0.98588903
0.98617112
0.98638555
0.98667910
0.98682587
0.98710796
0.98810101
0.98832690
0.98891399
0.98906076
0.98921899
0.99048267
0.99126128
0.99155483
0.99199515
0.99214192
0.99281958
0.99325990
0.99370022
0.99427586
0.99479529
0.99494206
0.99554061
0.99594656
0.99631922
0.99647745
0.99730188
0.99751632
0.99810341
0.99853227
0.99970645
0.99977411
0.21917523
