0.00000000
0.07719931
0.12543407
0.16001526
0.19023379
0.23666649
0.26429812
0.31057298
0.36194272
0.40289470
0.42309008
0.44061963
0.45095847
0.46073170
0.46630450
0.47050493
0.47817794
0.48924462
0.49077923
0.50289821
0.51864762
0.52131344
0.52914869
0.53827739
0.54094321
0.54457803
0.56638693
0.56792153
0.57478779
0.57979498
0.59021712
0.59853906
0.60330510
0.60483970
0.61647199
0.61800659
0.62164141
0.62487285
0.63133572
0.63553615
0.63803974
0.64377477
0.64740959
0.65823512
0.66930180
0.67140201
0.67923726
0.68174085
0.69256638
0.70339191
0.70912694
0.71163054
0.72172823
0.72891894
0.74507612
0.76414027
0.76720948
0.78166982
0.78724263
0.78877723
0.79281543
0.79887492
0.80040952
0.81430425
0.81890806
0.83134712
0.84637308
0.85695307
0.85848767
0.87060665
0.87997650
0.88861851
0.90339893
0.91365884
0.91632467
0.92569452
0.93013610
0.93320530
0.94305746
0.95169946
0.95630327
0.97447736
0.98594742
0.99208583
0.26399736
