0.00000000
0.01633256
0.03164485
0.04716582
0.06327239
0.07888904
0.09303096
0.10728834
0.12187730
0.13602911
0.15040197
0.16329268
0.17647700
0.18888273
0.20090906
0.21356304
0.22642075
0.23850976
0.25021689
0.26188113
0.27288718
0.28361693
0.29485887
0.30584182
0.31585812
0.32544471
0.33598310
0.34618498
0.35646190
0.36652521
0.37639800
0.38634336
0.39649740
0.40633719
0.41522433
0.42262849
0.43125170
0.44086302
0.44932045
0.45776798
0.46656276
0.47565611
0.48411933
0.49336361
0.50232912
0.50855633
0.51740884
0.52569801
0.53402760
0.54229946
0.55094577
0.55965229
0.56670346
0.57480954
0.58324717
0.59147119
0.59799202
0.60535165
0.61039032
0.61732271
0.62436315
0.63127574
0.63645957
0.64327402
0.65039282
0.65741346
0.66460484
0.67134918
0.67763081
0.68419947
0.69033594
0.69687161
0.70145252
0.70705123
0.71227300
0.71591942
0.72164102
0.72646029
0.72876971
0.73337041
0.73859961
0.74517817
0.74755770
0.75153816
0.75743048
0.76298630
0.76867489
0.77284093
0.77545223
0.77950527
0.78357562
0.78760392
0.79444147
0.79974324
0.80422352
0.80734702
0.81018185
0.81472233
0.81924303
0.82181145
0.82344949
0.82993484
0.83477721
0.83750399
0.83881046
0.84051365
0.84554654
0.84800938
0.85197994
0.85316352
0.85849829
0.86012149
0.86360213
0.86419763
0.86457951
0.86518490
0.86600639
0.87185088
0.87356233
0.87733164
0.87754774
0.87829913
0.88439271
0.88513915
0.88852411
0.89120799
0.89471337
0.89482142
0.89947737
0.90308832
0.90787791
0.91265181
0.91325968
0.91609861
0.91866371
0.92239260
0.92740818
0.92858186
0.92874765
0.92940335
0.93004422
0.93276852
0.93309267
0.93351744
0.93829713
0.94061398
0.94296630
0.94307187
0.94528067
0.94737647
0.94915555
0.95013046
0.95094453
0.95094453
0.95116310
0.95207532
0.95284650
0.95317559
0.95416039
0.95530850
0.95660508
0.95851942
0.96191675
0.96244957
0.96282155
0.96353994
0.96449753
0.96460805
0.96541470
0.96740740
0.96833694
0.96876666
0.97182253
0.97198337
0.97305642
0.97311169
0.97316695
0.97382513
0.97414927
0.97696678
0.97718782
0.97959540
0.98104045
0.98518174
0.98540031
0.98599829
0.98615912
0.98702351
0.98740044
0.98767179
0.98842813
0.98848339
0.98864917
0.99173557
0.99184361
0.99189640
0.99194919
0.99200445
0.99244406
0.99249932
0.99260984
0.99287873
0.99303956
0.99353196
0.99386105
0.99419015
0.99435593
0.99441119
0.99441119
0.99441119
0.99479059
0.99489864
0.99747695
1.00000000
0.55532355
