0.00000000
0.02422623
0.04323842
0.06824380
0.07791782
0.09114479
0.10694909
0.11832076
0.13023852
0.14028043
0.15174808
0.16174887
0.17122413
0.17847394
0.18763618
0.19617238
0.20291268
0.21080455
0.21832400
0.22467359
0.23041769
0.23510847
0.24169112
0.24714276
0.25021130
0.25400186
0.25954947
0.26312526
0.26849694
0.27252283
0.27865764
0.28496612
0.29071022
0.29463787
0.29850612
0.30175059
0.30532637
0.30997603
0.31843455
0.32333783
0.33015582
0.33509795
0.33963108
0.34146809
0.34582529
0.34830664
0.35440260
0.35776361
0.36149477
0.36561663
0.36802029
0.37214216
0.37640111
0.38097309
0.38544682
0.38974462
0.39429604
0.39656261
0.39925873
0.40298988
0.40679873
0.40949485
0.41158548
0.41435929
0.41588328
0.41836463
0.42088481
0.42283836
0.42674545
0.42830829
0.43239131
0.43399299
0.43647433
0.43838903
0.44030373
0.44165179
0.44569597
0.44868456
0.45024739
0.45241572
0.45337307
0.45737840
0.45915601
0.45993743
0.46110956
0.46366859
0.46575922
0.46693135
0.46814232
0.46991994
0.47292908
0.47519564
0.47597706
0.47923982
0.48221012
0.48484684
0.48644852
0.48783542
0.49039445
0.49184076
0.49305173
0.49418501
0.49492758
0.49652926
0.50071053
0.50219568
0.50407154
0.50446225
0.50602508
0.50659172
0.50850642
0.50889713
0.51133963
0.51190627
0.51286362
0.51364504
0.51481717
0.51520788
0.51798169
0.51854833
0.52081489
0.52319799
0.52411650
0.52485907
0.52564049
0.52624598
0.52663669
0.52862908
0.52972351
0.53050493
0.53089564
0.53288803
0.53558415
0.53636557
0.53732292
0.54037090
0.54076161
0.54457046
0.54570374
0.54679818
0.54797031
0.54836102
0.55219042
0.55379210
0.55635113
0.55766035
0.55805106
0.55975098
0.56256363
0.56352098
0.56486904
0.56547453
0.56725214
0.56781878
0.56926509
0.56990942
0.57065199
0.57225367
0.57285916
0.57342580
0.57434430
0.57526281
0.57600538
0.57678680
0.57778300
0.57838848
0.57860326
0.57916990
0.58360706
0.58559945
0.58577538
0.58659564
0.58698635
0.58733821
0.58878452
0.58956594
0.59126586
0.59165657
0.59261392
0.59261392
0.59300463
0.59478224
0.59517295
0.59570075
0.59665810
0.59818209
0.59874873
0.59913944
0.60214858
0.60253929
0.60293000
0.60332071
0.60445399
0.60537250
0.60857586
0.60914250
0.60953321
0.61117374
0.61320497
0.61359568
0.61398639
0.61455303
0.61494374
0.61597878
0.61658426
0.61697497
0.61736568
0.61810825
0.61867490
0.62037482
0.62133217
0.62154695
0.62176172
0.62250430
0.62307094
0.62438016
0.62633370
0.62650963
0.62895213
0.63041672
0.63119814
0.63180363
0.63240911
0.63301460
0.63301460
0.63436266
0.63496814
0.63717531
0.63873815
0.64018445
0.64110296
0.64301766
0.64799863
0.64878005
0.65016695
0.65229643
0.65356680
0.65430938
0.65466124
0.65569628
0.65696665
0.65827587
0.65849064
0.66026826
0.66200703
0.66257367
0.66401997
0.66441068
0.66505501
0.66562165
0.66906035
0.66945105
0.67101389
0.67175646
0.67275266
0.67335815
0.67449143
0.67466736
0.67654322
0.67714870
0.67753941
0.67927818
0.68066509
0.68148535
0.68304818
0.68521651
0.68599792
0.68617386
0.68709236
0.68765900
0.68787378
0.68922184
0.69273822
0.69273822
0.69469177
0.69568796
0.69664531
0.69781744
0.69838408
0.69951736
0.70008401
0.70068949
0.70129498
0.70168569
0.70281897
0.70514494
0.70571158
0.70698195
0.70758743
0.70797814
0.70836885
0.70928736
0.71067426
0.71106497
0.71180755
0.71255012
0.71467960
0.71524624
0.71680908
0.71776643
0.71794236
0.71960344
0.71977937
0.72042370
0.72173292
0.72485859
0.72485859
0.72589363
0.72749531
0.72980072
0.73382434
0.73581673
0.73620744
0.73958673
0.74019222
0.74075886
0.74136435
0.74495842
0.74573984
0.74613054
0.74634532
0.74708789
0.74874898
0.75165987
0.75205058
0.75318386
0.75396528
0.75474670
0.75587998
0.75683733
0.75922043
0.75939636
0.75996301
0.76056849
0.76078327
0.76117398
0.76213133
0.76252204
0.76330346
0.76508107
0.76568655
0.76607726
0.77139181
0.77637279
0.77676350
0.77772085
0.77793562
0.77914659
0.78014279
0.78260358
0.78281835
0.78356093
0.78373686
0.78451828
0.78565156
0.78604227
0.78660891
0.78813290
0.78912910
0.78991052
0.79086787
0.79243070
0.79282141
0.79321212
0.79420832
0.79498973
0.79616186
0.79715806
0.79776354
0.79797832
0.79893567
0.79932638
0.80073384
0.80112455
0.80229667
0.80667216
0.80706287
0.80837209
0.80893873
0.80975899
0.81124414
0.81159600
0.81224033
0.81263104
0.81473996
0.81534545
0.81716191
0.81772855
0.81833403
0.82175217
0.82278721
0.82548333
0.82687023
0.82743688
0.83118859
0.83257549
0.83331807
0.83370878
0.83505684
0.83505684
0.83658083
0.83775296
0.83888624
0.83966766
0.84005837
0.84105456
0.84257855
0.84443385
0.84535236
0.84591900
0.84630971
0.84748184
0.84765777
0.84869281
0.84925945
0.85242397
0.85338132
0.85504240
0.85543311
0.85560904
0.85893120
0.85971262
0.86010333
0.86070881
0.86127546
0.86295482
0.86398986
0.86459535
0.86682307
0.86756565
0.86795635
0.86834706
0.86973397
0.87129680
0.87295788
0.87516505
0.87555576
0.87616124
0.87707975
0.87825188
0.87920923
0.88194419
0.88489393
0.88553826
0.88827323
0.88883987
0.88940651
0.88979722
0.89061748
0.89136005
0.89196554
0.89235625
0.89274696
0.89473935
0.89534483
0.89591148
0.89630218
0.89782618
0.89843166
0.89981857
0.90169442
0.90169442
0.90208513
0.90265177
0.90360912
0.90421461
0.90482010
0.90609047
0.90648118
0.90808286
0.90868834
0.90964569
0.91003640
0.91025118
0.91107144
0.91366932
0.91515446
0.91515446
0.91593588
0.91728394
0.91876909
0.91937458
0.91976528
0.92037077
0.92189476
0.92582241
0.92756118
0.92926110
0.92982774
0.93004252
0.93025730
0.93047207
0.93160536
0.93203491
0.93299226
0.93420323
0.93455510
0.93611793
0.93650864
0.93941954
0.93981025
0.94090469
0.94193972
0.94311185
0.94406920
0.94502655
0.94641346
0.94701894
0.94844469
0.94908902
0.94965566
0.95022230
0.95096488
0.95188338
0.95205932
0.95327029
0.95387577
0.95448126
0.95487197
0.95746984
0.95959932
0.96034190
0.96094738
0.96342872
0.96460085
0.96551936
0.96594891
0.96633962
0.96673033
0.96751175
0.96868387
0.96903574
0.96960238
0.97020787
0.97130231
0.97169301
0.97548357
0.97669454
0.97851100
0.97946835
0.98099234
0.98194969
0.98255518
0.98359022
0.98501597
0.98583623
0.98749731
0.98771209
0.98845466
0.98902130
0.98997865
0.99154149
0.99484309
0.99623000
0.99662071
0.99718735
0.99779283
0.28710625
