0.00000000
0.00405281
0.00780459
0.01282610
0.01851497
0.02502902
0.02763453
0.03323441
0.03845231
0.04185585
0.04544651
0.05163292
0.05629425
0.06065813
0.06436303
0.06792942
0.07157739
0.07429792
0.07681519
0.08133389
0.08427384
0.08762943
0.08998397
0.09301451
0.09508495
0.09717983
0.09936418
0.10323250
0.10515653
0.10743053
0.10981008
0.11223873
0.11623942
0.11911572
0.12108890
0.12404648
0.12614156
0.12853771
0.13214101
0.13459422
0.13677911
0.13958236
0.14201135
0.14614140
0.14993042
0.15241613
0.15422678
0.15636314
0.15936983
0.16251502
0.16579263
0.16837659
0.17236015
0.17458594
0.17664086
0.17899696
0.18285812
0.18487958
0.18804113
0.18987633
0.19193973
0.19449128
0.19613965
0.19999294
0.20154356
0.20471483
0.20766508
0.20958973
0.21287339
0.21441618
0.21627631
0.21812025
0.22144486
0.22319924
0.22639370
0.22856265
0.23082944
0.23301457
0.23619272
0.23778458
0.23975075
0.24164376
0.24336559
0.24639758
0.24813572
0.24967077
0.25092926
0.25263478
0.25398258
0.25694960
0.25912761
0.26209499
0.26317465
0.26589028
0.26753907
0.26922045
0.27033252
0.27232321
0.27342729
0.27506796
0.27709927
0.27925240
0.28158634
0.28343061
0.28526664
0.28786020
0.28914333
0.29161511
0.29302006
0.29466078
0.29681440
0.29908304
0.30110668
0.30314792
0.30543971
0.30692619
0.30921798
0.31108718
0.31302315
0.31435559
0.31594815
0.31807017
0.31928829
0.32111653
0.32246508
0.32385429
0.32538373
0.32653675
0.32797490
0.32991739
0.33108693
0.33308648
0.33405284
0.33477523
0.33669398
0.33872640
0.33996108
0.34215581
0.34313017
0.34551181
0.34683614
0.34771306
0.34985914
0.35095544
0.35225549
0.35423024
0.35597740
0.35774171
0.35892728
0.35995873
0.36131556
0.36213538
0.36310998
0.36528050
0.36679177
0.36824582
0.36968405
0.37043104
0.37147040
0.37265692
0.37412799
0.37518395
0.37666313
0.37780013
0.37898677
0.38044210
0.38140863
0.38203375
0.38291920
0.38457796
0.38566610
0.38741389
0.38846199
0.38950139
0.39045181
0.39135320
0.39280762
0.39418917
0.39529366
0.39610574
0.39707185
0.39770501
0.39854967
0.40029709
0.40207730
0.40280006
0.40353918
0.40413188
0.40543153
0.40643188
0.40729298
0.40812973
0.40880380
0.41012034
0.41086753
0.41191542
0.41337849
0.41474319
0.41564495
0.41648925
0.41762690
0.41820346
0.41943039
0.42037244
0.42175329
0.42267100
0.42357276
0.42412496
0.42558787
0.42656313
0.42717199
0.42797661
0.42900015
0.43012149
0.43104810
0.43191744
0.43299849
0.43412017
0.43529816
0.43602891
0.43688989
0.43790639
0.43919866
0.44058004
0.44129481
0.44225392
0.44283055
0.44368358
0.44442266
0.44553609
0.44664149
0.44716111
0.44832345
0.44929063
0.44998077
0.45098083
0.45187464
0.45293893
0.45428834
0.45505217
0.45594644
0.45636867
0.45758818
0.45838436
0.45930256
0.46027704
0.46078059
0.46166592
0.46288547
0.46383647
0.46420996
0.46499880
0.46605506
0.46690767
0.46733797
0.46793929
0.46834541
0.46938514
0.47043332
0.47111608
0.47179859
0.47285542
0.47384708
0.47434264
0.47521960
0.47612969
0.47695054
0.47777176
0.47876301
0.47938059
0.48033130
0.48171346
0.48250968
0.48339533
0.48409420
0.48445138
0.48481688
0.48573479
0.48674993
0.48753082
0.48818952
0.48890425
0.48957824
0.49073254
0.49152904
0.49236584
0.49336549
0.49412907
0.49447814
0.49525882
0.49645346
0.49725771
0.49815164
0.49841963
0.49883453
0.49947654
0.50015885
0.50075242
0.50172788
0.50235338
0.50334512
0.50380018
0.50484865
0.50515729
0.50568515
0.50679838
0.50726214
0.50809152
0.50847329
0.50958677
0.51050456
0.51098401
0.51167534
0.51252050
0.51322781
0.51357700
0.51440617
0.51485279
0.51581964
0.51699817
0.51759969
0.51829098
0.51888397
0.51920893
0.51967182
0.52009426
0.52033777
0.52067942
0.52138690
0.52185844
0.52219955
0.52256493
0.52305258
0.52334487
0.52410014
0.52514000
0.52548123
0.52586296
0.52658651
0.52704141
0.52776413
0.52822755
0.52896708
0.53026751
0.53069794
0.53106352
0.53205514
0.53281077
0.53329014
0.53406242
0.53461517
0.53500514
0.53573622
0.53660528
0.53766223
0.53847476
0.53903525
0.53959652
0.54048242
0.54092170
0.54128770
0.54195381
0.54237650
0.54278286
0.54340053
0.54402640
0.54489574
0.54533453
0.54568401
0.54604193
0.54647231
0.54739867
0.54798375
0.54823547
0.54921036
0.54972194
0.55026661
0.55087616
0.55115231
0.55201431
0.55271302
0.55324108
0.55364774
0.55414363
0.55504564
0.55565486
0.55627294
0.55678473
0.55765469
0.55854842
0.55910154
0.55961378
0.56049140
0.56106029
0.56149109
0.56231145
0.56287185
0.56333499
0.56363548
0.56390376
0.56433472
0.56485471
0.56580476
0.56634922
0.56670702
0.56676391
0.56696718
0.56712982
0.56723545
0.56752008
0.56784517
0.56811336
0.56843828
0.56862524
0.56873911
0.56910498
0.56913748
0.56939772
0.56977188
0.56996707
0.57081239
0.57100763
0.57113764
0.57133267
0.57165792
0.57181249
0.57195059
0.57221062
0.57257637
0.57266585
0.57294212
0.57358389
0.57379527
0.57408810
0.57426706
0.57426706
0.57434027
0.57444598
0.57455981
0.57465744
0.57467372
0.57480390
0.57480390
0.57490154
0.57512936
0.57525954
0.57530827
0.57545465
0.57559286
0.57563353
0.57603194
0.57615393
0.57618647
0.57620275
0.57626784
0.57631666
0.57633293
0.57659317
0.57668261
0.57704032
0.57719490
0.57732500
0.57743067
0.57744694
0.57751195
0.57765832
0.57792672
0.57816266
0.57839035
0.57876405
0.57882914
0.57910570
0.57926027
0.57937414
0.57961815
0.57963442
0.57968324
0.57971579
0.58004125
0.58022025
0.58025279
0.58033416
0.58038298
0.58064334
0.58088739
0.58096060
0.58109050
0.58143218
0.58148912
0.58151351
0.58163529
0.58166775
0.58180601
0.58198484
0.58244007
0.58244007
0.58246446
0.58248073
0.58253767
0.58266781
0.58274917
0.58295252
0.58302569
0.58302569
0.58314763
0.58316391
0.58318829
0.58364373
0.58371689
0.58396049
0.58400927
0.58404182
0.58419610
0.58422865
0.58425303
0.58461891
0.58465957
0.58486259
0.58487886
0.58524461
0.58544796
0.58549677
0.58556187
0.58567578
0.58574890
0.58577329
0.58578956
0.58591966
0.58607423
0.58608235
0.58670764
0.58672391
0.58707326
0.58756948
0.58759387
0.58765077
0.58785403
0.58821986
0.58830930
0.58836615
0.58843125
0.58844752
0.58866718
0.58869973
0.58883803
0.58898432
0.58903305
0.58904933
0.58911442
0.58916324
0.58926083
0.58934220
0.58947238
0.58952919
0.58970803
0.58984624
0.58995195
0.59006586
0.59011468
0.59051331
0.59071653
0.59084663
0.59087098
0.59091980
0.59115532
0.59122841
0.59137486
0.59141548
0.59152935
0.59167577
0.59200909
0.59204160
0.59256999
0.59281375
0.59291942
0.59304137
0.59313085
0.59349655
0.59398420
0.59402482
0.59480469
0.59487785
0.59521950
0.59558517
0.59578827
0.59586143
0.59615426
0.59617865
0.59685338
0.59698352
0.59763340
0.59789377
0.59795886
0.59818660
0.59833305
0.59838175
0.59842237
0.59864986
0.59888555
0.59916211
0.59930032
0.59947928
0.59973112
0.60034080
0.60037334
0.60059272
0.60060899
0.60062526
0.60062526
0.60119415
0.60125924
0.60130798
0.60132425
0.60147050
0.60148678
0.60197480
0.60234903
0.60238158
0.60243040
0.60250360
0.60261751
0.60261751
0.60273142
0.60278828
0.60278828
0.60285333
0.60341398
0.60369020
0.60369020
0.60385285
0.60391790
0.60450236
0.60455930
0.60460812
0.60465694
0.60472203
0.60481142
0.60528260
0.60529887
0.60539642
0.60572971
0.60596556
0.60598183
0.60607131
0.60617703
0.60665602
0.60684281
0.60728218
0.60732284
0.60737973
0.60755041
0.60759923
0.60763981
0.60786722
0.60792403
0.60838721
0.60870414
0.60879362
0.60882617
0.60887498
0.60980975
0.61003732
0.61008614
0.61008614
0.61010241
0.61018373
0.61028133
0.61061433
0.61071184
0.61072811
0.61074439
0.61094765
0.61133808
0.61138690
0.61197173
0.61209359
0.61218307
0.61244323
0.61245135
0.61254898
0.61263834
0.61307705
0.61313398
0.61322346
0.61323974
0.61327228
0.61327228
0.61347555
0.61376842
0.61403636
0.61426361
0.61429615
0.61432870
0.61449130
0.61458894
0.61460521
0.61470285
0.61500359
0.61502794
0.61502794
0.61502794
0.61506856
0.61507667
0.61512545
0.61531249
0.61534503
0.61549960
0.61552399
0.61562151
0.61567032
0.61585736
0.61590614
0.61592241
0.61596307
0.61597934
0.61603624
0.61606874
0.61610129
0.61642637
0.61644265
0.61645892
0.61647519
0.61649147
0.61667038
0.61685746
0.61715000
0.61716623
0.61720689
0.61724756
0.61734511
0.61739393
0.61744275
0.61757285
0.61758912
0.61780067
0.61783321
0.61797951
0.61802828
0.61807706
0.61814207
0.61826397
0.61839399
0.61841026
0.61842654
0.61854040
0.61855668
0.61855668
0.61883290
0.61886545
0.61888984
0.61888984
0.61905248
0.61943434
0.61948303
0.61956428
0.61967819
0.61968630
0.62052277
0.62053904
0.62075059
0.62078309
0.62080748
0.62088885
0.62088885
0.62088885
0.62095385
0.62144122
0.62149807
0.62151430
0.62153053
0.62174200
0.62188017
0.62197781
0.62202663
0.62209168
0.62214050
0.62248993
0.62258748
0.62266061
0.62275005
0.62284769
0.62319716
0.62367624
0.62404178
0.62421234
0.62422861
0.62432613
0.62439122
0.62447246
0.62448873
0.62453751
0.62465953
0.62470835
0.62481411
0.62485477
0.62522039
0.62528548
0.62554560
0.62554560
0.62556187
0.62577313
0.62604120
0.62605748
0.62607375
0.62607375
0.62626062
0.62629312
0.62688607
0.62717870
0.62761745
0.62767434
0.62771492
0.62803168
0.62806423
0.62811305
0.62839760
0.62841387
0.62847884
0.62854393
0.62858459
0.62858459
0.62894243
0.62894243
0.62895870
0.62899125
0.62902379
0.62907261
0.62911327
0.62916209
0.62917836
0.62927600
0.62935737
0.62938991
0.62952009
0.62952821
0.62954448
0.62967467
0.62970721
0.63020298
0.63020298
0.63025175
0.63027614
0.63054421
0.63057676
0.63086926
0.63095062
0.63096690
0.63098317
0.63108888
0.63114581
0.63117020
0.63147881
0.63165761
0.63201511
0.63236467
0.63276247
0.63279502
0.63286011
0.63299029
0.63300656
0.63300656
0.63326644
0.63329898
0.63330710
0.63336399
0.63336399
0.63339654
0.63342088
0.63343716
0.63343716
0.63343716
0.63343716
0.63372154
0.63375404
0.63377032
0.63384340
0.63411996
0.63411996
0.63413623
0.63426621
0.63429875
0.63485084
0.63491593
0.63498102
0.63499729
0.63501356
0.63514371
0.63515182
0.63574498
0.63574498
0.63580999
0.63582626
0.63584253
0.63587508
0.63601325
0.63609453
0.63609453
0.63653361
0.63653361
0.63653361
0.63653361
0.63655796
0.63663924
0.63664736
0.63685058
0.63685058
0.63690748
0.63715940
0.63771206
0.63771206
0.63772833
0.63773645
0.63775272
0.63779334
0.63798029
0.63801284
0.63807785
0.63826472
0.63828906
0.63831341
0.63834592
0.63841908
0.63841908
0.63841908
0.63841908
0.63873605
0.63880926
0.63880926
0.63907741
0.63907741
0.63907741
0.63909368
0.63909368
0.63909368
0.63909368
0.63913431
0.63913431
0.63915865
0.63919116
0.63981624
0.64020634
0.64093750
0.64096185
0.64099440
0.64102694
0.64126242
0.64134371
0.64134371
0.64137625
0.64191260
0.64191260
0.64191260
0.64191260
0.64199388
0.64199388
0.64199388
0.64199388
0.64217272
0.64222153
0.64223777
0.64223777
0.64223777
0.64266074
0.64266074
0.64266074
0.64266074
0.64266074
0.64266074
0.64266074
0.64283953
0.64289634
0.64303452
0.64303452
0.64315642
0.64315642
0.64319704
0.64339203
0.64339203
0.64341642
0.64341642
0.64341642
0.64341642
0.64341642
0.64346523
0.64353844
0.64355471
0.64355471
0.64377397
0.64385512
0.64387136
0.64397694
0.64397694
0.64406634
0.64411504
0.64411504
0.64418004
0.64419632
0.64419632
0.64419632
0.64456965
0.64458592
0.64474844
0.64490293
0.64507365
0.64508992
0.64508992
0.64536632
0.64584597
0.64585409
0.64613036
0.64652845
0.64676405
0.64676405
0.64689415
0.64731650
0.64731650
0.64731650
0.64731650
0.64731650
0.64731650
0.64766598
0.64766598
0.64766598
0.64808858
0.64810485
0.64810485
0.64810485
0.64810485
0.64810485
0.64810485
0.64810485
0.64812113
0.64812113
0.64883573
0.64883573
0.64883573
0.64883573
0.64883573
0.64894140
0.64894140
0.64903076
0.64913647
0.64913647
0.64913647
0.64913647
0.64913647
0.64916902
0.64916902
0.64916902
0.64918529
0.64918529
0.64920964
0.64922591
0.64923402
0.64938847
0.64942102
0.64959174
0.64970557
0.64970557
0.65037992
0.65037992
0.65039619
0.65039619
0.65041247
0.65041247
0.65048559
0.65050998
0.65050998
0.65050998
0.65050998
0.65053437
0.65054249
0.65055060
0.65072120
0.65072120
0.65096517
0.65109519
0.65109519
0.65109519
0.65109519
0.65109519
0.65109519
0.65129837
0.65133092
0.65133092
0.65133092
0.65133092
0.65157476
0.65157476
0.65176180
0.65176180
0.65199736
0.65212746
0.65212746
0.65229818
0.65229818
0.65229818
0.65246874
0.65246874
0.65246874
0.65262323
0.65262323
0.65281826
0.65287507
0.65301304
0.65324048
0.65361431
0.65393107
0.65393107
0.65393107
0.65394734
0.65394734
0.65394734
0.65428875
0.65497101
0.65497101
0.65558856
0.65567795
0.65571050
0.65571050
0.65571050
0.65582437
0.65588126
0.65588126
0.65593008
0.65593008
0.65599505
0.65616564
0.65618188
0.65618188
0.65675855
0.65700232
0.65700232
0.65700232
0.65700232
0.65700232
0.65700232
0.65700232
0.65702671
0.65708356
0.65720534
0.65720534
0.65723784
0.65723784
0.65723784
0.65729465
0.65736769
0.65739204
0.65774135
0.65782263
0.65807439
0.65807439
0.65807439
0.65811501
0.65811501
0.65836689
0.65836689
0.65836689
0.65839943
0.65839943
0.65891098
0.65891098
0.65892725
0.65895164
0.65910621
0.65918737
0.65918737
0.65918737
0.65952065
0.65952065
0.65952065
0.65952065
0.65952065
0.65960190
0.65960190
0.65960190
0.65960190
0.65960190
0.65960190
0.65990268
0.66102274
0.66188306
0.66188306
0.66191561
0.66191561
0.66191561
0.66232989
0.66232989
0.66232989
0.66232989
0.66237051
0.66243560
0.66243560
0.66243560
0.66246810
0.66272006
0.66272006
0.66302908
0.66302908
0.66315086
0.66338655
0.66355719
0.66355719
0.66355719
0.66355719
0.66402029
0.66418281
0.66428044
0.66428856
0.66428856
0.66428856
0.66428856
0.66458946
0.66458946
0.66458946
0.66458946
0.66461385
0.66464640
0.66510941
0.66519078
0.66522332
0.66558083
0.66564580
0.66584103
0.66597929
0.66617448
0.66647489
0.66650744
0.66653178
0.66659671
0.66659671
0.66659671
0.66661298
0.66694619
0.66699501
0.66700312
0.66753922
0.66800269
0.66815709
0.66844930
0.66844930
0.66854694
0.66857949
0.66859576
0.66912387
0.66918892
0.66918892
0.66927020
0.66965205
0.66965205
0.66977408
0.66977408
0.66982286
0.66987971
0.66992849
0.66992849
0.66997718
0.66997718
0.67005834
0.67005834
0.67005834
0.67005834
0.67013970
0.67015598
0.67017225
0.67022107
0.67025361
0.67036736
0.67036736
0.67036736
0.67036736
0.67036736
0.67036736
0.67036736
0.67038363
0.67064383
0.67067630
0.67092801
0.67099298
0.67123674
0.67123674
0.67161880
0.67162692
0.67190335
0.67210637
0.67251274
0.67274015
0.67317115
0.67317115
0.67322809
0.67339881
0.67340692
0.67361818
0.67413006
0.67413006
0.67413006
0.67436591
0.67436591
0.67485381
0.67489447
0.67506519
0.67506519
0.67506519
0.67510585
0.67510585
0.67511397
0.67519533
0.67519533
0.67527670
0.67527670
0.67552862
0.67584542
0.67585354
0.67592675
0.67631696
0.67631696
0.67656073
0.67660955
0.67672333
0.67730829
0.67756005
0.67756005
0.67809639
0.67884412
0.67933173
0.67948618
0.67974625
0.67974625
0.67994132
0.68054255
0.68084321
0.68116813
0.68159061
0.68192360
0.68241896
0.68280081
0.68298781
0.68397143
0.68419871
0.68431250
0.68431250
0.68441005
0.68473510
0.68475945
0.68506843
0.68511716
0.68526349
0.68582402
0.68597839
0.68597839
0.68618977
0.68627113
0.68627113
0.68629548
0.68685617
0.68742502
0.68754701
0.68754701
0.68766883
0.68779073
0.68780700
0.68797772
0.68817263
0.68834347
0.68861175
0.68869291
0.68892880
0.68895315
0.68905058
0.68910747
0.68912375
0.68917256
0.68984651
0.68986278
0.68987905
0.69000091
0.69004973
0.69008228
0.69009855
0.69013110
0.69022873
0.69026124
0.69027751
0.69029379
0.69047266
0.69068396
0.69089535
0.69091162
0.69109050
0.69110677
0.69112304
0.69114743
0.69117182
0.69128569
0.69131823
0.69139960
0.69187905
0.69193594
0.69193594
0.69193594
0.69193594
0.69196033
0.69212281
0.69246384
0.69285390
0.69287017
0.69310590
0.69321149
0.69321149
0.69321149
0.69321960
0.69322772
0.69322772
0.69322772
0.69322772
0.69322772
0.69333347
0.69378845
0.69380473
0.69380473
0.69397545
0.69397545
0.69402422
0.69419495
0.69419495
0.69458500
0.69524300
0.69561674
0.69610398
0.69618526
0.69626650
0.69659138
0.69659950
0.69660761
0.69661573
0.69759107
0.69762358
0.69809479
0.69898048
0.69898860
0.69930536
0.69932971
0.69953281
0.69985774
0.70012609
0.70015048
0.70054886
0.70055697
0.70058136
0.70100392
0.70101204
0.70102015
0.70104454
0.70137803
0.70139426
0.70140238
0.70190602
0.70214158
0.70228787
0.70240166
0.70240977
0.70269424
0.70327903
0.70330342
0.70342520
0.70343332
0.70349013
0.70364462
0.70392088
0.70395343
0.70432742
0.70441681
0.70462824
0.70496956
0.70534371
0.70535998
0.70537625
0.70549816
0.70586403
0.70592908
0.70606729
0.70629487
0.70683088
0.70766723
0.70766723
0.70766723
0.70766723
0.70824382
0.70824382
0.70824382
0.70852001
0.70852812
0.70852812
0.70878807
0.70878807
0.70878807
0.70878807
0.70881246
0.70900774
0.70900774
0.70900774
0.70903209
0.70905643
0.70905643
0.70905643
0.70905643
0.70905643
0.70905643
0.70905643
0.70965799
0.70965799
0.70996681
0.70996681
0.70999120
0.71021065
0.71022688
0.71052762
0.71056009
0.71056820
0.71073905
0.71082041
0.71082041
0.71082041
0.71099117
0.71125949
0.71126761
0.71126761
0.71126761
0.71126761
0.71130011
0.71143808
0.71143808
0.71144620
0.71144620
0.71166549
0.71189281
0.71190093
0.71199037
0.71199037
0.71199037
0.71214486
0.71218548
0.71220175
0.71220175
0.71229930
0.71258402
0.71300678
0.71312881
0.71319390
0.71327526
0.71327526
0.71339717
0.71339717
0.71374685
0.71375496
0.71377124
0.71396635
0.71433172
0.71434800
0.71436427
0.71436427
0.71472965
0.71477031
0.71481909
0.71483536
0.71484347
0.71492467
0.71494091
0.71499772
0.71501399
0.71503026
0.71504653
0.71507908
0.71509535
0.71523365
0.71529055
0.71540429
0.71540429
0.71547742
0.71548553
0.71554242
0.71554242
0.71554242
0.71554242
0.71554242
0.71578623
0.71578623
0.71611947
0.71645276
0.71645276
0.71670468
0.71670468
0.71670468
0.71670468
0.71670468
0.71670468
0.71715974
0.71715974
0.71715974
0.71716786
0.71725730
0.71792333
0.71793144
0.71793144
0.71793144
0.71793144
0.71793144
0.71793144
0.71793956
0.71817521
0.71819148
0.71819148
0.71819148
0.71819148
0.71819148
0.71819148
0.71819148
0.71819960
0.71822394
0.71822394
0.71822394
0.71828075
0.71828075
0.71828075
0.71828075
0.71853247
0.71857305
0.71857305
0.71910952
0.71936156
0.71936968
0.71936968
0.71958913
0.71958913
0.71958913
0.71958913
0.72018217
0.72018217
0.72047450
0.72047450
0.72071839
0.72071839
0.72071839
0.72071839
0.72071839
0.72122186
0.72122186
0.72173353
0.72173353
0.72173353
0.72173353
0.72173353
0.72173353
0.72173353
0.72173353
0.72221257
0.72226950
0.72242374
0.72274908
0.72279789
0.72281417
0.72281417
0.72283044
0.72287922
0.72292800
0.72292800
0.72308253
0.72309876
0.72322882
0.72324509
0.72324509
0.72324509
0.72324509
0.72330202
0.72333457
0.72338339
0.72342405
0.72345655
0.72350537
0.72350537
0.72353792
0.72357046
0.72360301
0.72360301
0.72361928
0.72363556
0.72363556
0.72363556
0.72363556
0.72364367
0.72376570
0.72378197
0.72378197
0.72378197
0.72378197
0.72384698
0.72384698
0.72384698
0.72384698
0.72384698
0.72384698
0.72384698
0.72405016
0.72409082
0.72419658
0.72421285
0.72422912
0.72434303
0.72439997
0.72463574
0.72479814
0.72479814
0.72526119
0.72526119
0.72526119
0.72527747
0.72531813
0.72552959
0.72612225
0.72613853
0.72613853
0.72618722
0.72687818
0.72687818
0.72687818
0.72689445
0.72691073
0.72768268
0.72791841
0.72791841
0.72791841
0.72791841
0.72791841
0.72791841
0.72791841
0.72843028
0.72843028
0.72915300
0.72936414
0.72936414
0.72936414
0.73014396
0.73025766
0.73025766
0.73045277
0.73045277
0.73051782
0.73137880
0.73137880
0.73137880
0.73137880
0.73137880
0.73138692
0.73173602
0.73195535
0.73195535
0.73195535
0.73195535
0.73195535
0.73216678
0.73216678
0.73216678
0.73216678
0.73216678
0.73216678
0.73216678
0.73216678
0.73216678
0.73235377
0.73245944
0.73294668
0.73335292
0.73366153
0.73371031
0.73401925
0.73410057
0.73433622
0.73453133
0.73491314
0.73510825
0.73533574
0.73562849
0.73583975
0.73587229
0.73590484
0.73627858
0.73643286
0.73709906
0.73741582
0.73755404
0.73755404
0.73755404
0.73755404
0.73757031
0.73757031
0.73761913
0.73761913
0.73764348
0.73765971
0.73770841
0.73770841
0.73774899
0.73776522
0.73776522
0.73776522
0.73781399
0.73795196
0.73801701
0.73801701
0.73801701
0.73801701
0.73837465
0.73837465
0.73839088
0.73839088
0.73839088
0.73840715
0.73840715
0.73868338
0.73868338
0.73870777
0.73870777
0.73870777
0.73870777
0.73872404
0.73872404
0.73874839
0.73886213
0.73886213
0.73891902
0.73891902
0.73893526
0.73895960
0.73895960
0.73895960
0.73911380
0.73911380
0.73911380
0.73911380
0.73914627
0.73917877
0.73917877
0.73917877
0.73956050
0.73997474
0.74011279
0.74049498
0.74084450
0.74140531
0.74190952
0.74211258
0.74220190
0.74264110
0.74304751
0.74347003
0.74368936
0.74410397
0.74459104
0.74503803
0.74558237
0.74579346
0.74593963
0.74606145
0.74676036
0.74690673
0.74707745
0.74743513
0.74765471
0.74780100
0.74798807
0.74834567
0.74849192
0.74874379
0.74903654
0.74909348
0.74917472
0.74955678
0.74988203
0.75000401
0.75079212
0.75087327
0.75113335
0.75130407
0.75141782
0.75155603
0.75176742
0.75210894
0.75235287
0.75264549
0.75302722
0.75334415
0.75369383
0.75405942
0.75422202
0.75444160
0.75477476
0.75501861
0.75526258
0.75549810
0.75557930
0.75580683
0.75585561
0.75596936
0.75597747
0.75605867
0.75622128
0.75631059
0.75651386
0.75680648
0.75688776
0.75692843
0.75703401
0.75713960
0.75737533
0.75748092
0.75783818
0.75806579
0.75815519
0.75816331
0.75853713
0.75878918
0.75887853
0.75909799
0.75921989
0.75955318
0.75997615
0.76029328
0.76035013
0.76094300
0.76117881
0.76145508
0.76212116
0.76234889
0.76264148
0.76283646
0.76306416
0.76376270
0.76431569
0.76455945
0.76482793
0.76498230
0.76512047
0.76520979
0.76540477
0.76601482
0.76620985
0.76657588
0.76726676
0.76744568
0.76753499
0.76783586
0.76800666
0.76832355
0.76864064
0.76910382
0.76924187
0.76934746
0.76985126
0.77028189
0.77059903
0.77088333
0.77098908
0.77122477
0.77166364
0.77189925
0.77209415
0.77234624
0.77241941
0.77325653
0.77361429
0.77385821
0.77412624
0.77435382
0.77449183
0.77514163
0.77524722
0.77575967
0.77597917
0.77601979
0.77624732
0.77640168
0.77674284
0.77714113
0.77736055
0.77748241
0.77757176
0.77766928
0.77798649
0.77831158
0.77886449
0.77901902
0.77936050
0.77942559
0.77945810
0.77982401
0.77998657
0.78045840
0.78059662
0.78068602
0.78073484
0.78084862
0.78122282
0.78162103
0.78171850
0.78225534
0.78246660
0.78257223
0.78257223
0.78257223
0.78288104
0.78288104
0.78292170
0.78292170
0.78297864
0.78304369
0.78304369
0.78304369
0.78304369
0.78307615
0.78307615
0.78307615
0.78307615
0.78307615
0.78316563
0.78348248
0.78348248
0.78348248
0.78349059
0.78354753
0.78354753
0.78354753
0.78354753
0.78354753
0.78363697
0.78363697
0.78363697
0.78363697
0.78363697
0.78363697
0.78363697
0.78363697
0.78363697
0.78363697
0.78381572
0.78381572
0.78381572
0.78381572
0.78381572
0.78381572
0.78381572
0.78381572
0.78381572
0.78381572
0.78381572
0.78412445
0.78412445
0.78415700
0.78425459
0.78430341
0.78448233
0.78456366
0.78470187
0.78494555
0.78557121
0.78560372
0.78566881
0.78610764
0.78616453
0.78630283
0.78660332
0.78661960
0.78683897
0.78705035
0.78782255
0.78791195
0.78809894
0.78817215
0.78819654
0.78826155
0.78849724
0.78900924
0.78948856
0.79029331
0.79047219
0.79108944
0.79118687
0.79132505
0.79143080
0.79149589
0.79152844
0.79154471
0.79182086
0.79227613
0.79229240
0.79259330
0.79277226
0.79278854
0.79284547
0.79308923
0.79320314
0.79332517
0.79365837
0.79386172
0.79387799
0.79432494
0.79455268
0.79506468
0.79557643
0.79574715
0.79584478
0.79587729
0.79632428
0.79642982
0.79646237
0.79671446
0.79674696
0.79676323
0.79700687
0.79702315
0.79721022
0.79781137
0.79840432
0.79855069
0.79856697
0.79858324
0.79870514
0.79872141
0.79902186
0.79924931
0.79947676
0.79970425
0.80002909
0.80044333
0.80096307
0.80114994
0.80157217
0.80175900
0.80179958
0.80205117
0.80251406
0.80255464
0.80293641
0.80317181
0.80339107
0.80390253
0.80396749
0.80413805
0.80441420
0.80464960
0.80495038
0.80541302
0.80571347
0.80573786
0.80595707
0.80629847
0.80631470
0.80697258
0.80731352
0.80766292
0.80768726
0.80794722
0.80812593
0.80813405
0.80836129
0.80849131
0.80854820
0.80901146
0.80902769
0.80923067
0.80925502
0.80944197
0.80978300
0.81004308
0.81018121
0.81057922
0.81122095
0.81170023
0.81172458
0.81209041
0.81245591
0.81263475
0.81287851
0.81288663
0.81290286
0.81291909
0.81331726
0.81369080
0.81392640
0.81451185
0.81464179
0.81507230
0.81517789
0.81533213
0.81553531
0.81591709
0.81620950
0.81623385
0.81686734
0.81744402
0.81759834
0.81790674
0.81791486
0.81808541
0.81810976
0.81860536
0.81882470
0.81884093
0.81924701
0.81936879
0.81970986
0.81978298
0.81994546
0.82061990
0.82103397
0.82134266
0.82174870
0.82189508
0.82192758
0.82206571
0.82213888
0.82233395
0.82265895
0.82276454
0.82327621
0.82356854
0.82369860
0.82383686
0.82396688
0.82408874
0.82450302
0.82482823
0.82489320
0.82564896
0.82602282
0.82607152
0.82650223
0.82659167
0.82729828
0.82756644
0.82789935
0.82818373
0.82847627
0.82868745
0.82922347
0.82998747
0.83000370
0.83026357
0.83044228
0.83059657
0.83086463
0.83097838
0.83108393
0.83125452
0.83136819
0.83137630
0.83200188
0.83203434
0.83259479
0.83284675
0.83304182
0.83322049
0.83333424
0.83347237
0.83373232
0.83378914
0.83384599
0.83398400
0.83443074
0.83458498
0.83481251
0.83504800
0.83505611
0.83539755
0.83577961
0.83591779
0.83597460
0.83612905
0.83642971
0.83692522
0.83702261
0.83708758
0.83759118
0.83761556
0.83762368
0.83777788
0.83800545
0.83812736
0.83839543
0.83875314
0.83902933
0.83958128
0.83977627
0.84046649
0.84077530
0.84078342
0.84094581
0.84159566
0.84178249
0.84181495
0.84185557
0.84192054
0.84199366
0.84219681
0.84224550
0.84258690
0.84304209
0.84337500
0.84352941
0.84367570
0.84370005
0.84387876
0.84408985
0.84417925
0.84443921
0.84474011
0.84489452
0.84494321
0.84515455
0.84538200
0.84551202
0.84556883
0.84576386
0.84637349
0.84660918
0.84683688
0.84700743
0.84725128
0.84729186
0.84748676
0.84774705
0.84777139
0.84812116
0.84823494
0.84885228
0.84906354
0.84908789
0.84909600
0.84922606
0.84927484
0.84955119
0.84959989
0.85011131
0.85062355
0.85063167
0.85093249
0.85154962
0.85164705
0.85206137
0.85222389
0.85270302
0.85301991
0.85332044
0.85350731
0.85361286
0.85362097
0.85362909
0.85363720
0.85371848
0.85406796
0.85426295
0.85449044
0.85462050
0.85469358
0.85490480
0.85501854
0.85529481
0.85559563
0.85588805
0.85619653
0.85620465
0.85637516
0.85656187
0.85695184
0.85700053
0.85722012
0.85757746
0.85768321
0.85774814
0.85800002
0.85815438
0.85831703
0.85839011
0.85846332
0.85847955
0.85852825
0.85871516
0.85877205
0.85886145
0.85886957
0.85887768
0.85898335
0.85904025
0.85931631
0.85979526
0.85992536
0.86018557
0.86063247
0.86081139
0.86146952
0.86178644
0.86181895
0.86191654
0.86203857
0.86237997
0.86242871
0.86266440
0.86309511
0.86321697
0.86324952
0.86324952
0.86324952
0.86324952
0.86324952
0.86328202
0.86329830
0.86331457
0.86331457
0.86331457
0.86331457
0.86331457
0.86331457
0.86331457
0.86331457
0.86331457
0.86331457
0.86336339
0.86336339
0.86336339
0.86367212
0.86381013
0.86386698
0.86386698
0.86386698
0.86386698
0.86386698
0.86386698
0.86386698
0.86397269
0.86397269
0.86400520
0.86415977
0.86417604
0.86417604
0.86427360
0.86433856
0.86483404
0.86495590
0.86510219
0.86510219
0.86513474
0.86556533
0.86556533
0.86571982
0.86580930
0.86580930
0.86601261
0.86604515
0.86604515
0.86609393
0.86609393
0.86609393
0.86610205
0.86619969
0.86625654
0.86650842
0.86650842
0.86654908
0.86654908
0.86654908
0.86663856
0.86684982
0.86684982
0.86684982
0.86706940
0.86720761
0.86720761
0.86725643
0.86725643
0.86725643
0.86725643
0.86725643
0.86725643
0.86727266
0.86744314
0.86760587
0.86760587
0.86767907
0.86767907
0.86769535
0.86788246
0.86790685
0.86793936
0.86795563
0.86795563
0.86800445
0.86800445
0.86800445
0.86800445
0.86800445
0.86800445
0.86800445
0.86800445
0.86801256
0.86801256
0.86802884
0.86802884
0.86831326
0.86831326
0.86831326
0.86850825
0.86850825
0.86850825
0.86850825
0.86852448
0.86880071
0.86899586
0.86943419
0.86943419
0.86980793
0.86996222
0.86997033
0.87002723
0.87003534
0.87005162
0.87015733
0.87018987
0.87018987
0.87020615
0.87026308
0.87055591
0.87060473
0.87065355
0.87070236
0.87075118
0.87080000
0.87080000
0.87097872
0.87107631
0.87109258
0.87110070
0.87110070
0.87118206
0.87118206
0.87118206
0.87118206
0.87118206
0.87118206
0.87118206
0.87145030
0.87147465
0.87147465
0.87148276
0.87148276
0.87148276
0.87148276
0.87148276
0.87151527
0.87158835
0.87158835
0.87158835
0.87158835
0.87168586
0.87175091
0.87175091
0.87175091
0.87175091
0.87175091
0.87175091
0.87175091
0.87175091
0.87189725
0.87189725
0.87189725
0.87189725
0.87189725
0.87189725
0.87189725
0.87189725
0.87189725
0.87189725
0.87189725
0.87189725
0.87204370
0.87204370
0.87204370
0.87204370
0.87204370
0.87204370
0.87204370
0.87204370
0.87220639
0.87220639
0.87220639
0.87240142
0.87240142
0.87240142
0.87240142
0.87241765
0.87241765
0.87241765
0.87241765
0.87241765
0.87249889
0.87262079
0.87275905
0.87275905
0.87292973
0.87292973
0.87292973
0.87292973
0.87292973
0.87299474
0.87299474
0.87301913
0.87301913
0.87304351
0.87312484
0.87312484
0.87312484
0.87312484
0.87315734
0.87318173
0.87318173
0.87350657
0.87350657
0.87350657
0.87350657
0.87398577
0.87398577
0.87398577
0.87398577
0.87401832
0.87401832
0.87401832
0.87401832
0.87401832
0.87401832
0.87425405
0.87425405
0.87425405
0.87425405
0.87460365
0.87468489
0.87468489
0.87468489
0.87468489
0.87468489
0.87468489
0.87468489
0.87468489
0.87468489
0.87468489
0.87468489
0.87468489
0.87468489
0.87468489
0.87468489
0.87468489
0.87468489
0.87483921
0.87498551
0.87508306
0.87508306
0.87508306
0.87508306
0.87508306
0.87509118
0.87509118
0.87509118
0.87509118
0.87509118
0.87509118
0.87524571
0.87524571
0.87524571
0.87527009
0.87527009
0.87541634
0.87546516
0.87547328
0.87547328
0.87547328
0.87547328
0.87547328
0.87547328
0.87547328
0.87567659
0.87567659
0.87567659
0.87636726
0.87636726
0.87636726
0.87636726
0.87636726
0.87636726
0.87636726
0.87636726
0.87638349
0.87638349
0.87638349
0.87639976
0.87644858
0.87644858
0.87644858
0.87653789
0.87653789
0.87678965
0.87680592
0.87682220
0.87690344
0.87691971
0.87729349
0.87732604
0.87734231
0.87734231
0.87735858
0.87739113
0.87743995
0.87743995
0.87743995
0.87743995
0.87743995
0.87743995
0.87743995
0.87757820
0.87757820
0.87757820
0.87757820
0.87780590
0.87780590
0.87839090
0.87878944
0.87878944
0.87883826
0.87893569
0.87893569
0.87893569
0.87893569
0.87893569
0.87893569
0.87893569
0.87893569
0.87893569
0.87893569
0.87913887
0.87913887
0.87914699
0.87914699
0.87914699
0.87923643
0.87923643
0.87930144
0.87930144
0.87930144
0.87930144
0.87930144
0.87962632
0.87975642
0.87975642
0.87990279
0.87990279
0.87990279
0.87990279
0.87990279
0.87990279
0.87990279
0.87990279
0.87990279
0.87994345
0.87994345
0.87995973
0.87997600
0.88008155
0.88008155
0.88009782
0.88009782
0.88042303
0.88043115
0.88043926
0.88065868
0.88086190
0.88096761
0.88104078
0.88104890
0.88118703
0.88119515
0.88120326
0.88121138
0.88123577
0.88124388
0.88165000
0.88176387
0.88248692
0.88255197
0.88256009
0.88256820
0.88269015
0.88269826
0.88294203
0.88337266
0.88377079
0.88400664
0.88418560
0.88420184
0.88420995
0.88421807
0.88422618
0.88438059
0.88438871
0.88445371
0.88451876
0.88484352
0.88523358
0.88524169
0.88526604
0.88535544
0.88594855
0.88595667
0.88607857
0.88608669
0.88617617
0.88643604
0.88644415
0.88674510
0.88675321
0.88676133
0.88676945
0.88744405
0.88746844
0.88751717
0.88752529
0.88754152
0.88759030
0.88775286
0.88776098
0.88776909
0.88794785
0.88795596
0.88796408
0.88808594
0.88829724
0.88830536
0.88835413
0.88854100
0.88870365
0.88884986
0.88907743
0.88908555
0.88909366
0.88929689
0.88931312
0.88944322
0.88957324
0.88963009
0.88987402
0.88993095
0.88993907
0.89011795
0.89012606
0.89022353
0.89048374
0.89054870
0.89058121
0.89058932
0.89081694
0.89082505
0.89083317
0.89084129
0.89098758
0.89099569
0.89100381
0.89130451
0.89143452
0.89144264
0.89155634
0.89156446
0.89162951
0.89184085
0.89184897
0.89185708
0.89186520
0.89202768
0.89209277
0.89231235
0.89232047
0.89232858
0.89244241
0.89244241
0.89247496
0.89249123
0.89250750
0.89262945
0.89282468
0.89294666
0.89314993
0.89316616
0.89318239
0.89330442
0.89330442
0.89339378
0.89339378
0.89339378
0.89339378
0.89349137
0.89367033
0.89370288
0.89436879
0.89444191
0.89472626
0.89492923
0.89518902
0.89572512
0.89609919
0.89622118
0.89635128
0.89666829
0.89688791
0.89705859
0.89712364
0.89724546
0.89787095
0.89791162
0.89795228
0.89805799
0.89823666
0.89878916
0.89926869
0.89973982
0.90012139
0.90063318
0.90099056
0.90132364
0.90150236
0.90199812
0.90243638
0.90276159
0.90354985
0.90399655
0.90458963
0.90489008
0.90523148
0.90573482
0.90626281
0.90628719
0.90646599
0.90649845
0.90666905
0.90673410
0.90681538
0.90692905
0.90734361
0.90759557
0.90768505
0.90770129
0.90778257
0.90789631
0.90811577
0.90832707
0.90837585
0.90843274
0.90846524
0.90851394
0.90854644
0.90866839
0.90879857
0.90896909
0.90913985
0.90948912
0.90986261
0.91004969
0.91074835
0.91081336
0.91087025
0.91105724
0.91154481
0.91173176
0.91208116
0.91246301
0.91273108
0.91347012
0.91351889
0.91375462
0.91394158
0.91406352
0.91435598
0.91484334
0.91523339
0.91533095
0.91568821
0.91582643
0.91583454
0.91602129
0.91643573
0.91685001
0.91704516
0.91715083
0.91715895
0.91744354
0.91772804
0.91795562
0.91825640
0.91863825
0.91873585
0.91884964
0.91921514
0.91958912
0.92005267
0.92021516
0.92056442
0.92071063
0.92099522
0.92103588
0.92151558
0.92167819
0.92178394
0.92214170
0.92229615
0.92249925
0.92267804
0.92278363
0.92306002
0.92340937
0.92361252
0.92383193
0.92392941
0.92399437
0.92448989
0.92473378
0.92482314
0.92508317
0.92535136
0.92552213
0.92561157
0.92596108
0.92622948
0.92664401
0.92694491
0.92727020
0.92729459
0.92748154
0.92766862
0.92786369
0.92847291
0.92853792
0.92877369
0.92902574
0.92930221
0.92948904
0.92983069
0.93002580
0.93009896
0.93026144
0.93064297
0.93109774
0.93193475
0.93220269
0.93238977
0.93285274
0.93322640
0.93359190
0.93367310
0.93379496
0.93387624
0.93392498
0.93406311
0.93421760
0.93431516
0.93438832
0.93476227
0.93496558
0.93510383
0.93543691
0.93617648
0.93629830
0.93633896
0.93644459
0.93668032
0.93680227
0.93707034
0.93746089
0.93759894
0.93774523
0.93796489
0.93800551
0.93805429
0.93815996
0.93836318
0.93855813
0.93901290
0.93913477
0.93980912
0.94010146
0.94022348
0.94051619
0.94087398
0.94093092
0.94111795
0.94117480
0.94125613
0.94132110
0.94141873
0.94149182
0.94180055
0.94187376
0.94201992
0.94226389
0.94235329
0.94240211
0.94258094
0.94289783
0.94302797
0.94315000
0.94325571
0.94349152
0.94357281
0.94371078
0.94397081
0.94418207
0.94440981
0.94450732
0.94458860
0.94466989
0.94496218
0.94514097
0.94517348
0.94530354
0.94549844
0.94570138
0.94577459
0.94595346
0.94603479
0.94614050
0.94626248
0.94661987
0.94668496
0.94676620
0.94683928
0.94713195
0.94731898
0.94754680
0.94766063
0.94783934
0.94788812
0.94808315
0.94844902
0.94854658
0.94861970
0.94866844
0.94877394
0.94890396
0.94903398
0.94922909
0.94961099
0.94990340
0.95003354
0.95019598
0.95036662
0.95043983
0.95055370
0.95110689
0.95150482
0.95169997
0.95183818
0.95198447
0.95215520
0.95225263
0.95246401
0.95274024
0.95290280
0.95304917
0.95319559
0.95329314
0.95334999
0.95348821
0.95371582
0.95379719
0.95397607
0.95400857
0.95428500
0.95439067
0.95462640
0.95474839
0.95486218
0.95500039
0.95526883
0.95539065
0.95550452
0.95555330
0.95586207
0.95591085
0.95611420
0.95618736
0.95642313
0.95658574
0.95670756
0.95673191
0.95692693
0.95703265
0.95718713
0.95727661
0.95739860
0.95750431
0.95760170
0.95778874
0.95790260
0.95802447
0.95813825
0.95821146
0.95833336
0.95848777
0.95852839
0.95858524
0.95874797
0.95898353
0.95914610
0.95941437
0.95953636
0.95982099
0.95995101
0.96004045
0.96005672
0.96022748
0.96052834
0.96060155
0.96067476
0.96086167
0.96087790
0.96102415
0.96144675
0.96173105
0.96186119
0.96212127
0.96222690
0.96234069
0.96249522
0.96256830
0.96271455
0.96284465
0.96287712
0.96302345
0.96308854
0.96317802
0.96338129
0.96342195
0.96363345
0.96365784
0.96382045
0.96392608
0.96395046
0.96402367
0.96408864
0.96422673
0.96437311
0.96448702
0.96472279
0.96481218
0.96486096
0.96487724
0.96498295
0.96519441
0.96522688
0.96533263
0.96539764
0.96546269
0.96563337
0.96570649
0.96576334
0.96594230
0.96605609
0.96613741
0.96618615
0.96647078
0.96662527
0.96672287
0.96677976
0.96690986
0.96698303
0.96716990
0.96721867
0.96731610
0.96742989
0.96769013
0.96791791
0.96825944
0.96838945
0.96851144
0.96860088
0.96873905
0.96881226
0.96886911
0.96887723
0.96895843
0.96907234
0.96909673
0.96924289
0.96938119
0.96945440
0.96954376
0.96959249
0.96964127
0.96968189
0.96977129
0.96988499
0.97003948
0.97006387
0.97016954
0.97025086
0.97040527
0.97042962
0.97061636
0.97064883
0.97072191
0.97081131
0.97086005
0.97092510
0.97103892
0.97119316
0.97122567
0.97132331
0.97138024
0.97142082
0.97150214
0.97159970
0.97164852
0.97189253
0.97194942
0.97210387
0.97212010
0.97224192
0.97239649
0.97242895
0.97252651
0.97267268
0.97270518
0.97273769
0.97281901
0.97292468
0.97300588
0.97312782
0.97350136
0.97358268
0.97361514
0.97374528
0.97386731
0.97405426
0.97411112
0.97422503
0.97431438
0.97442825
0.97447699
0.97456634
0.97461508
0.97463131
0.97471263
0.97478584
0.97482650
0.97492406
0.97504608
0.97508670
0.97515991
0.97518430
0.97537949
0.97547705
0.97552578
0.97559883
0.97591571
0.97600507
0.97629745
0.97643566
0.97664688
0.97673628
0.97679309
0.97692315
0.97699627
0.97717494
0.97729689
0.97738620
0.97744306
0.97758123
0.97791464
0.97802027
0.97810155
0.97816656
0.97825596
0.97841856
0.97850800
0.97866253
0.97874381
0.97888211
0.97902849
0.97917494
0.97936993
0.97942682
0.97952425
0.97967071
0.97975207
0.97990648
0.98000395
0.98010146
0.98024792
0.98032109
0.98045115
0.98049172
0.98054854
0.98067035
0.98072721
0.98099557
0.98103614
0.98115005
0.98123949
0.98140206
0.98161356
0.98169484
0.98176797
0.98192250
0.98199563
0.98206875
0.98217450
0.98228017
0.98234522
0.98244286
0.98260547
0.98284111
0.98298724
0.98314156
0.98327978
0.98335299
0.98338545
0.98341796
0.98353178
0.98358052
0.98362110
0.98368611
0.98375923
0.98382424
0.98401115
0.98413305
0.98417372
0.98420618
0.98423868
0.98430369
0.98432804
0.98440125
0.98449073
0.98458013
0.98466141
0.98468580
0.98476712
0.98493784
0.98515750
0.98522251
0.98527133
0.98535261
0.98547447
0.98563696
0.98566130
0.98580739
0.98585617
0.98594565
0.98605956
0.98610018
0.98612452
0.98617334
0.98623839
0.98629529
0.98638464
0.98648228
0.98657983
0.98673428
0.98686434
0.98693751
0.98700256
0.98710011
0.98718955
0.98723013
0.98723825
0.98733576
0.98741708
0.98744963
0.98754722
0.98758784
0.98762851
0.98770167
0.98770979
0.98777480
0.98784796
0.98800254
0.98801877
0.98811632
0.98823023
0.98828708
0.98832775
0.98839280
0.98850666
0.98861229
0.98869366
0.98877494
0.98885630
0.98896206
0.98909216
0.98918975
0.98922226
0.98925476
0.98928723
0.98936843
0.98945786
0.98953107
0.98961231
0.98972602
0.98979103
0.98991297
0.98994543
0.99003487
0.99009168
0.99019731
0.99027851
0.99030286
0.99031913
0.99036787
0.99043296
0.99052236
0.99058737
0.99062803
0.99077436
0.99079063
0.99088011
0.99094520
0.99100214
0.99203293
0.99208987
0.99212237
0.99217926
0.99226059
0.99228497
0.99234994
0.99244758
0.99254518
0.99260203
0.99261014
0.99263453
0.99269946
0.99274824
0.99287817
0.99300016
0.99308960
0.99313833
0.99317088
0.99321150
0.99326843
0.99331721
0.99335787
0.99347174
0.99356118
0.99369948
0.99374010
0.99380515
0.99386204
0.99394336
0.99401657
0.99405723
0.99411417
0.99421176
0.99428497
0.99433379
0.99435818
0.99439880
0.99443134
0.99447201
0.99458588
0.99467536
0.99488661
0.99491100
0.99499233
0.99504110
0.99511427
0.99515493
0.99522002
0.99527692
0.99531758
0.99535012
0.99538267
0.99544772
0.99550465
0.99552088
0.99558594
0.99561848
0.99565099
0.99572419
0.99574047
0.99578924
0.99584614
0.99589491
0.99596000
0.99597624
0.99601686
0.99607379
0.99609006
0.99613888
0.99617143
0.99619582
0.99623648
0.99626087
0.99630153
0.99631780
0.99636658
0.99637470
0.99638281
0.99654517
0.99656956
0.99662649
0.99665904
0.99671593
0.99678914
0.99686235
0.99689489
0.99691116
0.99693555
0.99696810
0.99697621
0.99700868
0.99702495
0.99703307
0.99706553
0.99708992
0.99710615
0.99726052
0.99730114
0.99734180
0.99746353
0.99751231
0.99773185
0.99774812
0.99776436
0.99778059
0.99780498
0.99782121
0.99784560
0.99787814
0.99801611
0.99808116
0.99811371
0.99817056
0.99820302
0.99824368
0.99835751
0.99836563
0.99841441
0.99855254
0.99857693
0.99859320
0.99862575
0.99863386
0.99873957
0.99876396
0.99878831
0.99879643
0.99882077
0.99883705
0.99890206
0.99894268
0.99896702
0.99898330
0.99899957
0.99900768
0.99906462
0.99907274
0.99908901
0.99910528
0.99911340
0.99912967
0.99914594
0.99915406
0.99919464
0.99919464
0.99919464
0.99919464
0.99921091
0.99923530
0.99928412
0.99929223
0.99930847
0.99930847
0.99930847
0.99930847
0.99932474
0.99932474
0.99932474
0.99932474
0.99932474
0.99932474
0.99932474
0.99932474
0.99932474
0.99932474
0.99932474
0.99932474
0.99932474
0.99932474
0.99932474
0.99932474
0.99932474
0.99932474
0.99932474
0.99932474
0.99932474
0.99932474
0.99932474
0.99932474
0.99932474
0.99934101
0.99934101
0.99934101
0.99934101
0.99934101
0.99934101
0.99934101
0.99934101
0.99934101
0.99934101
0.99934101
0.99934101
0.99934101
0.99934101
0.99934101
0.99934101
0.99934101
0.99934101
0.99934101
0.99934101
0.99934101
0.99934101
0.99934913
0.99943049
0.99944676
0.99946304
0.99951186
0.99952813
0.99952813
0.99952813
0.99952813
0.99952813
0.99952813
0.99952813
0.99952813
0.99952813
0.99952813
0.99952813
0.99952813
0.99952813
0.99952813
0.99952813
0.99952813
0.99954440
0.99954440
0.99954440
0.99954440
0.99954440
0.99954440
0.99954440
0.99954440
0.99954440
0.99954440
0.99954440
0.99954440
0.99954440
0.99954440
0.99954440
0.99954440
0.99954440
0.99956067
0.99956067
0.99956067
0.99956067
0.99956067
0.99956067
0.99957695
0.99957695
0.99957695
0.99957695
0.99957695
0.99959322
0.99960949
0.99962577
0.99962577
0.99964204
0.99964204
0.99964204
0.99964204
0.99964204
0.99964204
0.99964204
0.99964204
0.99964204
0.99964204
0.99964204
0.99964204
0.99964204
0.99964204
0.99964204
0.99964204
0.99964204
0.99966643
0.99966643
0.99966643
0.99966643
0.99967454
0.99967454
0.99967454
0.99967454
0.99967454
0.99967454
0.99967454
0.99967454
0.99967454
0.99967454
0.99967454
0.99967454
0.99967454
0.99967454
0.99967454
0.99967454
0.99967454
0.99967454
0.99967454
0.99967454
0.99967454
0.99967454
0.99967454
0.99967454
0.99967454
0.99967454
0.99967454
0.99967454
0.99967454
0.99967454
0.99967454
0.99967454
0.99967454
0.99967454
0.99967454
0.99967454
0.99967454
0.99967454
0.99967454
0.99967454
0.99967454
0.99967454
0.99967454
0.99967454
0.99967454
0.99967454
0.99967454
0.99967454
0.99967454
0.99967454
0.99967454
0.99967454
0.99967454
0.99967454
0.99967454
0.99967454
0.99967454
0.99967454
0.99967454
0.99967454
0.99967454
0.99967454
0.99967454
0.99967454
0.99967454
0.99967454
0.99967454
0.99967454
0.99967454
0.99967454
0.99967454
0.99967454
0.99967454
0.99967454
0.99967454
0.99967454
0.99967454
0.99967454
0.99967454
0.99967454
0.99967454
0.99967454
0.99967454
0.99967454
0.99967454
0.99967454
0.99967454
0.99967454
0.99967454
0.99967454
0.99967454
0.99967454
0.99967454
0.99967454
0.99967454
0.99967454
0.99967454
0.99967454
0.99967454
0.99967454
0.99967454
0.99967454
0.99967454
0.99967454
0.99967454
0.99967454
0.99967454
0.99967454
0.99967454
0.99967454
0.99967454
0.99967454
0.99967454
0.99967454
0.99967454
0.99967454
0.99967454
0.99967454
0.99967454
0.99967454
0.99967454
0.99967454
0.99967454
0.99967454
0.99967454
0.99967454
0.99967454
0.99967454
0.99967454
0.99967454
0.99967454
0.99967454
0.99967454
0.99967454
0.99967454
0.99967454
0.99967454
0.99967454
0.99967454
0.99967454
0.99967454
0.99967454
0.99967454
0.99967454
0.99967454
0.99967454
0.99967454
0.99967454
0.99967454
0.99967454
0.99967454
0.99967454
0.99967454
0.99967454
0.99967454
0.99967454
0.99967454
0.99967454
0.99967454
0.99967454
0.99967454
0.99967454
0.99967454
0.99967454
0.99967454
0.99967454
0.99967454
0.99967454
0.99967454
0.99967454
0.99967454
0.99967454
0.99967454
0.99967454
0.99967454
0.99967454
0.99967454
0.99967454
0.99967454
0.99967454
0.99967454
0.99967454
0.99967454
0.99967454
0.99967454
0.99967454
0.99967454
0.99967454
0.99967454
0.99967454
0.99967454
0.99967454
0.99967454
0.99967454
0.99967454
0.99967454
0.99967454
0.99967454
0.99967454
0.99967454
0.99967454
0.99967454
0.99967454
0.99967454
0.99967454
0.99967454
0.99967454
0.99967454
0.99967454
0.99967454
0.99967454
0.99967454
0.99967454
0.99967454
0.99967454
0.99967454
0.99967454
0.99967454
0.99967454
0.99967454
0.99967454
0.99967454
0.99967454
0.99967454
0.99967454
0.99967454
0.99967454
0.99967454
0.99967454
0.99967454
0.99967454
0.99967454
0.99967454
0.99967454
0.99967454
0.99967454
0.99967454
0.99967454
0.99967454
0.99967454
0.99967454
0.99967454
0.99967454
0.99967454
0.99967454
0.99967454
0.99967454
0.99967454
0.99967454
0.99967454
0.99967454
0.99967454
0.99967454
0.99967454
0.99967454
0.99967454
0.99967454
0.99967454
0.99967454
0.99967454
0.99967454
0.99967454
0.99967454
0.99967454
0.99967454
0.99967454
0.99967454
0.99967454
0.99967454
0.99967454
0.99967454
0.99967454
0.99967454
0.99967454
0.99967454
0.99969082
0.99995118
0.99995118
0.99995118
0.99995118
0.99995118
0.99995118
0.99995118
0.99995118
0.99996745
0.99998373
1.00000000
0.40388251
