1.00000000
0.99481865
0.98963731
0.97927461
0.97409326
0.95854922
0.94300518
0.93782383
0.92227979
0.91709845
0.91191710
0.90673575
0.90155440
0.89637306
0.88601036
0.87046632
0.86528497
0.86010363
0.85492228
0.84974093
0.84455959
0.82901554
0.82383420
0.80310881
0.79792746
0.79274611
0.78756477
0.77202073
0.76683938
0.76165803
0.75129534
0.74093264
0.73056995
0.72020725
0.71502591
0.70984456
0.70466321
0.69948187
0.69430052
0.68911917
0.67875648
0.66321244
0.65803109
0.65284974
0.64248705
0.63730570
0.62694301
0.62176166
0.60103627
0.59067358
0.58549223
0.58031088
0.57512953
0.56994819
0.56476684
0.55958549
0.55440415
0.54922280
0.54404145
0.53367876
0.50777202
0.50259067
0.49740933
0.49222798
0.47668394
0.46632124
0.45595855
0.45077720
0.44559585
0.44041451
0.43523316
0.42487047
0.41450777
0.40414508
0.39896373
0.39378238
0.38860104
0.38341969
0.37823834
0.36787565
0.34715026
0.32642487
0.32124352
0.31606218
0.31088083
0.30569948
0.29015544
0.28497409
0.27461140
0.20207254
0.15025907
0.14507772
0.11917098
0.08290155
0.03108808
0.03108808
0.03108808
0.03108808
0.02072539
0.02072539
0.02072539
0.01554404
0.01554404
0.01036269
0.01036269
0.01036269
0.01036269
0.01036269
0.01036269
0.01036269
0.01036269
0.00518135
0.00518135
0.00518135
0.00518135
0.00518135
0.00518135
0.00518135
0.00518135
0.00518135
0.00518135
0.00518135
0.00518135
0.00518135
0.00518135
0.00518135
0.00518135
0.00518135
0.00518135
0.00518135
0.00518135
0.00518135
0.00518135
0.00518135
0.00518135
0.00518135
0.00518135
0.00518135
0.00518135
0.00518135
0.00518135
0.00518135
0.00518135
0.00518135
0.00518135
0.00518135
0.00518135
0.00518135
0.00518135
0.00518135
0.00518135
0.00518135
0.00518135
0.00518135
0.00518135
0.00518135
0.00518135
0.00518135
0.00518135
0.00518135
0.00518135
0.00518135
0.00518135
0.00518135
0.00518135
0.00518135
0.00518135
0.00518135
0.00518135
0.00518135
0.00518135
0.00518135
0.00518135
0.00518135
0.00518135
0.00518135
0.00518135
0.00518135
0.00518135
0.00518135
0.00518135
0.00518135
0.00518135
0.00518135
0.00518135
0.00518135
0.00518135
0.00518135
0.00518135
0.00518135
0.00518135
0.00518135
0.00518135
0.00518135
0.00518135
0.00518135
0.00518135
0.00518135
0.00518135
0.00518135
0.00518135
0.00518135
0.00518135
0.00518135
0.00518135
0.00518135
0.00518135
0.00518135
0.00518135
0.00518135
0.00518135
0.00518135
0.00518135
0.00518135
