1.00000000
0.98443580
0.97276265
0.96887160
0.95719844
0.95330739
0.94552529
0.94163424
0.93774319
0.93385214
0.92217899
0.91439689
0.90661479
0.90272374
0.89883268
0.89494163
0.89105058
0.87937743
0.86770428
0.85992218
0.84824903
0.84435798
0.84046693
0.83657588
0.82101167
0.81712062
0.80544747
0.79766537
0.79377432
0.78988327
0.78599222
0.77431907
0.77042802
0.76653696
0.76264591
0.75875486
0.74708171
0.74319066
0.73929961
0.72762646
0.71984436
0.70428016
0.70038911
0.69649805
0.69260700
0.62256809
0.61867704
0.61478599
0.61089494
0.60700389
0.60311284
0.59922179
0.59533074
0.59143969
0.58754864
0.57976654
0.57587549
0.57198444
0.55642023
0.55252918
0.54863813
0.53696498
0.53307393
0.52140078
0.47081712
0.45136187
0.36575875
0.30739300
0.29571984
0.28793774
0.28793774
0.28793774
0.28404669
0.19455253
0.17898833
0.15564202
0.15564202
0.15564202
0.14785992
0.05836576
0.03501946
0.03501946
0.03501946
0.03501946
0.03501946
0.03501946
0.03501946
0.03501946
0.03501946
0.03501946
0.03501946
0.03501946
0.03501946
0.01945525
0.01945525
0.01945525
0.01945525
0.01945525
0.01945525
0.01945525
0.01945525
0.01945525
0.01945525
0.01945525
0.01556420
0.01556420
0.01556420
0.01167315
0.01167315
0.00778210
0.00778210
0.00778210
0.00778210
0.00778210
0.00778210
0.00778210
0.00778210
0.00778210
0.00778210
0.00778210
0.00778210
0.00778210
0.00778210
0.00778210
0.00778210
0.00778210
0.00778210
0.00778210
0.00778210
0.00778210
0.00389105
0.00389105
0.00389105
0.00389105
0.00389105
0.00389105
0.00389105
0.00389105
0.00389105
0.00389105
0.00389105
0.00389105
0.00389105
0.00389105
0.00389105
0.00389105
0.00389105
0.00389105
0.00389105
0.00389105
0.00389105
0.00389105
0.00389105
0.00389105
0.00389105
0.00389105
0.00389105
0.00389105
0.00389105
0.00389105
0.00389105
0.00389105
0.00389105
0.00389105
0.00389105
0.00389105
0.00389105
0.00389105
0.00389105
0.00389105
0.00389105
0.00389105
0.00389105
0.00389105
0.00389105
0.00389105
0.00389105
0.00389105
0.00389105
0.00389105
0.00389105
0.00389105
0.00389105
0.00389105
0.00389105
0.00389105
0.00389105
0.00389105
0.00389105
0.00389105
0.00389105
0.00389105
0.00389105
0.00389105
0.00389105
0.00389105
0.00389105
0.00389105
0.00389105
0.00389105
0.00389105
0.00389105
0.00389105
0.00389105
0.00389105
0.00389105
0.00389105
0.00389105
0.00389105
0.00389105
0.00389105
0.00389105
0.00389105
0.00389105
0.00389105
0.00389105
0.00389105
0.00389105
0.00389105
0.00389105
0.00389105
0.00389105
0.00389105
0.00389105
0.00389105
0.00389105
0.00389105
0.00389105
0.00389105
0.00389105
0.00389105
0.00389105
0.00389105
0.00389105
0.00389105
0.00389105
0.00389105
0.00389105
0.00389105
0.00389105
0.00389105
0.00389105
0.00389105
0.00389105
0.00389105
0.00389105
0.00389105
0.00389105
0.00389105
0.00389105
0.00389105
0.00389105
0.00389105
0.00389105
0.00389105
0.00389105
0.00389105
0.00389105
0.00389105
0.00389105
0.00389105
0.00389105
0.00389105
0.00389105
0.00389105
0.00389105
0.00389105
0.00389105
0.00389105
0.00389105
0.00389105
0.00389105
0.00389105
0.00389105
0.00389105
0.00389105
0.00389105
0.00389105
0.00389105
