1.00000000
0.85714286
0.79761905
0.75000000
0.70238095
0.64285714
0.59523810
0.53571429
0.41666667
0.29761905
0.27380952
0.04761905
0.03571429
0.02380952
0.02380952
0.02380952
0.02380952
0.01190476
0.01190476
0.01190476
0.01190476
0.01190476
0.01190476
0.01190476
0.01190476
0.01190476
0.01190476
0.01190476
0.01190476
0.01190476
0.01190476
0.01190476
0.01190476
0.01190476
0.01190476
0.01190476
0.01190476
0.01190476
0.01190476
0.01190476
0.01190476
0.01190476
0.01190476
0.01190476
0.01190476
0.01190476
0.01190476
0.01190476
0.01190476
0.01190476
0.01190476
0.01190476
0.01190476
0.01190476
0.01190476
0.01190476
0.01190476
0.01190476
0.01190476
0.01190476
0.01190476
0.01190476
0.01190476
0.01190476
0.01190476
0.01190476
0.01190476
0.01190476
0.01190476
0.01190476
0.01190476
0.01190476
0.01190476
0.01190476
0.01190476
0.01190476
0.01190476
0.01190476
0.01190476
0.01190476
0.01190476
0.01190476
0.01190476
0.01190476
