1.00000000
0.99890830
0.99454148
0.99344978
0.99235808
0.99017467
0.98689956
0.98580786
0.98034934
0.97489083
0.97270742
0.97161572
0.96615721
0.96506550
0.96397380
0.96069869
0.95524017
0.95087336
0.94650655
0.94323144
0.94213974
0.94104803
0.93995633
0.92248908
0.91157205
0.90393013
0.90283843
0.90174672
0.90065502
0.89519651
0.88755459
0.87336245
0.87227074
0.86681223
0.85371179
0.81768559
0.81659389
0.80021834
0.79912664
0.79694323
0.79585153
0.77838428
0.77510917
0.77401747
0.76965066
0.76637555
0.75873362
0.75764192
0.73253275
0.73144105
0.72707424
0.72379913
0.72161572
0.70305677
0.69323144
0.67030568
0.65502183
0.64519651
0.64301310
0.63646288
0.62554585
0.61462882
0.61353712
0.60807860
0.59061135
0.58951965
0.55895197
0.55131004
0.54039301
0.52510917
0.52074236
0.52074236
0.51637555
0.50436681
0.50436681
0.50000000
0.49672489
0.49563319
0.49126638
0.47161572
0.47052402
0.46943231
0.46943231
0.46724891
0.44541485
0.43668122
0.31659389
0.31222707
0.31004367
0.29039301
0.26637555
0.26637555
0.26637555
0.25327511
0.24781659
0.24781659
0.24344978
0.15283843
0.15283843
0.11681223
0.11681223
0.11462882
0.11462882
0.11462882
0.04366812
0.04039301
0.04039301
0.04039301
0.04039301
0.04039301
0.04039301
0.04039301
0.04039301
0.04039301
0.04039301
0.04039301
0.04039301
0.04039301
0.02620087
0.02620087
0.02620087
0.02620087
0.02620087
0.02620087
0.02510917
0.02510917
0.02510917
0.02510917
0.02510917
0.02510917
0.02510917
0.02510917
0.02510917
0.02510917
0.02510917
0.02510917
0.02510917
0.02510917
0.02510917
0.02510917
0.02510917
0.02510917
0.02510917
0.02510917
0.02510917
0.02510917
0.02510917
0.02510917
0.02510917
0.02510917
0.02510917
0.01965066
0.01965066
0.01965066
0.01965066
0.01965066
0.01965066
0.01528384
0.01528384
0.01528384
0.01528384
0.01528384
0.01528384
0.01528384
0.01528384
0.01528384
0.01528384
0.01528384
0.01528384
0.01528384
0.01528384
0.01528384
0.01528384
0.01528384
0.01528384
0.01200873
0.01200873
0.01200873
0.01200873
0.01200873
0.01200873
0.01200873
0.01200873
0.01200873
0.01200873
0.01200873
0.01200873
0.01200873
0.01200873
0.01200873
0.00982533
0.00982533
0.00982533
0.00982533
0.00982533
0.00982533
0.00982533
0.00982533
0.00982533
0.00982533
0.00873362
0.00873362
0.00873362
0.00873362
0.00873362
0.00873362
0.00873362
0.00873362
0.00764192
0.00764192
0.00764192
0.00764192
0.00764192
0.00764192
0.00764192
0.00764192
0.00764192
0.00764192
0.00764192
0.00764192
0.00764192
0.00764192
0.00764192
0.00764192
0.00764192
0.00764192
0.00764192
0.00764192
0.00764192
0.00764192
0.00764192
0.00764192
0.00764192
0.00764192
0.00764192
0.00764192
0.00764192
0.00764192
0.00764192
0.00764192
0.00764192
0.00764192
0.00764192
0.00764192
0.00764192
0.00764192
0.00764192
0.00764192
0.00764192
0.00764192
0.00764192
0.00764192
0.00764192
0.00764192
0.00764192
0.00764192
0.00764192
0.00764192
0.00764192
0.00764192
0.00764192
0.00764192
0.00764192
0.00764192
0.00764192
0.00764192
0.00764192
0.00655022
0.00655022
0.00655022
0.00655022
0.00655022
0.00655022
0.00655022
0.00655022
0.00655022
0.00655022
0.00655022
0.00545852
0.00545852
0.00545852
0.00545852
0.00545852
0.00436681
0.00436681
0.00436681
0.00436681
0.00436681
0.00436681
0.00436681
0.00436681
0.00436681
0.00436681
0.00436681
0.00436681
0.00436681
0.00436681
0.00436681
0.00436681
0.00436681
0.00436681
0.00436681
0.00436681
0.00436681
0.00436681
0.00436681
0.00436681
0.00436681
0.00436681
0.00436681
0.00436681
0.00436681
0.00436681
0.00436681
0.00436681
0.00436681
0.00436681
0.00436681
0.00436681
0.00436681
0.00436681
0.00436681
0.00436681
0.00436681
0.00436681
0.00436681
0.00436681
0.00436681
0.00436681
0.00436681
0.00436681
0.00436681
0.00436681
0.00436681
0.00436681
0.00436681
0.00436681
0.00436681
0.00436681
0.00436681
0.00436681
0.00436681
0.00436681
0.00436681
0.00436681
0.00436681
0.00436681
0.00436681
0.00436681
0.00436681
0.00436681
0.00436681
0.00436681
0.00436681
0.00436681
0.00436681
0.00436681
0.00436681
0.00436681
0.00436681
0.00436681
0.00436681
0.00436681
0.00436681
0.00436681
0.00436681
0.00436681
0.00436681
0.00436681
0.00436681
0.00436681
0.00436681
0.00436681
0.00436681
0.00436681
0.00436681
0.00436681
0.00436681
0.00436681
0.00436681
0.00436681
0.00436681
0.00436681
0.00436681
0.00436681
0.00436681
0.00436681
0.00436681
0.00436681
0.00436681
0.00436681
0.00436681
0.00436681
0.00436681
0.00436681
0.00436681
0.00436681
0.00436681
0.00436681
0.00436681
0.00436681
0.00436681
0.00436681
0.00436681
0.00436681
0.00436681
0.00436681
0.00436681
0.00436681
0.00436681
0.00436681
0.00327511
0.00327511
0.00327511
0.00327511
0.00327511
0.00327511
0.00327511
0.00327511
0.00327511
0.00327511
0.00327511
0.00327511
0.00327511
0.00327511
0.00327511
0.00327511
0.00327511
0.00327511
0.00218341
0.00218341
0.00218341
0.00218341
0.00218341
0.00218341
0.00218341
0.00218341
0.00218341
0.00218341
0.00218341
0.00218341
0.00218341
0.00218341
0.00218341
0.00218341
0.00218341
0.00218341
0.00218341
0.00218341
0.00218341
0.00218341
0.00218341
0.00218341
0.00218341
0.00218341
0.00218341
0.00218341
0.00218341
0.00218341
0.00218341
0.00218341
0.00218341
0.00218341
0.00218341
0.00218341
0.00218341
0.00218341
0.00218341
0.00218341
0.00218341
0.00218341
0.00218341
0.00218341
0.00218341
0.00218341
0.00218341
0.00218341
0.00218341
0.00218341
0.00218341
0.00218341
0.00218341
0.00218341
0.00218341
0.00218341
0.00218341
0.00218341
0.00218341
0.00218341
0.00218341
0.00218341
0.00218341
0.00218341
0.00218341
0.00218341
0.00218341
0.00218341
0.00218341
0.00218341
0.00218341
0.00218341
0.00218341
0.00218341
0.00218341
0.00218341
0.00218341
0.00218341
0.00218341
0.00218341
0.00218341
0.00218341
0.00218341
0.00218341
0.00218341
0.00218341
0.00218341
0.00218341
0.00218341
0.00218341
0.00218341
0.00218341
0.00218341
0.00218341
0.00218341
0.00218341
0.00218341
0.00218341
0.00218341
0.00218341
0.00218341
0.00218341
0.00218341
0.00218341
0.00218341
0.00218341
0.00218341
0.00218341
0.00218341
0.00218341
0.00218341
0.00218341
0.00218341
0.00218341
0.00218341
0.00218341
0.00218341
0.00218341
0.00218341
0.00218341
0.00218341
0.00218341
0.00218341
0.00218341
0.00218341
0.00218341
0.00218341
0.00218341
0.00218341
0.00218341
0.00218341
0.00218341
0.00218341
0.00218341
0.00218341
0.00218341
0.00218341
0.00218341
0.00218341
0.00218341
0.00218341
0.00218341
0.00218341
0.00218341
0.00218341
0.00218341
0.00218341
0.00218341
0.00218341
0.00218341
0.00218341
0.00218341
0.00218341
0.00218341
0.00218341
0.00218341
0.00218341
0.00218341
0.00218341
0.00218341
0.00218341
0.00218341
0.00218341
0.00218341
0.00218341
0.00218341
0.00218341
0.00218341
0.00218341
0.00218341
0.00218341
0.00218341
0.00218341
0.00218341
0.00218341
0.00218341
0.00218341
0.00218341
0.00218341
0.00218341
0.00218341
0.00218341
0.00218341
0.00218341
0.00218341
0.00218341
0.00218341
0.00218341
0.00218341
0.00218341
0.00218341
0.00218341
0.00218341
0.00218341
0.00218341
0.00218341
0.00218341
0.00218341
0.00218341
0.00218341
0.00218341
0.00218341
0.00218341
0.00218341
0.00218341
0.00218341
0.00218341
0.00218341
0.00218341
0.00218341
0.00218341
0.00218341
0.00218341
0.00218341
0.00218341
0.00218341
0.00218341
0.00218341
0.00218341
0.00218341
0.00218341
0.00218341
0.00218341
0.00218341
0.00218341
0.00218341
0.00218341
0.00218341
0.00218341
0.00218341
0.00218341
0.00218341
0.00218341
0.00218341
0.00218341
0.00218341
0.00218341
0.00218341
0.00218341
0.00218341
0.00218341
0.00218341
0.00218341
0.00218341
0.00218341
0.00218341
0.00218341
0.00218341
0.00218341
0.00218341
0.00218341
0.00218341
0.00218341
0.00218341
0.00218341
0.00218341
0.00218341
0.00218341
0.00218341
0.00218341
0.00218341
0.00218341
0.00218341
0.00218341
0.00218341
0.00218341
0.00218341
0.00218341
0.00218341
0.00218341
0.00218341
0.00218341
0.00218341
0.00218341
0.00218341
0.00218341
0.00218341
0.00218341
0.00218341
0.00218341
0.00218341
0.00218341
0.00218341
0.00218341
0.00218341
0.00218341
0.00218341
0.00218341
0.00218341
0.00218341
0.00218341
0.00109170
0.00109170
0.00109170
0.00109170
0.00109170
0.00109170
0.00109170
0.00109170
0.00109170
0.00109170
0.00109170
0.00109170
0.00109170
0.00109170
0.00109170
0.00109170
0.00109170
0.00109170
0.00109170
0.00109170
0.00109170
0.00109170
0.00109170
0.00109170
0.00109170
0.00109170
0.00109170
0.00109170
0.00109170
0.00109170
0.00109170
0.00109170
0.00109170
0.00109170
0.00109170
0.00109170
0.00109170
0.00109170
0.00109170
0.00109170
0.00109170
0.00109170
0.00109170
0.00109170
0.00109170
0.00109170
0.00109170
0.00109170
0.00109170
0.00109170
0.00109170
0.00109170
0.00109170
0.00109170
0.00109170
0.00109170
0.00109170
0.00109170
0.00109170
0.00109170
0.00109170
0.00109170
0.00109170
0.00109170
0.00109170
0.00109170
0.00109170
0.00109170
0.00109170
0.00109170
0.00109170
0.00109170
0.00109170
0.00109170
0.00109170
0.00109170
0.00109170
0.00109170
0.00109170
0.00109170
0.00109170
0.00109170
0.00109170
0.00109170
0.00109170
0.00109170
0.00109170
0.00109170
0.00109170
0.00109170
0.00109170
0.00109170
0.00109170
0.00109170
0.00109170
0.00109170
0.00109170
0.00109170
0.00109170
0.00109170
0.00109170
0.00109170
0.00109170
0.00109170
0.00109170
0.00109170
0.00109170
0.00109170
0.00109170
0.00109170
0.00109170
0.00109170
0.00109170
0.00109170
0.00109170
0.00109170
0.00109170
0.00109170
0.00109170
0.00109170
0.00109170
0.00109170
0.00109170
0.00109170
0.00109170
0.00109170
0.00109170
0.00109170
0.00109170
0.00109170
0.00109170
0.00109170
0.00109170
0.00109170
0.00109170
0.00109170
0.00109170
0.00109170
0.00109170
0.00109170
0.00109170
0.00109170
0.00109170
0.00109170
0.00109170
0.00109170
0.00109170
0.00109170
0.00109170
0.00109170
0.00109170
0.00109170
0.00109170
0.00109170
0.00109170
0.00109170
0.00109170
0.00109170
0.00109170
0.00109170
0.00109170
0.00109170
0.00109170
0.00109170
0.00109170
0.00109170
0.00109170
0.00109170
0.00109170
0.00109170
0.00109170
0.00109170
0.00109170
0.00109170
0.00109170
0.00109170
0.00109170
0.00109170
0.00109170
0.00109170
0.00109170
0.00109170
0.00109170
0.00109170
0.00109170
0.00109170
0.00109170
0.00109170
0.00109170
0.00109170
0.00109170
0.00109170
0.00109170
0.00109170
0.00109170
0.00109170
0.00109170
0.00109170
0.00109170
0.00109170
0.00109170
0.00109170
0.00109170
0.00109170
0.00109170
0.00109170
0.00109170
0.00109170
0.00109170
0.00109170
0.00109170
0.00109170
0.00109170
0.00109170
0.00109170
0.00109170
0.00109170
0.00109170
0.00109170
0.00109170
0.00109170
0.00109170
0.00109170
0.00109170
0.00109170
0.00109170
0.00109170
0.00109170
0.00109170
0.00109170
0.00109170
0.00109170
0.00109170
0.00109170
0.00109170
0.00109170
0.00109170
0.00109170
0.00109170
0.00109170
0.00109170
0.00109170
0.00109170
0.00109170
0.00109170
0.00109170
0.00109170
0.00109170
0.00109170
0.00109170
0.00109170
0.00109170
0.00109170
0.00109170
0.00109170
0.00109170
0.00109170
0.00109170
0.00109170
0.00109170
0.00109170
0.00109170
0.00109170
0.00109170
0.00109170
0.00109170
0.00109170
0.00109170
0.00109170
0.00109170
0.00109170
0.00109170
0.00109170
0.00109170
0.00109170
0.00109170
0.00109170
0.00109170
0.00109170
0.00109170
0.00109170
0.00109170
0.00109170
0.00109170
0.00109170
0.00109170
0.00109170
0.00109170
0.00109170
0.00109170
0.00109170
0.00109170
0.00109170
0.00109170
0.00109170
0.00109170
0.00109170
0.00109170
0.00109170
0.00109170
0.00109170
0.00109170
0.00109170
0.00109170
0.00109170
0.00109170
0.00109170
0.00109170
0.00109170
0.00109170
0.00109170
0.00109170
0.00109170
0.00109170
0.00109170
0.00109170
0.00109170
0.00109170
0.00109170
0.00109170
0.00109170
0.00109170
0.00109170
0.00109170
0.00109170
0.00109170
0.00109170
0.00109170
0.00109170
0.00109170
0.00109170
0.00109170
0.00109170
0.00109170
0.00109170
0.00109170
0.00109170
0.00109170
0.00109170
0.00109170
0.00109170
0.00109170
0.00109170
0.00109170
0.00109170
0.00109170
0.00109170
0.00109170
0.00109170
0.00109170
0.00109170
0.00109170
0.00109170
0.00109170
0.00109170
0.00109170
0.00109170
0.00109170
0.00109170
0.00109170
0.00109170
0.00109170
0.00109170
0.00109170
0.00109170
0.00109170
0.00109170
0.00109170
0.00109170
0.00109170
0.00109170
0.00109170
0.00109170
0.00109170
0.00109170
0.00109170
0.00109170
0.00109170
0.00109170
0.00109170
0.00109170
0.00109170
0.00109170
0.00109170
0.00109170
0.00109170
0.00109170
0.00109170
0.00109170
0.00109170
0.00109170
0.00109170
0.00109170
0.00109170
0.00109170
0.00109170
0.00109170
0.00109170
0.00109170
0.00109170
0.00109170
0.00109170
0.00109170
0.00109170
0.00109170
0.00109170
0.00109170
0.00109170
0.00109170
0.00109170
0.00109170
0.00109170
0.00109170
0.00109170
0.00109170
0.00109170
0.00109170
0.00109170
0.00109170
0.00109170
0.00109170
0.00109170
0.00109170
0.00109170
0.00109170
0.00109170
0.00109170
0.00109170
0.00109170
0.00109170
0.00109170
0.00109170
0.00109170
0.00109170
0.00109170
0.00109170
0.00109170
0.00109170
0.00109170
0.00109170
0.00109170
0.00109170
0.00109170
0.00109170
0.00109170
0.00109170
0.00109170
0.00109170
0.00109170
0.00109170
0.00109170
0.00109170
0.00109170
0.00109170
0.00109170
0.00109170
0.00109170
0.00109170
0.00109170
0.00109170
0.00109170
0.00109170
0.00109170
0.00109170
0.00109170
0.00109170
0.00109170
0.00109170
0.00109170
0.00109170
0.00109170
0.00109170
0.00109170
0.00109170
0.00109170
0.00109170
0.00109170
0.00109170
0.00109170
0.00109170
0.00109170
0.00109170
0.00109170
0.00109170
0.00109170
0.00109170
0.00109170
0.00109170
0.00109170
0.00109170
0.00109170
0.00109170
0.00109170
0.00109170
0.00109170
0.00109170
0.00109170
0.00109170
0.00109170
0.00109170
0.00109170
0.00109170
0.00109170
0.00109170
0.00109170
0.00109170
0.00109170
0.00109170
0.00109170
0.00109170
0.00109170
0.00109170
0.00109170
0.00109170
0.00109170
0.00109170
0.00109170
0.00109170
0.00109170
0.00109170
0.00109170
0.00109170
0.00109170
0.00109170
0.00109170
0.00109170
0.00109170
0.00109170
0.00109170
0.00109170
0.00109170
0.00109170
0.00109170
0.00109170
0.00109170
0.00109170
0.00109170
0.00109170
0.00109170
0.00109170
0.00109170
0.00109170
0.00109170
0.00109170
0.00109170
0.00109170
0.00109170
0.00109170
0.00109170
0.00109170
0.00109170
0.00109170
0.00109170
0.00109170
0.00109170
0.00109170
0.00109170
0.00109170
0.00109170
0.00109170
0.00109170
0.00109170
0.00109170
0.00109170
0.00109170
0.00109170
0.00109170
0.00109170
0.00109170
0.00109170
0.00109170
0.00109170
0.00109170
0.00109170
0.00109170
0.00109170
0.00109170
0.00109170
0.00109170
0.00109170
0.00109170
0.00109170
0.00109170
0.00109170
0.00109170
0.00109170
0.00109170
0.00109170
0.00109170
0.00109170
0.00109170
0.00109170
0.00109170
0.00109170
0.00109170
0.00109170
0.00109170
0.00109170
0.00109170
0.00109170
0.00109170
0.00109170
0.00109170
0.00109170
0.00109170
0.00109170
0.00109170
0.00109170
0.00109170
0.00109170
0.00109170
0.00109170
0.00109170
0.00109170
0.00109170
0.00109170
0.00109170
0.00109170
0.00109170
0.00109170
0.00109170
0.00109170
0.00109170
0.00109170
0.00109170
0.00109170
0.00109170
0.00109170
0.00109170
0.00109170
0.00109170
0.00109170
0.00109170
0.00109170
0.00109170
0.00109170
0.00109170
0.00109170
0.00109170
0.00109170
0.00109170
0.00109170
0.00109170
0.00109170
0.00109170
0.00109170
0.00109170
0.00109170
0.00109170
0.00109170
0.00109170
0.00109170
0.00109170
0.00109170
0.00109170
0.00109170
0.00109170
0.00109170
0.00109170
0.00109170
0.00109170
0.00109170
0.00109170
0.00109170
0.00109170
0.00109170
0.00109170
0.00109170
0.00109170
0.00109170
0.00109170
0.00109170
0.00109170
0.00109170
0.00109170
0.00109170
0.00109170
0.00109170
0.00109170
0.00109170
