76
7
39
149
401
1
41
14
51
232
9
59
354
26
474
858
553
35
33
386
20
248
743
54
37
151
214
774
215
81
188
262
519
68
220
56
355
673
266
43
10896
1839
3571
11
460
4694
3917
154
1868
182
9658
643
1481
379
547
230
2325
114
80
206
575
1152
161
69
2778
31485
885
29
1417
1812
1919
507
64
1390
71
3048
603
2942
116
629
6809
2224
14126
290
471
1994
2658
3724
77
654
136
144
2430
763
4969
1389
171
1338
397
842
8669
1260
1767
328
13121
3749
306
25884
7879
249
3062
93
2537
3930
7291
1498
1507
20941
548
565
7936
1315
104
5699
6155
6730
65
3022
5583
1926
6863
426
4820
24653
787
236
3838
5009
7020
63
15785
2
737
1254
2391
4524
2766
2692
3490
678
2058
83
593
8303
17914
1326
2834
6593
444
2614
5816
746
3632
3927
5007
82
923
5678
926
2273
8331
6968
8809
897
504
15194
17699
6216
6928
21318
2019
2924
143
3223
3929
5157
12390
24933
167
5235
17242
882
4512
7217
8369
956
3928
2045
322
427
1354
2929
3004
2097
7301
533
7128
165
946
2557
5286
5908
24256
15792
949
32350
3319
4817
258
5402
6328
13298
30
90
3779
4487
6209
10686
53
240
909
1460
6283
795
2707
2996
3503
10132
12232
12397
521
4045
8485
17785
910
1553
7361
12946
1276
2389
4085
6572
6781
24461
28796
883
1245
1438
3764
621
2208
6257
796
3247
7482
8487
26300
529
1516
2740
7821
13523
15939
2497
3693
13492
295
301
315
6886
8857
472
3657
3731
6412
7672
15809
352
498
1506
2539
8980
23261
2754
5667
12554
14343
16094
17750
522
935
1029
1757
1893
3283
3367
5040
8486
368
694
1151
1595
6407
6487
11280
2705
5095
7436
9781
16088
36813
1556
2324
2890
4094
5211
350
489
609
1775
2585
4397
6541
6632
8495
666
1235
15697
2521
4476
6658
6803
6867
29082
1425
1612
2858
4686
4799
13242
1321
1654
3923
4537
5280
7094
11461
16687
33746
40040
394
1645
3000
3264
5167
6094
6905
8581
9002
9503
20798
244
1743
2602
3225
5191
6311
8844
9783
10349
11197
12971
22294
44089
635
687
1006
2949
3681
5646
7193
8554
9751
195
238
436
2666
3777
6992
15
44
305
576
994
7180
11296
31575
33403
667
1564
8479
9362
10677
10875
13589
14296
19861
24610
173
938
1410
1733
5868
7085
8168
8229
10139
20282
25807
42570
92
343
1587
2925
3171
3246
3542
8182
9114
10185
14564
16641
115
988
1139
1847
3248
5423
7951
15987
29038
31458
32048
33672
218
289
492
591
812
1515
1539
1737
2356
5611
6344
6432
6726
7536
9240
14902
17088
580
1127
1660
1913
3883
4447
7472
8577
12532
18681
35929
38584
2225
2344
6323
6780
7245
7982
8384
9984
22574
24501
34897
79
467
823
1129
1881
3249
5347
5352
5990
6478
8061
9924
13446
19604
23187
31641
39936
389
950
1133
1334
2457
2663
2708
5068
5652
7192
8594
8878
13390
14561
18255
29344
27
414
1441
5457
5787
5817
6034
6078
6919
8504
9623
10804
14940
24360
25528
55
993
1422
2153
8601
13345
13447
22362
43626
682
781
3114
4265
4502
5385
6037
6486
6692
9579
10156
11769
18517
36783
48
1297
1475
3132
3245
6201
6205
6297
7039
7252
13241
35909
57
60
700
977
1634
1695
2226
2313
2870
3973
3988
4517
7174
8877
15273
15892
17604
17857
21965
29584
85
374
646
1487
1555
1699
2025
2130
2879
2952
3835
4012
4919
5308
5420
5659
6052
6260
6643
6749
7564
7613
7768
7910
8367
8793
9950
14076
14223
16044
17209
20441
20540
23702
24234
25093
25747
26529
27353
28354
86
470
1345
1462
1744
1947
2644
4495
4669
4809
5237
6299
7473
8579
8869
8876
8881
9094
9174
9372
10063
10482
11269
11337
11694
12032
12505
12891
16050
20646
21322
22026
27723
32742
40077
43365
100
113
152
242
341
390
416
530
537
582
704
979
987
1098
1208
1291
1427
1439
1511
1611
1943
2048
2352
2613
2695
2700
3009
3435
3897
4240
4302
5110
5219
5439
5459
5943
6097
6390
6457
6497
6579
6587
6640
6751
7064
7148
7393
8792
10282
10778
13093
13395
14338
14986
16387
17306
18724
19250
21289
21975
22313
23238
23997
24648
25593
25960
26708
27011
28829
32051
33586
36539
36784
43138
47
101
190
211
287
313
366
407
425
441
451
557
721
766
777
944
948
1220
1443
1457
1465
1474
1551
1560
1572
1628
1637
1668
1719
1797
1920
2005
2263
2433
2470
2555
2561
2564
2639
2660
2969
3091
3170
3325
3356
3389
3633
3786
3791
4039
4051
4145
4294
4380
4501
4510
4617
4630
4638
4692
4763
5056
5189
5291
5460
5481
5534
5757
5758
5876
5961
6389
6408
6471
6574
6844
6887
6910
6915
6990
7010
7062
7095
7158
7336
7439
7811
7858
8019
8098
8142
8181
8569
8916
8934
9133
9225
9496
9839
10041
10154
10244
10348
10371
10494
10640
10812
11286
11403
11496
11633
12138
12144
12399
12512
12586
12827
12940
13002
13023
13156
13396
13706
13799
14107
14282
14339
14363
14447
14895
14905
15412
15446
15721
15990
16081
17753
17854
18067
18626
18872
19128
19403
20279
20344
20421
20574
20770
20815
21082
21139
21212
21897
22508
23410
24644
24663
24749
24913
25292
25319
25599
25777
26308
26410
27836
28237
28364
29585
29718
30945
31070
31471
32011
33055
33074
33667
33708
33751
34075
35440
35458
36078
36641
37038
39839
40428
41640
42335
42649
44521
47118
49387
51048
52575
54523
55813
88
89
109
141
198
278
336
418
452
454
523
545
558
568
608
610
626
706
811
820
852
878
879
983
1019
1193
1224
1233
1308
1335
1369
1374
1400
1414
1418
1449
1554
1585
1730
1731
1754
1768
1810
1823
1914
1915
1918
1933
1990
1996
2004
2134
2139
2181
2195
2248
2284
2295
2338
2360
2427
2477
2488
2508
2516
2556
2558
2586
2606
2680
2702
2788
2793
2810
2815
2883
2896
2906
2937
3029
3066
3067
3072
3086
3273
3357
3364
3436
3591
3623
3788
3800
3822
3836
3855
3856
3874
3937
3938
3943
3947
3956
4016
4036
4047
4052
4073
4111
4129
4225
4268
4321
4328
4402
4426
4429
4478
4485
4504
4573
4637
4781
4836
4903
4921
4989
5014
5025
5069
5094
5149
5163
5172
5180
5195
5227
5274
5301
5325
5342
5374
5428
5441
5444
5463
5547
5567
5645
5650
5690
5727
5763
5781
5794
5888
5895
5930
6000
6005
6070
6087
6088
6143
6195
6210
6229
6281
6318
6368
6392
6505
6588
6618
6630
6675
6676
6699
6707
6727
6733
6769
6827
6835
6875
6878
6904
6979
6987
7034
7047
7072
7106
7108
7129
7161
7167
7169
7175
7251
7276
7306
7312
7328
7330
7353
7379
7400
7415
7501
7506
7531
7555
7590
7656
7673
7683
7707
7727
7818
7856
7989
7990
8014
8092
8154
8162
8214
8226
8288
8290
8312
8361
8429
8439
8529
8572
8587
8677
8681
8712
8737
8894
8902
8945
8952
9048
9067
9122
9197
9218
9297
9318
9344
9356
9440
9491
9510
9567
9643
9645
9654
9655
9750
9763
9795
9820
9842
9966
9990
10178
10233
10301
10346
10375
10495
10524
10545
10570
10614
10647
10652
10723
10750
11015
11077
11094
11236
11258
11316
11484
11501
11566
11592
11599
11618
11894
11899
12028
12053
12141
12157
12202
12244
12271
12316
12597
12672
12696
12769
12811
13082
13190
13214
13221
13281
13362
13367
13368
13397
13440
13485
13587
13663
13691
13711
13779
14340
14360
14452
14500
14537
14550
14761
14773
14820
14852
14939
14971
15024
15109
15246
15259
15376
15462
15620
15639
15691
15744
15914
16115
16136
16139
16164
16303
16337
16683
16964
17033
17096
17145
17348
17409
17561
17810
18098
18112
18161
18186
18189
18224
18254
18350
18434
18507
18522
18524
18599
18699
18730
18808
18809
18839
19001
19117
19138
19191
19289
19298
19361
19466
19501
19788
19845
19877
19921
20862
20863
21105
21191
21329
21330
21612
21719
22080
22115
22176
22190
22305
22312
22553
22585
22597
22834
23050
23138
23142
23409
23571
23709
23882
23888
24279
25145
25779
26062
26449
26600
26855
27050
27320
27437
27576
27932
28001
28139
28299
28571
28589
28858
28863
29256
30091
30113
30388
31022
31489
31503
31835
31885
32519
33078
33242
34251
34361
34429
34435
34627
34652
34671
35096
35282
35548
35755
35769
36052
36214
36258
36515
36880
37169
37212
37351
37380
37590
38453
38714
38873
38896
39239
39690
39880
41274
41412
41465
41601
41727
41769
42005
42502
42511
43170
43329
43685
43697
44522
44549
45241
45402
45977
46306
46532
47029
47150
47343
47408
47670
48279
48294
49263
50116
50246
50390
52065
53404
53977
55165
