241
336
359
171
87
211
389
267
357
499
510
57
63
181
519
529
295
204
353
114
186
501
535
67
156
352
361
24
110
429
445
271
276
503
32
363
377
436
441
512
553
147
152
240
369
492
549
52
123
128
310
418
453
457
37
155
176
208
314
423
151
220
302
371
15
113
157
238
383
498
4
26
86
112
194
210
370
409
1
48
61
69
72
79
97
126
138
222
269
273
274
289
301
317
326
400
411
426
463
469
522
10
16
18
23
36
44
45
75
83
84
85
89
90
93
96
118
132
136
139
140
167
187
188
191
205
214
216
223
225
226
234
248
254
260
264
278
281
296
351
364
365
374
376
413
416
420
439
452
532
