1108
1323
1304
468
1565
0
258
626
3610
2130
1561
1806
723
1653
600
355
1100
1654
900
1956
663
1870
184
209
722
721
508
1828
1912
1961
1413
390
1
1846
83
791
520
1327
656
1268
1816
657
1926
1765
449
1962
1263
793
951
1895
374
513
108
364
381
1170
228
695
1288
3637
1533
796
1056
1856
706
865
1136
618
807
382
985
1019
973
670
590
792
342
601
368
549
237
569
1740
697
95
483
605
993
1867
474
1146
484
524
1165
1954
3626
925
599
797
1522
326
359
2958
226
1903
249
2335
322
764
1820
221
475
1788
2902
1330
1624
707
58
478
1752
1944
457
815
266
2119
345
331
1134
1386
794
1744
191
937
530
1174
164
230
302
1285
1784
1437
1741
1841
3596
1747
14
1615
438
1771
1443
1889
1838
1872
701
1201
1748
264
358
446
769
1745
88
293
718
53
784
1958
301
660
1113
1133
288
1266
74
279
1139
401
678
895
800
492
752
1804
1760
133
1281
2325
25
1712
195
218
496
2195
781
1010
1538
1198
3
73
272
427
1664
393
1724
535
728
1090
161
289
1195
1650
1792
1810
5
1791
1859
290
874
934
1291
101
349
1151
1169
2
942
1152
1905
2278
2509
3620
321
1807
59
111
124
286
1181
1184
339
703
1269
1626
1866
1907
235
1840
2149
2474
3618
185
1847
1899
3633
396
1366
162
1022
1164
1555
2075
2943
933
1287
2882
3669
4
13
174
885
1197
1325
1988
3630
3668
43
217
275
1940
18
522
1821
1830
1904
2029
2358
3035
3622
44
338
1915
122
172
173
688
1265
1802
2030
2853
171
262
1009
1819
2097
2170
120
146
233
352
1138
1536
1779
2074
3418
126
485
607
655
1173
1397
1746
1918
1935
2198
2985
3078
91
128
197
1722
2087
291
296
431
491
591
1302
1737
1825
2914
178
1183
1274
1313
1775
2016
2811
3055
78
166
547
830
1111
1179
2006
2142
2909
2971
140
567
617
907
1050
1069
1080
1813
2480
26
47
330
594
1260
1293
1321
1668
1726
1809
1823
1864
2067
2150
68
109
353
402
490
533
876
1015
46
192
265
300
507
586
608
1034
3629
34
144
186
1280
1783
48
1024
1414
8
151
177
257
298
1157
7
23
24
29
33
67
89
93
110
155
193
206
219
229
292
323
461
558
615
1045
1529
