173
943
76
666
108
131
1
96
288
342
361
440
630
62
91
549
162
267
336
198
359
385
389
428
433
637
857
1026
562
799
814
40
57
219
578
581
655
702
756
924
166
248
445
462
882
114
170
174
181
301
455
532
550
676
732
761
810
847
889
892
895
159
259
349
444
467
535
664
773
803
830
896
10
83
269
465
478
762
797
853
946
13
50
113
139
153
158
250
274
320
365
378
442
541
690
854
1011
39
52
59
126
197
200
303
323
472
525
538
589
705
717
770
837
864
955
981
1020
23
30
106
152
332
367
424
476
528
573
695
716
738
800
933
974
1008
1033
36
64
97
133
186
193
300
340
362
370
380
393
426
449
482
501
530
542
576
577
594
662
669
793
886
923
985
1005
14
48
128
189
224
261
310
372
387
413
432
537
563
607
633
656
678
734
778
828
909
984
995
1001
1018
42
60
85
118
150
164
177
190
258
309
322
360
375
395
414
557
611
617
635
653
668
801
806
834
842
844
860
875
897
957
3
15
21
33
44
81
122
167
176
178
207
230
239
278
290
302
308
315
324
408
438
471
481
515
519
531
565
580
620
641
652
718
720
724
784
942
947
1004
2
12
19
29
32
45
79
127
154
169
209
218
246
275
328
346
350
394
411
412
423
427
452
475
479
485
497
512
513
523
539
556
592
613
631
684
694
873
891
920
963
979
991
1016
1025
31
38
56
188
204
227
228
235
236
243
244
249
291
314
335
374
399
419
461
488
522
529
561
568
616
618
651
660
681
682
697
699
726
735
741
755
777
785
807
809
813
816
821
852
866
870
906
911
922
927
928
986
9
47
67
70
89
103
104
111
132
144
157
183
210
220
226
242
279
281
293
316
347
351
357
363
391
425
470
491
510
534
586
603
604
610
629
640
671
691
692
721
722
737
749
767
805
815
885
902
921
926
973
988
1012
1031
1032
1034
11
16
26
28
34
53
69
125
146
151
163
194
201
214
216
229
237
238
241
252
254
268
277
280
284
286
292
318
334
338
345
371
373
383
402
403
422
450
459
480
494
571
574
583
585
597
643
650
688
736
740
763
766
782
796
823
851
876
877
898
925
966
976
1002
1024
0
4
6
8
27
41
49
101
112
129
182
247
271
289
306
344
352
354
384
409
434
453
460
469
474
493
503
507
508
511
552
554
558
575
599
619
627
632
657
661
672
675
696
704
706
731
764
765
776
779
781
794
808
811
835
846
856
862
867
883
887
930
939
945
954
956
975
993
1003
18
24
37
71
73
78
87
98
105
107
110
117
130
134
135
140
142
145
148
155
156
165
185
187
212
221
223
245
257
285
287
299
311
319
330
343
356
382
405
439
448
451
456
458
463
466
500
516
544
579
582
587
588
621
622
625
642
670
701
711
713
730
739
747
774
790
802
819
845
874
878
880
881
934
972
983
987
1015
5
43
51
54
55
63
68
84
86
94
102
109
116
119
124
137
138
141
143
161
175
184
191
196
202
203
205
206
211
213
217
231
233
260
262
263
264
265
270
273
283
296
304
305
307
317
325
327
333
353
366
368
376
377
379
386
396
400
415
420
437
443
446
457
489
496
504
524
533
536
555
572
584
595
608
614
638
645
665
667
679
680
686
689
714
715
727
787
791
795
812
841
843
848
884
900
929
936
949
964
978
994
996
1021
