1999
17
7172
5853
1089
4744
3867
5993
818
4348
794
5160
77
9937
137
457
7256
130
445
2805
2975
2849
934
771
3397
101
2271
2184
2851
4530
26
4715
2872
811
29
3716
9963
2401
23
71
12767
39
1325
10122
8647
5159
2906
5769
986
171
3839
3874
2781
10369
1770
933
119
3524
205
461
4334
1388
54
6198
201
3892
4693
88
7088
1787
628
5579
5537
9854
216
4060
819
2749
2216
2248
2109
11582
528
839
182
1487
4109
2562
3806
4974
36
870
4862
6371
1458
3967
1464
810
751
3854
8629
291
311
1409
4448
87
809
439
6405
11529
55
4248
3793
2922
353
3862
58
931
1387
108
218
891
2449
1681
2879
9667
6469
282
3818
780
4783
1141
637
6355
1168
2811
6037
3125
7354
2852
348
4354
5290
7102
183
2468
11459
131
2657
2817
1703
8502
4638
5879
5928
510
2630
702
1389
8445
10377
147
227
7
1677
10123
13377
2295
3934
5184
3391
273
2730
2804
1056
1431
1435
4247
6435
9404
746
1031
242
3677
10130
591
987
1421
2839
74
148
83
123
238
4418
240
755
3278
1412
9
202
605
2783
3833
5702
756
3762
3864
4100
4121
8199
89
4526
208
428
792
1612
3875
4139
3868
6052
6163
470
2484
2952
3020
10852
1375
3898
277
1074
2042
2336
3683
6973
384
850
3478
431
1803
3761
4541
4561
5400
2832
3015
3693
4787
7870
3869
1482
2876
3872
5373
5473
762
824
1535
739
107
153
195
211
478
487
1800
4020
5211
2176
4521
8968
957
5988
8619
9090
212
613
679
1783
1866
4047
4108
4809
97
158
3433
694
1417
1862
1980
4706
772
1043
2651
10070
231
452
2545
3871
3914
3943
4254
10048
2002
2060
2994
5454
9334
9962
9978
194
283
391
1156
3402
4029
4350
207
803
2868
2875
3707
156
317
422
430
2724
3890
5240
5823
14669
1752
3362
4406
6100
57
748
863
880
1452
3121
4714
5641
225
414
699
2035
2163
2850
3804
3959
3991
4739
665
908
2725
124
279
1044
1408
3378
3812
4136
667
947
1494
3831
8652
351
448
578
621
733
1520
4142
4303
5112
5435
6533
93
139
307
429
629
731
1049
2834
3002
3794
4148
5299
6483
749
807
1068
2865
3984
4282
5230
10125
16249
67
522
897
3752
4134
6085
243
261
482
2793
3859
3876
4813
7568
9082
10092
82
197
674
693
766
852
871
2763
3700
3706
6132
264
515
1473
1524
3274
3390
3468
3493
3803
3809
3829
3946
4215
4357
5374
6271
7731
254
988
3060
3819
3847
4123
6904
7142
8671
10127
60
511
567
585
896
8562
8586
305
806
925
1968
2855
3169
3497
3703
3963
4738
4804
109
329
415
449
672
902
2146
2535
2728
2833
3179
3322
3384
3704
3805
4595
732
761
791
2077
3096
3123
3257
3293
3431
3899
4151
4853
6093
8030
79
237
259
573
588
1529
1682
2828
3244
3637
4120
5196
5598
5900
6068
15
143
278
435
561
563
599
602
657
767
843
1088
2769
3442
3479
3753
3877
4514
6690
8412
337
365
673
801
1402
1404
1406
2351
2472
2576
3631
3799
4062
4659
7370
8953
10440
45
47
299
497
713
2027
2107
2885
3055
3684
3913
4015
9367
10126
179
187
206
215
443
594
1356
1522
1561
1726
1881
2641
2869
3701
3756
3999
4261
4816
4848
6436
7203
10129
458
1655
1680
1875
1938
1978
1981
2416
2497
2714
2877
2890
3198
3639
3837
4276
4300
4302
4576
7820
9865
146
357
410
499
531
641
1037
1440
1767
1953
1967
2235
2824
2915
3211
3679
3702
3792
3855
3905
3979
4119
4170
4295
4373
7174
10384
112
466
689
961
1445
1693
2754
2894
2916
2983
2991
3021
3039
3093
3824
4079
4889
5781
6990
8047
309
327
383
659
705
790
862
973
1851
1890
1912
1955
2653
2673
2904
3412
3810
3926
4152
4409
4440
4954
5673
5864
3
8
161
230
390
507
785
833
876
1673
1829
1832
1835
2064
2878
3064
3757
4016
4407
6185
6203
7162
8428
41
51
110
114
163
222
297
500
547
582
919
1531
1608
1957
2179
2299
2361
2698
2759
2778
2927
2970
2977
3066
3161
3680
4517
5156
5279
5306
6308
6349
6364
6746
8468
10463
11620
38
98
169
220
223
248
338
407
617
911
967
1162
1708
2246
2264
2374
2755
2762
3797
3997
4112
4116
4145
4216
4564
4601
4931
5470
5921
6496
6598
6838
6992
9425
69
103
160
203
210
362
408
442
550
568
593
691
1457
1480
1779
2465
2614
2854
2874
2910
2912
3037
3437
3645
3740
3925
4459
5071
5102
6854
7079
7722
10228
10
72
90
180
255
304
325
343
406
488
606
747
814
859
893
904
1109
1466
1823
2087
2722
2821
2884
3122
3231
3558
3743
3832
3835
3858
4043
4217
4781
5069
5305
5822
6159
6445
6920
7383
8504
8951
12499
0
64
363
368
375
456
559
600
675
684
765
800
834
1041
1395
1874
2155
2280
2624
2914
2988
3099
3335
3570
3772
3906
3971
4057
4172
4928
5104
6620
7017
8269
8632
9272
31
168
326
446
523
706
764
990
997
1095
1372
1459
1952
2285
2536
2814
2960
3275
3603
3681
3826
3842
4092
4278
4587
4981
5086
5209
5392
5393
5581
5801
8516
8565
8684
11
122
138
274
471
490
631
636
752
763
777
788
838
872
921
1042
1082
1091
1722
1995
2111
2132
2262
2985
3031
3079
3640
3811
3840
3987
3993
4011
4017
4122
4349
4367
4610
4720
4987
5919
6628
6692
6760
6834
7783
7855
7952
8042
8429
9385
14195
1
176
272
292
324
376
432
486
545
558
840
935
1009
1054
1086
1392
1407
1416
1486
1573
1695
2138
2322
2615
2886
2928
2941
3104
3224
3398
3551
3577
3760
3791
3801
3882
4155
4455
4488
4660
4673
4868
5137
5424
5491
5548
7434
11494
16349
19
99
120
149
308
335
388
425
438
453
618
655
708
820
868
943
953
1004
1046
1069
1120
1475
1643
1650
1802
1860
1895
2050
2074
2357
2369
2736
2741
2807
2953
3106
3183
3372
3447
3499
3557
3709
3834
4013
4067
4075
4076
4645
4677
4810
4849
4869
4929
4941
5121
5303
5814
6177
6537
7151
70
136
434
464
501
570
647
704
743
787
799
993
1075
1080
1115
1145
1627
1656
1836
1933
2094
2233
2240
2609
2696
2715
2792
2999
3130
3361
3549
3922
3938
3977
4347
4823
4991
5060
5096
5789
6014
6612
7176
7695
8956
9277
11563
12290
14820
42
134
245
289
386
413
542
576
716
875
878
885
940
942
951
960
1016
1032
1796
1847
1985
2015
2224
2639
2720
2726
2862
2873
3256
3513
4107
4421
4649
4737
5191
5257
84
1048
1071
1588
2700
3896
3937
4031
4096
4256
4723
5404
6295
7192
7204
8401
8417
8776
296
356
502
556
709
830
918
926
1040
1102
1134
1161
1593
1687
1799
1858
1946
2075
2101
2546
3836
3889
4451
4515
4691
4874
5197
5203
5727
6320
6340
6727
7179
7752
8290
8394
10206
10572
53
175
200
234
258
293
319
345
400
404
459
540
546
616
654
737
779
798
815
832
847
892
936
945
950
954
1005
1011
1064
1123
1153
1477
1503
1541
1560
1562
1648
1678
1679
1691
1768
1864
1939
2017
2026
2091
2197
2457
2541
2601
2716
2733
2772
2776
2829
2887
2946
3080
3102
3205
3268
3344
3413
3519
3599
3699
3830
4030
4114
4149
4195
4220
4227
4425
4482
4489
4516
4545
4555
4557
4788
4842
4921
4936
4980
5020
5174
5199
5353
5654
5870
6152
6154
6247
6304
6326
6548
6549
6576
6635
6639
6734
6736
6872
7155
7347
7458
7705
7840
7857
7948
8375
8729
9993
10019
10196
11604
11792
63
75
78
92
106
125
172
235
249
252
266
276
280
312
316
333
341
369
373
401
405
412
416
419
421
427
444
447
477
484
491
504
527
534
564
577
580
603
624
646
724
742
775
781
827
828
837
856
886
890
894
899
901
922
938
959
974
980
981
1017
1021
1026
1055
1059
1077
1084
1111
1126
1158
1165
1373
1423
1498
1559
1571
1614
1657
1852
1911
2144
2191
2340
2376
2409
2445
2498
2501
2509
2575
2650
2660
2687
2718
2743
2746
2761
2774
2800
2838
2881
2889
3044
3065
3081
3094
3159
3288
3445
3588
3623
3672
3711
3863
3944
3957
3972
3976
3983
3990
4178
4197
4204
4296
4308
4380
4383
4420
4443
4457
4500
4527
4532
4560
4642
4682
4711
4771
4802
4826
4910
4933
4982
5064
5077
5103
5155
5161
5214
5218
5286
5322
5421
5633
5722
5750
5777
5849
5855
5899
5949
6027
6103
6153
6278
6305
6357
6385
6473
6495
6497
6592
6697
6704
6829
6902
6911
6917
6937
7158
7224
7372
7551
7579
7694
7717
7814
7815
7874
8151
8169
8194
8348
8483
8588
8970
8999
9297
9938
10573
11024
11131
11337
11476
11532
11574
11577
11588
6
16
21
22
24
28
35
43
46
50
56
61
66
68
76
80
94
95
126
127
128
145
164
167
192
224
226
233
241
244
257
269
281
288
294
306
310
315
331
340
349
354
358
361
382
385
395
423
436
463
473
512
514
525
532
538
551
553
562
575
581
595
597
604
608
609
611
615
622
626
634
643
650
656
660
683
685
686
695
707
710
712
734
740
741
745
760
768
769
770
782
796
825
835
842
846
853
857
864
866
869
881
883
888
898
900
916
955
956
964
972
982
985
989
1010
1018
1020
1036
1038
1061
1063
1065
1072
1087
1100
1105
1119
1127
1150
1155
1159
1166
1368
1374
1411
1426
1443
1454
1461
1484
1488
1505
1515
1517
1536
1556
1558
1563
1570
1607
1610
1616
1626
1637
1663
1689
1698
1711
1724
1736
1755
1757
1759
1786
1788
1801
1809
1820
1841
1842
1846
1977
1996
2016
2024
2029
2040
2108
2126
2130
2136
2145
2156
2166
2239
2254
2267
2275
2286
2297
2305
2306
2337
2343
2358
2370
2386
2403
2406
2413
2426
2430
2456
2481
2524
2572
2592
2625
2667
2671
2679
2680
2699
2708
2721
2768
2770
2790
2803
2819
2827
2846
2853
2861
2895
2901
2930
2962
2973
2974
2982
3007
3027
3032
3038
3071
3076
3085
3097
3101
3105
3114
3138
3149
3158
3189
3208
3226
3272
3292
3331
3364
3388
3515
3568
3598
3605
3622
3629
3630
3641
3642
3646
3650
3673
3692
3708
3712
3731
3746
3751
3789
3807
3814
3817
3848
3857
3880
3897
3903
3924
3928
3932
3961
4022
4028
4044
4058
4070
4115
4150
4189
4199
4205
4249
4259
4268
4279
4291
4298
4336
4360
4371
4376
4387
4415
4431
4461
4467
4470
4484
4486
4505
4508
4524
4573
4575
4589
4606
4619
4624
4629
4646
4661
4665
4674
4681
4696
4721
4722
4725
4728
4736
4747
4750
4777
4785
4798
4801
4815
4825
4843
4850
4861
4876
4892
4951
4970
4997
5000
5001
5010
5013
5017
5022
5025
5037
5088
5091
5116
5120
5124
5128
5138
5150
5165
5204
5216
5239
5248
5297
5376
5379
5399
5403
5422
5426
5512
5538
5610
5657
5701
5718
5724
5733
5862
5877
5925
5981
5989
6065
6089
6090
6108
6110
6115
6116
6121
6143
6145
6158
6169
6208
6222
6227
6230
6256
6274
6310
6370
6382
6387
6392
6393
6427
6434
6614
6646
6651
6688
6691
6726
6780
6788
6812
6820
6833
6860
6929
6953
6969
6997
7025
7036
7046
7057
7091
7129
7139
7186
7193
7207
7208
7243
7258
7293
7344
7400
7446
7447
7667
7677
7689
7816
7970
8197
8331
8338
8342
8349
8367
8396
8430
8452
8472
8487
8506
8608
8642
8662
8715
8720
8737
8739
8820
8828
8857
8865
8958
9006
9008
9137
9139
9283
9323
9359
9396
9671
9739
9992
10177
10248
10264
10268
10470
10550
10574
10785
10877
11219
11248
11286
11496
11552
11587
12370
12723
13072
13783
14125
15699
