447
162
357
390
550
424
430
499
276
214
121
602
640
387
134
8
278
539
159
289
36
296
555
48
56
577
323
200
330
333
79
591
219
349
94
477
98
234
629
639
515
3
517
5
132
398
15
272
20
21
663
536
152
538
664
667
29
156
158
415
161
34
291
421
422
169
301
308
53
181
182
312
186
571
315
573
316
191
198
326
459
205
81
338
83
467
598
344
346
474
606
610
226
612
106
618
236
109
238
365
112
491
504
115
372
632
428
561
530
239
218
254
119
431
614
304
63
569
411
269
367
452
208
339
396
518
274
355
318
351
551
673
7
237
260
89
496
436
199
136
600
310
509
549
389
178
33
95
224
495
362
253
490
494
659
30
324
624
628
69
359
193
345
10
37
383
414
454
466
166
371
104
125
298
268
12
319
508
51
135
167
451
262
519
584
0
568
545
410
148
528
240
265
353
370
437
579
151
302
401
16
674
102
325
57
562
300
317
279
593
185
633
285
328
364
388
616
479
180
70
201
501
154
230
297
581
652
655
67
458
76
644
58
468
292
137
138
259
170
433
243
229
241
252
306
49
583
556
438
206
360
413
483
165
587
457
626
651
1
