1.000000000000000000e+00
9.598662207357859799e-01
9.431438127090301382e-01
8.996655518394648388e-01
8.260869565217391353e-01
7.959866220735786202e-01
7.391304347826086474e-01
7.023411371237457956e-01
6.956521739130434590e-01
6.555183946488294389e-01
6.521739130434782705e-01
6.020066889632107454e-01
5.852842809364549037e-01
5.685618729096989510e-01
5.685618729096989510e-01
7.023411371237457679e-02
7.023411371237457679e-02
7.023411371237457679e-02
7.023411371237457679e-02
6.688963210702340845e-02
6.688963210702340845e-02
6.688963210702340845e-02
6.688963210702340845e-02
6.688963210702340845e-02
6.688963210702340845e-02
6.688963210702340845e-02
6.688963210702340845e-02
6.688963210702340845e-02
6.688963210702340845e-02
6.688963210702340845e-02
6.688963210702340845e-02
6.688963210702340845e-02
6.688963210702340845e-02
6.688963210702340845e-02
6.688963210702340845e-02
1.672240802675585211e-02
1.672240802675585211e-02
1.672240802675585211e-02
1.672240802675585211e-02
1.672240802675585211e-02
1.672240802675585211e-02
1.672240802675585211e-02
1.672240802675585211e-02
1.672240802675585211e-02
1.672240802675585211e-02
1.672240802675585211e-02
1.672240802675585211e-02
1.672240802675585211e-02
1.672240802675585211e-02
1.672240802675585211e-02
1.672240802675585211e-02
1.672240802675585211e-02
1.672240802675585211e-02
1.672240802675585211e-02
1.672240802675585211e-02
1.672240802675585211e-02
1.672240802675585211e-02
1.672240802675585211e-02
1.672240802675585211e-02
1.672240802675585211e-02
1.672240802675585211e-02
1.672240802675585211e-02
1.672240802675585211e-02
1.672240802675585211e-02
1.672240802675585211e-02
1.672240802675585211e-02
1.672240802675585211e-02
1.672240802675585211e-02
1.672240802675585211e-02
1.672240802675585211e-02
1.672240802675585211e-02
1.672240802675585211e-02
1.672240802675585211e-02
1.672240802675585211e-02
1.672240802675585211e-02
1.672240802675585211e-02
1.672240802675585211e-02
1.672240802675585211e-02
1.337792642140468204e-02
1.337792642140468204e-02
1.337792642140468204e-02
1.337792642140468204e-02
1.337792642140468204e-02
1.337792642140468204e-02
1.337792642140468204e-02
1.337792642140468204e-02
1.337792642140468204e-02
1.337792642140468204e-02
1.337792642140468204e-02
1.337792642140468204e-02
1.337792642140468204e-02
1.337792642140468204e-02
1.337792642140468204e-02
1.337792642140468204e-02
1.337792642140468204e-02
1.337792642140468204e-02
1.337792642140468204e-02
1.337792642140468204e-02
1.337792642140468204e-02
1.337792642140468204e-02
1.337792642140468204e-02
1.337792642140468204e-02
1.337792642140468204e-02
1.337792642140468204e-02
1.337792642140468204e-02
1.337792642140468204e-02
1.003344481605351196e-02
1.003344481605351196e-02
1.003344481605351196e-02
1.003344481605351196e-02
1.003344481605351196e-02
1.003344481605351196e-02
1.003344481605351196e-02
1.003344481605351196e-02
1.003344481605351196e-02
1.003344481605351196e-02
1.003344481605351196e-02
1.003344481605351196e-02
1.003344481605351196e-02
1.003344481605351196e-02
1.003344481605351196e-02
1.003344481605351196e-02
1.003344481605351196e-02
1.003344481605351196e-02
1.003344481605351196e-02
1.003344481605351196e-02
1.003344481605351196e-02
1.003344481605351196e-02
1.003344481605351196e-02
1.003344481605351196e-02
1.003344481605351196e-02
1.003344481605351196e-02
1.003344481605351196e-02
1.003344481605351196e-02
1.003344481605351196e-02
1.003344481605351196e-02
1.003344481605351196e-02
1.003344481605351196e-02
1.003344481605351196e-02
1.003344481605351196e-02
1.003344481605351196e-02
1.003344481605351196e-02
1.003344481605351196e-02
1.003344481605351196e-02
1.003344481605351196e-02
1.003344481605351196e-02
1.003344481605351196e-02
1.003344481605351196e-02
1.003344481605351196e-02
1.003344481605351196e-02
1.003344481605351196e-02
1.003344481605351196e-02
1.003344481605351196e-02
1.003344481605351196e-02
1.003344481605351196e-02
1.003344481605351196e-02
1.003344481605351196e-02
1.003344481605351196e-02
1.003344481605351196e-02
1.003344481605351196e-02
1.003344481605351196e-02
1.003344481605351196e-02
1.003344481605351196e-02
1.003344481605351196e-02
1.003344481605351196e-02
1.003344481605351196e-02
1.003344481605351196e-02
1.003344481605351196e-02
1.003344481605351196e-02
1.003344481605351196e-02
1.003344481605351196e-02
1.003344481605351196e-02
1.003344481605351196e-02
1.003344481605351196e-02
1.003344481605351196e-02
1.003344481605351196e-02
1.003344481605351196e-02
1.003344481605351196e-02
1.003344481605351196e-02
1.003344481605351196e-02
1.003344481605351196e-02
1.003344481605351196e-02
1.003344481605351196e-02
1.003344481605351196e-02
1.003344481605351196e-02
1.003344481605351196e-02
1.003344481605351196e-02
1.003344481605351196e-02
1.003344481605351196e-02
1.003344481605351196e-02
1.003344481605351196e-02
1.003344481605351196e-02
1.003344481605351196e-02
1.003344481605351196e-02
1.003344481605351196e-02
1.003344481605351196e-02
1.003344481605351196e-02
1.003344481605351196e-02
1.003344481605351196e-02
1.003344481605351196e-02
1.003344481605351196e-02
1.003344481605351196e-02
1.003344481605351196e-02
1.003344481605351196e-02
1.003344481605351196e-02
1.003344481605351196e-02
1.003344481605351196e-02
1.003344481605351196e-02
1.003344481605351196e-02
6.688963210702341018e-03
6.688963210702341018e-03
6.688963210702341018e-03
6.688963210702341018e-03
6.688963210702341018e-03
6.688963210702341018e-03
6.688963210702341018e-03
6.688963210702341018e-03
6.688963210702341018e-03
6.688963210702341018e-03
6.688963210702341018e-03
6.688963210702341018e-03
6.688963210702341018e-03
6.688963210702341018e-03
6.688963210702341018e-03
6.688963210702341018e-03
6.688963210702341018e-03
6.688963210702341018e-03
6.688963210702341018e-03
6.688963210702341018e-03
6.688963210702341018e-03
6.688963210702341018e-03
6.688963210702341018e-03
6.688963210702341018e-03
6.688963210702341018e-03
6.688963210702341018e-03
6.688963210702341018e-03
6.688963210702341018e-03
6.688963210702341018e-03
6.688963210702341018e-03
6.688963210702341018e-03
6.688963210702341018e-03
6.688963210702341018e-03
6.688963210702341018e-03
6.688963210702341018e-03
6.688963210702341018e-03
3.344481605351170509e-03
