1352
46
1291
123
429
1017
108
477
14
63
1046
1396
508
564
715
1131
523
511
1175
1129
952
616
1189
27
1151
255
198
368
93
1198
549
1231
895
1041
636
347
711
365
659
841
157
372
303
824
590
341
280
936
687
1222
1388
423
832
584
1297
900
1332
384
665
494
338
380
1190
472
254
614
934
1033
876
146
487
990
383
1048
156
416
787
506
704
628
864
1096
1209
457
1068
748
526
1307
668
261
798
791
216
295
1055
393
1243
702
325
795
1322
396
124
1110
392
1140
1290
1172
1268
1265
1088
1108
898
497
1226
343
932
1375
545
1127
620
231
768
1170
436
1061
61
11
719
1317
234
69
101
1302
1323
851
1065
1107
601
869
211
725
375
965
66
1362
1343
602
811
1080
54
621
222
518
513
238
1123
827
208
265
17
822
1312
1031
81
1090
3
283
412
419
862
1097
223
39
44
605
606
751
860
1124
107
871
979
164
517
451
189
660
959
826
26
1217
294
285
1156
13
113
209
760
1045
1095
1059
1359
699
350
312
395
842
10
152
408
471
970
349
205
183
266
445
495
618
678
1094
147
132
512
803
1133
204
331
9
279
376
468
533
626
630
646
853
857
933
991
1002
1098
1104
1109
1137
1141
1337
1380
892
1005
182
243
245
627
0
59
62
72
77
99
131
144
190
212
213
298
299
322
363
397
400
404
428
452
522
536
588
706
904
906
25
31
115
126
207
221
304
332
450
476
539
578
581
595
691
703
720
764
770
774
790
800
817
843
863
916
926
939
1007
1042
1079
1102
1113
1118
1128
1159
1188
1228
1255
1295
1334
1394
159
336
766
945
981
2
5
15
18
20
22
34
41
45
64
76
79
80
86
91
111
114
117
120
122
125
128
130
138
148
155
163
165
176
179
181
193
194
215
224
227
240
249
250
259
271
276
281
289
306
309
311
316
320
327
337
339
345
348
354
360
382
386
411
422
424
440
441
458
461
478
491
496
500
534
538
542
546
548
560
589
591
610
622
641
650
651
655
666
669
681
710
740
750
780
813
833
868
923
931
962
1015
1060
1249
1
4
16
23
24
28
30
33
37
38
42
47
48
49
52
53
57
58
65
68
73
74
78
82
83
88
89
90
92
95
97
100
109
112
118
119
121
129
134
136
140
145
150
158
167
168
169
170
173
178
180
184
191
195
196
197
200
210
214
217
219
220
226
229
235
237
239
244
252
253
258
263
264
269
270
278
282
287
288
290
292
296
297
300
301
302
307
313
314
315
323
326
328
329
342
346
353
355
358
359
362
367
369
371
378
385
390
405
406
409
410
417
420
421
426
427
431
432
433
437
439
443
456
459
463
465
466
480
485
488
489
498
502
503
504
505
507
509
514
516
519
520
521
525
528
530
532
540
544
547
554
555
556
559
561
563
567
570
572
577
579
585
587
592
594
598
600
607
629
631
632
633
639
647
648
652
653
654
658
662
663
673
677
688
690
697
698
709
713
716
717
718
723
724
726
728
729
733
738
742
749
759
761
777
779
782
785
792
796
797
807
808
810
816
821
830
834
840
844
848
852
855
856
858
867
881
886
887
888
902
903
907
909
913
914
919
938
942
943
944
947
949
963
971
972
974
978
984
985
996
1003
1008
1010
1012
1018
1021
1022
1037
1040
1050
1052
1057
1069
1074
1083
1092
1120
1121
1149
1152
1153
1155
1160
1161
1176
1184
1215
1223
1229
1236
1246
1251
1252
1281
1298
1325
1341
1357
1371
