1.000000000000000000e+00
9.197324414715719598e-01
8.729096989966554920e-01
8.127090301003344619e-01
7.959866220735786202e-01
7.090301003344481323e-01
6.421404682274247655e-01
4.515050167224080035e-01
4.381270903010033302e-01
3.879598662207358051e-01
3.678929765886287395e-01
3.344481605351170422e-02
2.675585284280936407e-02
2.675585284280936407e-02
1.337792642140468204e-02
1.337792642140468204e-02
1.337792642140468204e-02
1.337792642140468204e-02
1.337792642140468204e-02
1.337792642140468204e-02
1.337792642140468204e-02
1.337792642140468204e-02
1.337792642140468204e-02
1.337792642140468204e-02
1.337792642140468204e-02
1.337792642140468204e-02
1.337792642140468204e-02
6.688963210702341018e-03
6.688963210702341018e-03
6.688963210702341018e-03
6.688963210702341018e-03
6.688963210702341018e-03
6.688963210702341018e-03
6.688963210702341018e-03
6.688963210702341018e-03
6.688963210702341018e-03
6.688963210702341018e-03
6.688963210702341018e-03
6.688963210702341018e-03
6.688963210702341018e-03
6.688963210702341018e-03
6.688963210702341018e-03
6.688963210702341018e-03
6.688963210702341018e-03
6.688963210702341018e-03
6.688963210702341018e-03
6.688963210702341018e-03
3.344481605351170509e-03
