1.000000000000000000e+00
9.991273996509598687e-01
9.982547993019197374e-01
9.978184991273996163e-01
9.969458987783594850e-01
9.956369982547993436e-01
9.952006980802792224e-01
9.947643979057592123e-01
9.938917975567189700e-01
9.934554973821989599e-01
9.930191972076788387e-01
9.925828970331588286e-01
9.921465968586387074e-01
9.917102966841186973e-01
9.912739965095985761e-01
9.890924956369983034e-01
9.877835951134380510e-01
9.873472949389179298e-01
9.869109947643979197e-01
9.864746945898777986e-01
9.860383944153577884e-01
9.847294938917975360e-01
9.842931937172775259e-01
9.829842931937172734e-01
9.825479930191971523e-01
9.808027923211168897e-01
9.799301919720767584e-01
9.794938917975567483e-01
9.790575916230366271e-01
9.781849912739964958e-01
9.777486910994764857e-01
9.773123909249563646e-01
9.764397905759162333e-01
9.760034904013961121e-01
9.755671902268761020e-01
9.751308900523559808e-01
9.725130890052355870e-01
9.707678883071553244e-01
9.703315881326352033e-01
9.694589877835950720e-01
9.685863874345549407e-01
9.681500872600349306e-01
9.668411867364746781e-01
9.664048865619546680e-01
9.659685863874345468e-01
9.655322862129145367e-01
9.650959860383944156e-01
9.646596858638742944e-01
9.642233856893542843e-01
9.637870855148341631e-01
9.624781849912740217e-01
9.620418848167539005e-01
9.611692844677137693e-01
9.607329842931937591e-01
9.602966841186736380e-01
9.589877835951133855e-01
9.585514834205933754e-01
9.576788830715532441e-01
9.572425828970331230e-01
9.563699825479929917e-01
9.554973821989528604e-01
9.550610820244328503e-01
9.546247818499127291e-01
9.541884816753927190e-01
9.528795811518324665e-01
9.520069808027923353e-01
9.506980802792320828e-01
9.502617801047120727e-01
9.498254799301919515e-01
9.489528795811518203e-01
9.480802792321116890e-01
9.467713787085514365e-01
9.463350785340314264e-01
9.450261780104711740e-01
9.437172774869110325e-01
9.424083769633507801e-01
9.415357766143106488e-01
9.410994764397905277e-01
9.406631762652705175e-01
9.397905759162303863e-01
9.393542757417102651e-01
9.380453752181501237e-01
9.376090750436300025e-01
9.367364746945898712e-01
9.363001745200698611e-01
9.358638743455497400e-01
9.354275741710296188e-01
9.349912739965096087e-01
9.341186736474694774e-01
9.332460732984293461e-01
9.328097731239092250e-01
9.310645724258289624e-01
9.301919720767888311e-01
9.297556719022687099e-01
9.293193717277486998e-01
9.288830715532285787e-01
9.284467713787085685e-01
9.280104712041884474e-01
9.271378708551483161e-01
9.267015706806283060e-01
9.262652705061081848e-01
9.258289703315881747e-01
9.253926701570680535e-01
9.249563699825480434e-01
9.197207678883071447e-01
9.192844677137871345e-01
9.188481675392670134e-01
9.175392670157067609e-01
9.162303664921466195e-01
9.157940663176264984e-01
9.153577661431064882e-01
9.149214659685863671e-01
9.140488656195462358e-01
9.136125654450262257e-01
9.131762652705061045e-01
9.109947643979057208e-01
9.101221640488655895e-01
9.092495636998254582e-01
9.061954624781849432e-01
9.057591623036649331e-01
9.040139616055846705e-01
9.027050610820244181e-01
9.022687609075044080e-01
9.009598603839441555e-01
9.005235602094240344e-01
9.000872600349040242e-01
8.996509598603839031e-01
8.992146596858638929e-01
8.987783595113437718e-01
8.983420593368237617e-01
8.979057591623036405e-01
8.970331588132635092e-01
8.965968586387434991e-01
8.961605584642233779e-01
8.957242582897033678e-01
8.952879581151832467e-01
8.939790575916229942e-01
8.935427574171029841e-01
8.926701570680628528e-01
8.922338568935427316e-01
8.917975567190227215e-01
8.913612565445026004e-01
8.904886561954624691e-01
8.896160558464223378e-01
8.891797556719022166e-01
8.883071553228620854e-01
8.878708551483420752e-01
8.861256544502618127e-01
8.808900523560209139e-01
8.795811518324607725e-01
8.787085514834206412e-01
8.778359511343803989e-01
8.773996509598603888e-01
8.769633507853402676e-01
8.760907504363001364e-01
8.743455497382198738e-01
8.734729493891797425e-01
8.721640488656196011e-01
8.708551483420593486e-01
8.699825479930192174e-01
8.682373472949389548e-01
8.660558464223385711e-01
8.651832460732984398e-01
8.647469458987783186e-01
8.634380453752181772e-01
8.630017452006980561e-01
8.621291448516579248e-01
8.616928446771379146e-01
8.603839441535776622e-01
8.599476439790575411e-01
8.568935427574171371e-01
8.534031413612565009e-01
8.512216404886562282e-01
8.507853403141361071e-01
8.503490401396160969e-01
8.499127399650959758e-01
8.490401396160558445e-01
8.486038394415357233e-01
8.481675392670157132e-01
8.451134380453751982e-01
8.424956369982548043e-01
8.420593368237346832e-01
8.416230366492146731e-01
8.403141361256544206e-01
8.398778359511344105e-01
8.390052356020942792e-01
8.385689354275741580e-01
8.368237347294938955e-01
8.328970331588132492e-01
8.324607329842932391e-01
8.320244328097731179e-01
8.307155322862128655e-01
8.206806282722513002e-01
8.189354275741710376e-01
8.184991273996509165e-01
8.176265270506107852e-01
8.171902268760907750e-01
8.167539267015706539e-01
8.163176265270506438e-01
8.150087260034903913e-01
8.141361256544502600e-01
8.136998254799301389e-01
8.115183246073298662e-01
8.106457242582897349e-01
8.097731239092496036e-01
8.075916230366492199e-01
8.062827225130889675e-01
8.058464223385689573e-01
8.032286212914485635e-01
8.023560209424084322e-01
7.975567190226876546e-01
7.971204188481675335e-01
7.966841186736475233e-01
7.962478184991274022e-01
7.958115183246072810e-01
7.945026178010471396e-01
7.936300174520070083e-01
7.931937172774868872e-01
7.905759162303664933e-01
7.901396160558463722e-01
7.888307155322862307e-01
7.879581151832460995e-01
7.844677137870854633e-01
7.822862129144851906e-01
7.818499127399650694e-01
7.809773123909249382e-01
7.801047120418848069e-01
7.792321116928446756e-01
7.787958115183245544e-01
7.770506108202442919e-01
7.766143106457242817e-01
7.761780104712041606e-01
7.757417102966841504e-01
7.753054101221640293e-01
7.735602094240837667e-01
7.726876090750436354e-01
7.718150087260035042e-01
7.709424083769633729e-01
7.696335078534031204e-01
7.678883071553228579e-01
7.674520069808028477e-01
7.670157068062827266e-01
7.665794066317626054e-01
7.661431064572425953e-01
7.652705061082024640e-01
7.613438045375218177e-01
7.600349040139615653e-01
7.574171029668411714e-01
7.569808027923211613e-01
7.565445026178010401e-01
7.561082024432810300e-01
7.539267015706806463e-01
7.534904013961605251e-01
7.526178010471203939e-01
7.452006980802792224e-01
7.447643979057592123e-01
7.430191972076788387e-01
7.425828970331588286e-01
7.421465968586387074e-01
7.417102966841186973e-01
7.412739965095985761e-01
7.408376963350785660e-01
7.342931937172775259e-01
7.329842931937172734e-01
7.329842931937172734e-01
7.325479930191971523e-01
7.316753926701570210e-01
7.273123909249563646e-01
7.268760907504363544e-01
7.264397905759162333e-01
7.260034904013961121e-01
7.255671902268761020e-01
7.251308900523559808e-01
7.246945898778359707e-01
7.207678883071553244e-01
7.198952879581151931e-01
7.194589877835950720e-01
7.190226876090750618e-01
7.164048865619546680e-01
7.159685863874345468e-01
7.155322862129145367e-01
7.150959860383944156e-01
7.129144851657940318e-01
7.124781849912740217e-01
7.116055846422338904e-01
7.111692844677137693e-01
7.102966841186736380e-01
7.094240837696335067e-01
7.033158813263524767e-01
7.028795811518324665e-01
7.020069808027923353e-01
7.006980802792320828e-01
7.002617801047120727e-01
6.998254799301919515e-01
6.993891797556719414e-01
6.989528795811518203e-01
6.980802792321116890e-01
6.967713787085514365e-01
6.958987783595113052e-01
6.954624781849912951e-01
6.919720767888307700e-01
6.893542757417102651e-01
6.884816753926701338e-01
6.876090750436300025e-01
6.871727748691099924e-01
6.849912739965096087e-01
6.845549738219894875e-01
6.841186736474694774e-01
6.806282722513089523e-01
6.806282722513089523e-01
6.727748691099476597e-01
6.719022687609075284e-01
6.714659685863874072e-01
6.705933682373472760e-01
6.675392670157067609e-01
6.653577661431064882e-01
6.649214659685863671e-01
6.640488656195462358e-01
6.636125654450262257e-01
6.631762652705061045e-01
6.614310645724258420e-01
6.588132635253054481e-01
6.566317626527050644e-01
6.509598603839441555e-01
6.509598603839441555e-01
6.505235602094240344e-01
6.492146596858638929e-01
6.470331588132635092e-01
6.461605584642233779e-01
6.422338568935427316e-01
6.400523560209424589e-01
6.383071553228620854e-01
6.273996509598603888e-01
6.217277486910994799e-01
6.077661431064572684e-01
6.068935427574171371e-01
6.042757417102966322e-01
6.020942408376963595e-01
6.012216404886562282e-01
5.920593368237346832e-01
5.898778359511344105e-01
5.872600349040140166e-01
5.868237347294938955e-01
5.837696335078533805e-01
5.759162303664921989e-01
5.746073298429319465e-01
5.741710296684118253e-01
5.732984293193716940e-01
5.728621291448516839e-01
5.702443280977312901e-01
5.698080279232111689e-01
5.671902268760907750e-01
5.663176265270506438e-01
5.654450261780105125e-01
5.636998254799301389e-01
5.584642233856893512e-01
5.554101221640488362e-01
5.514834205933681899e-01
5.484293193717277859e-01
5.458115183246072810e-01
5.344677137870854633e-01
5.331588132635253219e-01
5.327225130890052007e-01
5.309773123909249382e-01
5.292321116928446756e-01
5.139616055846422116e-01
5.122164048865619490e-01
5.117801047120419389e-01
5.113438045375218177e-01
5.109075043630016966e-01
5.091623036649214340e-01
5.061082024432810300e-01
4.965095986038394194e-01
4.934554973821989599e-01
4.917102966841186973e-01
4.912739965095985761e-01
4.899650959860383792e-01
4.812390924956370108e-01
4.572425828970331785e-01
4.546247818499127291e-01
4.528795811518324665e-01
4.498254799301919515e-01
4.489528795811518203e-01
4.419720767888307145e-01
4.354275741710296743e-01
4.258289703315881192e-01
4.249563699825479879e-01
4.236474694589877910e-01
4.227748691099476597e-01
4.223385689354275940e-01
4.205933682373472760e-01
4.201570680628272103e-01
4.192844677137870790e-01
4.192844677137870790e-01
4.149214659685863671e-01
4.140488656195462358e-01
4.131762652705061045e-01
4.109947643979057763e-01
4.088132635253053926e-01
3.961605584642233779e-01
3.861256544502617571e-01
3.817626527050611007e-01
3.804537521815008483e-01
3.773996509598603888e-01
3.765270506108202575e-01
3.734729493891797425e-01
3.712914485165794143e-01
3.503490401396160414e-01
3.490401396160558445e-01
3.276614310645724060e-01
3.259162303664921434e-01
3.250436300174520121e-01
3.215532286212914315e-01
3.189354275741710376e-01
3.184991273996509720e-01
2.761780104712042161e-01
2.748691099476439637e-01
2.718150087260035042e-01
2.696335078534031204e-01
2.534904013961605806e-01
2.404013961605584726e-01
2.308027923211169175e-01
1.662303664921465918e-01
1.513961605584642212e-01
1.513961605584642212e-01
1.452879581151832467e-01
1.326352530541012320e-01
1.230366492146596907e-01
1.178010471204188475e-01
1.090750436300174514e-01
9.118673647469459353e-02
1.308900523560209504e-03
1.308900523560209504e-03
1.308900523560209504e-03
1.308900523560209504e-03
1.308900523560209504e-03
1.308900523560209504e-03
1.308900523560209504e-03
1.308900523560209504e-03
1.308900523560209504e-03
1.308900523560209504e-03
1.308900523560209504e-03
1.308900523560209504e-03
1.308900523560209504e-03
1.308900523560209504e-03
1.308900523560209504e-03
1.308900523560209504e-03
1.308900523560209504e-03
1.308900523560209504e-03
1.308900523560209504e-03
1.308900523560209504e-03
1.308900523560209504e-03
1.308900523560209504e-03
1.308900523560209504e-03
1.308900523560209504e-03
1.308900523560209504e-03
1.308900523560209504e-03
1.308900523560209504e-03
1.308900523560209504e-03
1.308900523560209504e-03
1.308900523560209504e-03
1.308900523560209504e-03
1.308900523560209504e-03
1.308900523560209504e-03
1.308900523560209504e-03
1.308900523560209504e-03
1.308900523560209504e-03
1.308900523560209504e-03
1.308900523560209504e-03
1.308900523560209504e-03
1.308900523560209504e-03
1.308900523560209504e-03
1.308900523560209504e-03
1.308900523560209504e-03
1.308900523560209504e-03
1.308900523560209504e-03
1.308900523560209504e-03
1.308900523560209504e-03
1.308900523560209504e-03
1.308900523560209504e-03
1.308900523560209504e-03
1.308900523560209504e-03
1.308900523560209504e-03
1.308900523560209504e-03
1.308900523560209504e-03
1.308900523560209504e-03
1.308900523560209504e-03
1.308900523560209504e-03
1.308900523560209504e-03
1.308900523560209504e-03
1.308900523560209504e-03
1.308900523560209504e-03
1.308900523560209504e-03
1.308900523560209504e-03
1.308900523560209504e-03
1.308900523560209504e-03
1.308900523560209504e-03
1.308900523560209504e-03
1.308900523560209504e-03
1.308900523560209504e-03
1.308900523560209504e-03
1.308900523560209504e-03
1.308900523560209504e-03
1.308900523560209504e-03
1.308900523560209504e-03
1.308900523560209504e-03
1.308900523560209504e-03
1.308900523560209504e-03
1.308900523560209504e-03
1.308900523560209504e-03
1.308900523560209504e-03
1.308900523560209504e-03
1.308900523560209504e-03
1.308900523560209504e-03
1.308900523560209504e-03
1.308900523560209504e-03
1.308900523560209504e-03
1.308900523560209504e-03
1.308900523560209504e-03
1.308900523560209504e-03
1.308900523560209504e-03
1.308900523560209504e-03
1.308900523560209504e-03
1.308900523560209504e-03
1.308900523560209504e-03
1.308900523560209504e-03
1.308900523560209504e-03
1.308900523560209504e-03
1.308900523560209504e-03
1.308900523560209504e-03
1.308900523560209504e-03
1.308900523560209504e-03
1.308900523560209504e-03
1.308900523560209504e-03
1.308900523560209504e-03
1.308900523560209504e-03
1.308900523560209504e-03
1.308900523560209504e-03
1.308900523560209504e-03
1.308900523560209504e-03
1.308900523560209504e-03
1.308900523560209504e-03
1.308900523560209504e-03
1.308900523560209504e-03
1.308900523560209504e-03
1.308900523560209504e-03
1.308900523560209504e-03
1.308900523560209504e-03
1.308900523560209504e-03
1.308900523560209504e-03
1.308900523560209504e-03
1.308900523560209504e-03
1.308900523560209504e-03
1.308900523560209504e-03
1.308900523560209504e-03
1.308900523560209504e-03
1.308900523560209504e-03
1.308900523560209504e-03
1.308900523560209504e-03
1.308900523560209504e-03
1.308900523560209504e-03
1.308900523560209504e-03
1.308900523560209504e-03
1.308900523560209504e-03
1.308900523560209504e-03
1.308900523560209504e-03
1.308900523560209504e-03
1.308900523560209504e-03
1.308900523560209504e-03
1.308900523560209504e-03
1.308900523560209504e-03
1.308900523560209504e-03
1.308900523560209504e-03
1.308900523560209504e-03
1.308900523560209504e-03
1.308900523560209504e-03
1.308900523560209504e-03
1.308900523560209504e-03
1.308900523560209504e-03
1.308900523560209504e-03
1.308900523560209504e-03
1.308900523560209504e-03
1.308900523560209504e-03
1.308900523560209504e-03
1.308900523560209504e-03
1.308900523560209504e-03
1.308900523560209504e-03
1.308900523560209504e-03
1.308900523560209504e-03
1.308900523560209504e-03
1.308900523560209504e-03
1.308900523560209504e-03
1.308900523560209504e-03
1.308900523560209504e-03
1.308900523560209504e-03
1.308900523560209504e-03
1.308900523560209504e-03
1.308900523560209504e-03
1.308900523560209504e-03
1.308900523560209504e-03
1.308900523560209504e-03
1.308900523560209504e-03
1.308900523560209504e-03
1.308900523560209504e-03
1.308900523560209504e-03
1.308900523560209504e-03
1.308900523560209504e-03
1.308900523560209504e-03
1.308900523560209504e-03
1.308900523560209504e-03
1.308900523560209504e-03
1.308900523560209504e-03
1.308900523560209504e-03
1.308900523560209504e-03
1.308900523560209504e-03
1.308900523560209504e-03
1.308900523560209504e-03
1.308900523560209504e-03
1.308900523560209504e-03
1.308900523560209504e-03
1.308900523560209504e-03
1.308900523560209504e-03
1.308900523560209504e-03
1.308900523560209504e-03
1.308900523560209504e-03
1.308900523560209504e-03
1.308900523560209504e-03
1.308900523560209504e-03
1.308900523560209504e-03
1.308900523560209504e-03
1.308900523560209504e-03
1.308900523560209504e-03
1.308900523560209504e-03
1.308900523560209504e-03
1.308900523560209504e-03
1.308900523560209504e-03
1.308900523560209504e-03
1.308900523560209504e-03
1.308900523560209504e-03
1.308900523560209504e-03
1.308900523560209504e-03
1.308900523560209504e-03
1.308900523560209504e-03
1.308900523560209504e-03
1.308900523560209504e-03
1.308900523560209504e-03
1.308900523560209504e-03
1.308900523560209504e-03
1.308900523560209504e-03
1.308900523560209504e-03
1.308900523560209504e-03
1.308900523560209504e-03
1.308900523560209504e-03
1.308900523560209504e-03
1.308900523560209504e-03
1.308900523560209504e-03
1.308900523560209504e-03
1.308900523560209504e-03
1.308900523560209504e-03
1.308900523560209504e-03
1.308900523560209504e-03
1.308900523560209504e-03
1.308900523560209504e-03
1.308900523560209504e-03
1.308900523560209504e-03
1.308900523560209504e-03
1.308900523560209504e-03
1.308900523560209504e-03
1.308900523560209504e-03
1.308900523560209504e-03
1.308900523560209504e-03
1.308900523560209504e-03
1.308900523560209504e-03
1.308900523560209504e-03
1.308900523560209504e-03
1.308900523560209504e-03
1.308900523560209504e-03
8.726003490401396329e-04
8.726003490401396329e-04
8.726003490401396329e-04
8.726003490401396329e-04
8.726003490401396329e-04
8.726003490401396329e-04
8.726003490401396329e-04
8.726003490401396329e-04
8.726003490401396329e-04
8.726003490401396329e-04
8.726003490401396329e-04
8.726003490401396329e-04
8.726003490401396329e-04
8.726003490401396329e-04
8.726003490401396329e-04
8.726003490401396329e-04
8.726003490401396329e-04
8.726003490401396329e-04
8.726003490401396329e-04
8.726003490401396329e-04
8.726003490401396329e-04
8.726003490401396329e-04
8.726003490401396329e-04
8.726003490401396329e-04
8.726003490401396329e-04
8.726003490401396329e-04
8.726003490401396329e-04
8.726003490401396329e-04
8.726003490401396329e-04
8.726003490401396329e-04
8.726003490401396329e-04
8.726003490401396329e-04
8.726003490401396329e-04
8.726003490401396329e-04
8.726003490401396329e-04
8.726003490401396329e-04
8.726003490401396329e-04
8.726003490401396329e-04
8.726003490401396329e-04
8.726003490401396329e-04
8.726003490401396329e-04
8.726003490401396329e-04
8.726003490401396329e-04
8.726003490401396329e-04
8.726003490401396329e-04
8.726003490401396329e-04
8.726003490401396329e-04
8.726003490401396329e-04
8.726003490401396329e-04
8.726003490401396329e-04
8.726003490401396329e-04
8.726003490401396329e-04
8.726003490401396329e-04
8.726003490401396329e-04
8.726003490401396329e-04
8.726003490401396329e-04
8.726003490401396329e-04
8.726003490401396329e-04
8.726003490401396329e-04
8.726003490401396329e-04
8.726003490401396329e-04
8.726003490401396329e-04
8.726003490401396329e-04
8.726003490401396329e-04
8.726003490401396329e-04
8.726003490401396329e-04
8.726003490401396329e-04
8.726003490401396329e-04
8.726003490401396329e-04
8.726003490401396329e-04
8.726003490401396329e-04
8.726003490401396329e-04
8.726003490401396329e-04
8.726003490401396329e-04
8.726003490401396329e-04
8.726003490401396329e-04
8.726003490401396329e-04
8.726003490401396329e-04
8.726003490401396329e-04
8.726003490401396329e-04
8.726003490401396329e-04
8.726003490401396329e-04
8.726003490401396329e-04
8.726003490401396329e-04
8.726003490401396329e-04
8.726003490401396329e-04
8.726003490401396329e-04
8.726003490401396329e-04
8.726003490401396329e-04
8.726003490401396329e-04
8.726003490401396329e-04
8.726003490401396329e-04
8.726003490401396329e-04
8.726003490401396329e-04
8.726003490401396329e-04
8.726003490401396329e-04
8.726003490401396329e-04
8.726003490401396329e-04
8.726003490401396329e-04
8.726003490401396329e-04
8.726003490401396329e-04
8.726003490401396329e-04
8.726003490401396329e-04
8.726003490401396329e-04
8.726003490401396329e-04
8.726003490401396329e-04
8.726003490401396329e-04
8.726003490401396329e-04
8.726003490401396329e-04
8.726003490401396329e-04
8.726003490401396329e-04
8.726003490401396329e-04
8.726003490401396329e-04
8.726003490401396329e-04
8.726003490401396329e-04
8.726003490401396329e-04
8.726003490401396329e-04
8.726003490401396329e-04
8.726003490401396329e-04
8.726003490401396329e-04
8.726003490401396329e-04
8.726003490401396329e-04
8.726003490401396329e-04
8.726003490401396329e-04
8.726003490401396329e-04
8.726003490401396329e-04
8.726003490401396329e-04
8.726003490401396329e-04
8.726003490401396329e-04
8.726003490401396329e-04
8.726003490401396329e-04
8.726003490401396329e-04
8.726003490401396329e-04
8.726003490401396329e-04
8.726003490401396329e-04
8.726003490401396329e-04
8.726003490401396329e-04
8.726003490401396329e-04
8.726003490401396329e-04
8.726003490401396329e-04
8.726003490401396329e-04
8.726003490401396329e-04
8.726003490401396329e-04
8.726003490401396329e-04
8.726003490401396329e-04
8.726003490401396329e-04
8.726003490401396329e-04
8.726003490401396329e-04
8.726003490401396329e-04
8.726003490401396329e-04
8.726003490401396329e-04
8.726003490401396329e-04
8.726003490401396329e-04
8.726003490401396329e-04
8.726003490401396329e-04
8.726003490401396329e-04
8.726003490401396329e-04
8.726003490401396329e-04
8.726003490401396329e-04
8.726003490401396329e-04
8.726003490401396329e-04
8.726003490401396329e-04
8.726003490401396329e-04
8.726003490401396329e-04
8.726003490401396329e-04
8.726003490401396329e-04
8.726003490401396329e-04
8.726003490401396329e-04
8.726003490401396329e-04
8.726003490401396329e-04
8.726003490401396329e-04
8.726003490401396329e-04
8.726003490401396329e-04
8.726003490401396329e-04
8.726003490401396329e-04
8.726003490401396329e-04
8.726003490401396329e-04
8.726003490401396329e-04
8.726003490401396329e-04
8.726003490401396329e-04
8.726003490401396329e-04
8.726003490401396329e-04
8.726003490401396329e-04
8.726003490401396329e-04
8.726003490401396329e-04
8.726003490401396329e-04
8.726003490401396329e-04
8.726003490401396329e-04
8.726003490401396329e-04
8.726003490401396329e-04
8.726003490401396329e-04
8.726003490401396329e-04
8.726003490401396329e-04
8.726003490401396329e-04
8.726003490401396329e-04
8.726003490401396329e-04
8.726003490401396329e-04
8.726003490401396329e-04
8.726003490401396329e-04
8.726003490401396329e-04
8.726003490401396329e-04
8.726003490401396329e-04
8.726003490401396329e-04
8.726003490401396329e-04
8.726003490401396329e-04
8.726003490401396329e-04
8.726003490401396329e-04
8.726003490401396329e-04
8.726003490401396329e-04
8.726003490401396329e-04
8.726003490401396329e-04
8.726003490401396329e-04
8.726003490401396329e-04
8.726003490401396329e-04
8.726003490401396329e-04
8.726003490401396329e-04
8.726003490401396329e-04
8.726003490401396329e-04
8.726003490401396329e-04
8.726003490401396329e-04
8.726003490401396329e-04
8.726003490401396329e-04
8.726003490401396329e-04
8.726003490401396329e-04
8.726003490401396329e-04
8.726003490401396329e-04
8.726003490401396329e-04
8.726003490401396329e-04
8.726003490401396329e-04
8.726003490401396329e-04
8.726003490401396329e-04
8.726003490401396329e-04
8.726003490401396329e-04
8.726003490401396329e-04
8.726003490401396329e-04
8.726003490401396329e-04
8.726003490401396329e-04
8.726003490401396329e-04
8.726003490401396329e-04
8.726003490401396329e-04
8.726003490401396329e-04
8.726003490401396329e-04
8.726003490401396329e-04
8.726003490401396329e-04
8.726003490401396329e-04
8.726003490401396329e-04
8.726003490401396329e-04
8.726003490401396329e-04
8.726003490401396329e-04
8.726003490401396329e-04
8.726003490401396329e-04
8.726003490401396329e-04
8.726003490401396329e-04
8.726003490401396329e-04
8.726003490401396329e-04
8.726003490401396329e-04
8.726003490401396329e-04
8.726003490401396329e-04
8.726003490401396329e-04
8.726003490401396329e-04
8.726003490401396329e-04
8.726003490401396329e-04
8.726003490401396329e-04
8.726003490401396329e-04
8.726003490401396329e-04
8.726003490401396329e-04
8.726003490401396329e-04
8.726003490401396329e-04
8.726003490401396329e-04
8.726003490401396329e-04
8.726003490401396329e-04
8.726003490401396329e-04
8.726003490401396329e-04
8.726003490401396329e-04
8.726003490401396329e-04
8.726003490401396329e-04
8.726003490401396329e-04
8.726003490401396329e-04
8.726003490401396329e-04
8.726003490401396329e-04
8.726003490401396329e-04
8.726003490401396329e-04
8.726003490401396329e-04
8.726003490401396329e-04
8.726003490401396329e-04
8.726003490401396329e-04
8.726003490401396329e-04
8.726003490401396329e-04
8.726003490401396329e-04
8.726003490401396329e-04
8.726003490401396329e-04
8.726003490401396329e-04
8.726003490401396329e-04
8.726003490401396329e-04
8.726003490401396329e-04
8.726003490401396329e-04
8.726003490401396329e-04
8.726003490401396329e-04
8.726003490401396329e-04
8.726003490401396329e-04
8.726003490401396329e-04
8.726003490401396329e-04
8.726003490401396329e-04
8.726003490401396329e-04
8.726003490401396329e-04
8.726003490401396329e-04
8.726003490401396329e-04
8.726003490401396329e-04
8.726003490401396329e-04
8.726003490401396329e-04
8.726003490401396329e-04
8.726003490401396329e-04
8.726003490401396329e-04
8.726003490401396329e-04
8.726003490401396329e-04
8.726003490401396329e-04
8.726003490401396329e-04
8.726003490401396329e-04
8.726003490401396329e-04
8.726003490401396329e-04
8.726003490401396329e-04
8.726003490401396329e-04
8.726003490401396329e-04
8.726003490401396329e-04
8.726003490401396329e-04
8.726003490401396329e-04
8.726003490401396329e-04
8.726003490401396329e-04
8.726003490401396329e-04
8.726003490401396329e-04
8.726003490401396329e-04
8.726003490401396329e-04
8.726003490401396329e-04
8.726003490401396329e-04
8.726003490401396329e-04
8.726003490401396329e-04
8.726003490401396329e-04
8.726003490401396329e-04
8.726003490401396329e-04
8.726003490401396329e-04
8.726003490401396329e-04
8.726003490401396329e-04
8.726003490401396329e-04
8.726003490401396329e-04
8.726003490401396329e-04
8.726003490401396329e-04
8.726003490401396329e-04
8.726003490401396329e-04
8.726003490401396329e-04
8.726003490401396329e-04
8.726003490401396329e-04
8.726003490401396329e-04
8.726003490401396329e-04
8.726003490401396329e-04
8.726003490401396329e-04
8.726003490401396329e-04
8.726003490401396329e-04
8.726003490401396329e-04
8.726003490401396329e-04
8.726003490401396329e-04
8.726003490401396329e-04
8.726003490401396329e-04
8.726003490401396329e-04
8.726003490401396329e-04
8.726003490401396329e-04
8.726003490401396329e-04
8.726003490401396329e-04
8.726003490401396329e-04
8.726003490401396329e-04
8.726003490401396329e-04
8.726003490401396329e-04
8.726003490401396329e-04
8.726003490401396329e-04
8.726003490401396329e-04
8.726003490401396329e-04
8.726003490401396329e-04
4.363001745200698164e-04
