1
2
3
4
5
2060
13
14
18
2067
23
24
25
2074
26
2075
2077
32
33
34
44
45
46
48
53
58
60
63
66
67
68
2119
74
78
81
2130
83
85
88
89
91
93
2142
95
96
97
101
2149
108
109
111
115
2170
122
124
127
128
134
140
144
146
2195
2197
150
154
161
162
2210
164
166
173
177
178
184
185
186
2238
192
194
195
197
207
209
211
2262
217
218
221
225
226
230
2278
2281
234
237
239
240
243
249
250
2298
252
254
258
262
263
265
266
272
273
274
275
279
286
287
288
289
290
291
2335
293
298
300
301
2358
312
2366
321
322
323
326
334
338
339
342
345
349
355
358
359
360
364
368
371
374
379
381
390
393
396
401
422
2474
431
438
446
449
2501
457
2509
468
474
475
478
485
490
491
496
508
513
520
524
530
531
532
533
535
537
546
549
566
567
569
590
594
599
600
601
605
618
619
626
632
641
656
657
660
663
670
688
693
695
697
701
706
707
718
721
722
723
2774
728
2796
752
2800
764
768
769
780
781
791
792
793
794
795
796
797
807
815
2882
837
2888
853
2902
860
2908
2909
865
2917
874
876
885
2943
896
900
907
2958
2962
2963
2971
925
933
2995
951
973
985
3035
990
3055
1009
1010
1019
1022
1023
1033
1038
1056
1069
1080
1089
1092
1094
3145
1108
1111
1113
1133
1134
1135
1136
1139
1146
1151
1152
1156
1164
1165
1170
1171
1173
1174
1179
1181
1183
1184
1197
1201
1259
1260
1263
1268
1269
1274
1279
1281
1285
1288
1291
1301
1304
3365
1321
1322
1323
1327
1328
1330
3392
3399
3418
1386
1397
1413
1414
1443
1522
1533
1536
1538
3596
1555
1561
3610
1565
1580
3630
3637
1593
1615
3669
1624
1649
1650
1653
1654
1658
1664
1667
1712
1724
1726
1732
1735
1737
1740
1741
1744
1745
1746
1747
1748
1749
1752
1760
1765
1771
1774
1779
1782
1783
1784
1788
1791
1792
1799
1802
1804
1806
1807
1809
1810
1813
1816
1819
1820
1825
1828
1830
1834
1836
1837
1844
1845
1846
1859
1861
1864
1866
1867
1872
1873
1876
1879
1882
1883
1887
1895
1900
1903
1904
1907
1912
1913
1915
1926
1927
1928
1934
1937
1940
1943
1944
1947
1952
1954
1956
1961
1962
2006
2016
2024
2030
2035
1407
137
10
15
20
21
278
22
1433
163
37
167
1578
305
434
307
955
3064
573
1213
319
1863
72
2504
2505
1353
1354
335
467
219
2651
104
1001
365
241
120
2426
3067
1016
1661
0
6
7
8
11
12
27
28
29
30
35
41
42
43
47
50
51
54
55
56
59
61
65
73
84
90
92
94
105
106
110
112
116
117
118
121
126
130
132
133
138
142
147
149
151
153
155
156
157
158
168
169
171
172
174
179
182
183
187
188
191
193
196
198
199
201
202
204
205
206
208
210
212
213
214
215
216
220
222
223
224
227
228
229
231
232
233
235
238
245
246
247
248
251
253
256
257
264
268
270
283
285
292
294
296
297
299
302
303
308
309
311
313
316
317
318
324
325
328
329
330
331
332
333
340
341
347
348
350
351
352
353
357
362
363
366
370
378
380
382
383
386
391
392
397
400
402
406
408
409
413
414
416
421
423
424
427
428
432
436
437
439
440
441
442
445
450
454
455
456
458
462
465
471
472
473
476
477
479
480
483
484
486
488
489
492
493
494
497
498
499
500
502
504
506
507
514
516
519
521
522
527
528
529
534
536
540
542
547
558
570
572
574
578
581
582
583
584
585
586
591
595
598
604
607
608
612
615
616
617
622
624
630
634
638
639
645
646
648
650
651
652
655
661
662
665
666
667
668
669
671
675
678
679
686
689
690
691
692
694
699
700
703
705
711
715
717
724
732
733
734
736
738
739
750
751
753
754
756
757
759
763
766
767
772
773
775
776
777
779
784
788
800
809
814
817
818
828
830
832
834
835
843
851
854
866
868
870
871
873
878
881
883
884
886
887
888
889
895
897
899
901
905
906
911
912
913
915
916
924
926
928
931
932
934
935
936
937
938
939
942
943
945
950
956
959
964
970
971
972
978
982
987
988
992
993
994
995
999
1000
1006
1014
1015
1018
1020
1021
1024
1025
1026
1028
1029
1034
1037
1039
1040
1045
1046
1047
1049
1050
1051
1055
1057
1058
1060
1062
1072
1081
1082
1083
1084
1085
1087
1090
1091
1093
1097
1099
1100
1101
1104
1106
1109
1121
1122
1125
1127
1129
1130
1131
1137
1138
1140
1141
1142
1144
1145
1147
1148
1149
1150
1153
1154
1155
1157
1158
1159
1161
1162
1163
1166
1167
1168
1169
1172
1176
1180
1182
1185
1186
1188
1189
1191
1192
1194
1195
1196
1198
1199
1200
1202
1203
1206
1209
1215
1218
1219
1220
1222
1227
1230
1231
1236
1237
1238
1240
1241
1251
1254
1256
1257
1261
1262
1264
1265
1266
1267
1270
1271
1276
1277
1278
1280
1283
1284
1286
1287
1289
1290
1293
1294
1297
1302
1303
1306
1307
1308
1309
1311
1312
1313
1315
1317
1318
1319
1324
1325
1326
1329
1333
1334
1335
1336
1337
1338
1339
1343
1346
1349
1357
1358
1365
1366
1368
1371
1372
1373
1374
1380
1381
1387
1388
1392
1393
1395
1399
1400
1403
1404
1405
1410
1412
1417
1418
1422
1424
1427
1428
1429
1436
1437
1438
1440
1442
1448
1450
1451
1453
1459
1463
1464
1472
1481
1484
1488
1489
1491
1492
1495
1499
1501
1503
1508
1510
1518
1520
1521
1527
1528
1529
1531
1532
1534
1545
1566
1573
1581
1583
1588
1589
1592
1598
1599
1606
1608
1609
1612
1613
1616
1618
1619
1626
1627
1628
1633
1642
1643
1644
1645
1646
1647
1648
1651
1652
1655
1656
1657
1659
1662
1663
1665
1666
1668
1676
1677
1678
1680
1681
1684
1685
1686
1690
1692
1697
1705
1706
1708
1710
1711
1715
1719
1720
1722
1725
1727
1728
1729
1730
1731
1733
1734
1736
1738
1739
1742
1743
1750
1751
1753
1754
1755
1756
1757
1758
1759
1761
1762
1763
1764
1766
1767
1769
1770
1772
1773
1775
1776
1777
1778
1780
1781
1785
1786
1787
1789
1790
1793
1794
1795
1796
1797
1798
1800
1801
1803
1805
1808
1812
1814
1815
1817
1818
1821
1822
1823
1826
1827
1829
1831
1832
1833
1838
1839
1840
1841
1842
1843
1847
1848
1849
1850
1851
1852
1853
1854
1855
1856
1857
1858
1860
1862
1865
1868
1869
1870
1871
1874
1875
1877
1878
1880
1881
1884
1885
1886
1888
1889
1890
1892
1893
1894
1896
1897
1898
1899
1901
1902
1905
1906
1908
1909
1910
1911
1914
1916
1917
1918
1919
1920
1921
1922
1923
1924
1925
1929
1930
1931
1933
1935
1936
1938
1939
1942
1945
1946
1948
1949
1958
1960
1966
1972
1981
1988
1992
2003
2007
2009
2010
2011
2012
2013
2014
2017
2018
2020
2022
2023
2025
2026
2029
2031
2032
2033
2034
2036
2037
2038
2039
2044
2045
2047
2048
2051
2054
2055
2057
2058
2059
2061
2063
2064
2065
2068
2069
2071
2073
2076
2078
2081
2083
2084
2085
2086
2087
2088
2089
2090
2091
2092
2093
2094
2095
2096
2097
2098
2099
2100
2101
2102
2103
2104
2105
2106
2107
2108
2109
2111
2112
2113
2114
2115
2116
2117
2118
2120
2122
2123
2124
2125
2126
2127
2128
2129
2131
2132
2133
2134
2135
2136
2137
2138
2139
2140
2141
2144
2145
2146
2147
2148
2150
2151
2152
2153
2154
2155
2156
2157
2158
2159
2160
2161
2162
2163
2165
2166
2167
2168
2169
2171
2172
2173
2174
2175
2176
2177
2178
2179
2180
2181
2182
2183
2184
2185
2186
2187
2188
2189
2190
2191
2192
2193
2194
2196
2198
2199
2200
2201
2202
2203
2204
2205
2206
2207
2208
2209
2211
2212
2213
2214
2215
2216
2217
2218
2219
2221
2222
2223
2224
2225
2226
2227
2228
2229
2230
2231
2232
2233
2234
2235
2236
2239
2240
2241
2242
2243
2244
2245
2246
2247
2250
2251
2252
2253
2254
2255
2256
2257
2258
2259
2261
2263
2264
2265
2266
2267
2268
2269
2270
2271
2272
2273
2274
2275
2276
2277
2279
2280
2282
2283
2284
2285
2286
2287
2288
2289
2290
2291
2292
2293
2294
2295
2296
2297
2299
2300
2301
2302
2304
2305
2306
2307
2308
2309
2311
2312
2313
2314
2315
2316
2317
2318
2319
2320
2324
2325
2326
2327
2328
2329
2330
2331
2332
2333
2334
2336
2337
2339
2340
2341
2342
2343
2344
2346
2347
2348
2349
2350
2352
2353
2354
2355
2356
2360
2361
2362
2363
2364
2365
2367
2368
2369
2370
2371
2373
2374
2375
2376
2377
2383
2398
2399
2400
2407
2409
2413
2414
2415
2416
2417
2420
2422
2425
2428
2433
2434
2440
2443
2444
2452
2453
2461
2477
2480
2481
2485
2486
2487
2488
2490
2491
2493
2496
2508
2510
2521
2522
2529
2530
2534
2535
2543
2563
2566
2570
2575
2576
2577
2579
2584
2589
2593
2596
2600
2610
2614
2615
2632
2633
2634
2645
2650
2659
2662
2670
2677
2679
2682
2684
2697
2701
2703
2704
2707
2717
2722
2724
2729
2730
2732
2745
2749
2752
2753
2754
2755
2757
2763
2764
2765
2766
2769
2771
2772
2773
2775
2776
2780
2782
2783
2784
2785
2787
2788
2789
2791
2794
2802
2804
2805
2806
2809
2811
2813
2814
2816
2817
2818
2819
2820
2823
2824
2825
2826
2827
2828
2831
2833
2834
2835
2836
2838
2842
2845
2846
2848
2850
2851
2853
2856
2858
2861
2866
2867
2868
2869
2870
2871
2874
2878
2879
2881
2883
2884
2885
2886
2887
2889
2890
2891
2892
2893
2894
2895
2896
2899
2900
2901
2903
2904
2905
2906
2907
2910
2911
2912
2913
2914
2915
2916
2918
2919
2920
2921
2923
2924
2925
2926
2927
2928
2929
2930
2932
2933
2934
2935
2936
2937
2938
2939
2940
2941
2942
2945
2946
2947
2948
2949
2950
2951
2952
2953
2954
2955
2956
2957
2959
2960
2961
2964
2965
2966
2967
2968
2969
2970
2973
2974
2975
2976
2977
2979
2980
2981
2982
2983
2984
2985
2986
2987
2988
2989
2990
2991
2992
2993
2996
2998
2999
3000
3001
3002
3003
3004
3005
3006
3007
3008
3009
3010
3011
3012
3013
3014
3015
3016
3017
3018
3019
3020
3022
3023
3024
3025
3026
3027
3028
3029
3030
3031
3032
3033
3034
3036
3037
3038
3039
3040
3041
3042
3043
3044
3045
3046
3047
3048
3049
3050
3051
3052
3053
3054
3056
3057
3058
3060
3061
3062
3063
3065
3066
3068
3069
3070
3071
3072
3073
3074
3075
3076
3078
3079
3080
3082
3083
3084
3085
3087
3088
3090
3091
3092
3094
3095
3096
3098
3099
3100
3101
3102
3103
3104
3105
3106
3107
3108
3109
3110
3111
3112
3113
3115
3116
3117
3118
3119
3121
3122
3123
3124
3126
3127
3128
3129
3130
3131
3132
3133
3134
3135
3136
3137
3138
3139
3140
3141
3142
3144
3146
3147
3148
3149
3150
3151
3152
3153
3154
3155
3156
3157
3158
3159
3160
3162
3163
3164
3165
3166
3167
3168
3169
3170
3171
3172
3173
3174
3175
3176
3177
3178
3179
3180
3181
3182
3183
3184
3186
3187
3188
3189
3190
3191
3192
3194
3195
3196
3197
3199
3200
3201
3202
3203
3204
3205
3207
3208
3211
3212
3213
3214
3215
3216
3217
3218
3219
3220
3221
3222
3223
3224
3225
3228
3230
3232
3233
3236
3237
3238
3240
3241
3242
3244
3245
3246
3248
3249
3250
3251
3252
3253
3254
3255
3256
3257
3258
3259
3260
3261
3262
3263
3264
3265
3266
3267
3268
3269
3270
3271
3272
3273
3275
3277
3280
3283
3284
3285
3286
3287
3288
3289
3291
3292
3293
3294
3295
3296
3297
3298
3299
3300
3301
3302
3303
3306
3307
3308
3310
3311
3312
3313
3314
3316
3317
3318
3319
3320
3321
3322
3323
3324
3325
3326
3327
3328
3330
3331
3333
3334
3335
3336
3337
3338
3339
3342
3344
3347
3348
3349
3350
3351
3352
3353
3354
3355
3356
3357
3358
3359
3360
3361
3362
3363
3364
3366
3367
3368
3369
3370
3371
3372
3373
3375
3377
3378
3379
3382
3383
3384
3386
3387
3388
3389
3390
3391
3393
3395
3396
3397
3398
3400
3401
3402
3404
3405
3407
3408
3409
3410
3411
3413
3414
3415
3416
3417
3419
3420
3421
3422
3423
3425
3426
3427
3428
3431
3432
3434
3435
3437
3439
3440
3441
3442
3443
3444
3447
3448
3450
3451
3452
3454
3455
3456
3457
3458
3459
3460
3461
3463
3464
3466
3467
3469
3471
3472
3474
3475
3477
3479
3480
3481
3483
3486
3487
3488
3489
3490
3491
3492
3494
3495
3496
3497
3498
3499
3500
3501
3502
3503
3505
3507
3508
3510
3515
3517
3518
3519
3521
3523
3524
3527
3528
3529
3530
3531
3532
3534
3536
3538
3539
3541
3542
3543
3544
3548
3552
3555
3557
3559
3560
3561
3564
3568
3570
3571
3573
3576
3577
3578
3580
3581
3591
3594
3599
3607
3611
3613
3614
3615
3617
3618
3619
3620
3621
3622
3624
3625
3626
3628
3629
3633
3634
3635
3638
3639
3641
3643
3644
3649
3651
3653
3655
3656
3657
3668
3671
3679
103
373
398
512
613
831
1002
1244
2459
2859
