511
388
518
266
528
534
23
294
552
170
428
175
51
180
309
435
56
440
62
321
335
210
86
351
352
483
356
358
236
237
240
113
497
498
500
119
376
509
382
127
259
270
272
145
146
273
275
400
151
535
24
279
155
31
32
419
548
550
553
171
300
47
176
438
185
316
318
66
195
323
452
456
458
207
463
209
469
342
344
350
485
487
360
233
362
491
111
239
368
502
250
252
384
401
274
409
281
154
283
28
287
36
420
422
301
434
313
444
320
65
451
325
203
337
211
221
357
104
232
361
364
112
369
122
125
378
280
156
417
25
462
413
370
118
227
393
243
168
152
295
390
375
467
59
167
219
124
193
268
397
448
159
486
256
131
60
84
4
380
123
17
285
1
298
68
425
348
7
3
85
277
208
542
521
231
505
468
408
229
359
514
88
178
132
137
353
139
222
96
379
470
516
346
493
311
73
110
333
150
427
510
6
11
22
78
35
71
109
481
248
95
412
490
499
530
399
34
64
307
310
304
374
436
214
190
258
471
276
230
82
423
477
410
44
0
