0.00000000
0.00994536
0.02000867
0.03634123
0.05244780
0.06796877
0.08328106
0.09787001
0.11348666
0.12785951
0.14211690
0.15626872
0.16892270
0.18306462
0.19472885
0.20791318
0.22080389
0.23366160
0.24606733
0.25705028
0.26875741
0.28084642
0.29185247
0.30387880
0.31460855
0.32476258
0.33600452
0.34524881
0.35357840
0.36341819
0.37362007
0.38271341
0.39232474
0.40234104
0.41287943
0.42275222
0.43139853
0.43968770
0.44996463
0.45823649
0.46703127
0.47599678
0.48445999
0.49331251
0.50141858
0.51030572
0.51892893
0.52851552
0.53474273
0.54320015
0.55164769
0.55570072
0.56281952
0.57001090
0.57823491
0.58305418
0.58588901
0.59148771
0.59671691
0.60129782
0.60870198
0.61483845
0.61886675
0.62544531
0.63248574
0.63486527
0.63758957
0.64020088
0.64673655
0.65192038
0.65714215
0.66557979
0.67012028
0.67693473
0.68367907
0.69103870
0.69974522
0.70679639
0.71044281
0.71672444
0.72320979
0.72977846
0.73546705
0.73803216
0.74505280
0.74569367
0.75021437
0.75438040
0.75845075
0.76323044
0.77014304
0.77707543
0.78210832
0.78894586
0.79450168
0.79934405
0.80523637
0.80630943
0.80712350
0.80793015
0.81065693
0.81196340
0.81314698
0.81571540
0.81853291
0.82313360
0.82792319
0.82954638
0.83118442
0.83466505
0.83526055
0.83564243
0.83624783
0.83795102
0.83877251
0.84461700
0.84632845
0.85009776
0.85031386
0.85277670
0.85352809
0.85962167
0.86036811
0.86267753
0.86606249
0.87178409
0.87576455
0.87844843
0.88195381
0.88725558
0.88736363
0.89388446
0.89836474
0.90302070
0.90663165
0.90975514
0.91452904
0.91513691
0.91797584
0.92194641
0.92567530
0.93069088
0.93186456
0.93203034
0.93736512
0.93802082
0.93834497
0.93876974
0.94108659
0.94343891
0.94354448
0.94575328
0.94784908
0.94962817
0.95060307
0.95060307
0.95082164
0.95173386
0.95250504
0.95754372
0.95787281
0.95885761
0.96000572
0.96130230
0.96321664
0.96661396
0.96714678
0.96751877
0.96823716
0.96919475
0.96930527
0.97129797
0.97222751
0.97265723
0.97571310
0.97587393
0.97592919
0.97598445
0.97664264
0.97696678
0.97718782
0.97959540
0.98104045
0.98518174
0.98540031
0.98599829
0.98615912
0.98702351
0.98740044
0.98767179
0.98842813
0.98848339
0.98864917
0.99173557
0.99184361
0.99189640
0.99194919
0.99200445
0.99244406
0.99249932
0.99260984
0.99287873
0.99303956
0.99353196
0.99386105
0.99419015
0.99435593
0.99441119
0.99441119
0.99441119
0.99479059
0.99489864
0.99747695
1.00000000
0.53481452
