1.00000000
0.99481865
0.98963731
0.98445596
0.97927461
0.96891192
0.96373057
0.95336788
0.93782383
0.93264249
0.92227979
0.91709845
0.91191710
0.89637306
0.89119171
0.88082902
0.87564767
0.87046632
0.86010363
0.84455959
0.83419689
0.82901554
0.81865285
0.80829016
0.79792746
0.78756477
0.78238342
0.77720207
0.76683938
0.75647668
0.74093264
0.72538860
0.72020725
0.70984456
0.70466321
0.68393782
0.67875648
0.67357513
0.66839378
0.65803109
0.64766839
0.63730570
0.63212435
0.62176166
0.61658031
0.61139896
0.60621762
0.60103627
0.59585492
0.59067358
0.58549223
0.57512953
0.56476684
0.55440415
0.54922280
0.53886010
0.52849741
0.51813472
0.51295337
0.50259067
0.49740933
0.49222798
0.48186528
0.47150259
0.46632124
0.46113990
0.45595855
0.45077720
0.44559585
0.44041451
0.43005181
0.42487047
0.41450777
0.40414508
0.39896373
0.38341969
0.35751295
0.34715026
0.34196891
0.32124352
0.31088083
0.29533679
0.27461140
0.26943005
0.18134715
0.17616580
0.17098446
0.15544041
0.13471503
0.11398964
0.10362694
0.08290155
0.07772021
0.03626943
0.03108808
0.03108808
0.01554404
0.01554404
0.01554404
0.01554404
0.01554404
0.01554404
0.01554404
0.01554404
0.01554404
0.01554404
0.01554404
0.01554404
0.00518135
0.00518135
0.00518135
0.00518135
0.00518135
0.00518135
0.00518135
0.00518135
0.00518135
0.00518135
0.00518135
0.00518135
0.00518135
0.00518135
0.00518135
0.00518135
0.00518135
0.00518135
0.00518135
0.00518135
0.00518135
0.00518135
0.00518135
0.00518135
0.00518135
0.00518135
0.00518135
0.00518135
0.00518135
0.00518135
0.00518135
0.00518135
0.00518135
0.00518135
0.00518135
0.00518135
0.00518135
0.00518135
0.00518135
0.00518135
0.00518135
0.00518135
0.00518135
0.00518135
0.00518135
0.00518135
0.00518135
0.00518135
0.00518135
0.00518135
0.00518135
0.00518135
0.00518135
0.00518135
0.00518135
0.00518135
0.00518135
0.00518135
0.00518135
0.00518135
0.00518135
0.00518135
0.00518135
0.00518135
0.00518135
0.00518135
0.00518135
0.00518135
0.00518135
0.00518135
0.00518135
0.00518135
0.00518135
0.00518135
0.00518135
0.00518135
0.00518135
0.00518135
0.00518135
0.00518135
0.00518135
0.00518135
0.00518135
0.00518135
0.00518135
0.00518135
0.00518135
0.00518135
0.00518135
0.00518135
0.00518135
0.00518135
0.00518135
0.00518135
0.00518135
0.00518135
0.00518135
0.00518135
0.00518135
0.00518135
0.00518135
0.00518135
0.00518135
0.00518135
0.00518135
0.00518135
