371
361
369
152
133
208
553
52
351
439
194
357
67
457
441
324
24
349
37
204
336
459
420
233
181
85
251
220
322
156
512
4
112
110
32
463
18
120
385
363
426
182
298
436
177
260
240
529
127
186
353
484
157
244
531
295
267
310
147
389
429
63
271
549
359
26
176
326
87
234
238
499
343
377
171
510
211
492
282
210
241
503
453
519
114
57
498
501
302
254
452
374
352
163
314
370
278
276
230
317
198
123
216
286
96
435
191
48
132
225
308
307
187
248
428
167
421
35
535
243
93
482
346
500
264
364
44
422
380
296
289
532
84
75
16
471
413
416
390
97
79
253
383
522
400
273
222
491
269
72
469
301
61
418
274
411
409
