1004
542
1040
1021
363
236
335
496
617
242
573
383
927
563
751
954
132
140
800
598
89
408
188
505
110
951
713
16
230
502
424
38
332
565
328
374
988
920
246
338
987
21
876
198
720
739
856
498
1016
901
615
66
164
460
736
310
928
306
960
292
704
971
210
220
635
844
406
319
741
378
243
819
925
252
9
778
399
641
316
875
239
966
235
491
828
731
616
121
898
985
930
308
696
734
186
280
42
411
671
283
874
722
485
743
482
356
103
993
796
955
122
1019
394
629
650
303
1001
864
370
963
766
980
513
703
996
699
23
544
773
1008
681
1023
823
400
797
887
262
51
145
782
471
950
354
653
265
556
511
583
367
613
806
78
747
912
92
867
302
567
254
125
811
872
512
47
1027
651
684
921
753
636
27
315
891
390
770
487
107
733
176
724
380
479
784
153
761
134
1011
937
620
70
493
941
206
843
296
420
364
392
683
622
946
678
340
229
345
586
293
410
878
866
216
30
991
829
813
351
15
398
76
279
719
305
275
97
537
129
299
111
507
127
102
36
717
463
758
715
1013
190
1039
931
793
721
788
1012
776
972
595
814
426
909
65
433
889
475
666
732
189
320
311
285
26
596
247
25
128
376
735
223
503
472
509
290
530
709
300
809
943
83
630
267
892
414
762
834
114
465
497
693
466
423
450
347
357
885
94
680
726
897
594
836
1035
634
31
365
718
253
170
245
492
560
688
156
317
981
32
529
740
764
692
148
668
888
577
387
447
203
228
707
434
554
459
730
28
436
73
701
881
427
416
824
177
760
917
746
618
976
244
86
521
446
628
669
842
870
805
883
506
822
607
461
572
5
816
147
384
646
382
772
832
914
258
998
749
287
929
845
91
799
727
118
150
209
495
643
391
11
1028
191
142
29
238
525
325
45
248
501
60
604
593
241
591
182
700
343
33
438
444
947
803
207
362
349
323
197
557
541
546
868
767
940
708
576
877
352
409
69
574
429
141
289
989
304
53
372
158
953
575
786
260
949
710
211
624
520
742
515
952
181
291
532
783
859
41
965
808
526
324
126
514
939
983
251
610
277
902
523
271
611
321
264
896
821
654
269
756
1038
476
581
656
1026
178
716
342
777
361
691
35
43
154
359
538
539
350
386
854
785
385
56
906
810
1020
625
605
578
85
469
184
201
672
522
533
1002
278
442
886
281
273
592
904
519
564
449
456
863
1042
536
205
261
850
1015
871
231
474
893
825
346
187
445
425
133
360
968
750
274
1033
441
96
117
17
979
807
167
105
2
780
412
919
510
49
862
860
550
396
632
645
57
621
327
869
39
179
202
59
606
371
833
837
272
448
233
775
62
173
250
40
368
455
204
690
389
432
237
44
568
923
995
562
268
794
534
1005
839
922
801
93
571
37
504
478
379
990
1032
46
1025
115
959
286
403
585
552
926
52
835
227
737
827
790
855
584
500
911
1018
259
195
779
462
791
725
200
113
19
924
1034
108
193
910
662
934
152
639
561
339
146
608
830
322
413
162
166
580
637
481
301
13
705
284
697
395
214
34
627
440
130
294
900
679
116
984
763
815
418
648
314
649
458
490
687
880
151
961
676
213
480
865
1010
982
956
547
443
962
120
858
644
355
818
106
969
1024
569
795
55
336
109
706
330
457
489
711
123
494
755
160
847
588
144
288
957
543
439
157
597
194
183
10
104
222
882
702
159
139
531
549
528
652
375
895
913
812
853
974
1
986
4
309
81
50
771
488
769
589
64
857
470
353
664
219
174
169
655
973
131
619
48
452
558
218
781
695
