4347
4420
9365
601
3876
2853
9283
851
64
5083
148
1075
4438
1912
599
563
9308
237
4426
8269
2379
3963
852
5943
59
460
3819
3244
4029
6349
721
7
689
67
97
2762
8366
2450
6687
8987
4480
6025
1375
510
9278
1459
3002
1054
243
1608
93
3678
3757
5466
6634
1024
2904
3854
2064
3824
2216
2774
737
350
4151
4020
87
4249
3039
439
523
718
2680
8167
559
3828
6834
6021
7365
2754
10108
3478
282
2769
3811
1407
3588
8455
2851
115
2763
3899
6690
8517
6395
3871
58
6626
5761
3872
4246
10432
880
835
0
3887
1777
5084
3402
5368
7078
4023
4127
14839
986
9275
3406
2137
1808
9274
2679
443
2930
3799
79
2645
1614
564
4165
9797
5454
6837
4759
3893
641
54
870
1724
2218
215
2722
11984
4868
598
223
5374
568
6048
7401
5764
183
1586
4100
4647
4721
231
2400
8499
1976
3293
3839
3860
158
4849
7472
827
3390
5206
7156
130
2821
4357
278
3611
434
3986
777
3875
2373
1494
3805
720
2817
4122
109
4514
15440
5253
2476
2005
2428
4734
5440
4639
1531
2876
206
4848
6582
3895
4043
1847
5305
5248
6516
70
1068
4016
2781
2407
890
283
1522
10386
2151
2330
5196
3292
5779
7867
1009
3562
5375
831
257
863
695
4092
5369
211
5548
9366
171
8374
1088
10256
1797
5094
2084
5530
5076
498
240
3847
5282
3274
5044
428
4120
478
5306
9642
2324
1440
10070
803
124
7542
1988
3829
1788
2875
1767
2736
143
3571
3804
5894
5992
748
8568
227
528
8712
3806
88
298
14639
6308
2890
6691
6992
6847
5128
9084
291
575
383
501
8
1787
16113
65
353
242
19
8767
1396
6445
11714
4034
1074
10087
1786
5289
1046
1682
3874
4254
7560
1673
9804
2229
1680
5864
10703
3756
5823
653
212
2989
2146
1529
4665
4646
794
6860
585
4832
431
8523
425
7378
225
639
8631
9090
1480
3085
1082
82
5507
1041
4999
2999
4816
5581
259
4831
3925
56
9361
3396
3979
4393
384
2657
254
1535
1037
6846
4159
6689
11292
15577
2793
1056
11724
4256
2501
8088
1414
10210
5371
429
6430
4845
11675
72
4048
2805
1862
3314
5106
4720
2983
2526
871
1416
2614
3336
4901
10490
5933
8257
10301
667
5613
8352
8732
4878
7137
597
7017
8284
3278
8445
3926
4035
605
6084
806
357
5824
953
10558
2630
77
435
119
6156
4787
4116
2088
1977
1598
1643
5489
10152
1722
8886
4006
6809
9698
452
1772
3551
5795
2576
1555
445
2689
4798
8671
2552
1783
10567
5669
3442
4123
1708
824
2898
4936
10257
3998
1043
261
1655
1445
3549
3892
207
1851
2849
6229
15305
767
114
6030
176
3096
9643
995
9374
2562
1612
1527
10551
16714
8130
2275
6537
138
786
5642
3071
1652
2516
7135
238
263
675
3752
2533
1406
2833
5954
389
5856
2025
674
10161
10004
7508
4315
3898
896
9747
9773
9714
8685
9715
205
3612
2037
2042
3397
6262
10471
2215
5255
8254
4015
982
3954
5229
5900
5211
5929
13833
11459
8094
348
4914
699
1650
5853
1435
168
967
26
3889
1576
8896
7294
194
2246
907
3907
2347
2473
6108
2049
1517
6369
5579
1823
6271
5558
4187
10384
4867
3790
3863
5136
4217
807
2855
10054
3171
2873
10226
6146
352
449
2653
4574
751
5879
1057
69
1978
6292
5069
3826
990
2319
10003
761
5636
5090
432
4121
57
71
11997
6
2390
6024
6836
7749
48
8651
4601
433
4941
3592
12860
5144
6142
6658
1688
9837
11553
9703
3803
7293
3859
5816
11720
307
531
1356
4258
5121
2879
499
368
10914
2862
6881
2928
810
4804
4132
6474
5973
901
7880
708
1388
414
3946
9759
325
5747
7312
1520
10201
382
1717
7709
1651
3060
131
7768
3833
370
1473
15373
2322
2824
4011
1779
6000
792
4800
6401
6250
1556
766
6398
8777
2197
10383
3095
1698
216
1370
47
3868
475
2567
9824
5203
104
4036
5230
16904
7521
1559
1146
834
1412
1606
4295
6645
3706
696
6497
2952
4862
3687
23
2035
10214
1457
3497
3433
255
771
9023
9100
7580
365
1086
662
573
11056
356
1044
3677
1887
3015
2974
9404
947
426
798
5060
2975
5159
1145
10439
2731
3479
6203
4539
6052
78
2878
10153
5527
4526
2804
4783
1446
8752
4930
11
8658
812
11666
811
4889
4573
1894
3914
11543
1433
5655
340
10276
859
993
4701
2235
6705
269
279
6003
655
4620
7731
2709
2776
6746
101
11681
3960
843
481
6068
3967
11563
785
9778
4155
5539
5521
10816
5831
941
6483
9731
9742
5974
1671
5988
9770
6300
2294
4774
7345
1408
16708
6027
4170
8115
90
9300
1587
7089
27
8243
3709
7865
1571
578
4398
3416
3710
3031
9783
11465
8231
3867
8223
11449
3837
10130
2264
3
8347
8343
5804
4255
1770
2991
2050
8565
591
511
1800
11001
1325
6138
500
3325
5714
4693
2811
12225
8733
4972
9718
2648
6607
2778
13377
2259
561
1055
3810
1402
4406
2931
3524
5270
7080
6704
5226
1567
833
4214
2641
1915
3372
7230
458
1890
1451
892
15734
378
6192
6011
9
7231
5840
1868
4024
3982
4981
9955
121
5279
264
6895
862
7058
2256
5278
12454
8336
5930
9903
7796
6854
7899
3792
6982
2502
1398
8754
629
3405
5582
772
420
2369
9772
8637
17614
8417
724
8956
3870
608
3877
1903
5307
1832
6892
9060
140
1859
7952
187
3471
9801
415
1132
4194
8960
837
3881
1389
3711
3680
4418
7831
11470
3547
5979
154
5751
1895
4108
3849
8484
6964
3831
5725
5861
244
14638
3812
7052
3021
5673
3890
9689
3362
451
99
1053
3707
5719
7355
4954
1427
10459
2271
1212
430
7107
7127
2295
3755
1561
5789
10362
787
2299
10976
4809
3120
3779
2852
10
8433
2262
5241
1622
16131
921
934
4709
3768
3647
373
5013
5288
5287
694
3525
12199
4093
6698
527
127
10035
6067
3894
878
1806
191
768
3909
8203
8159
2579
780
7250
5140
9835
1004
6419
3489
248
9409
1049
1853
5294
961
3943
4276
13806
2912
6421
7370
8145
3235
11438
13341
12270
11964
15206
13444
461
1563
5569
10169
14161
487
169
6403
3762
1134
13285
8113
4993
1933
4448
15016
7870
5402
220
10086
4409
4004
160
338
3099
565
7654
5269
7766
7045
5039
4684
2074
12109
343
459
11975
3993
1103
6167
4871
3385
6693
6979
16481
8294
8447
1703
8857
195
1618
1512
3984
4396
4060
5980
3500
5424
10908
12231
5171
790
2723
2941
868
12499
10981
8832
8692
16942
6578
8510
5012
10297
3415
3818
8194
2243
3090
11394
14150
12691
10847
10462
1168
15327
3254
5080
8328
9662
8330
8335
8334
83
1031
7174
7302
788
3532
5574
6054
5473
2834
1485
9758
5687
413
2906
3061
8428
11830
12769
5890
6330
2716
9779
4788
9852
749
3906
7102
3702
1875
951
11655
1881
3936
3765
6412
6893
4744
1003
1695
8643
7520
11440
8144
3942
1952
8917
3080
117
1681
4844
3578
9279
1064
9432
8976
2714
3905
1759
7833
326
4587
112
6514
6533
7822
1834
2693
3603
5291
9385
9483
8028
6991
3355
1600
7382
3367
149
1955
4918
5281
649
15079
16235
8173
2227
7863
15655
6373
14362
3258
12563
12425
12008
8639
13204
11201
4210
3821
39
3822
5869
6492
7988
5901
763
899
6381
6251
6783
1109
2820
705
9478
3461
6405
7095
546
63
10989
8432
10162
10098
2002
3941
4277
4298
6924
1452
3916
98
535
3753
10058
2897
2759
2950
4469
12510
8451
10111
7648
5914
5925
3079
2621
838
11521
5366
5477
7874
3106
2269
8245
5828
13411
3931
6435
7282
7357
15533
3862
8809
11393
13257
277
4413
173
7398
2884
7917
3123
6280
2586
9776
11488
6284
6078
8563
925
7090
6572
5312
289
893
577
732
1934
1434
15203
9364
5087
391
16768
594
7722
755
6883
2546
12399
4109
12451
363
3989
3797
4997
9375
4527
1411
1095
9418
536
6114
5237
9399
4096
2157
371
3275
3746
1843
3378
6525
5353
1477
4602
11566
9763
2951
11565
9753
9436
12561
29
11562
3991
7806
3511
3169
6455
12970
5877
3307
3825
12521
6864
108
1120
4154
3679
281
14711
1921
6355
9947
6151
15265
5195
11559
818
3538
147
733
2335
1048
9822
747
11482
6586
10700
4566
7700
9280
2720
7035
2536
6614
2399
4769
8264
13194
12142
9805
3997
4082
36
5608
1069
5370
1468
4028
8397
2960
6432
10074
1160
3858
8080
2471
2170
2654
1395
4056
7966
16692
3026
13674
4047
6294
8216
2240
3636
9816
5290
4737
8240
5639
394
6039
4391
11771
17626
3794
3930
17911
126
3934
1487
1666
4925
10853
15390
4683
272
2124
4660
91
3217
2280
3361
2916
337
3211
6576
10145
1083
320
3827
3896
960
397
12271
782
12814
507
3322
6716
15211
7183
1726
11762
6880
197
4659
7795
1085
5935
4354
2163
5871
16386
3987
14355
13324
840
1996
12528
3382
8796
8709
13540
4209
7229
739
1842
3323
3661
7650
2725
1923
2222
167
3681
1752
6679
11570
2445
186
177
30
6896
4859
5476
12304
7185
6686
4780
12657
617
4373
3384
5095
4245
1981
4896
614
9879
306
11329
2816
15300
10204
3163
55
7581
7079
2839
5208
6106
2932
1117
2277
11591
11574
450
3976
2169
4504
10103
12006
3662
8982
152
11973
7748
13082
16663
14563
201
2303
5971
14649
8394
4802
8464
15411
7491
1079
2936
12444
7012
10126
4253
8990
4110
6911
364
3055
3567
5688
2977
8847
5495
4934
11637
31
3357
4673
11829
965
5797
2492
489
7566
8262
3977
2432
1871
6940
4271
6020
13696
4250
9379
3066
12921
4710
9306
3996
12958
4216
13862
4223
5491
1778
3356
8516
8108
4929
5001
2662
3175
10501
5978
1604
6866
8000
8138
8393
2200
11262
9017
9959
10132
8904
9976
3128
11041
3485
6943
9697
10025
9647
11801
4385
11799
12259
8851
11800
9651
137
11782
1605
1997
1882
4986
9074
8542
2427
1484
7335
4511
4980
2092
957
6218
547
5855
4893
3468
5850
349
6209
6692
6318
850
7347
189
3381
4823
7251
15355
5408
3289
524
9889
4348
2026
9449
6215
13857
5038
1149
6890
935
297
388
512
6367
2270
10469
274
9746
9956
9675
9748
637
163
8661
2233
15652
203
6182
2751
12897
5191
5214
3546
5088
6186
398
3186
4272
11500
11503
10185
987
4287
3556
3088
5801
2673
4145
2497
5684
4652
928
4568
5580
11590
1946
14972
1741
4238
10923
5766
11795
8584
7828
7273
12034
5373
2871
7591
1397
6574
13713
11623
814
624
4781
1830
1443
8147
11834
4860
684
9970
5107
16462
12493
8911
11632
11000
723
2122
12906
4003
710
2877
6793
6889
4
4025
2810
590
9712
6659
3761
196
4870
1720
7110
5112
410
4506
229
1016
10719
84
3034
2284
3626
2868
4111
354
1970
12
2910
4471
660
2487
3639
922
3760
964
3100
10533
5030
3082
11708
10918
9788
1935
9019
11700
8102
11705
1387
1077
3312
8420
6261
40
5624
1538
1541
5931
4157
170
644
4517
8503
2465
4143
8907
9063
4202
3201
7814
2015
996
10369
3467
7412
4806
3622
765
8525
10090
8798
14354
12512
10097
11895
3864
7676
4515
5382
393
7907
2966
3067
11043
8027
386
1449
4225
3869
245
1848
2418
2474
3102
5915
301
287
2768
12167
6970
497
372
2548
4205
464
1572
661
15475
456
3156
3449
8424
2306
9386
3030
3205
5221
239
407
7783
12498
10463
4440
11356
7061
1156
6903
2241
2755
4858
12389
2009
670
9672
984
3947
3795
13813
14498
757
14200
3945
314
11473
7732
3119
1657
9461
589
756
5717
1969
5405
1059
5292
1578
4302
3969
3832
5832
4505
4247
9819
7696
4296
8528
4991
7752
7439
68
1616
10472
7268
8003
4978
6233
764
2638
5839
5842
5841
10805
1476
4609
4829
4586
2694
3484
4988
6640
1492
9333
3988
8487
6195
2205
2469
14466
218
9789
172
9284
6930
1837
7310
3062
266
9052
14384
11609
15342
13913
5263
6166
3025
89
2317
7141
2844
6208
6725
5397
8446
1091
161
9975
5240
2083
2144
8282
1092
8634
13518
8500
2798
12030
10697
4067
6544
1817
10142
2537
10019
1026
2045
10080
438
1551
15236
8846
3635
6488
8377
328
616
2615
3685
16742
2866
14669
3418
10374
4283
7047
5299
9680
302
9573
3719
5704
5634
8888
3033
5742
5851
6069
8559
107
14296
100
11596
681
872
6389
7284
268
2809
5993
3510
2990
7367
3185
4290
11469
726
8630
11481
11467
11344
8481
10407
2806
11478
11095
8439
11471
11472
6710
11475
3793
836
522
5768
5102
5100
5906
3064
441
7157
962
2700
7693
4594
317
5568
4141
122
9676
7296
8098
103
12005
8435
839
3110
1626
1716
11775
926
421
6360
7747
973
14350
6319
2047
7234
5774
13317
1734
1575
286
1864
7778
14030
2442
9126
376
234
14819
622
2704
6452
3736
992
6734
12317
1514
11588
2987
2565
3584
5970
7556
5732
1825
2404
4190
6008
2060
5858
5958
8459
6932
10419
4600
12963
5510
4455
2541
2375
8458
4400
3815
9678
3533
7021
7023
7022
6694
3093
6065
10735
6724
10261
12511
3462
10405
9716
3606
5170
9950
11430
8789
11227
8868
11432
13598
12874
13344
9749
13111
3750
5002
10186
11312
5676
8889
3716
3630
8305
4301
6153
3937
537
2134
7746
5479
4782
4022
15505
12922
3162
12593
8358
12549
567
8910
2954
12182
8011
14978
14975
8628
1431
5773
7963
877
5759
8084
11428
2698
9736
1852
1735
2895
4030
753
304
303
889
249
6064
7641
3974
2260
379
9014
12728
8793
9255
4457
3624
6198
7818
155
3049
690
4369
3412
9131
11933
9978
8434
8485
7389
7024
6713
7217
4077
13025
7890
3440
2832
1442
8872
2636
6392
14738
14762
1907
1526
4084
5949
15467
8474
3705
7956
15463
7815
5020
6481
3035
2891
7179
574
3050
1547
8042
2029
6468
11686
4064
11689
5598
1766
4148
1768
1637
5703
514
5867
5198
7245
4838
13220
5061
14250
12252
809
8971
7908
15645
970
754
7333
14493
2691
3494
9465
10373
11002
10935
5814
6071
3908
9484
854
4567
6904
11646
11650
11217
12980
10504
5575
5887
5961
9964
11648
6772
4892
931
4725
4968
6515
7459
3353
3441
9683
6538
6100
3866
11582
11805
2729
2874
6822
5321
5315
9523
5317
5313
7492
5681
8075
6145
4613
8993
1856
1635
5010
1139
3520
9905
813
8504
13328
4738
3036
791
11690
638
584
7344
8396
465
4552
5365
2710
2048
2626
15364
4160
3740
1802
4922
8684
5538
6141
1796
938
12254
5122
12532
7757
10371
3279
3573
5118
7129
1689
7579
9999
2311
4982
2573
3354
8416
1670
1429
3101
6950
517
4117
5551
3625
80
6298
9323
9482
6681
351
3491
5657
4872
3437
3020
7356
8925
3271
2114
11978
3962
8765
11005
11004
15480
5207
5723
11039
12160
7652
9803
11011
7583
620
8302
9163
8812
9402
14000
8497
10365
12342
2443
9360
2326
13940
8778
9329
10482
8928
7887
7435
11038
11030
3174
11451
12863
12239
8454
3204
11021
9786
11031
11016
9062
8329
12634
7972
10375
10566
5300
8655
9061
14164
8365
13709
12319
2553
8842
9303
10810
4935
11008
10446
3287
11035
12401
15148
9765
8273
5508
13318
3346
972
16321
14130
14981
8807
11003
11022
3343
9270
10228
8738
2908
444
11835
15620
11017
3518
5153
3087
11057
11265
16313
10960
11531
4297
3570
1023
8077
682
4461
3374
9295
7013
5932
680
7172
4494
1971
423
16349
5771
2953
7942
1999
1404
1491
10092
3364
1918
6573
1620
5149
7983
1884
6838
9735
3737
7405
5216
16112
9425
5607
4303
8521
10817
15
3074
1667
6616
10807
12328
3495
14055
12038
10174
3154
3008
2948
3125
3927
775
704
2184
10962
3419
2102
8903
3073
5506
10531
12025
12135
3594
10897
1597
702
7279
2046
5535
8980
6501
2376
3445
2840
4089
6152
5035
16452
9944
12585
12681
5400
7088
2457
3466
6177
4459
5071
139
313
6745
3104
1503
988
4482
706
558
404
4350
881
1475
5156
631
613
202
911
448
3693
716
7840
6326
713
9267
18
7934
1938
2545
329
3335
2726
1040
222
4282
3577
3131
4595
542
2850
1065
2430
820
1392
2728
10206
390
14611
3239
1154
471
2696
9443
5096
11494
4195
4521
3878
5393
3834
74
224
5908
800
6364
335
273
610
7695
2724
1080
582
1486
4706
665
3809
482
9082
1115
342
53
3999
3938
556
1378
292
9667
6829
3296
38
45
5727
3231
308
4489
5633
4876
5303
10574
5485
618
324
6524
136
3882
1136
8951
1755
5066
7717
5560
16249
1000
1022
3149
12290
1
832
208
752
1042
9359
4921
4013
3961
5435
746
3121
636
2830
6770
5349
4541
10173
7462
4152
9481
2449
4854
2077
9812
2610
1542
12767
4147
6163
6987
2899
8968
3178
13271
8737
2920
4177
6312
1464
2870
3699
4134
8303
9349
3855
2957
4967
602
10879
2838
4421
1980
2321
14433
1829
4739
3701
8562
3134
7954
8901
9939
1979
184
3431
1968
4248
9334
10749
3146
2869
10377
8629
1944
2401
939
9367
2416
3130
2248
7458
3197
2865
4638
3413
2107
5690
8586
3669
182
4584
299
8450
1523
933
5781
8697
1144
8983
5242
6973
4112
6551
9794
5769
1677
2285
693
3391
2970
6313
3161
7820
1732
5407
446
8030
1957
8321
380
7142
2535
10028
16036
1917
10244
3554
1874
1967
5139
339
4051
10496
5584
8218
10605
5104
2926
7354
5813
5822
8086
4869
8478
311
288
3732
3438
7677
8670
4142
8817
891
13014
8502
801
3695
6185
3684
179
6869
3236
2136
588
2472
1458
24
2915
6371
10125
7800
3672
8731
4855
8723
8955
3159
5456
3048
1539
1951
5641
377
621
2792
60
5578
4714
550
15548
8619
3631
3181
3686
4861
8640
2872
4405
1813
919
5537
10076
1954
1588
4017
2730
4810
4549
9272
3972
2348
6436
3957
51
4260
9657
515
1317
4488
8429
4031
10248
2484
7192
13855
4278
4606
2814
3256
6093
606
3670
5921
5470
362
856
3842
92
2854
897
5086
3344
8999
6598
7203
3704
4220
3032
5201
3739
5091
904
10066
2155
1162
210
4516
5355
4561
4137
2624
2828
4987
2357
11315
3763
3959
3558
4507
10048
7434
7151
490
945
8412
3513
1656
146
908
3683
4677
110
3913
3743
4813
5928
8632
3179
731
327
6269
8652
422
17
9962
4172
5702
819
10440
2109
762
1693
4115
11134
1866
8199
4057
4661
4227
1985
3493
120
1799
4931
2749
7446
1953
9963
1803
123
6295
11620
3971
3094
657
1129
1089
1421
10572
628
799
2885
2772
6727
815
280
7568
1141
470
309
830
7705
4842
2994
6639
2783
4261
1524
1482
1071
1858
6340
875
3557
4451
8349
333
6872
9377
7817
11131
1373
2191
9400
5015
7857
4555
7383
4691
5392
5209
4723
3623
679
1841
950
4747
1073
2889
826
95
6764
4619
2901
4575
6812
2351
760
3928
492
2829
253
6530
12910
4653
9979
4360
6635
5000
5512
4387
316
4962
1159
4294
4736
10878
5404
7871
6549
7176
4149
1562
4557
1123
5174
293
3599
11604
1560
3801
12866
8375
7162
1005
847
14642
15699
4026
7551
900
8870
898
3904
12917
2861
14644
955
4801
5116
2856
4431
4728
6747
9993
5108
5683
3014
7349
5103
7348
4722
8452
886
6737
7091
2209
3708
2837
883
5667
4590
6820
4416
6726
6034
3990
7084
5085
4786
6720
874
16700
5654
4784
2538
3700
8522
6528
532
867
3897
865
2291
4779
4352
7400
2803
3605
10251
16715
16718
858
6014
1715
6697
5052
11658
5051
2524
4423
5047
1809
1801
8073
2145
15356
8828
828
4371
5037
3817
14657
5849
5033
5032
8825
2771
6231
4106
5027
8339
7504
3168
7057
5022
8505
3692
5251
6170
5017
5016
6780
8331
2756
1167
4756
7271
581
5426
6289
6773
8198
10224
1155
7263
2741
4751
2223
2498
10968
2735
1757
5193
6646
11496
3037
10163
7660
2500
4524
4336
9008
12781
7702
2721
6480
902
7244
4674
10470
10600
11796
375
1846
11164
7239
3097
2486
4973
2705
5750
6744
6154
1607
2699
2130
16437
3880
15767
7026
12298
5734
6383
6143
10575
797
539
3646
7683
1790
8787
10336
4951
534
3643
4948
3642
1100
7208
6123
2982
2671
2156
6456
6606
6116
2239
5406
10785
4933
3848
783
7011
4928
12256
6103
6287
1039
779
8274
3263
1648
7187
10538
2650
6090
774
7486
2456
5895
562
436
2640
770
6257
295
4629
7169
3617
3814
6577
4069
10052
4269
16209
11552
3807
6344
10046
10045
526
595
1835
13499
5077
4065
15948
2017
4473
6556
5434
2609
9397
8413
4697
17977
712
3065
8237
2600
8236
741
6978
1106
2592
3772
956
2386
1062
1102
8225
9378
4000
612
145
6226
8217
14407
1119
310
2572
4843
12723
488
930
3007
14739
1127
3003
9143
7688
12365
6441
7139
164
917
2988
7810
551
4203
3731
5403
3038
7572
4470
385
13348
6385
6954
7596
3115
4191
9972
744
1558
6951
615
7221
1150
6158
14392
2846
2946
174
7256
842
707
4379
8407
4074
3268
12679
3044
15696
5150
8588
651
11286
10269
4486
6310
6387
61
1036
2359
4509
2297
235
740
4044
8158
2973
4153
7567
3922
46
2108
3738
10128
2371
4076
14991
6089
4103
8608
44
8367
4306
3208
7982
9057
4631
14984
648
4425
1161
4545
959
1594
1678
646
5181
672
1911
6920
3183
5165
6134
2361
6917
2881
2743
4119
5064
553
4711
10129
5379
477
659
11364
5777
11532
5870
5286
9938
11337
4771
855
742
369
5218
1011
6902
2340
7516
1165
2807
4682
361
2715
4273
4874
6592
2800
5422
7948
453
3830
14961
504
2575
4071
405
5234
8169
4846
9078
345
5284
6357
6305
6304
918
8390
6937
1126
4826
419
1153
11792
11577
2305
5161
1505
7694
412
4532
2509
4308
4961
3924
8468
894
5147
3499
319
484
10196
593
5722
6473
4910
41
2761
401
7158
6278
502
6760
4560
305
230
106
11024
8729
6247
1456
1736
876
8348
7010
1018
3712
4380
6756
8151
1498
540
5199
4197
1679
570
3983
416
1111
