1.00000000
1.00000000
1.00000000
1.00000000
1.00000000
1.00000000
0.91428571
0.91428571
0.84761905
0.84761905
0.82380952
0.82380952
0.82380952
0.80952381
0.77142857
0.75714286
0.75714286
0.75714286
0.75714286
0.75714286
0.75714286
0.75714286
0.75714286
0.75714286
0.75714286
0.75714286
0.75714286
0.75714286
0.75714286
0.75714286
0.75714286
0.75714286
0.75714286
0.75714286
0.75714286
0.75714286
0.75714286
0.75714286
0.75714286
0.75714286
0.75714286
0.75714286
0.75714286
0.75714286
0.75714286
0.75714286
0.75714286
0.75714286
0.75714286
0.75714286
0.75714286
0.75714286
0.75714286
0.75714286
0.75238095
0.75238095
0.75238095
0.75238095
0.74761905
0.72857143
0.72380952
0.71904762
0.66190476
0.65714286
0.62857143
0.62857143
0.60000000
0.57142857
0.57142857
0.57142857
0.55238095
0.53333333
0.53333333
0.53333333
0.53333333
0.53333333
0.53333333
0.53333333
0.53333333
0.53333333
0.53333333
0.53333333
0.53333333
0.53333333
0.53333333
0.53333333
0.53333333
0.52857143
0.52380952
0.51428571
0.50476190
0.50000000
0.46190476
0.45714286
0.43809524
0.39523810
0.39523810
0.39523810
0.35714286
0.28095238
0.28095238
0.26190476
0.26190476
0.26190476
0.26190476
0.26190476
0.26190476
0.26190476
0.26190476
0.26190476
0.26190476
0.26190476
0.26190476
0.26190476
0.26190476
0.26190476
0.26190476
0.26190476
0.26190476
0.26190476
0.26190476
0.26190476
0.26190476
0.26190476
0.26190476
0.26190476
0.26190476
0.26190476
0.26190476
0.26190476
0.26190476
0.26190476
0.26190476
0.26190476
0.26190476
0.26190476
0.26190476
0.26190476
0.26190476
0.26190476
0.26190476
0.26190476
0.26190476
0.26190476
0.26190476
0.26190476
0.26190476
0.26190476
0.26190476
0.26190476
0.26190476
0.26190476
0.26190476
0.26190476
0.26190476
0.26190476
0.26190476
0.26190476
0.26190476
0.26190476
0.26190476
0.26190476
0.26190476
0.26190476
0.26190476
0.26190476
0.26190476
0.26190476
0.26190476
0.26190476
0.26190476
0.26190476
0.26190476
0.26190476
0.26190476
0.26190476
0.26190476
0.26190476
0.26190476
0.24761905
0.23333333
0.20000000
0.20000000
0.20000000
0.20000000
0.20000000
0.19523810
0.19523810
0.19523810
0.19523810
0.19523810
0.19523810
0.19523810
0.19523810
0.19523810
0.19523810
0.19523810
0.19523810
0.19523810
0.19523810
0.19523810
0.19523810
0.19523810
0.19523810
0.19523810
0.19523810
0.19523810
0.19523810
0.19523810
0.19523810
0.19523810
0.19523810
0.19523810
0.19523810
0.19523810
0.19523810
0.19523810
0.19523810
0.19523810
0.19523810
0.19523810
0.19523810
0.19523810
0.19523810
0.19523810
0.19523810
0.19523810
0.19523810
0.19523810
0.19523810
0.19523810
0.19523810
0.19523810
0.19523810
0.19523810
0.19523810
0.19523810
0.19523810
0.19523810
0.19523810
0.19523810
0.19523810
0.19523810
0.19523810
0.19523810
0.19523810
0.19523810
0.19523810
0.19523810
0.19523810
0.19523810
0.19523810
0.19523810
0.19523810
0.19523810
0.19523810
0.19523810
0.19523810
0.19523810
0.19523810
0.19523810
0.19523810
0.19523810
0.19523810
0.19523810
0.19523810
0.19523810
0.19523810
0.19523810
0.19523810
0.19523810
0.19523810
0.19523810
0.19523810
0.19523810
0.19523810
0.19523810
0.19523810
0.19523810
0.19523810
0.19523810
0.19523810
0.19523810
0.19523810
0.19523810
0.19523810
0.19523810
0.19523810
0.19523810
0.19523810
0.19523810
0.19523810
0.19523810
0.19523810
0.19523810
0.19523810
0.19523810
0.19523810
0.19523810
0.19523810
0.19523810
0.19523810
0.19523810
0.19523810
0.19523810
0.19523810
0.19523810
0.19523810
0.19523810
0.19523810
0.19523810
0.19523810
0.19523810
0.19523810
0.19523810
0.19523810
0.19523810
0.19523810
0.19523810
0.19523810
0.19523810
0.19523810
0.19523810
0.19523810
0.19523810
0.19523810
0.19523810
0.19523810
0.19523810
0.19523810
0.19523810
0.19523810
0.19523810
0.19523810
0.19523810
0.19523810
0.19523810
0.19523810
0.19523810
0.19523810
0.10000000
0.10000000
0.10000000
0.10000000
0.10000000
0.10000000
0.10000000
0.10000000
0.10000000
0.10000000
0.10000000
0.10000000
0.10000000
0.10000000
0.10000000
0.10000000
0.10000000
0.10000000
0.10000000
0.10000000
0.09523810
0.09523810
0.09047619
0.09047619
0.08571429
0.08571429
0.08571429
0.08095238
0.04761905
0.04761905
0.04761905
0.04761905
0.04285714
0.03809524
0.03333333
0.02857143
0.02380952
0.01904762
0.01428571
0.01428571
0.01428571
0.00476190
0.00476190
0.00476190
0.00476190
0.00476190
0.00476190
0.00476190
0.00476190
0.00476190
0.00476190
0.00476190
0.00476190
0.00476190
0.00476190
0.00476190
0.00476190
0.00476190
0.00476190
0.00476190
0.00476190
0.00476190
0.00476190
0.00476190
0.00476190
0.00476190
0.00476190
0.00476190
0.00476190
0.00476190
0.00476190
0.00476190
0.00476190
0.00476190
0.00476190
0.00476190
0.00476190
0.00476190
0.00476190
0.00476190
0.00476190
0.00476190
0.00476190
0.00476190
0.00476190
0.00476190
0.00476190
0.00476190
0.00476190
0.00476190
0.00476190
0.00476190
0.00476190
0.00476190
0.00476190
0.00476190
0.00476190
0.00476190
0.00476190
0.00476190
0.00476190
0.00476190
0.00476190
0.00476190
0.00476190
0.00476190
0.00476190
0.00476190
0.00476190
0.00476190
0.00476190
0.00476190
0.00476190
0.00476190
0.00476190
0.00476190
0.00476190
0.00476190
0.00476190
0.00476190
0.00476190
0.00476190
0.00476190
0.00476190
0.00476190
0.00476190
0.00476190
0.00476190
0.00476190
0.00476190
0.00476190
0.00476190
0.00476190
0.00476190
0.00476190
0.00476190
0.00476190
0.00476190
0.00476190
0.00476190
0.00476190
0.00476190
0.00476190
0.00476190
0.00476190
0.00476190
0.00476190
0.00476190
0.00476190
0.00476190
0.00476190
0.00476190
0.00476190
0.00476190
0.00476190
0.00476190
0.00476190
0.00476190
0.00476190
0.00476190
0.00476190
0.00476190
0.00476190
0.00476190
0.00476190
0.00476190
0.00476190
0.00476190
0.00476190
0.00476190
0.00476190
0.00476190
0.00476190
0.00476190
0.00476190
0.00476190
0.00476190
0.00476190
0.00476190
0.00476190
0.00476190
0.00476190
0.00476190
0.00476190
0.00476190
0.00476190
0.00476190
0.00476190
0.00476190
0.00476190
0.00476190
0.00476190
0.00476190
0.00476190
0.00476190
0.00476190
0.00476190
0.00476190
0.00476190
0.00476190
0.00476190
0.00476190
0.00476190
0.00476190
0.00476190
0.00476190
0.00476190
0.00476190
0.00476190
0.00476190
0.00476190
0.00476190
0.00476190
0.00476190
0.00476190
0.00476190
0.00476190
0.00476190
0.00476190
0.00476190
0.00476190
0.00476190
0.00476190
0.00476190
0.00476190
0.00476190
0.00476190
0.00476190
0.00476190
0.00476190
0.00476190
0.00476190
0.00476190
0.00476190
0.00476190
0.00476190
0.00476190
0.00476190
0.00476190
0.00476190
0.00476190
0.00476190
0.00476190
0.00476190
0.00476190
0.00476190
0.00476190
0.00476190
0.00476190
0.00476190
0.00476190
0.00476190
0.00476190
0.00476190
0.00476190
0.00476190
0.00476190
0.00476190
0.00476190
0.00476190
0.00476190
0.00476190
0.00476190
0.00476190
0.00476190
0.00476190
0.00476190
0.00476190
0.00476190
0.00476190
0.00476190
0.00476190
0.00476190
0.00476190
0.00476190
0.00476190
0.00476190
0.00476190
0.00476190
0.00476190
0.00476190
0.00476190
0.00476190
0.00476190
0.00476190
0.00476190
0.00476190
0.00476190
0.00476190
0.00476190
0.00476190
0.00476190
0.00476190
0.00476190
0.00476190
0.00476190
0.00476190
0.00476190
0.00476190
0.00476190
0.00476190
0.00476190
0.00476190
0.00476190
0.00476190
0.00476190
0.00476190
0.00476190
0.00476190
0.00476190
0.00476190
0.00476190
0.00476190
0.00476190
0.00476190
0.00476190
0.00476190
0.00476190
0.00476190
0.00476190
0.00476190
0.00476190
0.00476190
0.00476190
0.00476190
0.00476190
0.00476190
0.00476190
0.00476190
0.00476190
0.00476190
0.00476190
0.00476190
0.00476190
0.00476190
0.00476190
0.00476190
0.00476190
0.00476190
0.00476190
0.00476190
0.00476190
0.00476190
0.00476190
0.00476190
0.00476190
0.00476190
0.00476190
0.00476190
0.00476190
0.00476190
0.00476190
0.00476190
0.00476190
0.00476190
0.00476190
0.00476190
0.00476190
0.00476190
0.00476190
0.00476190
0.00476190
0.00476190
0.00476190
0.00476190
0.00476190
0.00476190
0.00476190
0.00476190
0.17369870
0.00000000
