1.00000000
0.98611111
0.90277778
0.86111111
0.84722222
0.83333333
0.77777778
0.76388889
0.72222222
0.70833333
0.69444444
0.68055556
0.65277778
0.63888889
0.62500000
0.61111111
0.59722222
0.58333333
0.56944444
0.55555556
0.54166667
0.52777778
0.51388889
0.50000000
0.48611111
0.47222222
0.45833333
0.44444444
0.43055556
0.41666667
0.40277778
0.38888889
0.37500000
0.36111111
0.34722222
0.33333333
0.31944444
0.30555556
0.26388889
0.02777778
0.01388889
0.01388889
0.01388889
0.01388889
0.01388889
0.01388889
0.01388889
0.01388889
0.01388889
0.01388889
0.01388889
0.01388889
0.01388889
0.01388889
0.01388889
0.01388889
0.01388889
0.01388889
0.01388889
0.01388889
0.01388889
0.01388889
0.01388889
0.01388889
0.01388889
0.01388889
0.01388889
0.01388889
0.01388889
0.01388889
0.01388889
0.01388889
0.01388889
0.29509132
0.00000000
