1.00000000
0.98275862
0.89655172
0.67241379
0.63793103
0.50000000
0.48275862
0.36206897
0.36206897
0.22413793
0.22413793
0.22413793
0.22413793
0.22413793
0.22413793
0.08620690
0.08620690
0.08620690
0.08620690
0.05172414
0.05172414
0.05172414
0.05172414
0.05172414
0.05172414
0.05172414
0.05172414
0.05172414
0.05172414
0.01724138
0.01724138
0.01724138
0.01724138
0.01724138
0.01724138
0.01724138
0.01724138
0.01724138
0.01724138
0.01724138
0.01724138
0.01724138
0.01724138
0.01724138
0.01724138
0.01724138
0.01724138
0.01724138
0.01724138
0.01724138
0.01724138
0.01724138
0.01724138
0.01724138
0.01724138
0.01724138
0.01724138
0.01724138
0.01724138
0.01724138
0.01724138
