1.00000000
0.98440980
0.95545657
0.95100223
0.94432071
0.92427617
0.92427617
0.91982183
0.91759465
0.91536748
0.91314031
0.90200445
0.87973274
0.87082405
0.86859688
0.86191537
0.85523385
0.85300668
0.84855234
0.84409800
0.82405345
0.80400891
0.80178174
0.79955457
0.78396437
0.76837416
0.76614699
0.75946548
0.75723831
0.75278396
0.74387528
0.72828508
0.72383073
0.70601336
0.70378619
0.69933185
0.69265033
0.68819599
0.68151448
0.67928731
0.67706013
0.67260579
0.67037862
0.66815145
0.66369710
0.65701559
0.65256125
0.65033408
0.63919822
0.63697105
0.63474388
0.63251670
0.62583519
0.61915367
0.61692650
0.61469933
0.61024499
0.58351893
0.57015590
0.56124722
0.54788419
0.52783964
0.51447661
0.49888641
0.48106904
0.42761693
0.42538976
0.42316258
0.40979955
0.36080178
0.35857461
0.35634744
0.32516704
0.32293987
0.30734967
0.29175947
0.27394209
0.26503341
0.24944321
0.24276169
0.23608018
0.19599109
0.18708241
0.18485523
0.10467706
0.08908686
0.05122494
0.01559020
0.01559020
0.01113586
0.01113586
0.01113586
0.01113586
0.00890869
0.00890869
0.00890869
0.00668151
0.00668151
0.00668151
0.00668151
0.00668151
0.00668151
0.00668151
0.00668151
0.00668151
0.00668151
0.00668151
0.00668151
0.00668151
0.00668151
0.00668151
0.00668151
0.00668151
0.00668151
0.00668151
0.00668151
0.00668151
0.00668151
0.00668151
0.00668151
0.00668151
0.00668151
0.00668151
0.00668151
0.00668151
0.00668151
0.00668151
0.00668151
0.00668151
0.00668151
0.00668151
0.00668151
0.00668151
0.00668151
0.00668151
0.00668151
0.00668151
0.00668151
0.00668151
0.00668151
0.00668151
0.00668151
0.00668151
0.00668151
0.00668151
0.00668151
0.00668151
0.00668151
0.00668151
0.00668151
0.00668151
0.00668151
0.00668151
0.00668151
0.00668151
0.00668151
0.00668151
0.00222717
0.00222717
0.00222717
0.00222717
0.00222717
0.00222717
0.00222717
0.00222717
0.00222717
0.00222717
0.00222717
0.00222717
0.00222717
0.00222717
0.00222717
0.00222717
0.00222717
0.00222717
0.00222717
0.00222717
0.00222717
0.00222717
0.00222717
0.00222717
0.00222717
0.00222717
0.00222717
0.00222717
0.00222717
0.00222717
0.00222717
0.00222717
0.00222717
0.00222717
0.00222717
0.00222717
0.00222717
0.00222717
0.00222717
0.00222717
0.00222717
0.00222717
0.00222717
0.00222717
0.00222717
0.00222717
0.00222717
0.00222717
0.00222717
0.00222717
0.00222717
0.00222717
0.00222717
0.00222717
0.00222717
0.00222717
0.00222717
0.00222717
0.00222717
0.00222717
0.00222717
0.00222717
0.00222717
0.00222717
0.00222717
0.00222717
0.00222717
0.00222717
0.00222717
0.00222717
0.00222717
0.00222717
0.00222717
0.00222717
0.00222717
0.00222717
0.00222717
0.00222717
0.00222717
0.00222717
0.00222717
0.00222717
0.00222717
0.00222717
0.00222717
0.00222717
0.00222717
0.00222717
0.00222717
0.00222717
0.00222717
0.00222717
0.00222717
0.00222717
0.00222717
0.00222717
0.00222717
0.00222717
0.00222717
0.00222717
0.00222717
0.00222717
0.00222717
0.00222717
0.00222717
0.00222717
0.00222717
0.00222717
0.00222717
0.00222717
0.00222717
0.00222717
0.00222717
0.00222717
0.00222717
0.00222717
0.00222717
0.00222717
0.00222717
0.00222717
0.00222717
0.00222717
0.00222717
0.00222717
0.00222717
0.00222717
0.00222717
0.00222717
0.00222717
0.00222717
0.00222717
0.00222717
0.00222717
0.00222717
0.00222717
0.00222717
0.00222717
0.00222717
0.00222717
0.00222717
0.00222717
0.00222717
0.00222717
0.00222717
0.00222717
0.00222717
0.00222717
0.00222717
0.00222717
0.00222717
0.00222717
0.00222717
0.00222717
0.00222717
0.00222717
0.00222717
0.00222717
0.00222717
0.00222717
0.00222717
0.00222717
0.00222717
0.00222717
0.00222717
0.00222717
0.00222717
0.00222717
0.00222717
0.00222717
0.00222717
0.00222717
0.00222717
0.00222717
0.00222717
0.00222717
0.00222717
0.00222717
0.00222717
0.00222717
0.00222717
0.00222717
0.00222717
0.00222717
0.00222717
0.00222717
0.00222717
0.00222717
0.00222717
0.00222717
0.00222717
0.00222717
0.00222717
0.00222717
0.00222717
0.00222717
0.00222717
0.00222717
0.00222717
0.00222717
0.00222717
0.00222717
0.00222717
0.00222717
0.00222717
0.00222717
0.00222717
0.00222717
0.00222717
0.00222717
0.00222717
0.00222717
0.00222717
0.00222717
0.00222717
0.00222717
0.00222717
0.00222717
0.00222717
0.00222717
0.00222717
0.00222717
0.00222717
0.00222717
0.00222717
0.00222717
0.00222717
0.00222717
0.00222717
0.00222717
0.00222717
0.00222717
0.00222717
0.00222717
0.00222717
0.00222717
0.00222717
0.00222717
0.00222717
0.00222717
0.00222717
0.00222717
0.00222717
0.00222717
0.00222717
0.00222717
0.00222717
0.00222717
0.00222717
0.00222717
0.00222717
0.00222717
0.00222717
0.00222717
0.00222717
0.00222717
0.00222717
0.00222717
0.00222717
0.00222717
0.00222717
0.00222717
0.00222717
0.00222717
0.00222717
0.00222717
0.00222717
0.00222717
0.00222717
0.00222717
0.00222717
0.00222717
0.00222717
0.00222717
0.00222717
0.00222717
0.00222717
0.00222717
0.00222717
0.00222717
0.00222717
0.00222717
0.00222717
0.00222717
0.00222717
0.00222717
0.00222717
0.00222717
0.00222717
0.00222717
0.00222717
0.00222717
0.00222717
0.00222717
0.00222717
0.00222717
0.00222717
0.00222717
0.00222717
0.00222717
0.00222717
0.00222717
0.00222717
0.00222717
0.00222717
0.00222717
0.00222717
0.00222717
0.00222717
0.00222717
0.00222717
0.00222717
0.00222717
0.00222717
0.00222717
0.00222717
0.00222717
0.00222717
0.00222717
0.00222717
0.00222717
0.00222717
0.00222717
0.00222717
0.00222717
0.00222717
0.00222717
0.00222717
0.00222717
0.00222717
0.00222717
0.00222717
0.00222717
0.00222717
0.00222717
0.00222717
0.00222717
0.00222717
0.00222717
0.00222717
0.00222717
0.00222717
0.00222717
0.00222717
0.00222717
0.00222717
0.00222717
0.00222717
0.00222717
0.00222717
0.00222717
0.00222717
0.00222717
0.00222717
0.00222717
0.00222717
0.00222717
0.00222717
0.00222717
0.00222717
0.00222717
0.00222717
0.00222717
0.00222717
0.00222717
0.00222717
0.00222717
0.00222717
0.00222717
0.00222717
0.00222717
0.00222717
0.00222717
0.00222717
0.00222717
0.00222717
0.00222717
0.00222717
0.00222717
0.00222717
0.00222717
0.00222717
0.00222717
0.00222717
0.00222717
0.00222717
0.00222717
0.00222717
0.00222717
0.00222717
0.00222717
0.00222717
0.00222717
0.00222717
0.00222717
0.00222717
0.00222717
0.00222717
0.00222717
0.00222717
0.00222717
0.09663605
0.00000000
