1.00000000
0.99504950
0.82178218
0.44059406
0.34653465
0.04455446
0.04455446
0.02475248
0.01980198
0.01980198
0.01485149
0.01485149
0.01485149
0.01485149
0.01485149
0.01485149
0.01485149
0.01485149
0.01485149
0.01485149
0.01485149
0.01485149
0.01485149
0.01485149
0.01485149
0.01485149
0.01485149
0.01485149
0.01485149
0.01485149
0.01485149
0.01485149
0.01485149
0.01485149
0.01485149
0.01485149
0.01485149
0.01485149
0.01485149
0.01485149
0.01485149
0.00495050
0.00495050
0.00495050
0.00495050
0.00495050
0.00495050
0.00495050
0.00495050
0.00495050
0.00495050
0.00495050
0.00495050
0.00495050
0.00495050
0.00495050
0.00495050
0.00495050
0.00495050
0.00495050
0.00495050
0.00495050
0.00495050
0.00495050
0.00495050
0.00495050
0.00495050
0.00495050
0.00495050
0.00495050
0.00495050
0.00495050
0.00495050
0.00495050
0.00495050
0.00495050
0.00495050
0.00495050
0.00495050
0.00495050
0.00495050
0.00495050
0.00495050
0.00495050
0.00495050
0.00495050
0.00495050
0.00495050
0.00495050
0.00495050
0.00495050
0.00495050
0.00495050
0.00495050
0.00495050
0.00495050
0.00495050
0.00495050
0.00495050
0.00495050
0.00495050
0.00495050
0.00495050
0.00495050
0.00495050
0.00495050
0.00495050
0.00495050
0.00495050
0.00495050
0.00495050
0.00495050
0.00495050
0.00495050
0.00495050
0.00495050
0.00495050
0.00495050
0.00495050
0.00495050
0.00495050
0.00495050
0.00495050
0.00495050
0.00495050
0.00495050
0.00495050
0.00495050
0.00495050
0.00495050
0.00495050
0.00495050
0.00495050
0.00495050
0.00495050
0.00495050
0.00495050
0.00495050
0.00495050
0.00495050
0.00495050
0.00495050
0.00495050
0.00495050
0.00495050
0.00495050
0.00495050
0.00495050
0.00495050
0.00495050
0.00495050
0.00495050
0.00495050
0.00495050
0.00495050
0.00495050
0.00495050
0.00495050
0.00495050
0.00495050
0.00495050
0.00495050
0.00495050
0.00495050
0.00495050
0.00495050
0.00495050
0.00495050
0.00495050
0.00495050
0.00495050
0.00495050
0.00495050
0.00495050
0.00495050
0.00495050
0.00495050
0.00495050
0.00495050
0.00495050
0.00495050
0.00495050
0.00495050
0.00495050
0.00495050
0.00495050
0.00495050
0.00495050
0.00495050
0.00495050
0.00495050
0.00495050
0.00495050
0.00495050
0.00495050
0.00495050
0.00495050
0.00495050
0.00495050
0.00495050
0.00495050
0.00495050
0.00495050
0.00495050
0.00495050
0.00495050
0.00495050
0.00495050
0.00495050
0.00495050
0.00495050
0.00495050
0.00495050
0.00495050
0.00495050
0.00495050
0.00495050
0.00495050
0.00495050
0.00495050
0.00495050
0.00495050
0.00495050
0.00495050
0.00495050
0.00495050
0.00495050
0.00495050
0.00495050
0.00495050
0.00495050
0.00495050
0.00495050
0.00495050
0.00495050
0.00495050
0.00495050
0.00495050
0.00495050
0.00495050
0.00495050
0.00495050
0.00495050
0.00495050
0.00495050
0.00495050
0.00495050
0.00495050
0.00495050
0.00495050
0.00495050
0.00495050
0.00495050
0.00495050
0.00495050
0.00495050
0.00495050
0.00495050
0.00495050
0.00495050
0.00495050
0.00495050
0.00495050
0.00495050
0.00495050
0.00495050
0.00495050
0.00495050
0.00495050
0.00495050
0.00495050
0.00495050
0.00495050
0.00495050
0.00495050
0.00495050
0.00495050
0.00495050
0.00495050
0.00495050
0.00495050
0.00495050
0.00495050
0.00495050
0.00495050
0.00495050
0.00495050
0.00495050
0.00495050
0.00495050
0.00495050
0.00495050
0.00495050
0.00495050
0.00495050
0.00495050
0.00495050
0.00495050
0.00495050
0.00495050
0.00495050
0.00495050
0.00495050
0.00495050
0.00495050
0.00495050
0.00495050
0.00495050
0.00495050
0.00495050
0.00495050
0.00495050
0.00495050
0.00495050
0.00495050
0.00495050
0.00495050
0.00495050
0.00495050
0.00495050
0.00495050
0.00495050
0.00495050
0.00495050
0.00495050
0.00495050
0.00495050
0.00495050
0.00495050
0.00495050
0.00495050
0.00495050
0.00495050
0.00495050
0.00495050
0.00495050
0.00495050
0.00495050
0.00495050
0.00495050
0.00495050
0.00495050
0.00495050
0.00495050
0.00495050
0.00495050
0.00495050
0.00495050
0.00495050
0.00495050
0.00495050
0.00495050
0.00495050
0.00495050
0.00495050
0.00495050
0.00495050
0.00495050
0.00495050
0.00495050
0.00495050
0.00495050
0.00495050
0.00495050
0.00495050
0.00495050
0.00495050
0.00495050
0.00495050
0.00495050
0.00495050
0.00495050
0.00495050
0.00495050
0.00495050
0.00495050
0.00495050
0.00495050
0.00495050
0.00495050
0.00495050
0.00495050
0.00495050
0.00495050
0.00495050
0.00495050
0.00495050
0.00495050
0.00495050
0.00495050
0.00495050
0.00495050
0.00495050
0.00495050
0.00495050
0.00495050
0.00495050
0.00495050
0.00495050
0.00495050
0.00495050
0.00495050
0.00495050
0.00495050
0.00495050
0.00495050
0.00495050
0.00495050
0.00495050
0.00495050
0.00495050
0.00495050
0.00495050
0.00495050
0.00495050
0.00495050
0.00495050
0.00495050
0.00495050
0.00495050
0.00495050
0.00495050
0.00495050
0.00495050
0.00495050
0.00495050
0.00495050
0.00495050
0.00495050
0.00495050
0.00495050
0.00495050
0.00495050
0.00495050
0.00495050
0.00495050
0.00495050
0.00495050
0.00495050
0.00495050
0.00495050
0.00495050
0.00495050
0.00495050
0.00495050
0.00495050
0.00495050
0.00495050
0.00495050
0.00495050
0.00495050
0.00495050
0.00495050
0.00495050
0.00495050
0.00495050
0.00495050
0.00495050
0.00495050
0.00495050
0.00495050
0.00495050
0.00495050
0.00495050
0.00495050
0.00495050
0.00495050
0.00495050
0.00495050
0.00495050
0.00495050
0.00495050
0.00495050
0.00495050
0.00495050
0.00495050
0.00495050
0.00495050
0.00495050
0.00495050
0.00495050
0.00495050
0.00495050
0.00495050
0.00495050
0.00495050
0.00495050
0.00495050
0.00495050
0.00495050
0.00495050
0.00495050
0.00495050
0.00495050
0.00495050
0.00495050
0.00495050
0.00495050
0.00495050
0.00495050
0.00495050
0.00495050
0.00495050
0.00495050
0.00495050
0.00495050
0.00495050
0.00495050
0.00495050
0.00495050
0.00495050
0.00495050
0.00495050
0.00495050
0.00495050
0.00495050
0.00495050
0.00495050
0.00495050
0.00495050
0.00495050
0.00495050
0.00495050
0.00495050
0.00495050
0.00495050
0.00495050
0.00495050
0.00495050
0.00495050
0.00495050
0.00495050
0.00495050
0.00495050
0.00495050
0.00495050
0.00495050
0.00495050
0.00495050
0.00495050
0.00495050
0.00495050
0.00495050
0.00495050
0.00495050
0.00495050
0.00495050
0.00495050
0.00495050
0.00495050
0.00495050
0.00495050
0.00495050
0.00495050
0.00495050
0.00495050
0.00495050
0.00495050
0.00495050
0.00495050
0.00495050
0.00495050
0.00495050
0.00495050
0.00495050
0.00495050
0.00495050
0.00495050
0.00495050
0.00495050
0.00495050
0.00495050
0.00495050
0.00495050
0.00495050
0.00495050
0.00495050
0.00495050
0.00495050
0.00495050
0.00495050
0.00495050
0.00495050
0.00495050
0.00495050
0.00495050
0.00495050
0.00495050
0.00495050
0.00495050
0.00495050
0.00495050
0.00495050
0.00495050
0.00495050
0.00495050
0.00495050
0.00495050
0.00495050
0.00495050
0.00495050
0.00495050
0.00495050
0.00495050
0.00495050
0.00495050
0.00495050
0.00495050
0.00495050
0.00495050
0.00495050
0.00495050
0.00495050
0.00495050
0.00495050
0.00495050
0.00495050
0.00495050
0.00495050
0.00495050
0.00495050
0.00495050
0.00495050
0.00495050
0.00495050
0.00515644
0.00000000
