1.00000000
0.99904123
0.99808245
0.99712368
0.99616491
0.99520614
0.99424736
0.99328859
0.99232982
0.99137105
0.99041227
0.98945350
0.98849473
0.98753595
0.98657718
0.98561841
0.98465964
0.98370086
0.98274209
0.98178332
0.98082454
0.97986577
0.97890700
0.97794823
0.97698945
0.97603068
0.97507191
0.97411314
0.97315436
0.97219559
0.97123682
0.97027804
0.96931927
0.96836050
0.96740173
0.96644295
0.96548418
0.96452541
0.96356663
0.96260786
0.96164909
0.96069032
0.95973154
0.95877277
0.95493768
0.95397891
0.95110259
0.95014382
0.94918504
0.94822627
0.94726750
0.94630872
0.94534995
0.94439118
0.94343241
0.94247363
0.94151486
0.93767977
0.93672100
0.93576222
0.93480345
0.93384468
0.93288591
0.93192713
0.93096836
0.93000959
0.92905081
0.92809204
0.92809204
0.92713327
0.92521572
0.92329818
0.92233941
0.92138063
0.92042186
0.91946309
0.91850431
0.91754554
0.91658677
0.91562800
0.91466922
0.91371045
0.91275168
0.91179291
0.91083413
0.90987536
0.90891659
0.90795781
0.90699904
0.90604027
0.90508150
0.90412272
0.90316395
0.90220518
0.90124640
0.90028763
0.89932886
0.89837009
0.89741131
0.89549377
0.89453500
0.89357622
0.89261745
0.89165868
0.89069990
0.88974113
0.88878236
0.88782359
0.88590604
0.88494727
0.88398849
0.88302972
0.88207095
0.88111218
0.88015340
0.87919463
0.87823586
0.87727709
0.87631831
0.87535954
0.87344199
0.87248322
0.87152445
0.87056568
0.86960690
0.86864813
0.86768936
0.86577181
0.86481304
0.86385427
0.86289549
0.86193672
0.86097795
0.86001918
0.85714286
0.85618408
0.85522531
0.85330777
0.85234899
0.85139022
0.84947267
0.84851390
0.84563758
0.84467881
0.84084372
0.83988495
0.83892617
0.83796740
0.83700863
0.83604986
0.83509108
0.83317354
0.83221477
0.83125599
0.83029722
0.82933845
0.82837967
0.82550336
0.82454458
0.82358581
0.82262704
0.82166826
0.82070949
0.81975072
0.81879195
0.81783317
0.81687440
0.81591563
0.81495686
0.81303931
0.81208054
0.81112176
0.81016299
0.80920422
0.80824545
0.80728667
0.80632790
0.80536913
0.80345158
0.80249281
0.80153404
0.80057526
0.79961649
0.79865772
0.79769895
0.79674017
0.79578140
0.79482263
0.79290508
0.79194631
0.79098754
0.79002876
0.79002876
0.79002876
0.79002876
0.79002876
0.79002876
0.79002876
0.78906999
0.78811122
0.78715244
0.78619367
0.78523490
0.78427613
0.78235858
0.78139981
0.78044104
0.77948226
0.77852349
0.77756472
0.77660594
0.77564717
0.77468840
0.77372963
0.77277085
0.77181208
0.76989453
0.76893576
0.76797699
0.76701822
0.76605944
0.76510067
0.76414190
0.76318313
0.76222435
0.76126558
0.76030681
0.75934803
0.75838926
0.75743049
0.75647172
0.75551294
0.75455417
0.75359540
0.75167785
0.75071908
0.74784276
0.74784276
0.74688399
0.74592522
0.74496644
0.74400767
0.74304890
0.74209012
0.74113135
0.74017258
0.73729626
0.73633749
0.73537872
0.73346117
0.73154362
0.72962608
0.72866731
0.72770853
0.72579099
0.72483221
0.72387344
0.72195590
0.72003835
0.71907958
0.71716203
0.71620326
0.71524449
0.71428571
0.71332694
0.71236817
0.71140940
0.71045062
0.70949185
0.70757430
0.70661553
0.70565676
0.70469799
0.70373921
0.70278044
0.70182167
0.69990412
0.69894535
0.69798658
0.69702780
0.69606903
0.69511026
0.69319271
0.69223394
0.69031640
0.68552253
0.68456376
0.68360499
0.68264621
0.68168744
0.67976989
0.67881112
0.67785235
0.67689358
0.67497603
0.67401726
0.67305849
0.67209971
0.67114094
0.67114094
0.67018217
0.66922339
0.66922339
0.66634708
0.66538830
0.66155321
0.66059444
0.65771812
0.65771812
0.65675935
0.65580058
0.65388303
0.65292426
0.65196548
0.65004794
0.64908917
0.64813039
0.64717162
0.64621285
0.64525407
0.64429530
0.64333653
0.64237776
0.64141898
0.63854267
0.63758389
0.63758389
0.63566635
0.63566635
0.63470757
0.63374880
0.63279003
0.63183126
0.63087248
0.62991371
0.62895494
0.62799616
0.62703739
0.62511985
0.62416107
0.62320230
0.61744966
0.61744966
0.61744966
0.61649089
0.61457335
0.61265580
0.61169703
0.61073826
0.60977948
0.60882071
0.60786194
0.60690316
0.60594439
0.60498562
0.60402685
0.60210930
0.60115053
0.59923298
0.59731544
0.59635666
0.59539789
0.59443912
0.59252157
0.59156280
0.59060403
0.58964525
0.58868648
0.58772771
0.58676894
0.58581016
0.58485139
0.58389262
0.58197507
0.58101630
0.58005753
0.57909875
0.57813998
0.57526366
0.57526366
0.57430489
0.57334612
0.57238734
0.57142857
0.57046980
0.56855225
0.56567593
0.56471716
0.56375839
0.56279962
0.56184084
0.56088207
0.55992330
0.55896453
0.55800575
0.55704698
0.55608821
0.55321189
0.55129434
0.55033557
0.55033557
0.54937680
0.54841802
0.54745925
0.54650048
0.54554171
0.54458293
0.54362416
0.54266539
0.54170662
0.54074784
0.53978907
0.53691275
0.53595398
0.53499521
0.53403643
0.53307766
0.53211889
0.53116012
0.53020134
0.52924257
0.52828380
0.52732502
0.52540748
0.52253116
0.51965484
0.51773730
0.51486098
0.51390221
0.51294343
0.51102589
0.51102589
0.51102589
0.51102589
0.50910834
0.50814957
0.50719080
0.50623202
0.50527325
0.50431448
0.50335570
0.50239693
0.50143816
0.50047939
0.49952061
0.49472675
0.49472675
0.49472675
0.49376798
0.49185043
0.49089166
0.48993289
0.48897411
0.48705657
0.48609779
0.48513902
0.48418025
0.48226270
0.47938639
0.47938639
0.47842761
0.47746884
0.47651007
0.47363375
0.47267498
0.47075743
0.46979866
0.46883988
0.46692234
0.46596357
0.46500479
0.46212848
0.46212848
0.46116970
0.46021093
0.45925216
0.45829338
0.45733461
0.45637584
0.45541707
0.45445829
0.45158198
0.45062320
0.44966443
0.44870566
0.44582934
0.44487057
0.44391179
0.44295302
0.44199425
0.44007670
0.43911793
0.43815916
0.43528284
0.43240652
0.43144775
0.43048897
0.42953020
0.42857143
0.42761266
0.42569511
0.42473634
0.42281879
0.42186002
0.42090125
0.41994247
0.41898370
0.41802493
0.41706616
0.41610738
0.41514861
0.41418984
0.41323106
0.41131352
0.41035475
0.40843720
0.40747843
0.40556088
0.40268456
0.40076702
0.39980825
0.39884947
0.39693193
0.39597315
0.39501438
0.39405561
0.39213806
0.38926174
0.38638543
0.38446788
0.38350911
0.38255034
0.37871524
0.37871524
0.37871524
0.37871524
0.37871524
0.37871524
0.37583893
0.37488015
0.37296261
0.37008629
0.37008629
0.36912752
0.36529243
0.36433365
0.36241611
0.35858102
0.35666347
0.35666347
0.35474593
0.35378715
0.35282838
0.35091083
0.34995206
0.34803452
0.34611697
0.34515820
0.34515820
0.34419942
0.34324065
0.34228188
0.33748802
0.33748802
0.33748802
0.33652924
0.33077661
0.33077661
0.33077661
0.32981783
0.32885906
0.32694151
0.32598274
0.32310642
0.32214765
0.32118888
0.32023011
0.31639501
0.31639501
0.31543624
0.31447747
0.31351870
0.31064238
0.30488974
0.30393097
0.30297220
0.30201342
0.30009588
0.29817833
0.29530201
0.29434324
0.29338447
0.29242570
0.29146692
0.28571429
0.28187919
0.27900288
0.27516779
0.27133269
0.26941515
0.26558006
0.26078619
0.25982742
0.25790988
0.25599233
0.25599233
0.25215724
0.25215724
0.25215724
0.25215724
0.25215724
0.25215724
0.25215724
0.25215724
0.25215724
0.25215724
0.25023969
0.24832215
0.24640460
0.24352828
0.24256951
0.24065197
0.24065197
0.24065197
0.23969319
0.23681687
0.23585810
0.23489933
0.23394056
0.23298178
0.23202301
0.23106424
0.23010547
0.22531160
0.22531160
0.22531160
0.22435283
0.22339406
0.22243528
0.22147651
0.21955896
0.21860019
0.21764142
0.21668265
0.21284756
0.21188878
0.21093001
0.20997124
0.20901246
0.20613615
0.20421860
0.20325983
0.20230105
0.20134228
0.20134228
0.19942474
0.19846596
0.19750719
0.19271333
0.19079578
0.18983701
0.18312560
0.18120805
0.17833174
0.17162033
0.16970278
0.16586769
0.13710451
0.13710451
0.13710451
0.13710451
0.13710451
0.13614573
0.13614573
0.13614573
0.13614573
0.13614573
0.13614573
0.13518696
0.13518696
0.13518696
0.13518696
0.13518696
0.13518696
0.13518696
0.13518696
0.13518696
0.13518696
0.13518696
0.13518696
0.13422819
0.12847555
0.12847555
0.12847555
0.12751678
0.12655801
0.12559923
0.12464046
0.12368169
0.12272291
0.12176414
0.12080537
0.11984660
0.11888782
0.11792905
0.11697028
0.11409396
0.11313519
0.11217641
0.11121764
0.11025887
0.10930010
0.10642378
0.10546500
0.10450623
0.10162991
0.10067114
0.09875360
0.09491850
0.09300096
0.09012464
0.08820709
0.08533078
0.08341323
0.08245446
0.08149569
0.04314477
0.04314477
0.04218600
0.04218600
0.04122723
0.03930968
0.03930968
0.03930968
0.03930968
0.03930968
0.03930968
0.03930968
0.03930968
0.03930968
0.03930968
0.03930968
0.03930968
0.03930968
0.03930968
0.03930968
0.03930968
0.03930968
0.03930968
0.03835091
0.03835091
0.03739214
0.03739214
0.03739214
0.03643337
0.03451582
0.03259827
0.03163950
0.03068073
0.02972196
0.02876318
0.02780441
0.02588686
0.02492809
0.02396932
0.02301055
0.02109300
0.02013423
0.01917546
0.01821668
0.01150527
0.00958773
0.00671141
0.00287632
0.00287632
0.00287632
0.00287632
0.00287632
0.00095877
0.00095877
0.00095877
0.00095877
0.00095877
0.00095877
0.00095877
0.00095877
0.00095877
0.00095877
0.00095877
0.00095877
0.00095877
0.00095877
0.00095877
0.00095877
0.00095877
0.00095877
0.00095877
0.00095877
0.00095877
0.00095877
0.00095877
0.00095877
0.00095877
0.00095877
0.00095877
0.00095877
0.00095877
0.00095877
0.00095877
0.00095877
0.00095877
0.00095877
0.00095877
0.00095877
0.00095877
0.00095877
0.00095877
0.00095877
0.00095877
0.00095877
0.00095877
0.00095877
0.00095877
0.00095877
0.00095877
0.00095877
0.00095877
0.00095877
0.00095877
0.00095877
0.00095877
0.00095877
0.00095877
0.00095877
0.00095877
0.00095877
0.00095877
0.00095877
0.00095877
0.00095877
0.00095877
0.00095877
0.00095877
0.00095877
0.00095877
0.00095877
0.00095877
0.00095877
0.00095877
0.00095877
0.00095877
0.00095877
0.00095877
0.00095877
0.00095877
0.00095877
0.00095877
0.00095877
0.00095877
0.00095877
0.00095877
0.00095877
0.00095877
0.00095877
0.00095877
0.00095877
0.00095877
0.00095877
0.00095877
0.00095877
0.00095877
0.00095877
0.00095877
0.00095877
0.00095877
0.00095877
0.00095877
0.00095877
0.00095877
0.00095877
0.00095877
0.00095877
0.00095877
0.00095877
0.00095877
0.00095877
0.00095877
0.00095877
0.00095877
0.00095877
0.00095877
0.00095877
0.00095877
0.00095877
0.00095877
0.00095877
0.00095877
0.00095877
0.00095877
0.00095877
0.00095877
0.00095877
0.00095877
0.00095877
0.00095877
0.00095877
0.00095877
0.00095877
0.00095877
0.00095877
0.00095877
0.00095877
0.00095877
0.00095877
0.00095877
0.00095877
0.00095877
0.00095877
0.00095877
0.00095877
0.00095877
0.00095877
0.00095877
0.00095877
0.00095877
0.00095877
0.00095877
0.00095877
0.00095877
0.00095877
0.00095877
0.00095877
0.00095877
0.00095877
0.00095877
0.00095877
0.00095877
0.00095877
0.00095877
0.00095877
0.00095877
0.00095877
0.00095877
0.00095877
0.00095877
0.00095877
0.00095877
0.00095877
0.00095877
0.00095877
0.00095877
0.00095877
0.00095877
0.00095877
0.00095877
0.00095877
0.00095877
0.00095877
0.00095877
0.00095877
0.00095877
0.00095877
0.00095877
0.00095877
0.00095877
0.00095877
0.00095877
0.00095877
0.00095877
0.00095877
0.00095877
0.00095877
0.00095877
0.00095877
0.00095877
0.00095877
0.00095877
0.00095877
0.00095877
0.00095877
0.00095877
0.00095877
0.00095877
0.00095877
0.00095877
0.00095877
0.00095877
0.00095877
0.00095877
0.00095877
0.00095877
0.00095877
0.00095877
0.00095877
0.00095877
0.00095877
0.00095877
0.00095877
0.00095877
0.00095877
0.00095877
0.00095877
0.00095877
0.00095877
0.00095877
0.00095877
0.00095877
0.00095877
0.00095877
0.00095877
0.00095877
0.00095877
0.00095877
0.00095877
0.00095877
0.00095877
0.00095877
0.00095877
0.00095877
0.00095877
0.00095877
0.00095877
0.00095877
0.00095877
0.00095877
0.00095877
0.00095877
0.00095877
0.00095877
0.00095877
0.00095877
0.00095877
0.00095877
0.00095877
0.00095877
0.00095877
0.00095877
0.00095877
0.00095877
0.00095877
0.00095877
0.00095877
0.00095877
