1.00000000
0.87951807
0.73493976
0.73493976
0.73493976
0.73493976
0.73493976
0.73493976
0.73493976
0.63855422
0.51807229
0.51807229
0.51807229
0.51807229
0.51807229
0.51807229
0.28915663
0.28915663
0.26506024
0.13253012
0.13253012
0.13253012
0.13253012
0.13253012
0.13253012
0.13253012
0.13253012
0.13253012
0.13253012
0.13253012
0.13253012
0.13253012
0.13253012
0.13253012
0.13253012
0.13253012
0.13253012
0.13253012
0.13253012
0.13253012
0.13253012
0.13253012
0.13253012
0.13253012
0.13253012
0.13253012
0.13253012
0.13253012
0.13253012
0.13253012
0.13253012
0.13253012
0.13253012
0.13253012
0.13253012
0.13253012
0.13253012
0.13253012
0.13253012
0.13253012
0.13253012
0.13253012
0.13253012
0.13253012
0.13253012
0.13253012
0.13253012
0.13253012
0.13253012
0.13253012
0.13253012
0.13253012
0.13253012
0.13253012
0.13253012
0.13253012
0.13253012
0.13253012
0.13253012
0.13253012
0.13253012
0.13253012
0.13253012
0.13253012
0.13253012
0.13253012
0.13253012
0.13253012
0.13253012
0.13253012
0.13253012
0.13253012
0.13253012
0.13253012
0.13253012
0.13253012
0.13253012
0.13253012
0.13253012
0.13253012
0.13253012
0.13253012
0.13253012
0.13253012
0.13253012
0.13253012
0.13253012
0.12048193
0.10843373
0.04819277
0.04819277
0.04819277
0.04819277
0.04819277
0.03614458
0.03614458
0.03614458
0.03614458
0.03614458
0.03614458
0.03614458
0.03614458
0.03614458
0.03614458
0.03614458
0.03614458
0.03614458
0.03614458
0.03614458
0.03614458
0.03614458
0.03614458
0.03614458
0.03614458
0.03614458
0.03614458
0.03614458
0.03614458
0.03614458
0.03614458
0.03614458
0.03614458
0.03614458
0.03614458
0.03614458
0.03614458
0.03614458
0.03614458
0.03614458
0.03614458
0.03614458
0.03614458
0.03614458
0.03614458
0.03614458
0.03614458
0.03614458
0.03614458
0.03614458
0.03614458
0.03614458
0.03614458
0.03614458
0.03614458
0.03614458
0.03614458
0.03614458
0.03614458
0.03614458
0.03614458
0.03614458
0.03614458
0.03614458
0.03614458
0.03614458
0.03614458
0.03614458
0.03614458
0.03614458
0.03614458
0.03614458
0.03614458
0.03614458
0.03614458
0.03614458
0.03614458
0.03614458
0.03614458
0.03614458
0.03614458
0.03614458
0.03614458
0.03614458
0.03614458
0.03614458
0.03614458
0.03614458
0.03614458
0.03614458
0.03614458
0.03614458
0.03614458
0.03614458
0.03614458
0.03614458
0.03614458
0.03614458
0.03614458
0.03614458
0.03614458
0.03614458
0.03614458
0.03614458
0.03614458
0.03614458
0.03614458
0.03614458
0.03614458
0.03614458
0.03614458
0.03614458
0.03614458
0.03614458
0.03614458
0.03614458
0.03614458
0.03614458
0.03614458
0.03614458
0.03614458
0.03614458
0.03614458
0.01204819
0.01204819
0.01204819
0.01204819
0.01204819
0.01204819
0.01204819
0.01204819
0.01204819
0.01204819
0.01204819
0.01204819
0.01204819
0.01204819
0.01204819
0.01204819
0.01204819
0.01204819
0.01204819
0.01204819
0.01204819
0.01204819
0.01204819
0.01204819
0.01204819
0.01204819
0.01204819
0.01204819
0.01204819
0.01204819
0.01204819
0.01204819
0.01204819
0.01204819
0.01204819
0.01204819
0.01204819
0.01204819
0.01204819
0.01204819
0.01204819
0.01204819
0.01204819
0.01204819
0.01204819
0.01204819
0.01204819
0.01204819
0.01204819
0.01204819
0.01204819
0.01204819
0.01204819
0.01204819
0.01204819
0.01204819
0.01204819
0.01204819
0.01204819
0.01204819
0.01204819
0.01204819
0.01204819
0.01204819
0.01204819
0.01204819
0.01204819
0.01204819
0.01204819
0.01204819
0.01204819
0.01204819
0.01204819
0.01204819
0.01204819
0.01204819
0.01204819
0.01204819
0.01204819
0.01204819
0.01204819
0.01204819
0.01204819
0.01204819
0.01204819
0.01204819
0.01204819
0.01204819
0.01204819
0.01204819
0.01204819
0.01204819
0.01204819
0.01204819
0.01204819
0.01204819
0.01204819
0.01204819
0.01204819
0.01204819
0.01204819
0.01204819
0.01204819
0.01204819
0.01204819
0.01204819
0.01204819
0.01204819
0.01204819
0.01204819
0.01204819
0.01204819
0.01204819
0.01204819
0.01204819
0.01204819
0.01204819
0.01204819
0.01204819
0.01204819
0.01204819
0.01204819
0.01204819
0.01204819
0.01204819
0.01204819
0.01204819
0.01204819
0.01204819
0.01204819
0.01204819
0.01204819
0.01204819
0.01204819
0.01204819
0.01204819
0.01204819
0.01204819
0.01204819
0.01204819
0.01204819
0.01204819
0.01204819
0.01204819
0.01204819
0.01204819
0.01204819
0.01204819
0.01204819
0.01204819
0.01204819
0.01204819
0.01204819
0.01204819
0.01204819
0.01204819
0.01204819
0.01204819
0.01204819
0.01204819
0.01204819
0.01204819
0.01204819
0.01204819
0.01204819
0.01204819
0.01204819
0.01204819
0.01204819
0.01204819
0.01204819
0.01204819
0.01204819
0.01204819
0.01204819
0.01204819
0.01204819
0.01204819
0.01204819
0.01204819
0.01204819
0.01204819
0.01204819
0.01204819
0.01204819
0.01204819
0.01204819
0.01204819
0.01204819
0.01204819
0.01204819
0.01204819
0.01204819
0.01204819
0.01204819
0.01204819
0.01204819
0.01204819
0.01204819
0.01204819
0.01204819
0.01204819
0.01204819
0.01204819
0.01204819
0.01204819
0.01204819
0.01204819
0.01204819
0.01204819
0.01204819
0.01204819
0.01204819
0.01204819
0.01204819
0.01204819
0.01204819
0.01204819
0.01204819
0.01204819
0.01204819
0.01204819
0.01204819
0.01204819
0.01204819
0.01204819
0.01204819
0.01204819
0.01204819
0.01204819
0.01204819
0.01204819
0.01204819
0.01204819
0.01204819
0.01204819
0.01204819
0.01204819
0.01204819
0.01204819
0.01204819
0.01204819
0.01204819
0.01204819
0.01204819
0.01204819
0.01204819
0.01204819
0.01204819
0.01204819
0.01204819
0.01204819
0.01204819
0.01204819
0.01204819
0.01204819
0.01204819
0.01204819
0.01204819
0.01204819
0.01204819
0.01204819
0.01204819
0.01204819
0.01204819
0.01204819
0.01204819
0.05415651
0.00000000
