1.00000000
0.94648829
0.93645485
0.89966555
0.89297659
0.86956522
0.86622074
0.79598662
0.67558528
0.59866221
0.58528428
0.57190635
0.49498328
0.34113712
0.24080268
0.08361204
0.08361204
0.08361204
0.05351171
0.03010033
0.03010033
0.01672241
0.01337793
0.01337793
0.01003344
0.01003344
0.01003344
0.01003344
0.01003344
0.01003344
0.01003344
0.01003344
0.01003344
0.01003344
0.01003344
0.01003344
0.01003344
0.01003344
0.01003344
0.01003344
0.01003344
0.01003344
0.01003344
0.01003344
0.01003344
0.01003344
0.01003344
0.01003344
0.01003344
0.01003344
0.01003344
0.00334448
0.00334448
0.00334448
0.00334448
0.00334448
0.00334448
0.00334448
0.00334448
0.00334448
0.00334448
0.00334448
0.00334448
0.00334448
0.00334448
0.00334448
0.00334448
0.00334448
0.00334448
0.00334448
0.00334448
0.00334448
0.00334448
0.00334448
0.00334448
0.00334448
0.00334448
0.00334448
0.00334448
0.00334448
0.00334448
0.00334448
0.00334448
0.00334448
0.00334448
0.00334448
0.00334448
0.00334448
0.00334448
0.00334448
0.00334448
0.00334448
0.00334448
0.00334448
0.00334448
0.00334448
0.00334448
0.00334448
0.00334448
0.00334448
0.00334448
0.00334448
0.00334448
0.00334448
0.00334448
0.00334448
0.00334448
0.00334448
0.00334448
0.00334448
0.00334448
0.00334448
0.00334448
0.00334448
0.00334448
0.00334448
0.00334448
0.00334448
0.00334448
0.00334448
0.00334448
0.00334448
0.00334448
0.00334448
0.00334448
0.00334448
0.00334448
0.00334448
0.00334448
0.00334448
0.00334448
0.00334448
0.00334448
0.00334448
0.00334448
0.00334448
0.00334448
0.00334448
0.00334448
0.00334448
0.00334448
0.00334448
0.00334448
0.00334448
0.00334448
0.00334448
0.00334448
0.00334448
0.00334448
0.00334448
0.00334448
0.00334448
0.00334448
0.00334448
0.00334448
0.00334448
0.00334448
0.00334448
0.00334448
0.00334448
0.00334448
0.00334448
0.00334448
0.00334448
0.00334448
0.00334448
0.00334448
0.00334448
0.00334448
0.00334448
0.00334448
0.00334448
0.00334448
0.00334448
0.00334448
0.00334448
0.00334448
0.00334448
0.00334448
0.00334448
0.00334448
0.00334448
0.00334448
0.00334448
0.00334448
0.00334448
0.00334448
0.00334448
0.00334448
0.00334448
0.00334448
0.00334448
0.00334448
0.00334448
0.00334448
0.00334448
0.00334448
0.00334448
0.00334448
0.00334448
0.00334448
0.00334448
0.00334448
0.00334448
0.00334448
0.00334448
0.00334448
0.00334448
0.00334448
0.00334448
0.00334448
0.00334448
0.00334448
0.00334448
0.00334448
0.00334448
0.00334448
0.00334448
0.00334448
0.00334448
0.00334448
0.00334448
0.00334448
0.00334448
0.00334448
0.00334448
0.00334448
0.00334448
0.00334448
0.00334448
0.00334448
0.00334448
0.00334448
0.00334448
0.00334448
0.00334448
0.00334448
0.00334448
0.00334448
0.00334448
0.00334448
0.00334448
0.00334448
0.00334448
0.00334448
0.00334448
0.00334448
0.00334448
0.00334448
0.00334448
0.00334448
0.00334448
0.00334448
0.00334448
0.00334448
0.00334448
0.00334448
0.00334448
0.00334448
0.00334448
0.00334448
0.00334448
0.00334448
0.00334448
0.00334448
0.00334448
0.00334448
0.00334448
0.00334448
0.00334448
0.00334448
0.00334448
0.00334448
0.00334448
0.00334448
0.00334448
0.00334448
0.00334448
0.00334448
0.00334448
0.00334448
0.00334448
0.00334448
0.00334448
0.00334448
0.00334448
0.00334448
0.00334448
0.00334448
0.00334448
0.00334448
0.00334448
0.00334448
0.00334448
0.00334448
0.00334448
0.00334448
0.00334448
0.00334448
0.00334448
0.00334448
0.00334448
0.00334448
0.00334448
0.00334448
0.00334448
0.00334448
0.00334448
0.00334448
0.00334448
0.00334448
0.00334448
0.00334448
0.00334448
0.00334448
0.00334448
0.00334448
0.00334448
0.00334448
0.00334448
0.00334448
0.00334448
0.00334448
0.00334448
0.00334448
0.00334448
0.00334448
0.00334448
0.00334448
0.00334448
0.00334448
0.00334448
0.00334448
0.00334448
0.00334448
0.00334448
0.00334448
0.00334448
0.00334448
0.00334448
0.00334448
0.00334448
0.00334448
0.00334448
0.00334448
0.00334448
0.00334448
0.00334448
0.00334448
0.00334448
0.00334448
0.00334448
0.00334448
0.00334448
0.00334448
0.00334448
0.00334448
0.00334448
0.00334448
0.00334448
0.00334448
0.00334448
0.00334448
0.00334448
0.00334448
0.00334448
0.00334448
0.00334448
0.00334448
0.00334448
0.00334448
0.00334448
0.00334448
0.00334448
0.00334448
0.00334448
0.00334448
0.00334448
0.00334448
0.00334448
0.00334448
0.00334448
0.00334448
0.00334448
0.00334448
0.00334448
0.00334448
0.00334448
0.00334448
0.00334448
0.00334448
0.00334448
0.00334448
0.00334448
0.00334448
0.00334448
0.00334448
0.00334448
0.00334448
0.00334448
0.00334448
0.00334448
0.00334448
0.00334448
0.00334448
0.00334448
0.00334448
0.00334448
0.00334448
0.00334448
0.00334448
0.00334448
0.00334448
0.00334448
0.00334448
0.00334448
0.00334448
0.00334448
0.00334448
0.00334448
0.00334448
0.00334448
0.00334448
0.00334448
0.00334448
0.00334448
0.00334448
0.00334448
0.00334448
0.00334448
0.00334448
0.00334448
0.00334448
0.00334448
0.00334448
0.00334448
0.00334448
0.00334448
0.00334448
0.00334448
0.00334448
0.00334448
0.00334448
0.00334448
0.00334448
0.00334448
0.00334448
0.00334448
0.00334448
0.00334448
0.00334448
0.00334448
0.00334448
0.00334448
0.00334448
0.00334448
0.00334448
0.00334448
0.00334448
0.00334448
0.00334448
0.00334448
0.00334448
0.00334448
0.00334448
0.00334448
0.00334448
0.00334448
0.00334448
0.00334448
0.00334448
0.00334448
0.00334448
0.00334448
0.00334448
0.00334448
0.00334448
0.00334448
0.00334448
0.00334448
0.00334448
0.00334448
0.00334448
0.00334448
0.00334448
0.00334448
0.00334448
0.00334448
0.00334448
0.00334448
0.00334448
0.00334448
0.00334448
0.00334448
0.00334448
0.00334448
0.00334448
0.00334448
0.00334448
0.00334448
0.00334448
0.00334448
0.00334448
0.00334448
0.00334448
0.00334448
0.00334448
0.00334448
0.00334448
0.00334448
0.00334448
0.00334448
0.00334448
0.00334448
0.00334448
0.00334448
0.00334448
0.00334448
0.00334448
0.00334448
0.00334448
0.00334448
0.00334448
0.00334448
0.00334448
0.00334448
0.00334448
0.00334448
0.00334448
0.00334448
0.00334448
0.00334448
0.00334448
0.00334448
0.00334448
0.00334448
0.00334448
0.00334448
0.00334448
0.00334448
0.00334448
0.00334448
0.00334448
0.00334448
0.00334448
0.00334448
0.00334448
0.00334448
0.00334448
0.00334448
0.00334448
0.00334448
0.00334448
0.00334448
0.00334448
0.00334448
0.00334448
0.00334448
0.00334448
0.00334448
0.00334448
0.00334448
0.00334448
0.00334448
0.00334448
0.00334448
0.00334448
0.00334448
0.00334448
0.00334448
0.00334448
0.00334448
0.00334448
0.00334448
0.00334448
0.00334448
0.00334448
0.00334448
0.00334448
0.00334448
0.00334448
0.00334448
0.00334448
0.00334448
0.00334448
0.00334448
0.00334448
0.00334448
0.00334448
0.00334448
0.00334448
0.00334448
0.00334448
0.00334448
0.00334448
0.00334448
0.00334448
0.00334448
0.00334448
0.00334448
0.00334448
0.00334448
0.00334448
0.00334448
0.00334448
0.00334448
0.00334448
0.00334448
0.00334448
0.00334448
0.00334448
0.00334448
0.00334448
0.00334448
0.00334448
0.00334448
0.00334448
0.00334448
0.00334448
0.00334448
0.00334448
0.00334448
0.00334448
0.00334448
0.00334448
0.00334448
0.00334448
0.00334448
0.00334448
0.00334448
0.00334448
0.00334448
0.00334448
0.00334448
0.00334448
0.00334448
0.00334448
0.00334448
0.00334448
0.00334448
0.00334448
0.00334448
0.00334448
0.00334448
0.00334448
0.00334448
0.00334448
0.00334448
0.00334448
0.00334448
0.00334448
0.00334448
0.00334448
0.00334448
0.00334448
0.00334448
0.00334448
0.00334448
0.00334448
0.00334448
0.00334448
0.00334448
0.00334448
0.00334448
0.00334448
0.00334448
0.00334448
0.00334448
0.00334448
0.00334448
0.00334448
0.00334448
0.00334448
0.00334448
0.00334448
0.00334448
0.01538165
0.00000000
