1.00000000
0.98809524
0.97619048
0.94047619
0.92857143
0.91666667
0.90476190
0.89285714
0.88095238
0.82142857
0.80952381
0.79761905
0.70238095
0.69047619
0.66666667
0.65476190
0.64285714
0.63095238
0.61904762
0.60714286
0.59523810
0.54761905
0.53571429
0.52380952
0.51190476
0.47619048
0.42857143
0.41666667
0.40476190
0.38095238
0.35714286
0.34523810
0.33333333
0.30952381
0.29761905
0.28571429
0.27380952
0.26190476
0.25000000
0.23809524
0.13095238
0.02380952
0.02380952
0.02380952
0.02380952
0.02380952
0.01190476
0.01190476
0.01190476
0.01190476
0.01190476
0.01190476
0.01190476
0.01190476
0.01190476
0.01190476
0.01190476
0.01190476
0.01190476
0.01190476
0.01190476
0.01190476
0.01190476
0.01190476
0.01190476
0.01190476
0.01190476
0.01190476
0.01190476
0.01190476
0.01190476
0.01190476
0.01190476
0.01190476
0.01190476
0.01190476
0.01190476
0.01190476
0.01190476
0.01190476
0.01190476
0.01190476
0.01190476
0.01190476
0.27508503
0.00000000
