1.00000000
0.99610895
0.99221790
0.98832685
0.98443580
0.98443580
0.98054475
0.97665370
0.97276265
0.96887160
0.96498054
0.96108949
0.95719844
0.95330739
0.94941634
0.93774319
0.93385214
0.92996109
0.92607004
0.91828794
0.91439689
0.91050584
0.90661479
0.90272374
0.89883268
0.89494163
0.89105058
0.88715953
0.88326848
0.87937743
0.87548638
0.87159533
0.86770428
0.86381323
0.85992218
0.85603113
0.85214008
0.84435798
0.83268482
0.82101167
0.82101167
0.81712062
0.79766537
0.79377432
0.78988327
0.77431907
0.76653696
0.76264591
0.75875486
0.75486381
0.70038911
0.70038911
0.70038911
0.70038911
0.69649805
0.68093385
0.67315175
0.66536965
0.65369650
0.64980545
0.64591440
0.64202335
0.63424125
0.60311284
0.59533074
0.59143969
0.55642023
0.53696498
0.53307393
0.52529183
0.52140078
0.51361868
0.50972763
0.50194553
0.49027237
0.48638132
0.48249027
0.47859922
0.47470817
0.46692607
0.45525292
0.44747082
0.43579767
0.41634241
0.40856031
0.40466926
0.40077821
0.35797665
0.32295720
0.31128405
0.29961089
0.25291829
0.04280156
0.04280156
0.04280156
0.02723735
0.02723735
0.02334630
0.01945525
0.01945525
0.01556420
0.01556420
0.01556420
0.01167315
0.01167315
0.01167315
0.01167315
0.01167315
0.01167315
0.01167315
0.01167315
0.01167315
0.01167315
0.01167315
0.01167315
0.01167315
0.01167315
0.01167315
0.01167315
0.01167315
0.01167315
0.01167315
0.01167315
0.01167315
0.01167315
0.01167315
0.01167315
0.01167315
0.01167315
0.01167315
0.01167315
0.01167315
0.01167315
0.01167315
0.00389105
0.00389105
0.00389105
0.00389105
0.00389105
0.00389105
0.00389105
0.00389105
0.00389105
0.00389105
0.00389105
0.00389105
0.00389105
0.00389105
0.00389105
0.00389105
0.00389105
0.00389105
0.00389105
0.00389105
0.00389105
0.00389105
0.00389105
0.00389105
0.00389105
0.00389105
0.00389105
0.00389105
0.00389105
0.00389105
0.00389105
0.00389105
0.00389105
0.00389105
0.00389105
0.00389105
0.00389105
0.00389105
0.00389105
0.00389105
0.00389105
0.00389105
0.00389105
0.00389105
0.00389105
0.00389105
0.00389105
0.00389105
0.00389105
0.00389105
0.00389105
0.00389105
0.00389105
0.00389105
0.00389105
0.00389105
0.00389105
0.00389105
0.00389105
0.00389105
0.00389105
0.00389105
0.00389105
0.00389105
0.00389105
0.00389105
0.00389105
0.00389105
0.00389105
0.00389105
0.00389105
0.00389105
0.00389105
0.00389105
0.00389105
0.00389105
0.00389105
0.00389105
0.00389105
0.00389105
0.00389105
0.00389105
0.00389105
0.00389105
0.00389105
0.00389105
0.00389105
0.00389105
0.00389105
0.00389105
0.00389105
0.00389105
0.00389105
0.00389105
0.00389105
0.00389105
0.00389105
0.00389105
0.00389105
0.00389105
0.00389105
0.00389105
0.00389105
0.00389105
0.00389105
0.00389105
0.00389105
0.00389105
0.00389105
0.00389105
0.00389105
0.00389105
0.00389105
0.00389105
0.00389105
0.00389105
0.00389105
0.00389105
0.00389105
0.00389105
0.00389105
0.00389105
0.00389105
0.00389105
0.00389105
0.00389105
0.00389105
0.00389105
0.00389105
0.00389105
0.00389105
0.00389105
0.00389105
0.00389105
0.00389105
0.00389105
0.00389105
0.00389105
0.00389105
0.00389105
0.00389105
0.00389105
0.00389105
0.00389105
0.00389105
