1.00000000
0.95061728
0.93827160
0.92592593
0.91358025
0.88888889
0.83950617
0.82716049
0.81481481
0.80246914
0.79012346
0.77777778
0.76543210
0.75308642
0.74074074
0.71604938
0.70370370
0.62962963
0.61728395
0.60493827
0.59259259
0.58024691
0.56790123
0.55555556
0.54320988
0.53086420
0.51851852
0.50617284
0.49382716
0.48148148
0.46913580
0.45679012
0.44444444
0.43209877
0.41975309
0.40740741
0.39506173
0.38271605
0.37037037
0.35802469
0.32098765
0.23456790
0.02469136
0.02469136
0.02469136
0.02469136
0.01234568
0.01234568
0.01234568
0.01234568
0.01234568
0.01234568
0.01234568
0.01234568
0.01234568
0.01234568
0.01234568
0.01234568
0.01234568
0.01234568
0.01234568
0.01234568
0.01234568
0.01234568
0.01234568
0.01234568
0.01234568
0.01234568
0.01234568
0.01234568
0.01234568
0.01234568
0.01234568
0.01234568
0.01234568
0.01234568
0.01234568
0.01234568
0.01234568
0.01234568
0.01234568
0.01234568
0.30698585
0.00000000
