333
182
285
8
113
493
242
297
213
115
396
99
75
420
474
231
417
178
117
390
338
229
224
185
35
116
90
421
240
371
393
208
437
323
186
89
411
130
106
349
408
112
6
2
385
3
309
129
339
249
326
282
32
402
363
264
353
310
352
436
307
139
138
440
293
273
275
388
135
134
270
173
425
86
132
471
438
131
85
248
52
171
128
200
341
46
100
156
418
381
266
67
427
122
380
360
407
59
455
373
95
383
194
355
314
180
254
467
181
0
433
435
239
60
164
428
343
364
298
430
258
431
162
325
441
442
124
161
410
322
160
409
159
319
118
317
280
157
315
446
276
228
311
336
225
272
287
308
110
109
152
404
304
302
403
265
362
167
299
206
102
204
147
259
78
199
399
321
398
290
73
288
191
286
188
187
54
91
243
212
394
241
454
211
177
64
87
234
174
320
120
332
472
377
468
227
165
459
216
80
367
175
368
269
268
74
97
29
483
127
445
370
43
401
126
28
484
107
53
379
11
18
44
21
416
250
183
168
465
327
88
453
