768
719
1137
1211
423
1151
842
1065
1059
660
876
1225
1095
601
54
208
1322
1265
254
1156
904
693
190
436
1113
144
697
456
250
212
452
1051
176
145
1338
740
542
113
966
871
349
806
412
860
751
1343
1133
864
1108
900
422
545
365
1046
472
1323
621
628
702
1088
923
770
853
182
205
890
1290
1090
659
857
336
1134
1226
1061
1302
578
231
523
827
1161
66
1041
44
526
419
124
1009
706
1236
868
222
294
939
204
504
1337
395
81
533
1045
279
1098
970
626
63
17
512
932
605
1094
535
1268
1118
461
1188
368
952
584
748
27
787
192
1080
496
1243
668
209
896
1068
457
816
380
223
61
1123
1124
1312
1269
602
570
929
466
991
165
938
227
1271
818
122
669
240
833
647
316
555
114
276
666
309
519
274
678
547
517
975
200
271
1192
681
1176
690
538
633
224
534
59
117
138
1091
793
386
1008
746
299
194
289
219
522
1347
1280
708
337
639
1160
163
1050
1015
1210
111
1341
301
411
1105
494
862
416
630
146
1002
838
383
822
817
1055
1297
807
312
1017
782
1022
123
1189
491
1116
1129
518
1033
283
393
234
627
80
841
1296
826
711
39
821
497
338
487
620
699
280
26
994
832
1141
1048
1131
979
255
1104
285
396
375
965
636
851
623
571
477
424
549
266
725
1369
824
1380
147
11
1291
14
400
1307
785
790
906
1249
1371
164
29
1391
1178
646
616
9
1248
715
238
93
895
665
372
513
892
700
936
1107
198
1396
1332
614
1038
343
295
132
13
1231
511
1362
798
384
303
468
1127
471
108
261
1031
898
1217
1175
508
429
392
811
843
347
1005
564
1140
69
1190
1097
157
760
1352
990
795
325
1359
0
1209
803
1198
1222
1375
780
1245
30
46
1388
506
687
1110
606
451
376
189
704
152
207
107
1399
536
1220
1028
651
650
963
907
888
731
428
382
974
131
716
791
1303
980
297
913
196
1327
1162
848
548
590
1170
586
221
729
1115
945
10
1223
1224
962
367
961
733
960
459
919
918
458
362
915
1169
914
358
1168
1018
713
712
355
454
1164
908
1221
351
1163
323
698
830
903
281
902
694
944
834
1266
814
1260
688
950
949
1237
342
684
1159
894
893
339
445
675
444
1155
889
443
886
943
667
441
1153
663
440
881
329
1152
328
439
652
485
437
875
1150
873
781
934
870
779
778
776
433
866
634
431
1149
314
430
1014
1013
859
858
263
622
856
427
1143
854
426
1142
852
306
749
610
253
849
607
847
302
1276
845
844
300
421
298
486
420
1138
839
737
589
587
292
417
235
290
579
732
415
1012
976
728
574
572
726
724
226
721
1261
1100
282
1047
1295
1003
561
560
1227
410
1052
617
215
409
709
608
167
546
985
544
543
406
541
158
405
1083
1084
1229
532
1021
531
808
1060
585
307
887
262
150
155
967
260
521
840
140
1120
516
799
514
969
971
1275
680
796
397
1026
992
1073
252
792
502
129
391
498
257
495
197
786
1252
984
1278
244
489
120
350
655
947
946
363
374
653
480
170
649
79
772
334
641
1106
769
505
874
766
128
465
1281
62
1029
68
1235
1240
761
1202
95
598
1330
78
91
90
754
148
1096
661
371
1314
1315
1342
1032
750
1285
1345
600
559
37
213
1253
1194
83
130
1316
996
644
588
1340
229
741
23
180
237
86
1379
188
509
635
52
1325
1270
1279
76
1044
278
1042
916
1317
115
926
1007
691
1102
1334
595
304
156
216
1255
764
31
265
720
774
101
1079
1128
800
245
332
1109
126
539
933
1172
25
243
450
211
408
863
3
703
331
476
1394
