393
16
403
24
466
198
614
454
320
364
604
251
372
68
166
670
344
50
277
70
589
159
520
649
317
49
572
651
481
246
183
336
128
536
281
565
676
274
347
255
297
358
653
241
185
426
300
56
523
620
625
607
437
442
634
178
28
496
563
111
648
134
642
453
707
498
105
315
79
556
596
65
601
234
262
357
696
611
447
94
135
247
464
660
14
502
261
612
626
341
584
515
33
662
677
294
250
288
529
506
308
231
461
460
229
495
228
629
440
592
280
218
131
585
224
582
637
257
132
631
443
553
492
482
439
438
581
118
217
434
122
500
215
640
88
334
237
559
490
114
211
113
210
420
647
187
208
416
417
566
206
318
352
350
366
408
406
147
270
193
201
311
200
284
72
685
386
689
628
48
168
503
290
45
25
130
377
23
256
431
252
600
335
293
172
381
165
622
184
548
545
365
543
542
550
177
176
175
174
348
552
171
170
169
531
337
528
332
164
163
162
527
322
319
323
157
156
535
154
153
152
304
150
301
148
295
568
145
525
143
524
141
522
279
138
275
136
517
521
133
276
263
264
260
289
127
126
125
540
248
245
243
577
119
238
575
109
232
110
227
226
104
209
207
204
216
74
510
212
271
508
507
100
360
501
195
75
497
73
491
92
188
69
483
282
283
292
489
306
307
309
310
71
478
477
605
76
462
576
52
578
579
253
266
383
47
66
623
44
389
588
590
395
598
38
457
615
504
616
450
441
638
435
470
645
433
646
340
410
419
21
370
413
328
26
706
690
27
343
167
339
316
657
668
107
534
0
265
451
333
562
13
103
99
564
436
650
387
407
427
181
549
139
452
2
278
161
455
242
485
15
356
530
80
158
51
621
686
84
77
701
