1276
1664
1847
1136
1724
1285
401
2915
1174
2151
2289
1288
728
1365
2278
352
1864
2309
652
238
655
590
171
1198
303
794
2090
1859
68
2971
1133
340
289
1156
1412
2125
1840
1988
2256
2114
1015
1612
2102
2258
2316
2160
2135
691
2092
1153
950
1339
2161
897
2247
1499
1510
1619
2896
2960
2789
1598
2089
1321
362
217
1261
1422
2921
2170
317
2108
2881
2244
1860
2703
2312
2905
265
899
1850
1130
776
2205
1306
2153
1171
2223
2221
2344
2176
1910
1608
338
2914
2034
1627
3073
632
585
1274
1182
2415
2096
25
2363
2950
1774
1644
2341
2139
2083
1280
3075
615
2037
693
2983
1113
1907
1655
2024
535
1111
1201
809
678
331
1668
1665
529
1343
2075
462
2966
263
1046
1151
2947
2179
2262
3076
1338
1624
431
2173
358
2906
1278
2059
1788
3025
1137
2134
1266
3146
1279
594
1330
2765
1828
1918
309
2887
2099
2115
322
1145
1646
223
342
608
147
1856
1287
791
2035
1626
1265
697
874
1010
491
934
2077
1069
800
1662
2362
2308
522
449
2969
1747
605
618
1022
889
1264
2157
705
2340
1853
617
2187
326
1418
2106
2975
1206
1148
2193
2109
498
2188
1157
1893
1748
1606
1727
149
78
287
2901
3353
2300
3119
2959
796
764
701
2016
3009
1750
1905
2064
499
797
1752
1889
1083
1816
1899
600
508
581
1165
1866
13
2158
2146
2131
2314
1915
888
195
2904
2136
2044
162
793
2212
2105
2358
3038
2368
807
781
656
973
692
2318
707
1108
1323
254
830
2233
286
272
3325
972
3013
583
1743
3037
3108
2376
359
1443
1009
1150
2076
1945
2236
2729
3626
2171
837
695
3095
321
2116
1100
164
2882
2954
2210
1346
1149
201
2229
275
122
2317
1501
2763
380
657
3088
2948
1101
2074
1080
2100
1912
3035
301
1589
722
599
586
1755
2155
3
1763
2918
2033
2967
915
788
1666
2208
2215
3214
221
2253
2013
521
1173
1841
1654
1313
3174
1373
1051
1152
1297
2071
641
1307
1741
1508
3041
624
2943
2054
2772
1138
2369
1804
3036
2167
472
1749
218
279
3564
226
2086
2270
1744
1092
2067
3006
1311
2234
792
1491
679
1140
3351
1906
1900
1628
2916
1349
1738
2101
1903
878
1269
2811
2900
2206
1139
2149
330
1185
1286
2209
1789
2272
876
2119
1393
572
353
1488
2118
971
2366
2885
3269
1122
288
3355
1281
865
438
355
371
496
1820
2239
2973
2218
3138
1492
2420
2003
1561
1405
767
2902
45
750
2600
3039
1237
161
2203
488
3532
184
2697
2991
2295
1056
2907
1538
1144
1134
108
450
209
2150
1260
59
393
1199
1368
2895
2093
1826
88
382
1302
2337
1810
374
1888
1464
2917
663
780
1267
752
2659
1827
349
3330
3104
478
3019
885
3017
1179
912
1268
2682
1099
999
468
1739
3610
2036
1954
174
1745
191
1846
2985
237
1740
432
2890
569
3655
1821
1961
2174
3359
1195
95
1808
3596
1813
1858
1522
293
1886
427
1904
993
1759
1301
230
1437
1870
2183
474
942
3249
3255
1000
2984
483
1366
258
520
484
1791
396
711
1518
1050
290
723
408
524
1442
2509
106
1413
368
1404
3386
703
1929
1325
3372
1170
591
446
3669
1186
2325
1737
933
101
2029
1784
2645
1807
291
339
3622
925
11
1197
1090
1838
1270
815
718
2909
1164
1650
2861
1386
1722
985
423
3620
854
895
670
513
1758
2853
1862
1936
900
1732
3220
133
706
1731
1825
626
475
1872
249
2030
1867
4
688
1135
3637
1935
1895
457
883
1760
2888
1533
124
1809
0
2
3392
1645
234
1946
3621
2335
660
1181
1952
1836
1944
74
1771
1034
1536
612
945
1765
128
345
1021
302
166
151
1263
350
1933
584
1026
860
1882
455
85
2981
3254
3473
1699
83
1871
3354
1920
351
1852
1902
1892
364
3656
1890
1293
1971
3421
646
3286
3248
3649
2410
2939
2130
1783
3360
1291
530
154
1831
3071
348
53
58
486
533
2060
44
1947
48
32
2057
334
34
1155
1448
3633
2704
992
1885
381
622
887
1887
178
2282
1919
1555
1166
323
485
1712
1861
3055
1725
294
1033
1780
18
3208
91
1290
1271
1925
390
1874
134
754
1865
1779
1913
1
3422
66
3005
1706
14
126
2986
2474
1790
341
2534
1327
1735
274
366
266
54
185
769
262
1194
3053
1580
188
105
595
6
1832
1230
312
3352
1746
1908
103
2958
1875
197
3523
3445
2152
675
3145
3020
2416
1926
2398
194
247
231
1815
1169
2017
1593
2132
1940
1844
111
3080
139
285
759
250
2974
183
142
2104
311
1729
1146
1403
43
232
1736
2050
2039
1956
1328
1648
3629
3630
1125
240
233
3644
1131
607
235
2563
1767
2129
1911
582
324
28
2510
1575
402
519
873
651
578
1775
1183
257
207
206
2011
2189
1109
939
186
2894
3263
3000
1309
3414
3410
211
3334
2020
2140
2487
2304
1304
3618
1943
3057
436
308
3418
3032
3034
143
325
93
442
527
193
2481
61
661
1901
357
2753
2326
3123
3004
416
2576
2596
316
1399
2987
2584
2831
2936
3573
2364
3232
1459
1222
1796
3061
881
1992
3508
1495
3565
3203
2856
3398
3250
2745
2333
1855
3423
2425
1127
2444
1798
2771
2347
3281
2955
2324
2825
2301
2925
3094
2951
1818
2288
2240
2299
502
2182
3191
3159
3571
1565
97
127
3285
3124
3321
3121
3105
2360
2980
3048
2252
3168
3233
2752
2048
2791
2443
3322
2662
329
363
3164
1019
567
94
2956
3003
42
1659
3149
2365
2800
1006
3459
853
1251
3215
2879
773
1387
638
132
2965
1656
225
2185
2259
1917
2372
951
56
109
239
2339
3487
916
2045
2919
2280
3240
1081
3139
216
3207
3194
3387
2732
1921
1037
3027
1406
3538
3544
2717
3501
3078
3455
2162
2903
2407
1318
1653
784
1129
1024
89
118
1894
214
24
177
208
298
558
60
110
67
292
318
229
547
220
1531
1414
