1498
538
39484
29278
40635
9503
31583
4791
28441
12562
37524
12671
45839
51089
34499
11843
29055
27813
47943
182
6104
8282
12501
20282
13217
10185
3897
1556
4180
22491
529
44
6176
507
36076
492
3150
2295
5871
45004
565
24501
34209
10149
5773
1586
9895
9777
5652
812
2908
20763
1551
1690
10686
7265
40061
5816
21590
19683
17985
35999
44455
13468
7210
2324
19826
5248
40976
6713
3245
65
28243
43216
4056
15171
7667
896
166
168
15775
16352
6902
5664
4270
6632
823
11657
28639
52614
34935
34858
7230
37048
29194
34348
8331
33211
7672
34546
9357
4502
4661
1503
26
2521
13492
2708
41374
795
7936
266
25280
5817
13817
26499
6097
61
9876
608
9999
4787
12657
29640
2942
3247
1757
38850
885
43864
9362
32011
51141
8012
15071
48845
11601
18054
3223
8672
9784
2433
13406
1334
2313
24563
40122
25890
7321
20569
20291
4461
12660
32796
6468
9257
242
547
11
704
23799
5932
1316
14561
35638
14879
18441
3238
25317
4465
32805
24297
45426
355
2619
968
4630
15154
10703
12507
2778
18333
6939
11240
136
29412
4476
9293
4588
18843
1553
13335
15673
33926
47201
6667
23678
7100
21503
15004
44045
20992
11946
35246
10819
45009
3602
45919
46273
40859
8580
8359
5695
701
45872
46874
12914
45856
46206
31145
1240
9636
9055
35800
7316
50945
8945
56
10464
33429
12940
43586
5555
4826
19526
15511
35395
13846
24874
6479
2578
9917
29034
354
13748
2825
5522
38660
8003
43354
1326
1515
10999
18254
25494
29269
23844
69
979
3072
46919
6672
472
8942
34292
2474
6115
19198
8720
215
47001
27822
7606
42276
11894
33872
46091
43883
43908
32448
39880
12589
20941
18370
35081
2307
5943
13498
19403
50477
12973
53201
28640
10798
24067
26258
40149
47279
24806
55772
1371
9400
35479
9645
1705
7291
416
29917
10748
12551
25854
211
6730
23619
33842
33962
33172
28603
14383
15734
19830
479
10280
33733
11539
22411
17433
13160
33781
33451
46113
47241
9974
5034
32858
33174
34949
29829
1971
20277
33147
16544
25139
33369
687
4602
33520
33025
32427
33065
214
19861
3249
9321
8938
4655
6309
9995
2545
8990
2121
28370
50008
19639
30398
59
8952
8953
4596
9946
431
5092
30708
48034
18135
18714
43523
7733
43862
9911
33376
10895
41450
47957
31357
42478
41326
4587
43877
17058
50085
55835
45528
41114
797
10612
7429
732
29317
21093
13999
20154
6693
13872
13447
43254
38151
7431
16038
49699
17930
56057
33198
7295
2225
4973
5427
6504
26615
46149
23611
3455
13916
46778
47090
8049
2844
26446
29797
45477
44676
14764
11576
7
39786
1605
35248
38653
46186
643
122
11271
27302
50414
38997
18327
55622
50157
31185
13069
15599
49860
48707
48728
6064
50915
16104
39192
49212
50966
26212
36159
47351
49851
39834
28112
774
4608
53
6335
8684
289
13194
9856
48488
15949
14939
17024
7737
746
8881
50113
46408
46061
49145
20979
39278
49974
81
4969
26395
29558
40787
34379
32578
41177
37257
19694
38693
22558
32119
37335
39415
36588
32947
9347
40720
36486
19184
37675
37325
20366
38958
36466
7266
15016
27091
38725
4849
10596
36896
38001
5899
10772
37488
47361
36574
12994
40758
36904
14494
21141
16927
51137
43802
3006
38197
17661
40275
10406
37161
40476
20737
36642
37236
39830
39612
9556
858
24609
914
16586
4112
26240
8013
85
1191
11698
6638
6139
5240
15471
6799
6522
7049
80
1644
48105
24976
8770
7869
31256
30225
25070
4501
4358
43917
5276
25114
1386
24699
31750
9407
16994
8457
15849
23267
13434
35162
862
24334
29009
35572
28358
53792
50556
23946
30973
35054
46534
15349
25314
54240
17127
21879
33187
8279
27489
998
29368
25640
25018
22370
2443
26407
28678
18549
9558
22371
19298
40100
21431
9313
25191
11544
5645
10218
7854
949
31229
3215
24843
24599
21696
21816
25508
37265
4696
18249
25929
24328
17653
2980
24281
24876
902
10562
424
907
18243
9783
25354
238
1570
13438
26401
11534
32508
44840
897
21232
28757
48496
6326
29542
46759
20808
16376
14618
21983
3673
1960
48454
4439
10
34658
25288
24486
6265
1521
6031
32690
23730
489
24530
23771
32283
39643
32267
26069
9
2739
26918
12798
13121
1133
1273
21293
8033
7057
26145
5877
4914
519
1374
19431
19200
941
16173
621
400
6465
36844
38310
4705
47605
26916
6772
52415
20441
20185
44555
17498
1868
37171
17908
5387
23244
45891
35895
42322
43413
43610
49124
1978
47119
43643
8975
25439
41371
8334
17957
15921
26601
43597
18043
15327
840
43074
1568
44266
3733
24016
34468
46989
6715
27882
43516
673
13747
13589
10358
4405
15563
3711
39337
13255
36198
48217
7722
49778
42545
46979
24268
42643
31278
47704
20513
44792
20949
10660
50806
42242
42720
5688
33023
7511
19238
22164
45243
29510
49413
28133
42837
12912
8633
42848
12453
43007
37040
20857
42317
48367
50485
46959
46960
14671
42811
16432
43474
44308
31056
9396
14825
42753
10251
43807
36481
20261
42896
42535
14463
10062
42003
12662
49136
42991
30229
42983
37
1507
6513
47745
49681
24283
2651
55632
54762
4693
18161
29821
55742
54949
26260
4327
6658
10346
3938
918
2950
2968
1657
1008
1809
5546
16032
8001
28089
739
19168
21167
13094
20036
42676
23529
49743
30964
30903
1512
46371
23626
10522
48235
32721
12557
19323
8999
13139
14125
7015
2004
379
11639
5040
15925
20288
33761
27401
8636
14315
24820
22614
16037
38035
39518
17165
15963
30027
20359
29484
2431
52820
6270
54478
27188
2371
17204
29676
23869
25081
16718
16061
16335
33386
53087
33978
15764
13308
15449
19125
29227
21316
15454
22328
30509
31884
5411
7273
17425
4207
19003
30263
18226
9332
9553
33758
15726
20461
33757
33179
15244
5881
12341
6654
22990
15656
15913
28150
36871
29006
3487
10720
16109
7142
8409
38594
12195
16459
31097
11977
19839
8584
42269
8040
16329
15637
45539
16250
10421
13142
4330
17730
18197
56027
30857
12166
18586
33737
46137
12871
13477
23246
15735
30086
16195
23358
14027
6043
34290
24738
22877
17385
7059
22876
9324
33164
15508
16311
16105
1012
18430
7761
17486
8186
46042
19713
16294
21231
8110
3965
37142
22690
17877
48285
31664
52028
52227
27010
30532
7399
24603
17045
22669
5
7313
6232
12899
7972
10509
8560
14246
10671
35690
4844
17123
42788
25125
14406
13718
2679
32282
6583
47101
6921
34946
947
11076
21162
2144
23364
26632
1006
18284
23432
51622
44317
386
339
8874
13587
44776
5063
32065
21043
55698
26363
37341
28090
38773
10305
26980
17327
26184
25102
270
19859
27187
28058
26064
12777
5951
10132
28552
32239
1143
29541
53746
12616
12808
28268
26160
9320
13889
26087
10702
28353
27006
28183
3977
8575
31723
23424
26832
20486
25907
4723
28494
26044
14153
29313
26119
26118
676
27685
36215
25877
25992
26275
25764
23490
29164
4099
26384
12040
16452
7165
18715
17193
14570
8256
29762
5473
4456
27600
29461
26195
27005
19745
32321
7022
18695
25563
27311
6592
26023
31474
27070
1727
15101
25602
26494
18437
25606
27816
25578
26660
40440
11296
30311
4220
27352
27575
25777
19495
26071
3903
27949
28867
4067
27053
29817
18253
27231
25729
985
27227
25781
32210
21861
26299
12961
24958
21487
15028
10162
15605
9546
25118
45740
46864
26474
28522
27719
28596
36983
20385
26790
29783
25429
28641
26958
26893
25612
5707
26648
25565
27143
8431
12070
26301
26406
12977
8278
18703
12213
27125
28197
27036
4118
34171
26096
23350
27684
1684
149
2807
7161
3246
31508
41849
11456
1919
570
27011
415
15731
11388
8487
46538
33318
781
1839
6809
548
9363
49863
36515
6587
47716
16018
14678
40772
2334
6078
1634
37868
60
6562
348
35684
42458
25634
7336
262
603
6867
9579
4145
5407
6478
8168
4397
21573
306
3043
10282
33345
2721
5083
19247
14076
19455
54061
7128
21153
7556
17842
2344
39899
36813
8059
7397
13246
10875
2564
43
28354
2834
8594
6692
5971
9658
216
7217
31575
1663
3883
6699
1564
593
4817
12390
13446
6905
5402
28829
2
50405
10615
6339
5725
1390
1926
8144
234
15384
47499
3015
30302
11461
11522
34503
37101
5461
21959
1516
3764
6401
6210
7036
5925
6886
8973
53963
47072
12650
17038
13582
6024
21707
7170
26831
15804
3248
10774
29988
4225
50010
1389
381
114
2430
393
22309
22294
20815
35909
40565
5371
8624
28247
42755
1933
1457
2944
10284
29559
10828
29
46568
46363
21318
9819
14756
9001
10065
49442
7413
460
3777
1208
21463
4637
935
7106
154
3571
236
2781
33746
6034
6201
3490
64
988
44978
2689
5481
1843
18141
14555
8228
1120
5134
17595
4372
533
1144
19648
7103
1530
9719
12718
9424
2957
52250
4561
26333
12563
4265
1481
5157
13276
29871
11521
8229
26871
66
7102
5602
4972
37761
1360
1231
26003
629
8485
2691
248
15703
845
1500
6805
3930
1396
14591
34354
26529
5551
21120
1531
3501
2570
2562
18450
15078
35431
12676
20245
11904
8892
5167
4619
11655
123
2019
12506
40459
15552
1774
13588
7436
1693
1698
46994
11350
1460
28695
15683
5799
2554
19854
3048
13362
3923
23524
5318
37908
3434
14126
12272
11197
484
1103
14374
25244
47837
36717
17785
2087
10360
13658
16687
1339
14978
56135
1343
6780
7137
6803
15808
14802
1767
923
9763
1881
30
22597
29185
13197
16528
8866
45071
352
1737
18575
6283
664
125
2273
171
7638
1308
22981
11015
93
189
787
8369
3522
3800
2497
77
5659
811
6910
7020
17604
28796
2658
2537
40040
2666
21391
6486
15672
18531
418
206
1695
27723
4302
1127
17750
5423
43428
40515
38231
2663
1712
31120
3929
13389
25611
790
188
27318
57
6155
151
444
11496
24327
4799
26410
9623
17645
27541
31320
12828
5149
19040
31118
6037
575
2851
3632
4763
12397
23843
3724
295
4873
6781
3114
10327
1996
7203
1369
22508
8902
17410
3170
842
10244
2325
25608
5436
8096
23702
43069
35
16384
3618
2602
5446
36641
220
21897
8934
19598
1341
2500
6423
2759
21082
10164
4094
6488
40
4478
7505
5908
45241
6257
3503
14905
474
6497
17854
27562
9669
71
8745
22716
47046
89
8290
33409
7843
32442
7351
32437
569
1260
8516
4464
7683
7965
553
3671
24258
7482
15954
7039
7595
28134
42649
8026
28195
39784
8190
11854
10684
6461
1622
7098
3838
426
1742
820
25292
13396
1443
46280
17333
10896
31206
41640
1314
6659
21783
6579
1735
21092
4383
9717
17822
4666
48631
25376
8477
7108
928
25486
4554
20935
24663
5888
25169
12035
20882
38122
6727
7727
28096
116
18471
4903
37124
11026
16658
8131
5715
37517
7347
363
25385
6992
6705
232
678
8569
2480
13473
2423
743
76
796
4766
41
20
35440
14
1
51
165
24759
33
401
39
68
471
16561
343
2890
3917
9924
5287
5650
34680
1511
1207
10047
23409
4165
3062
7064
9767
23138
12758
23444
18085
5180
10802
3225
3786
4775
34633
4836
126
32051
5347
35548
12463
37046
13604
2644
390
4332
16304
3325
5748
16088
33593
37090
3435
31781
3942
26708
2660
12619
17857
5428
14740
6829
36052
3855
34565
10339
2005
25093
7028
22574
7473
666
7858
7656
13183
6184
4068
46601
10640
6487
2557
35829
42335
51776
24671
18664
51044
47563
17435
12048
8621
9950
25485
15546
31526
26464
45574
15542
36523
45133
5235
7768
35136
29303
55329
39422
23192
7766
12029
4485
54903
32586
13599
6209
2606
5212
18198
4294
5208
8587
8585
34522
30824
6199
8579
4761
25474
14045
20550
35817
14043
35814
8572
5189
31479
3657
8567
35811
7395
15502
33667
38796
35096
25321
14637
7393
6875
7736
8554
17374
5172
18901
17370
1419
11992
8546
5163
7742
15484
2579
27672
8538
3613
11859
45085
12519
5755
43130
5146
17349
16550
8527
33621
25455
22401
20508
45686
23180
51863
55210
17337
35049
35047
9873
32298
9290
16425
33600
5722
15455
7352
13358
43120
15451
37575
7676
9442
15446
36438
15444
5110
19207
14011
50347
45583
5583
15436
46243
44598
25336
2949
45865
15430
14612
25441
14611
25438
20481
13340
19191
14452
35005
8479
22368
11932
35769
45590
18558
26962
22363
33536
34420
9835
15412
45042
5373
30680
37184
19489
36402
54253
5064
4229
2530
2488
5056
37175
45035
48843
8451
4224
44279
43665
21682
2522
33513
7695
45655
18700
11729
36388
45652
5443
15386
11901
4217
13979
35755
33495
7495
21674
46638
2512
15375
18525
32797
5520
43083
15372
4210
8421
8418
29180
25826
22321
50390
6726
10714
17931
25876
19439
2304
22313
29170
26941
8402
43076
50398
4991
32777
50323
5868
7673
19103
10440
6503
48007
10294
16594
34918
4975
20421
5497
29156
31285
27657
29154
52702
10770
7252
33427
51988
9130
16578
41385
11832
37846
34208
23158
55036
36820
1685
17181
9666
43065
46221
23709
30152
5502
8361
10266
13271
12304
26605
4328
1675
20395
16549
5464
13264
8852
4174
13262
14343
30122
19054
7221
16295
37500
4918
31238
2457
47118
5453
53500
17145
4909
24212
26138
4906
26006
45063
52747
23890
6029
31220
53516
23142
19032
19915
33351
43369
3436
5803
34848
33344
39958
16501
33341
43617
48907
54324
11822
8303
36286
17879
34714
34319
1640
12512
14550
39360
21631
4865
51544
23668
8288
44416
34095
4858
6000
8283
14546
29092
52067
32191
9679
11670
17096
52072
11155
44926
47627
4840
11756
8269
13907
20355
13214
5988
1620
27641
9439
31888
6368
14537
7148
16446
39304
52090
5385
36247
8251
30440
34792
22608
49519
41601
34859
20340
35289
8241
30432
4805
1602
18952
8798
9649
13190
20769
6542
4798
37453
25330
52749
8226
1593
4111
21607
11714
8219
33238
4783
4782
2389
9630
14523
35689
18925
11122
46200
46201
5738
36214
18919
33732
9617
10092
52127
33215
20312
9122
29038
7588
36203
20753
17610
23113
35249
27946
13162
11688
33199
17005
18356
33194
8181
52923
47640
18892
32050
30362
34058
948
37428
55459
50522
6490
4084
22128
5941
22125
14342
6482
52156
16981
15149
7073
4078
26201
22115
8152
6471
35231
43598
9090
16641
22081
39291
54413
19349
19846
21064
22107
31958
14500
4703
18326
7564
30315
31049
10570
36966
19345
3065
8130
4692
9567
52183
13841
18837
48486
42359
12157
8121
39287
25434
26215
27211
7555
32019
15785
39804
3886
11600
42949
13520
37954
35196
43566
18165
36136
31018
28976
4051
15097
6412
13104
28971
8098
6408
16923
18809
28383
49014
31615
14325
15087
33071
5358
22305
40071
36594
9562
18301
16912
37398
15079
55775
1725
27320
13090
26855
22684
818
36559
34596
6377
1487
28949
36106
8067
19164
32526
18112
44796
43557
41249
20930
36099
13548
29703
17888
17589
6993
28941
6990
36091
1291
14468
5228
17401
54424
39437
28230
6343
20983
8655
36083
41034
15041
14279
36078
13799
18278
15036
16190
7245
4016
8031
20594
28920
52804
2912
42910
19033
15024
47248
41747
6835
20255
30479
24469
21547
26714
22013
10808
8014
36058
30165
18223
15851
40611
44226
4544
6298
28906
30920
8006
36051
2268
2867
1432
42903
15005
7501
8682
16140
53885
7499
21538
3497
7990
7989
42897
4517
3992
25215
13779
6928
4510
5815
42888
20138
46151
49064
19761
26277
35082
50675
52328
54462
2248
13013
4495
42885
4493
13011
12345
46529
4487
31523
12176
42815
37836
42877
2808
34483
2805
34081
3973
2800
44502
700
3971
7941
4467
32137
9443
4463
20115
32429
34075
14331
13692
21938
14940
8857
42861
28860
15741
49803
7923
6208
5412
35048
28218
2762
4927
42854
40153
14360
26307
18899
48522
992
6194
7459
11001
21917
16002
6858
49637
2212
50164
25677
32834
40165
24426
44832
6975
22991
50083
977
6070
7452
14904
35977
4409
14901
13734
21896
763
24360
10039
10376
7353
3568
32048
9212
22460
5547
7867
960
14409
40747
10367
2700
2193
1349
46121
45391
30781
22506
53875
12945
10977
54785
37992
5343
3924
9750
29636
1235
34378
6808
21860
44051
41294
46998
19699
55974
10525
14856
49122
46115
14852
35564
15620
25986
39483
19117
32754
24529
44650
30754
43949
45402
16670
28793
6096
7821
8765
14839
7818
50117
31961
36783
40877
24455
625
12915
11344
55401
48506
34959
5706
5292
23439
41021
7803
40214
55070
15569
45761
25811
10652
10647
17033
5511
5766
648
13678
54595
20184
15892
12896
1299
28767
8385
30652
18727
30372
24000
11313
24002
19996
27797
26340
44738
51338
11707
10067
35888
31803
20574
36610
54702
17232
54766
2139
50138
18453
38467
23633
3029
537
9656
31098
48504
15677
37730
26005
28745
53850
33383
871
26759
47681
44105
40731
19532
54137
41226
16964
6480
8673
12868
53321
53614
4947
20673
41350
8772
47706
54849
21777
29865
13242
37089
4578
31952
49193
1708
3086
42780
9273
42778
11249
5649
7074
12271
3021
3856
14743
345
6979
17592
52540
50574
1410
18082
24927
4559
28139
38603
41999
4573
41405
53365
18076
8943
18074
44583
2097
18379
44585
28245
512
54995
14015
45012
19932
392
2937
12460
25283
13884
51244
276
1637
28693
41299
20087
15760
55192
28690
20183
14165
33236
5609
10048
14696
16027
1220
46850
47408
48279
2696
41712
5372
31388
1743
46323
413
4392
38960
20996
21416
28677
47415
12171
8869
51001
9183
54452
33516
9934
40966
13898
32519
1671
30127
40954
22087
44550
16412
20647
12776
40316
456
27807
6969
30107
48606
9984
55701
260
8222
10747
15691
2924
1188
32201
9706
20445
2907
24036
12081
42713
5573
18717
6211
8810
22972
55321
25593
8524
7930
19616
17793
31671
49549
35271
40522
8042
20973
37011
18495
53996
27273
51099
29344
37123
5439
51744
46577
24234
47696
13864
19124
37131
22126
6494
24998
9638
44818
50633
16405
47462
11921
9281
24256
353
24851
28299
53361
9270
22553
12331
293
616
14051
41769
23307
48382
48671
1943
56361
12053
17466
24877
7080
22873
12380
54403
15607
29890
3163
41776
28464
6567
40428
8946
23296
53671
25243
41940
55568
26108
1131
27653
51573
9820
7255
9390
14271
3077
22644
56445
44751
2843
28528
7168
25658
32080
31773
43806
48477
45910
52267
9133
50735
38896
36709
161
1478
32398
34969
3208
944
6314
49488
44002
38535
28386
17092
516
36564
4988
8756
21378
14149
41880
56241
30785
5691
45892
3636
8775
28572
36550
40338
13770
24777
38907
40352
6403
454
21357
20164
29849
72
983
51949
20630
52068
3927
3398
5195
11286
6263
8346
8019
35486
19997
5374
5758
1315
8363
31953
10020
15809
20292
12314
41425
19028
7689
34314
5095
14486
18724
1719
15666
46955
3713
6457
23219
568
26644
9094
35130
7158
13637
38563
10482
427
18077
39229
5218
4610
22271
15939
6088
25751
1668
6432
6216
34693
12305
17869
2585
24461
1224
25253
5611
9757
1537
28981
46306
6958
37552
11566
13663
5243
19466
1812
21212
190
6390
1909
42220
5721
19106
5582
4140
1024
13082
3633
2935
24749
5568
7195
39042
19642
22362
9240
6389
21191
18676
6618
40979
4599
18255
737
39690
14772
5325
33711
7312
34512
1276
29172
7635
3652
38976
999
13565
5523
5196
9781
21812
4039
5004
1550
32669
31838
16424
3988
7276
33588
8596
987
5303
46008
15273
18656
8737
14633
7260
18666
2356
7757
3091
8156
23105
40898
6593
4939
18689
5390
43866
8792
6281
17627
6517
6052
4418
11918
8532
9331
13891
7613
51996
31465
24523
35961
55813
6219
19723
14820
47449
2933
18467
14761
15194
1152
39885
11403
4012
36415
8016
18350
2793
383
8505
16851
13485
104
5422
17810
45822
14742
3591
37169
3283
1768
4834
21637
5069
12448
7094
12591
16871
8669
26857
48
52513
6640
6844
12687
4240
5784
8513
1611
4930
5346
38988
12050
11694
11884
36164
18224
7085
13345
255
6556
9530
11672
4047
4073
1797
8980
31179
24610
3171
17693
13051
20279
5783
33714
3066
9735
16387
12232
3550
1254
20540
12237
8312
54418
5757
13156
13711
5699
452
25747
37478
1765
27836
25242
12227
52718
11423
780
58
35297
5291
