1.000000000000000000e+00
9.948186528497409142e-01
9.896373056994818285e-01
9.844559585492227427e-01
9.792746113989637680e-01
9.689119170984455964e-01
9.637305699481865107e-01
9.585492227979274249e-01
9.481865284974093644e-01
9.430051813471502786e-01
9.326424870466321071e-01
9.274611398963730213e-01
9.222797927461139356e-01
9.015544041450777035e-01
8.963730569948186178e-01
8.911917098445595320e-01
8.860103626943005573e-01
8.808290155440414715e-01
8.756476683937823857e-01
8.704663212435233000e-01
8.601036269430051284e-01
8.549222797927461537e-01
8.497409326424870679e-01
8.445595854922279822e-01
8.393782383419688964e-01
8.290155440414507249e-01
8.238341968911917501e-01
8.134715025906735786e-01
8.082901554404144928e-01
8.031088082901554071e-01
7.927461139896373465e-01
7.875647668393782608e-01
7.772020725388600892e-01
7.668393782383419177e-01
7.512953367875647714e-01
7.461139896373056857e-01
7.357512953367875141e-01
7.305699481865285394e-01
7.150259067357512821e-01
6.839378238341968785e-01
6.735751295336787070e-01
6.683937823834197323e-01
6.632124352331606465e-01
6.580310880829015607e-01
6.528497409326424750e-01
6.476683937823833892e-01
6.373056994818653287e-01
6.269430051813471572e-01
6.165803108808289856e-01
6.113989637305698999e-01
6.062176165803109251e-01
6.010362694300518394e-01
5.958549222797927536e-01
5.906735751295336678e-01
5.854922279792745821e-01
5.751295336787565216e-01
5.699481865284974358e-01
5.595854922279792643e-01
5.544041450777201785e-01
5.492227979274610927e-01
5.388601036269430322e-01
5.336787564766839465e-01
5.284974093264248607e-01
5.233160621761657749e-01
5.181347150259066892e-01
5.129533678756477144e-01
5.025906735751295429e-01
4.974093264248704571e-01
4.766839378238341696e-01
4.559585492227979375e-01
4.507772020725388518e-01
4.455958549222797660e-01
4.404145077720207357e-01
4.352331606217616500e-01
4.300518134715025642e-01
4.196891191709844482e-01
4.093264248704663322e-01
3.886010362694300446e-01
3.782383419689119286e-01
3.471502590673575250e-01
3.419689119170984393e-01
3.316062176165803232e-01
3.212435233160621517e-01
3.160621761658031215e-01
3.005181347150259197e-01
2.901554404145077481e-01
2.590673575129533446e-01
2.435233160621761705e-01
2.383419689119170848e-01
2.279792746113989688e-01
2.072538860103626812e-01
2.020725388601036232e-01
2.020725388601036232e-01
1.968911917098445652e-01
1.761658031088082776e-01
1.606217616580310759e-01
1.606217616580310759e-01
1.450777202072538741e-01
1.398963730569948161e-01
1.243523316062176143e-01
1.243523316062176143e-01
1.191709844559585424e-01
1.088082901554404125e-01
4.145077720207254041e-02
3.108808290155440357e-02
3.108808290155440357e-02
2.072538860103627020e-02
2.072538860103627020e-02
1.554404145077720178e-02
1.554404145077720178e-02
1.554404145077720178e-02
1.554404145077720178e-02
