1.000000000000000000e+00
9.990412272291466778e-01
9.980824544582933555e-01
9.971236816874400333e-01
9.961649089165868221e-01
9.952061361457334998e-01
9.942473633748801776e-01
9.932885906040268553e-01
9.923298178331735331e-01
9.913710450623202108e-01
9.904122722914668886e-01
9.894534995206135664e-01
9.884947267497603551e-01
9.875359539789070329e-01
9.865771812080537106e-01
9.856184084372003884e-01
9.846596356663470662e-01
9.837008628954937439e-01
9.827420901246404217e-01
9.817833173537870994e-01
9.808245445829338882e-01
9.798657718120805660e-01
9.789069990412272437e-01
9.779482262703739215e-01
9.769894534995205992e-01
9.760306807286672770e-01
9.750719079578139548e-01
9.741131351869607435e-01
9.731543624161074213e-01
9.721955896452540991e-01
9.712368168744007768e-01
9.702780441035474546e-01
9.693192713326941323e-01
9.683604985618408101e-01
9.674017257909874878e-01
9.664429530201342766e-01
9.654841802492809544e-01
9.645254074784276321e-01
9.635666347075743099e-01
9.626078619367209877e-01
9.616490891658676654e-01
9.606903163950143432e-01
9.597315436241610209e-01
9.587727708533078097e-01
9.578139980824544875e-01
9.568552253116011652e-01
9.558964525407478430e-01
9.549376797698945207e-01
9.539789069990411985e-01
9.530201342281878762e-01
9.520613614573346650e-01
9.511025886864813428e-01
9.501438159156280205e-01
9.491850431447746983e-01
9.482262703739213761e-01
9.472674976030680538e-01
9.463087248322147316e-01
9.453499520613614093e-01
9.443911792905081981e-01
9.434324065196548759e-01
9.424736337488015536e-01
9.415148609779482314e-01
9.405560882070949091e-01
9.395973154362415869e-01
9.386385426653882647e-01
9.376797698945349424e-01
9.367209971236817312e-01
9.357622243528284089e-01
9.348034515819750867e-01
9.338446788111217645e-01
9.328859060402684422e-01
9.319271332694151200e-01
9.309683604985617977e-01
9.300095877277085865e-01
9.280920421860019420e-01
9.271332694151486198e-01
9.261744966442952975e-01
9.252157238734419753e-01
9.242569511025886531e-01
9.232981783317353308e-01
9.223394055608821196e-01
9.213806327900287974e-01
9.204218600191754751e-01
9.194630872483221529e-01
9.185043144774688306e-01
9.175455417066155084e-01
9.165867689357621861e-01
9.156279961649088639e-01
9.146692233940556527e-01
9.137104506232023304e-01
9.127516778523490082e-01
9.117929050814956859e-01
9.108341323106423637e-01
9.098753595397890415e-01
9.089165867689357192e-01
9.079578139980825080e-01
9.069990412272291858e-01
9.060402684563758635e-01
9.050814956855225413e-01
9.041227229146692190e-01
9.031639501438158968e-01
9.022051773729625745e-01
9.012464046021092523e-01
9.002876318312560411e-01
8.993288590604027188e-01
8.974113135186960744e-01
8.964525407478427521e-01
8.954937679769894299e-01
8.945349952061361076e-01
8.935762224352827854e-01
8.926174496644295742e-01
8.916586768935762519e-01
8.906999041227229297e-01
8.897411313518696074e-01
8.887823585810162852e-01
8.878235858101629630e-01
8.868648130393096407e-01
8.859060402684564295e-01
8.849472674976031072e-01
8.839884947267497850e-01
8.830297219558964628e-01
8.820709491850431405e-01
8.811121764141898183e-01
8.801534036433364960e-01
8.791946308724831738e-01
8.782358581016299626e-01
8.772770853307766403e-01
8.763183125599233181e-01
8.753595397890699958e-01
8.744007670182166736e-01
8.734419942473633514e-01
8.724832214765100291e-01
8.715244487056567069e-01
8.705656759348034957e-01
8.696069031639501734e-01
8.686481303930968512e-01
8.676893576222435289e-01
8.667305848513902067e-01
8.657718120805368844e-01
8.648130393096835622e-01
8.638542665388303510e-01
8.628954937679770287e-01
8.619367209971237065e-01
8.609779482262703842e-01
8.600191754554170620e-01
8.590604026845637398e-01
8.581016299137104175e-01
8.571428571428570953e-01
8.561840843720038841e-01
8.552253116011505618e-01
8.542665388302972396e-01
8.533077660594439173e-01
8.523489932885905951e-01
8.513902205177372728e-01
8.504314477468839506e-01
8.494726749760306284e-01
8.485139022051774171e-01
8.475551294343240949e-01
8.465963566634707727e-01
8.456375838926174504e-01
8.446788111217641282e-01
8.437200383509108059e-01
8.427612655800574837e-01
8.418024928092042725e-01
8.408437200383509502e-01
8.398849472674976280e-01
8.389261744966443057e-01
8.379674017257909835e-01
8.370086289549376612e-01
8.360498561840843390e-01
8.350910834132310168e-01
8.341323106423778055e-01
8.331735378715244833e-01
8.322147651006711611e-01
8.312559923298178388e-01
8.302972195589645166e-01
8.293384467881111943e-01
8.283796740172578721e-01
8.274209012464045498e-01
8.264621284755513386e-01
8.255033557046980164e-01
8.245445829338446941e-01
8.235858101629913719e-01
8.226270373921380497e-01
8.216682646212847274e-01
8.207094918504314052e-01
8.197507190795781939e-01
8.187919463087248717e-01
8.178331735378715495e-01
8.168744007670182272e-01
8.159156279961649050e-01
8.149568552253115827e-01
8.139980824544582605e-01
8.130393096836049383e-01
8.120805369127517270e-01
8.111217641418984048e-01
8.101629913710450825e-01
8.092042186001917603e-01
8.082454458293384381e-01
8.072866730584851158e-01
8.063279002876317936e-01
8.053691275167784713e-01
8.044103547459252601e-01
8.034515819750719379e-01
8.024928092042186156e-01
8.015340364333652934e-01
8.005752636625119711e-01
7.996164908916586489e-01
7.986577181208053267e-01
7.976989453499521154e-01
7.967401725790987932e-01
7.957813998082454710e-01
7.948226270373921487e-01
7.938638542665388265e-01
7.929050814956855042e-01
7.919463087248321820e-01
7.909875359539788597e-01
7.900287631831256485e-01
7.890699904122723263e-01
7.881112176414190040e-01
7.852348993288590373e-01
7.842761265580057151e-01
7.833173537871523928e-01
7.823585810162991816e-01
7.804410354745925371e-01
7.794822627037392149e-01
7.785234899328858926e-01
7.775647171620325704e-01
7.766059443911792481e-01
7.756471716203260369e-01
7.746883988494727147e-01
7.737296260786193924e-01
7.727708533077660702e-01
7.718120805369127480e-01
7.708533077660594257e-01
7.698945349952061035e-01
7.689357622243527812e-01
7.679769894534995700e-01
7.670182166826462478e-01
7.660594439117929255e-01
7.651006711409396033e-01
7.641418983700862810e-01
7.631831255992329588e-01
7.622243528283796365e-01
7.612655800575263143e-01
7.603068072866731031e-01
7.583892617449664586e-01
7.574304889741131364e-01
7.564717162032598141e-01
7.555129434324064919e-01
7.545541706615531696e-01
7.535953978906999584e-01
7.526366251198466362e-01
7.516778523489933139e-01
7.507190795781399917e-01
7.497603068072866694e-01
7.478427612655800250e-01
7.468839884947267027e-01
7.459252157238734915e-01
7.449664429530201692e-01
7.440076701821668470e-01
7.430488974113135248e-01
7.411313518696068803e-01
7.401725790987535580e-01
7.382550335570470246e-01
7.372962607861937023e-01
7.353787152444870578e-01
7.344199424736337356e-01
7.334611697027804134e-01
7.325023969319270911e-01
7.296260786193672354e-01
7.286673058485139132e-01
7.277085330776605909e-01
7.267497603068072687e-01
7.257909875359539464e-01
7.248322147651006242e-01
7.238734419942474130e-01
7.229146692233940907e-01
7.219558964525407685e-01
7.209971236816874463e-01
7.200383509108341240e-01
7.190795781399808018e-01
7.171620325982741573e-01
7.162032598274209461e-01
7.152444870565676238e-01
7.133269415148609793e-01
7.123681687440076571e-01
7.114093959731543348e-01
7.094918504314478014e-01
7.085330776605944791e-01
7.075743048897411569e-01
7.066155321188878347e-01
7.056567593480345124e-01
7.046979865771811902e-01
7.037392138063278679e-01
7.027804410354745457e-01
7.018216682646213345e-01
7.008628954937680122e-01
6.999041227229146900e-01
6.989453499520613677e-01
6.979865771812080455e-01
6.970278044103547233e-01
6.960690316395014010e-01
6.951102588686480788e-01
6.941514860977948675e-01
6.931927133269415453e-01
6.903163950143815786e-01
6.883988494726749341e-01
6.874400767018217229e-01
6.864813039309684006e-01
6.797698945349952560e-01
6.768935762224352892e-01
6.759348034515819670e-01
6.749760306807286447e-01
6.730584851390220003e-01
6.711409395973154668e-01
6.701821668264621445e-01
6.682646212847555001e-01
6.673058485139021778e-01
6.653883029721956444e-01
6.644295302013423221e-01
6.634707574304889999e-01
6.625119846596356776e-01
6.605944391179290331e-01
6.529242569511025662e-01
6.519654841802492440e-01
6.510067114093959217e-01
6.500479386385427105e-01
6.490891658676893883e-01
6.481303930968360660e-01
6.471716203259827438e-01
6.462128475551294216e-01
6.452540747842760993e-01
6.442953020134227771e-01
6.433365292425695658e-01
6.423777564717162436e-01
6.414189837008629214e-01
6.404602109300095991e-01
6.395014381591562769e-01
6.385426653883029546e-01
6.375838926174496324e-01
6.366251198465963101e-01
6.356663470757430989e-01
6.279961649089166320e-01
6.270373921380633098e-01
6.260786193672099875e-01
6.222435282837966986e-01
6.193672099712368428e-01
6.164908916586768761e-01
6.164908916586768761e-01
6.145733461169702316e-01
6.126558005752636982e-01
6.116970278044103759e-01
6.107382550335570537e-01
6.088207094918504092e-01
6.069031639501437647e-01
6.049856184084372313e-01
6.030680728667305868e-01
6.011505273250239423e-01
6.001917545541706200e-01
5.992329817833174088e-01
5.982742090124640866e-01
5.973154362416107643e-01
5.963566634707574421e-01
5.953978906999041198e-01
5.934803451581974754e-01
5.915627996164909419e-01
5.800575263662511860e-01
5.771812080536913303e-01
5.762224352828380081e-01
5.752636625119846858e-01
5.733461169702780413e-01
5.723873441994247191e-01
5.695110258868648634e-01
5.685522531160115411e-01
5.675934803451582189e-01
5.675934803451582189e-01
5.666347075743048967e-01
5.656759348034515744e-01
5.647171620325982522e-01
5.637583892617449299e-01
5.627996164908916077e-01
5.570469798657717853e-01
5.560882070949184630e-01
5.551294343240652518e-01
5.532118887823586073e-01
5.522531160115052851e-01
5.512943432406519628e-01
5.474592521572387849e-01
5.445829338446788181e-01
5.426653883029721737e-01
5.417066155321188514e-01
5.407478427612655292e-01
5.397890699904123180e-01
5.244487056567593841e-01
5.225311601150527396e-01
5.177372962607862394e-01
5.167785234899329172e-01
5.167785234899329172e-01
5.167785234899329172e-01
5.158197507190795950e-01
5.148609779482262727e-01
5.139022051773729505e-01
5.100671140939597725e-01
5.081495685522531280e-01
5.043144774688398391e-01
5.023969319271333056e-01
5.014381591562799834e-01
5.004793863854266611e-01
5.004793863854266611e-01
4.985618408437200166e-01
4.976030680728667499e-01
4.908916586768935497e-01
4.908916586768935497e-01
4.860977948226270495e-01
4.803451581975071716e-01
4.765100671140939381e-01
4.736337488015340269e-01
4.717162032598274379e-01
4.688398849472674712e-01
4.669223394055608822e-01
4.640460210930009710e-01
4.611697027804410598e-01
4.592521572387344153e-01
4.573346116970278263e-01
4.563758389261745041e-01
4.467881112176413927e-01
4.400767018216682480e-01
4.381591562799616590e-01
4.314477468839885144e-01
4.209012464046021362e-01
4.199424736337488140e-01
4.199424736337488140e-01
4.084372003835091136e-01
4.055608820709492024e-01
3.998082454458293244e-01
3.930968360498561798e-01
3.777564717162032459e-01
3.691275167785235123e-01
3.643336529242569566e-01
3.614573346116970454e-01
3.585810162991370786e-01
3.576222435282838119e-01
3.537871524448705784e-01
3.518696069031639340e-01
3.509108341323106672e-01
3.403643336529242336e-01
3.394055608820709669e-01
3.326941514860978222e-01
3.279002876318312665e-01
3.259827420901246220e-01
3.144774688398849216e-01
3.125599232981783326e-01
3.106423777564717437e-01
2.674976030680728534e-01
2.674976030680728534e-01
2.674976030680728534e-01
2.617449664429530309e-01
2.617449664429530309e-01
2.521572387344199195e-01
2.464046021093000971e-01
2.396931927133269524e-01
2.396931927133269524e-01
2.387344199424736302e-01
2.387344199424736302e-01
2.387344199424736302e-01
2.387344199424736302e-01
2.387344199424736302e-01
2.387344199424736302e-01
2.387344199424736302e-01
2.387344199424736302e-01
2.358581016299137190e-01
2.358581016299137190e-01
2.358581016299137190e-01
2.320230105465004855e-01
2.281879194630872520e-01
2.253116011505273131e-01
2.205177372962607851e-01
2.176414189837008739e-01
2.118887823585810237e-01
1.677852348993288667e-01
1.620325982742090165e-01
1.620325982742090165e-01
1.620325982742090165e-01
1.620325982742090165e-01
1.620325982742090165e-01
1.323106423777564711e-01
1.323106423777564711e-01
1.323106423777564711e-01
1.323106423777564711e-01
1.323106423777564711e-01
1.303930968360498543e-01
1.265580057526366209e-01
1.217641418983700929e-01
1.179290508149568595e-01
1.121764141898370093e-01
1.121764141898370093e-01
1.073825503355704675e-01
1.016299137104506173e-01
9.875359539789070606e-02
9.491850431447747261e-02
6.807286673058485227e-02
6.807286673058485227e-02
6.807286673058485227e-02
6.807286673058485227e-02
6.807286673058485227e-02
6.807286673058485227e-02
6.232023010546500208e-02
5.273250239693192537e-02
5.273250239693192537e-02
4.697986577181208212e-02
3.259827420901246359e-02
2.205177372962607851e-02
2.205177372962607851e-02
2.205177372962607851e-02
1.725790987535954016e-02
1.725790987535954016e-02
1.725790987535954016e-02
1.725790987535954016e-02
1.725790987535954016e-02
1.725790987535954016e-02
1.725790987535954016e-02
1.725790987535954016e-02
1.725790987535954016e-02
1.725790987535954016e-02
1.725790987535954016e-02
1.534036433365292343e-02
1.534036433365292343e-02
1.150527325023969344e-02
1.150527325023969344e-02
1.150527325023969344e-02
1.150527325023969344e-02
1.054650047938638507e-02
1.054650047938638507e-02
1.054650047938638507e-02
1.054650047938638507e-02
1.054650047938638507e-02
1.054650047938638507e-02
1.054650047938638507e-02
1.054650047938638507e-02
1.054650047938638507e-02
1.054650047938638507e-02
1.054650047938638507e-02
1.054650047938638507e-02
1.054650047938638507e-02
1.054650047938638507e-02
1.054650047938638507e-02
1.054650047938638507e-02
1.054650047938638507e-02
1.054650047938638507e-02
1.054650047938638507e-02
1.054650047938638507e-02
1.054650047938638507e-02
1.054650047938638507e-02
1.054650047938638507e-02
1.054650047938638507e-02
1.054650047938638507e-02
1.054650047938638507e-02
1.054650047938638507e-02
1.054650047938638507e-02
1.054650047938638507e-02
1.054650047938638507e-02
1.054650047938638507e-02
1.054650047938638507e-02
1.054650047938638507e-02
1.054650047938638507e-02
1.054650047938638507e-02
1.054650047938638507e-02
1.054650047938638507e-02
1.054650047938638507e-02
1.054650047938638507e-02
1.054650047938638507e-02
1.054650047938638507e-02
1.054650047938638507e-02
1.054650047938638507e-02
1.054650047938638507e-02
1.054650047938638507e-02
1.054650047938638507e-02
1.054650047938638507e-02
1.054650047938638507e-02
1.054650047938638507e-02
1.054650047938638507e-02
1.054650047938638507e-02
1.054650047938638507e-02
1.054650047938638507e-02
1.054650047938638507e-02
1.054650047938638507e-02
1.054650047938638507e-02
1.054650047938638507e-02
1.054650047938638507e-02
1.054650047938638507e-02
1.054650047938638507e-02
1.054650047938638507e-02
1.054650047938638507e-02
1.054650047938638507e-02
1.054650047938638507e-02
1.054650047938638507e-02
1.054650047938638507e-02
1.054650047938638507e-02
1.054650047938638507e-02
1.054650047938638507e-02
8.628954937679770079e-03
8.628954937679770079e-03
8.628954937679770079e-03
8.628954937679770079e-03
8.628954937679770079e-03
6.711409395973154217e-03
6.711409395973154217e-03
6.711409395973154217e-03
6.711409395973154217e-03
4.793863854266539222e-03
3.835091083413230857e-03
3.835091083413230857e-03
2.876318312559923360e-03
2.876318312559923360e-03
2.876318312559923360e-03
2.876318312559923360e-03
2.876318312559923360e-03
2.876318312559923360e-03
2.876318312559923360e-03
2.876318312559923360e-03
2.876318312559923360e-03
2.876318312559923360e-03
2.876318312559923360e-03
2.876318312559923360e-03
1.917545541706615429e-03
1.917545541706615429e-03
1.917545541706615429e-03
1.917545541706615429e-03
1.917545541706615429e-03
1.917545541706615429e-03
1.917545541706615429e-03
1.917545541706615429e-03
1.917545541706615429e-03
1.917545541706615429e-03
1.917545541706615429e-03
1.917545541706615429e-03
1.917545541706615429e-03
1.917545541706615429e-03
1.917545541706615429e-03
1.917545541706615429e-03
1.917545541706615429e-03
1.917545541706615429e-03
1.917545541706615429e-03
1.917545541706615429e-03
1.917545541706615429e-03
1.917545541706615429e-03
1.917545541706615429e-03
1.917545541706615429e-03
1.917545541706615429e-03
1.917545541706615429e-03
1.917545541706615429e-03
1.917545541706615429e-03
1.917545541706615429e-03
1.917545541706615429e-03
1.917545541706615429e-03
1.917545541706615429e-03
1.917545541706615429e-03
1.917545541706615429e-03
1.917545541706615429e-03
1.917545541706615429e-03
1.917545541706615429e-03
1.917545541706615429e-03
1.917545541706615429e-03
1.917545541706615429e-03
1.917545541706615429e-03
1.917545541706615429e-03
1.917545541706615429e-03
1.917545541706615429e-03
1.917545541706615429e-03
1.917545541706615429e-03
1.917545541706615429e-03
1.917545541706615429e-03
1.917545541706615429e-03
1.917545541706615429e-03
1.917545541706615429e-03
1.917545541706615429e-03
1.917545541706615429e-03
1.917545541706615429e-03
1.917545541706615429e-03
1.917545541706615429e-03
1.917545541706615429e-03
1.917545541706615429e-03
1.917545541706615429e-03
1.917545541706615429e-03
1.917545541706615429e-03
1.917545541706615429e-03
1.917545541706615429e-03
1.917545541706615429e-03
1.917545541706615429e-03
1.917545541706615429e-03
1.917545541706615429e-03
1.917545541706615429e-03
1.917545541706615429e-03
1.917545541706615429e-03
1.917545541706615429e-03
1.917545541706615429e-03
1.917545541706615429e-03
1.917545541706615429e-03
1.917545541706615429e-03
1.917545541706615429e-03
1.917545541706615429e-03
1.917545541706615429e-03
1.917545541706615429e-03
1.917545541706615429e-03
1.917545541706615429e-03
1.917545541706615429e-03
1.917545541706615429e-03
1.917545541706615429e-03
1.917545541706615429e-03
1.917545541706615429e-03
1.917545541706615429e-03
1.917545541706615429e-03
9.587727708533077143e-04
