173
943
666
76
630
108
342
361
336
91
96
131
267
198
359
433
428
562
389
814
799
1026
581
535
40
288
924
637
892
756
62
162
702
847
889
732
170
445
248
676
259
549
1
896
114
532
181
773
440
57
467
578
462
219
797
946
444
803
762
465
761
385
83
830
13
478
767
550
378
153
864
365
1011
269
655
442
274
525
573
810
455
113
166
770
303
717
955
882
857
174
126
538
349
541
568
200
424
332
472
367
1001
895
664
800
320
530
158
152
380
300
716
854
1008
323
393
1005
690
97
981
159
10
580
853
1020
139
837
250
50
705
23
589
563
933
476
39
1033
340
197
1018
594
542
301
793
186
778
577
133
449
886
193
52
238
957
426
923
695
482
784
669
828
310
985
668
387
897
128
678
261
656
909
742
734
30
995
362
481
842
60
64
189
372
617
906
14
36
873
177
209
611
42
414
875
834
724
635
370
844
653
258
947
576
167
322
662
501
488
652
106
164
48
984
150
118
633
738
413
190
806
974
423
641
315
512
302
15
515
718
85
699
412
720
21
934
620
278
471
911
942
1004
408
860
432
528
224
176
607
239
81
309
394
801
522
485
1025
33
513
427
44
891
807
777
785
631
316
127
963
154
29
479
613
56
59
523
660
684
411
592
991
497
290
45
470
324
519
328
565
1016
920
438
207
19
852
230
275
79
694
557
308
556
986
183
353
475
122
616
2
816
235
399
927
741
921
618
243
922
291
228
926
813
765
651
227
31
711
902
979
350
277
866
346
597
188
697
928
682
925
769
755
374
38
870
681
32
246
236
357
736
586
194
561
461
610
204
534
735
1034
885
583
70
286
89
809
391
749
347
691
351
469
539
281
1032
629
722
510
494
1031
766
293
640
132
604
503
1012
425
721
214
876
1009
220
671
988
898
249
693
815
335
242
67
47
491
726
771
883
104
363
966
16
395
529
603
210
103
402
151
537
450
373
383
280
241
976
26
688
11
822
268
650
1024
571
360
1002
692
789
737
271
178
1042
782
627
9
201
419
43
937
254
125
229
930
459
643
474
972
292
28
69
908
585
546
284
915
851
796
498
1003
740
384
776
111
552
835
422
1036
706
867
34
493
216
458
954
878
704
480
429
112
945
975
403
244
6
279
904
253
1010
554
41
989
621
377
811
205
354
779
1013
763
913
940
507
182
731
285
794
672
187
956
344
973
657
409
862
993
599
325
805
1015
595
574
877
306
739
856
582
675
101
78
434
547
764
819
129
0
107
163
203
221
223
237
247
257
311
318
375
382
448
463
588
619
639
689
708
781
821
845
846
848
880
881
983
71
105
110
135
185
273
287
456
516
642
714
795
939
37
802
144
670
405
625
579
774
661
719
679
999
18
165
453
212
555
622
713
701
156
117
270
659
73
788
143
587
808
371
439
460
142
544
1040
134
140
148
289
296
299
319
338
420
696
196
262
263
304
356
466
608
1041
5
8
24
49
51
53
54
55
68
74
75
86
98
100
102
116
119
136
137
138
157
161
175
184
202
206
211
213
231
233
252
264
283
305
307
317
327
330
333
343
366
368
376
396
400
415
437
443
446
451
457
489
496
500
502
504
558
572
584
601
614
638
645
665
667
686
727
730
747
787
823
841
843
884
900
929
936
949
964
994
