0.000000000000000000e+00
5.837853857639225099e-04
1.839214563911265379e-03
3.612005233270624335e-03
4.379980151377157668e-03
5.568468726510122924e-03
6.665741035288483274e-03
7.802077745337540962e-03
8.473483990924486967e-03
9.174820431103314702e-03
1.061230468096278565e-02
1.140997186714062112e-02
1.269892906676381786e-02
1.323107874075723882e-02
1.402669239922130391e-02
1.554247081687932727e-02
1.645602936641633873e-02
1.712051170082798043e-02
1.755478040370620288e-02
1.905637341009605579e-02
2.037177553005701039e-02
2.130839375941679520e-02
2.178580903438584807e-02
2.269097887038434153e-02
2.422018708602839687e-02
2.465957347860825433e-02
2.574316173553825929e-02
2.674908227110857697e-02
2.762431660686425622e-02
2.835465698551311101e-02
2.971917356874175659e-02
3.136443247806131041e-02
3.273161750102843853e-02
3.349628312168544814e-02
3.401065978100126924e-02
3.461632361586948481e-02
3.551555127784179755e-02
3.683756154335624672e-02
3.750010036020975934e-02
3.796491598753480579e-02
3.844642135440392433e-02
3.952662645896373728e-02
4.055370822448028933e-02
4.216776046616792228e-02
4.342057734030694421e-02
4.461730731048441090e-02
4.579530289751929106e-02
4.674612426959541545e-02
4.703754198661777575e-02
4.772625006987227941e-02
4.905125365954052935e-02
5.084819964676289689e-02
5.180452125879445036e-02
5.280504022648231655e-02
5.448515883356759570e-02
5.595254946646055494e-02
5.718696797616850541e-02
5.862310202312039781e-02
6.014678797616312966e-02
6.064555707850845939e-02
6.094724488668397389e-02
6.189018251581263758e-02
6.301873061123657027e-02
6.347222507853311768e-02
6.474958295508422002e-02
6.589703561088507133e-02
6.704040303399137757e-02
6.814957990044995251e-02
6.906036024019883424e-02
7.003694615448813332e-02
7.102269857603595027e-02
7.186839589559035346e-02
7.329515505218360538e-02
7.416615997470267507e-02
7.586210800255639708e-02
7.762849183082815019e-02
7.891326166619588856e-02
7.966260731360892688e-02
8.050472417048286367e-02
8.172911733710215565e-02
8.232247520457926238e-02
8.338283553081032862e-02
8.470647910623138599e-02
8.632237534024039816e-02
8.676160509138418353e-02
8.733701279550043495e-02
8.787116617679552322e-02
8.875946417805935518e-02
9.029467054985904073e-02
9.129881481164806023e-02
9.242893052543256494e-02
9.337258191448116751e-02
9.371897279644395007e-02
9.477569282741112044e-02
9.529585045678419519e-02
9.670706645474820562e-02
9.734735773208737231e-02
9.758449060719802393e-02
9.854908910805283695e-02
9.958151992254915541e-02
1.011354345135955929e-01
1.025672047195619052e-01
1.036961830179084915e-01
1.046474559903026458e-01
1.054323360517084307e-01
1.063375083157597073e-01
1.079425283155746595e-01
1.089824771193372011e-01
1.094033305851029314e-01
1.111958827971953195e-01
1.125759338827574951e-01
1.138781863693200946e-01
1.150851817142146682e-01
1.157062683965078415e-01
1.167509032191311052e-01
1.174958640632829537e-01
1.187510308347949073e-01
1.195881327491880308e-01
1.202186806424330595e-01
1.208554263517585547e-01
1.210360444396413881e-01
1.227975742629510980e-01
1.241304343406211541e-01
1.246689349877506681e-01
1.263502963609784702e-01
1.273100252467820326e-01
1.288566315013673913e-01
1.295481078109280149e-01
1.306461287515519598e-01
1.314566514878195980e-01
1.327109165477080299e-01
1.341505701570059328e-01
1.348795484608817097e-01
1.359485993880363286e-01
1.373836976554042300e-01
1.380610714614242951e-01
1.393359649989599491e-01
1.401375686408938559e-01
1.408041399860215925e-01
1.411161249438565857e-01
1.426364094582153463e-01
1.435221883605265203e-01
1.445641648263630841e-01
1.447748214192827176e-01
1.456436736359957296e-01
1.474627890896221816e-01
1.483966279956871470e-01
1.490982481686016214e-01
1.502328826300600439e-01
1.510900822069708438e-01
1.524716395270561686e-01
1.527285328054625024e-01
1.533640669026489767e-01
1.535804153256509208e-01
1.541884500446462358e-01
1.559906632637967916e-01
1.567681492611564809e-01
1.572634864824318246e-01
1.580190218683719394e-01
1.589601639386979126e-01
1.599223491619185811e-01
1.602455901469670985e-01
1.610461146701864521e-01
1.618620342355868436e-01
1.630413655360324343e-01
1.636231946295278183e-01
1.637601753022587536e-01
1.648697238726722358e-01
1.658543082429724813e-01
1.663281312969419612e-01
1.673013827835278522e-01
1.684290178280598294e-01
1.696044019105817369e-01
1.700905446645950003e-01
1.708056980460077867e-01
1.718314119252505323e-01
1.725844810043458410e-01
1.734863296832155066e-01
1.751206195538139443e-01
1.763164484447105607e-01
1.773740559021605712e-01
1.777860609800790137e-01
1.786956637750754806e-01
1.788764930275287823e-01
1.801707316866468234e-01
1.814506982857696238e-01
1.825254499477669268e-01
1.836579715799845636e-01
1.843246992416934515e-01
1.856142760617033038e-01
1.865663125800832711e-01
1.866951404698778405e-01
1.875245778173995626e-01
1.879629741856005953e-01
1.893276703140923389e-01
1.898495722016377008e-01
1.911705067424592230e-01
1.918337604333846258e-01
1.923642800619973225e-01
1.930184321683642290e-01
1.940174453492714834e-01
1.945986915139207851e-01
1.955843043470375520e-01
1.969254882116747707e-01
1.982902935064956296e-01
1.991936618835563888e-01
2.004782176152445083e-01
2.014323635785355004e-01
2.026269113850480141e-01
2.030015661879112365e-01
2.032697230886168216e-01
2.046720005403926124e-01
2.060732987071086098e-01
2.070145300363884777e-01
2.080793199167943752e-01
2.093331739496076260e-01
2.104745662844322573e-01
2.116746764556608207e-01
2.125140626083387163e-01
2.138745588505115147e-01
2.148440424692593942e-01
2.153790934676436120e-01
2.167534633941221589e-01
2.176347666214152043e-01
2.184316297438485266e-01
2.190955662495759904e-01
2.200865072696260860e-01
2.212995789978153827e-01
2.223301550409487737e-01
2.227086989736045686e-01
2.228973086337722176e-01
2.239636624198697579e-01
2.255339624916869734e-01
2.257323181978601323e-01
2.267232630247956182e-01
2.274339394497919553e-01
2.284396933186484957e-01
2.290692174628937150e-01
2.302026970573351483e-01
2.304886740908648202e-01
2.321582792487548175e-01
2.332371920237012453e-01
2.337477664942271549e-01
2.350313448117100912e-01
2.365803501654151764e-01
2.369495077720763510e-01
2.375709613017381872e-01
2.386134486933638166e-01
2.398239569032585006e-01
2.405574840022937644e-01
2.418594385939916158e-01
2.434604451420135096e-01
2.451670024194438913e-01
2.462791647548738805e-01
2.480637704977932678e-01
2.495543871589877838e-01
2.502683682017612377e-01
2.516453344973518802e-01
2.522664745051358404e-01
2.528822959030689876e-01
2.536472670924262984e-01
2.549992334607339983e-01
2.560242132574664931e-01
2.569186529747126690e-01
2.584175346510735882e-01
2.592861817462629448e-01
2.601404772264164222e-01
2.610679830159764458e-01
2.620809446892610195e-01
2.629425148070986817e-01
2.631875243294601874e-01
2.641664115719755679e-01
2.649882774924066098e-01
2.659737495245639849e-01
2.669263075273829444e-01
2.687353353425105396e-01
2.702878831628631739e-01
2.716475569565033332e-01
2.729814686165864535e-01
2.730979937996342866e-01
2.740944605346031793e-01
2.749526909889014048e-01
2.762209554198093997e-01
2.765697514148855451e-01
2.771539765471491279e-01
2.784809774391439063e-01
2.796599501888337169e-01
2.808891312473063562e-01
2.821579511157770725e-01
2.828849174087063045e-01
2.846093945264377423e-01
2.863775182123281526e-01
2.880694911987973228e-01
2.887613592966696840e-01
2.904252830251974338e-01
2.918283058396201612e-01
2.919880899172678790e-01
2.920492697678623295e-01
2.934620176259070679e-01
2.950540532592597076e-01
2.968882653988181297e-01
2.977770615608478777e-01
2.984236884895622444e-01
2.997430428546987713e-01
3.010281563551581718e-01
3.020675932701832878e-01
3.031119429196959536e-01
3.040516385111533548e-01
3.052818254798617681e-01
3.061636301931867643e-01
3.064048643897722690e-01
3.075388081995246159e-01
3.077494581052216405e-01
3.085966809573374992e-01
3.100365353193832996e-01
3.107989983741532014e-01
3.118313939458984829e-01
3.124058511544663408e-01
3.130344668690279719e-01
3.135866744319577015e-01
3.152600468693196878e-01
3.157716065444937659e-01
3.164084556073984422e-01
3.172491755260505308e-01
3.180567942135050785e-01
3.185694311290661607e-01
3.200319793672763424e-01
3.205201809141302594e-01
3.216087145602826158e-01
3.221357373941555746e-01
3.236265289765913322e-01
3.247666056775948551e-01
3.253160048512129254e-01
3.256534432927417066e-01
3.264725845065662990e-01
3.275064255451733408e-01
3.281666712838531841e-01
3.288988548775908516e-01
3.296387866444009385e-01
3.300349506141602163e-01
3.316555378969450185e-01
3.319682887223042722e-01
3.332390446609173607e-01
3.337250307096873425e-01
3.345821729149724422e-01
3.354066317266957697e-01
3.365694896982595052e-01
3.377957211279626337e-01
3.385445223792865610e-01
3.395812468638179649e-01
3.402935222625587119e-01
3.411720264592759122e-01
3.420231472891859803e-01
3.426207312589399367e-01
3.440220662833607390e-01
3.450383225189079806e-01
3.464450780190552193e-01
3.475037969494697565e-01
3.478931386581325391e-01
3.482010630552809238e-01
3.492305630945006789e-01
3.500356985388637931e-01
3.509349774447951820e-01
3.517402938017980540e-01
3.532309385863205420e-01
3.542849797931126310e-01
3.553795160366822747e-01
3.566986224468595701e-01
3.576669161540385056e-01
3.584907115175566816e-01
3.592705270562066566e-01
3.599508509708487236e-01
3.611348471336456867e-01
3.617482219877097283e-01
3.628154656412195256e-01
3.644485596548239226e-01
3.655265938062246533e-01
3.660879193957963795e-01
3.674303213198385487e-01
3.680916523129760809e-01
3.681719517633565419e-01
3.689056790764362881e-01
3.700284681818766797e-01
3.703810790285008148e-01
3.713328090349455879e-01
3.719270047536903379e-01
3.725878829685302374e-01
3.733234658367635128e-01
3.741330494196658529e-01
3.751531213766154949e-01
3.761366870621316028e-01
3.770485336008760902e-01
3.781592424448310674e-01
3.784215168371433125e-01
3.798181288529803301e-01
3.808468076364274202e-01
3.810586205827042883e-01
3.819737119196062181e-01
3.826314001676314192e-01
3.836674022953588392e-01
3.842847611028081256e-01
3.855650869029352279e-01
3.870764268135426511e-01
3.876128972117650062e-01
3.881553374107163390e-01
3.889812635432088883e-01
3.903751268756500137e-01
3.917275017595615583e-01
3.923405283841224223e-01
3.927741701632969651e-01
3.934361370398986035e-01
3.946392197300543914e-01
3.959519310580863483e-01
3.968498550991181317e-01
3.979568261515775696e-01
3.987384778196433333e-01
3.993316576078156377e-01
4.000376562347565113e-01
4.010738621617351840e-01
4.016992573236684572e-01
4.030734662466660678e-01
4.040769661201617513e-01
4.053241925413642033e-01
4.061213567158108440e-01
4.074783651937459172e-01
4.082760265602225491e-01
4.091519075582110698e-01
4.104726698645736471e-01
4.119257709795196010e-01
4.124364005458115989e-01
4.133395810337444076e-01
4.148524740208424655e-01
4.164719757233292241e-01
4.170170161820955790e-01
4.177826601748886870e-01
4.185815829191665838e-01
4.195154914064056495e-01
4.204307610481087254e-01
4.213568544949423123e-01
4.221644891961818802e-01
4.229828594356112026e-01
4.240589578764653589e-01
4.251102849357636937e-01
4.260135776077885184e-01
4.269229322418969241e-01
4.278965291601919962e-01
4.282157803513897965e-01
4.288322592795734689e-01
4.296066178788721102e-01
4.307234967923275204e-01
4.316733232803696696e-01
4.326829419542202460e-01
4.336091196335484232e-01
4.345721642941993701e-01
4.360226087581789978e-01
4.364193218749297110e-01
4.377376088047674196e-01
4.386995656093518048e-01
4.391618677359250267e-01
4.399380125708869382e-01
4.409531834407245943e-01
4.414388932227806261e-01
4.419295621409491392e-01
4.423575012199879031e-01
4.438039046980027935e-01
4.440499870768030988e-01
4.449157991793193379e-01
4.453372340822348008e-01
4.465303826602771142e-01
4.473756819162606480e-01
4.490089456029917603e-01
4.505210963242592404e-01
4.519965858024924121e-01
4.527896953085669973e-01
4.532557970165888572e-01
4.541465233262872991e-01
4.542819807872985338e-01
4.556215068192004947e-01
4.570970876524029780e-01
4.578028057195935863e-01
4.584180057533901453e-01
4.596049286723666305e-01
4.601941762002077496e-01
4.604508823947451868e-01
4.610061729621312554e-01
4.620787329059882209e-01
4.630361913046484590e-01
4.637346585400701215e-01
4.651928178094329458e-01
4.666334543646051825e-01
4.678167597568230196e-01
4.689223637932878885e-01
4.707310560824978229e-01
4.714575269091909049e-01
4.727651621886742039e-01
4.740204783188927129e-01
4.751742331115998974e-01
4.758908329561450379e-01
4.764107099041718363e-01
4.776523236425888053e-01
4.787231817654435395e-01
4.794102019821893101e-01
4.797625207832471594e-01
4.809856362637042193e-01
4.811395297773849999e-01
4.826782029885949288e-01
4.833995517082121940e-01
4.844436072375685187e-01
4.852780962019223043e-01
4.860893482723879222e-01
4.865635216664381257e-01
4.876195519785629373e-01
4.886855852883654205e-01
4.894730782712443662e-01
4.902813656037104950e-01
4.915955980112211021e-01
4.934018212487980004e-01
4.939217889515206128e-01
4.943429553907486285e-01
4.950837688636346989e-01
4.951861619785295487e-01
4.967122706421939760e-01
4.983703551834832712e-01
4.997879943772601252e-01
5.008481348883994100e-01
5.022487421027443943e-01
5.032971038576974365e-01
5.037982896978906444e-01
5.041977100575493198e-01
5.050281505822361572e-01
5.059792394241793279e-01
5.068130790024449883e-01
5.076073283607787090e-01
5.091886060060922814e-01
5.107756520008438494e-01
5.114531947518824451e-01
5.122117910266292817e-01
5.132290838285276102e-01
5.142895203481654409e-01
5.153260855195297419e-01
5.166347953679165661e-01
5.171040439896702479e-01
5.180593419116140685e-01
5.193912310317700953e-01
5.204001752438712769e-01
5.210160101219040163e-01
5.213060371290175743e-01
5.221492961381614117e-01
5.234943570104958477e-01
5.239838683891616666e-01
5.248097676578488135e-01
5.256396014395697813e-01
5.265860797562235129e-01
5.279163538627100749e-01
5.287735282144531146e-01
5.304164577755237087e-01
5.322302745820837178e-01
5.330274951375312265e-01
5.338103404216832937e-01
5.346158431081131646e-01
5.359504988840393391e-01
5.367847897182679295e-01
5.376051012246620964e-01
5.382424658492573899e-01
5.389181981613991868e-01
5.395894676153731861e-01
5.401518418626422013e-01
5.410827120318811856e-01
5.417148702327668763e-01
5.421512907791917746e-01
5.427405558958527942e-01
5.430391834909245041e-01
5.438282233028992607e-01
5.441931236719759202e-01
5.447618282841427684e-01
5.458777312180991270e-01
5.470613356357867385e-01
5.483192296875339933e-01
5.497892949729769052e-01
5.505185084918955418e-01
5.517932089523309713e-01
5.525425919620341464e-01
5.535111053297521178e-01
5.544149509030567025e-01
5.551915376862530671e-01
5.556520393853741080e-01
5.565896968459447258e-01
5.577918731189179802e-01
5.587852734464111570e-01
5.601990381438085587e-01
5.608962247481648067e-01
5.613977380268125872e-01
5.627288664164952214e-01
5.641704340282966967e-01
5.645618916607538784e-01
5.657939968051121093e-01
5.666520756591233443e-01
5.670289559079225716e-01
5.679525957384986556e-01
5.698061406507871629e-01
5.707289581540581080e-01
5.711363306412668983e-01
5.715648422245011018e-01
5.725215773817305953e-01
5.740669190831302338e-01
5.754167715880055267e-01
5.761700455709298785e-01
5.779678636464220531e-01
5.790096618242236426e-01
5.799169703268324261e-01
5.805277249612990076e-01
5.819869622520559282e-01
5.835537029117472407e-01
5.839849157709241512e-01
5.844331199526211496e-01
5.855878682086442799e-01
5.860521657540473939e-01
5.866084018323370897e-01
5.878781019243686234e-01
5.883002232039875601e-01
5.896410755204527510e-01
5.908594402300449966e-01
5.921205277242233000e-01
5.933645091427928175e-01
5.947136475622366580e-01
5.949681759771291434e-01
5.958680164387146760e-01
5.970963040417506251e-01
5.982842988905887616e-01
5.997143240496211058e-01
6.005911357552320418e-01
6.008100592533626161e-01
6.012374585288403628e-01
6.022967925743382134e-01
6.031535110301611269e-01
6.044508385069662371e-01
6.057897034801648095e-01
6.072512487338919129e-01
6.076853712728447210e-01
6.080968842995569945e-01
6.090935503693138964e-01
6.100293525348992052e-01
6.106381437232366594e-01
6.111394435642144574e-01
6.120015623542924832e-01
6.129703313270912224e-01
6.141626748622072141e-01
6.154810790899903905e-01
6.157817887288373759e-01
6.165102522302020605e-01
6.175174747122348373e-01
6.184523664361031292e-01
6.197432210412533449e-01
6.204164770823999975e-01
6.215694214898997982e-01
6.224846595563211515e-01
6.238433289848585028e-01
6.243793750930020092e-01
6.249667134063091600e-01
6.257043936216020175e-01
6.274226006722422033e-01
6.289784542011594981e-01
6.302009265332736421e-01
6.320498972893701106e-01
6.337099235059386881e-01
6.344784753365224628e-01
6.352483929410729369e-01
6.366329071436536147e-01
6.375448164043636678e-01
6.382733656655843468e-01
6.394663338639481331e-01
6.404890588680705044e-01
6.411732072394937809e-01
6.419225020308418905e-01
6.427698957122195411e-01
6.436338038726582278e-01
6.440775254911160763e-01
6.456393291587503303e-01
6.464696945122530014e-01
6.475571693883732660e-01
6.482360028558190601e-01
6.491375146088669279e-01
6.496188400382553185e-01
6.509374422379186065e-01
6.518131001427304172e-01
6.525558328514845519e-01
6.534693745110060625e-01
6.536072925409872614e-01
6.544975026111198302e-01
6.559814792751834656e-01
6.567549617780453763e-01
6.574201307872097333e-01
6.582718105330862546e-01
6.596574536887741536e-01
6.610624833093527997e-01
6.624700043668526606e-01
6.635241701767298217e-01
6.641462585386229689e-01
6.654670437880636502e-01
6.665254109099935098e-01
6.678447591289058405e-01
6.696349752238994757e-01
6.711126388841545110e-01
6.722415087836683956e-01
6.722914435532256761e-01
6.739000014992356791e-01
6.747590235864536767e-01
6.754672215282994108e-01
6.766712969155747048e-01
6.776613809532275878e-01
6.782817521316598652e-01
6.793575887337751640e-01
6.804922778180719778e-01
6.808712615320767769e-01
3.382527144025342936e-01
