1.000000000000000000e+00
9.948186528497409142e-01
9.896373056994818285e-01
9.792746113989637680e-01
9.740932642487046822e-01
9.585492227979274249e-01
9.430051813471502786e-01
9.378238341968911929e-01
9.222797927461139356e-01
9.170984455958549608e-01
9.119170984455958751e-01
9.067357512953367893e-01
9.015544041450777035e-01
8.963730569948186178e-01
8.860103626943005573e-01
8.808290155440414715e-01
8.652849740932642142e-01
8.601036269430051284e-01
8.549222797927461537e-01
8.497409326424870679e-01
8.445595854922279822e-01
8.290155440414507249e-01
8.238341968911917501e-01
8.186528497409326643e-01
7.979274611398963213e-01
7.927461139896373465e-01
7.772020725388600892e-01
7.720207253886010035e-01
7.616580310880829430e-01
7.512953367875647714e-01
7.461139896373056857e-01
7.409326424870465999e-01
7.305699481865285394e-01
7.253886010362694536e-01
7.150259067357512821e-01
7.098445595854921963e-01
6.994818652849741358e-01
6.891191709844559643e-01
6.839378238341968785e-01
6.787564766839377928e-01
6.735751295336787070e-01
6.683937823834197323e-01
6.528497409326424750e-01
6.476683937823833892e-01
6.424870466321243034e-01
6.373056994818653287e-01
6.269430051813471572e-01
6.217616580310880714e-01
6.010362694300518394e-01
5.958549222797927536e-01
5.854922279792745821e-01
5.803108808290154963e-01
5.751295336787565216e-01
5.699481865284974358e-01
5.647668393782383500e-01
5.595854922279792643e-01
5.544041450777201785e-01
5.492227979274610927e-01
5.388601036269430322e-01
5.129533678756477144e-01
5.077720207253886286e-01
4.922279792746113714e-01
4.870466321243523411e-01
4.766839378238341696e-01
4.715025906735751393e-01
4.663212435233160535e-01
4.611398963730569678e-01
4.507772020725388518e-01
4.455958549222797660e-01
4.404145077720207357e-01
4.352331606217616500e-01
4.248704663212435340e-01
4.145077720207253624e-01
3.937823834196891304e-01
3.834196891191709589e-01
3.782383419689119286e-01
3.626943005181347268e-01
3.575129533678756411e-01
3.523316062176165553e-01
3.471502590673575250e-01
3.367875647668393535e-01
3.108808290155440357e-01
2.901554404145077481e-01
2.590673575129533446e-01
2.538860103626943143e-01
2.435233160621761705e-01
2.279792746113989688e-01
2.020725388601036232e-01
1.088082901554404125e-01
6.217616580310880714e-02
5.699481865284974219e-02
3.108808290155440357e-02
3.108808290155440357e-02
2.072538860103627020e-02
2.072538860103627020e-02
2.072538860103627020e-02
2.072538860103627020e-02
2.072538860103627020e-02
1.036269430051813510e-02
1.036269430051813510e-02
1.036269430051813510e-02
1.036269430051813510e-02
1.036269430051813510e-02
1.036269430051813510e-02
1.036269430051813510e-02
1.036269430051813510e-02
1.036269430051813510e-02
5.181347150259067551e-03
