0.000000000000000000e+00
5.382552414232641760e-03
8.603049863740549336e-03
1.221222858310214501e-02
1.673243015902113259e-02
2.258208164292786757e-02
2.983951317073035500e-02
3.421161240588491137e-02
4.063932863316190025e-02
4.628748011649828215e-02
5.339086190890175027e-02
5.493833216007888015e-02
5.747683215023306064e-02
6.387962276726827371e-02
7.129423257218736598e-02
7.940939648654306293e-02
8.528197676506246716e-02
9.265930767542029933e-02
9.783634176579335262e-02
1.059003048788226126e-01
1.104310558529881803e-01
1.153308949180774645e-01
1.179008358332968992e-01
1.235644911762072834e-01
1.271703516318895832e-01
1.290249419184709423e-01
1.375048345177242726e-01
1.431849041444488158e-01
1.434379526899607349e-01
1.501944510860293569e-01
1.550365082783178305e-01
1.559030500797481955e-01
1.615644980971346067e-01
1.670549367818014441e-01
1.698965249167616598e-01
1.732917473058764035e-01
1.755389502287987291e-01
1.783482008142837638e-01
1.816423546167796887e-01
1.850037422967068801e-01
1.897074733158131132e-01
1.935373395806605223e-01
2.018703345284685036e-01
2.041362913707423232e-01
2.062739689588151681e-01
2.136564601726647639e-01
2.200229626464333121e-01
2.226617458091344204e-01
2.294224714832384382e-01
2.315499159465818912e-01
2.339517924622853962e-01
2.400875902789300353e-01
2.428854263026481997e-01
2.472685080415839565e-01
2.520178629895024613e-01
2.570963741220992915e-01
2.611425095933132545e-01
2.699471270375890519e-01
2.746174045302554600e-01
2.795477912505122675e-01
2.831451589232814037e-01
2.859960742856886839e-01
2.883172913231212275e-01
2.934400060298996693e-01
2.978800006364221709e-01
2.995557436653847883e-01
3.033002951921958124e-01
3.084100533517480924e-01
3.162223179909626758e-01
3.206493280445276151e-01
3.258936628409683789e-01
3.296355209465408609e-01
3.377352874092912072e-01
3.419555175128424218e-01
3.480166280780857546e-01
3.533240738170356776e-01
3.582256827590642456e-01
3.624908036789206145e-01
3.671155496991805878e-01
3.740478067781053961e-01
3.816854192862229600e-01
3.851700581522565225e-01
3.921800086736162982e-01
3.978013597447394578e-01
4.029938076310450312e-01
4.069660234563221013e-01
4.113589692211980231e-01
4.167899085423444339e-01
4.203712009941214522e-01
4.275300584985174956e-01
4.302883890372192210e-01
4.345610646641197561e-01
4.364866486412433688e-01
4.399742462917917152e-01
4.449763695501766647e-01
4.501630029181274417e-01
4.552652943514663431e-01
4.582949986562431799e-01
4.648081495493763815e-01
4.667399988772554797e-01
4.701767247022619611e-01
4.773999089464104895e-01
4.829314916817205039e-01
4.867814522763570517e-01
4.919483672993738010e-01
4.957554037733056251e-01
4.986615439404125660e-01
5.041152212968615931e-01
2.662758007770469337e-01
