1.000000000000000000e+00
9.876543209876542662e-01
9.753086419753086433e-01
9.629629629629629095e-01
9.135802469135801962e-01
9.012345679012345734e-01
8.888888888888888395e-01
8.641975308641974829e-01
8.518518518518518601e-01
8.271604938271605034e-01
8.024691358024691468e-01
7.901234567901234129e-01
7.777777777777777901e-01
7.407407407407406996e-01
7.283950617283950768e-01
6.913580246913579863e-01
4.691358024691357764e-01
2.592592592592592449e-01
2.345679012345678882e-01
1.728395061728394966e-01
1.728395061728394966e-01
1.728395061728394966e-01
1.728395061728394966e-01
2.469135802469135665e-02
2.469135802469135665e-02
2.469135802469135665e-02
2.469135802469135665e-02
2.469135802469135665e-02
2.469135802469135665e-02
2.469135802469135665e-02
2.469135802469135665e-02
2.469135802469135665e-02
2.469135802469135665e-02
2.469135802469135665e-02
