0.000000000000000000e+00
3.184264030567533071e-02
6.133005573667053845e-02
8.219187085918605584e-02
1.025925000876362903e-01
1.158255775230483675e-01
1.287256371157149692e-01
1.375560872156203207e-01
1.459001559925684754e-01
1.552432782977530290e-01
1.651494636660006399e-01
1.730334420023136033e-01
1.800728257440319668e-01
1.901838609037052596e-01
1.965320135310407723e-01
2.025723437445227371e-01
2.088175237494303838e-01
2.186470273775721340e-01
2.239457356188873927e-01
2.300890384547972234e-01
2.353877466961124820e-01
2.418377764924457829e-01
2.470849984225470808e-01
2.524855838328601276e-01
2.567600431170470321e-01
2.633382409647001543e-01
2.675360185087812259e-01
2.737045167735829843e-01
2.794381200266414789e-01
2.850950415395941406e-01
2.888831195008238484e-01
2.929275335646931433e-01
2.990193500893890688e-01
3.060072475198934994e-01
3.107680881270376005e-01
3.141212710765240446e-01
3.183190486206051162e-01
3.249487327794721714e-01
3.271243032916185678e-01
3.326015704420374752e-01
3.354683720685667225e-01
3.409971255301995630e-01
3.441454586882603528e-01
3.472171101062152543e-01
3.499557436814246802e-01
3.539486714340800422e-01
3.589143618326497975e-01
3.653391962000911430e-01
3.701000368072352442e-01
3.717125442563185556e-01
3.764733848634626567e-01
3.819769428962035418e-01
3.854068075857958742e-01
3.879153959406877461e-01
3.901424527640480755e-01
3.911918971500683573e-01
3.962342692887440010e-01
4.015581729589511872e-01
4.062423318259894556e-01
4.091091334525187029e-01
2.319774499069504892e-01
