0.000000000000000000e+00
3.223528767466241410e-03
6.092451767356711623e-03
8.805684645355117690e-03
1.100451423117245267e-02
1.361075904802140982e-02
1.611138493795866503e-02
1.856057049867781278e-02
2.079851820557355666e-02
2.320037083978783096e-02
2.559811607128887126e-02
2.763714813250090635e-02
2.988467977906085829e-02
3.244085340092945496e-02
3.473434883975654031e-02
3.708065374203947662e-02
3.927263765666808709e-02
4.136174091286048959e-02
4.371078408361891293e-02
4.574844701059320451e-02
4.758034862069506626e-02
4.982103459606630064e-02
5.211453003489338598e-02
5.425096621759065846e-02
5.623171227839586506e-02
5.821656574191430567e-02
6.029471592420475312e-02
6.227683111924770670e-02
6.446470763116309011e-02
6.660525121657359660e-02
6.858462814314106315e-02
7.098100424040436340e-02
7.274640504467293212e-02
7.452138978860571583e-02
7.650213584941092937e-02
7.822294199565010819e-02
8.010080739801909988e-02
8.182161354425827871e-02
8.364530034893367938e-02
8.557323694628303501e-02
8.755261387285050156e-02
8.948191960443760418e-02
9.140437966483598575e-02
9.343108951790832228e-02
9.535902611525767791e-02
9.739121250528098850e-02
9.911064951728243422e-02
1.008314556635216130e-01
1.024994523463049478e-01
1.045776025285953953e-01
1.062929321378836001e-01
1.079040119544978499e-01
1.098305794176094585e-01
1.114944686976795524e-01
1.135252859534651160e-01
1.151932826362484508e-01
1.167570295263578306e-01
1.184250262091411654e-01
1.201458323553803442e-01
1.216608771847471071e-01
1.232246240748564869e-01
1.246800137695786709e-01
1.270235804033861271e-01
1.287971960130811500e-01
1.307251326104305056e-01
1.325488194151059063e-01
1.341708523056221181e-01
1.357874086591873419e-01
1.378182259149729194e-01
1.392777230124083443e-01
1.407372201098437692e-01
1.422481575364973050e-01
1.437590949631508408e-01
1.454270916459341756e-01
1.474078377067393752e-01
1.494372858282871919e-01
1.508981520599603499e-01
1.525188158162388008e-01
1.540825627063481806e-01
1.553349293526734287e-01
1.571030684254174914e-01
1.591297782784898418e-01
1.608492152904912875e-01
1.628285922170587541e-01
1.643395296437122899e-01
1.657462172776918430e-01
1.671529049116713961e-01
1.685081522164328660e-01
1.701720414965029737e-01
1.721987513495753241e-01
1.740196998857752309e-01
1.758461249589261255e-01
1.775141216417094603e-01
1.792849989829290169e-01
1.807444960803644418e-01
1.823610524339296657e-01
1.840290491167130005e-01
1.852800466288004877e-01
1.864796038116698917e-01
1.880947910309973825e-01
1.893972288723029807e-01
1.906482263843904679e-01
1.924163654571345305e-01
1.943930041152265031e-01
1.956440016273139904e-01
1.973648077735531692e-01
1.990341735905742371e-01
2.005423727487522789e-01
2.022103694315356137e-01
2.034613669436231009e-01
2.049208640410585258e-01
2.066958487849913095e-01
2.083624763335369112e-01
2.097177236382983812e-01
2.111244112722779342e-01
2.127437058943186521e-01
2.145145832355382087e-01
2.160755918571720946e-01
2.173265893692595818e-01
2.186290272105651800e-01
2.204499757467650867e-01
2.220109843683989725e-01
2.238874806365302172e-01
2.259155596238403008e-01
2.274251279162560757e-01
2.291932669890001384e-01
2.308585254033079792e-01
2.323680936957237542e-01
2.341890422319236609e-01
2.360113599023613284e-01
2.374180475363408815e-01
2.396059240482562580e-01
2.407526717676697903e-01
2.423150495235414092e-01
2.436174873648470074e-01
2.451812342549563872e-01
2.467950523400461171e-01
2.480460498521336044e-01
2.493985588884195803e-01
2.509609366442911993e-01
2.523161839490526415e-01
2.534629316684661737e-01
2.550212020216245934e-01
2.563764493263860356e-01
2.576802563019293668e-01
2.588270040213428991e-01
2.601808821918666359e-01
2.613804393747360399e-01
2.626842463502793712e-01
2.639366129966045915e-01
2.654475504232581273e-01
2.672780828991222490e-01
2.685290804112097640e-01
2.699357680451893171e-01
2.712882770814752931e-01
2.732148445445868878e-01
2.747758531662207737e-01
2.758697914221784897e-01
2.770666103365723720e-01
2.782119889217481434e-01
2.794629864338356584e-01
2.806097341532491907e-01
2.817564818726627229e-01
2.827989797994023280e-01
2.844155361529675519e-01
2.856665336650550668e-01
2.869175311771425818e-01
2.881170883600119859e-01
2.899407751646873588e-01
2.917658311036004926e-01
2.932294356037491445e-01
2.946374923719664585e-01
2.957842400913799907e-01
2.972951775180335265e-01
2.988589244081428786e-01
3.003184215055783035e-01
3.021421083102536764e-01
3.034472844200347685e-01
3.046982819321222835e-01
3.064677901391040793e-01
3.076659781877357225e-01
3.091241061509333865e-01
3.100623542849990089e-01
3.114162324555227457e-01
3.128716221502449435e-01
3.140698101988765867e-01
3.155251998935987845e-01
3.168276377349044104e-01
3.178715047958817208e-01
3.192267521006431630e-01
3.204777496127306780e-01
3.220414965028400300e-01
3.229797446369056524e-01
3.241793018197750564e-01
3.253260495391885887e-01
3.265256067220579927e-01
3.277766042341455077e-01
3.288191021608851128e-01
3.299658498802986450e-01
3.311640379289302882e-01
3.323121547825815814e-01
3.336674020873430235e-01
3.351797086482342647e-01
3.364320752945594850e-01
3.377345131358651109e-01
3.390369509771707368e-01
3.402365081600401409e-01
3.417988859159117876e-01
3.432556447448716908e-01
3.442453332081554240e-01
3.458591512932451817e-01
3.476773615609696222e-01
3.487712998169273382e-01
3.503851179020170958e-01
3.513748063653008291e-01
3.525729944139324723e-01
3.542396219624780462e-01
3.554892503403278003e-01
3.566359980597413326e-01
3.582484470105933294e-01
3.599191819618521304e-01
3.608574300959177528e-01
3.617956782299833751e-01
3.629424259493969074e-01
3.638806740834625297e-01
3.649231720102021348e-01
3.661213600588337780e-01
3.674766073635952202e-01
3.690890563144472170e-01
3.703400538265347319e-01
3.715382418751663751e-01
3.725807398019059802e-01
3.734147381432976198e-01
3.749771158991692666e-01
3.759153640332348889e-01
3.774263014598884247e-01
3.782602998012800644e-01
3.793556071914754857e-01
3.804495454474332017e-01
3.813877935814988240e-01
3.824302915082384291e-01
3.836298486911078331e-01
3.852978453738911679e-01
3.870673535808729637e-01
3.882655416295046069e-01
3.891509803001143575e-01
3.904561564098954496e-01
3.914458448731791829e-01
3.932153530801609786e-01
3.946748501775964035e-01
3.957173481043360086e-01
3.969169052872054126e-01
3.978551534212710350e-01
3.986377114334446192e-01
3.996802093601842243e-01
4.006698978234679576e-01
4.017123957502075626e-01
4.027548936769471677e-01
4.043186405670565198e-01
4.051526389084481594e-01
4.065620648109032342e-01
4.078144314572284546e-01
4.089097388474238759e-01
4.098493561157272591e-01
4.107876042497928815e-01
4.115687931277287048e-01
4.125070412617943272e-01
4.136537889812078594e-01
4.145378585175799047e-01
4.156846062369934369e-01
4.165186045783850766e-01
4.175624716393623870e-01
4.190734090660159228e-01
4.202201567854294550e-01
4.214711542975169700e-01
4.223051526389086097e-01
4.231391509803002493e-01
4.240245896509099999e-01
4.252755871629975148e-01
4.262666447605190090e-01
4.275162731383687631e-01
4.286102113943264791e-01
4.300697084917619040e-01
4.313193368696116581e-01
4.328302742962651939e-01
4.337170821011127053e-01
4.346553302351783277e-01
4.356978281619179327e-01
4.366888857594394269e-01
4.376271338935050492e-01
4.388781314055925642e-01
4.398691890031140583e-01
4.412271745763510222e-01
4.420611729177426619e-01
4.429994210518082842e-01
4.437291696005259967e-01
4.444589181492437091e-01
4.457613559905493350e-01
4.466996041246149574e-01
4.478977921732466005e-01
4.490959802218782437e-01
4.501371090143800879e-01
4.518538077579060119e-01
4.527920558919716343e-01
4.537303040260372566e-01
4.544600525747549691e-01
4.557096809526047232e-01
4.565436792939963628e-01
4.574819274280619852e-01
4.585244253548015902e-01
4.591499241108453200e-01
4.602966718302588522e-01
4.611306701716504919e-01
4.623816676837380069e-01
4.632671063543477574e-01
4.642567948176314907e-01
4.651950429516971131e-01
4.658719820369589537e-01
4.674357289270683058e-01
4.684782268538079109e-01
4.694164749878735332e-01
4.702504733292651729e-01
4.710316622072009962e-01
4.724410881096560710e-01
4.734822169021579152e-01
4.745247148288975203e-01
4.754629629629631427e-01
4.767667699385064739e-01
4.779135176579200062e-01
4.786432662066377186e-01
4.798942637187252336e-01
4.807268929258791679e-01
4.816651410599447902e-01
4.833845780719462359e-01
4.842185764133378756e-01
4.851568245474034979e-01
4.858865730961212104e-01
4.871876418031890754e-01
4.883871989860584795e-01
4.891169475347761919e-01
4.898466960834939044e-01
4.907307656198659496e-01
4.915647639612575892e-01
4.925030120953232116e-01
4.933370104367148512e-01
4.940667589854325636e-01
4.952135067048460959e-01
4.959432552535638083e-01
4.966730038022815208e-01
4.981825720946972957e-01
4.991208202287629181e-01
4.999020091066987415e-01
5.006831979846345648e-01
5.024067423993492376e-01
5.035020497895447145e-01
5.047016069724140630e-01
5.056398551064796854e-01
5.068380431551113841e-01
5.077234818257211346e-01
5.085574801671127743e-01
5.096514184230704902e-01
5.101726673864402928e-01
5.113194151058538806e-01
5.123091035691376138e-01
5.131431019105292535e-01
5.146025990079646784e-01
5.156979063981601552e-01
5.168446541175737430e-01
5.184084010076831506e-01
5.201292071539223016e-01
5.212759548733358894e-01
5.222656433366196227e-01
5.228911420926634079e-01
5.239336400194030130e-01
5.253389585191448052e-01
5.264870753727960428e-01
5.275295732995356479e-01
5.283635716409272876e-01
5.293018197749929099e-01
5.306556979455165912e-01
5.312811967015603765e-01
5.324279444209739642e-01
5.334704423477135693e-01
5.344100596160169525e-01
5.350869987012788487e-01
5.360252468353444710e-01
5.376932435181277503e-01
5.384229920668454072e-01
5.394654899935850123e-01
5.400909887496287975e-01
5.408207372983464545e-01
5.416547356397380941e-01
5.426972335664776992e-01
5.435312319078693388e-01
5.455661565663680879e-01
5.468171540784555473e-01
5.475469026271732043e-01
5.483809009685648439e-01
5.489021499319346464e-01
5.495276486879784317e-01
5.500488976513482342e-01
5.508828959927398738e-01
5.522882144924816661e-01
5.533835218826771429e-01
5.542175202240687826e-01
5.548430189801125678e-01
5.554685177361563531e-01
5.563025160775479927e-01
5.581275720164611265e-01
5.589615703578527661e-01
5.595870691138965514e-01
5.603168176626142083e-01
5.613593155893538134e-01
5.618805645527236159e-01
5.627145628941152555e-01
5.638613106135288433e-01
5.646953089549204829e-01
5.654250575036381399e-01
5.661548060523557968e-01
5.667803048083995821e-01
5.671973039790954019e-01
5.682398019058350069e-01
5.689695504545526639e-01
5.694907994179224664e-01
5.703247977593141060e-01
5.712644150276174893e-01
5.722026631616831116e-01
5.726196623323789314e-01
5.732979705518784774e-01
5.741319688932701171e-01
5.753815972711199267e-01
5.771565820150527104e-01
5.780948301491183328e-01
5.793986371246616640e-01
5.802854449295091754e-01
5.812236930635747978e-01
5.828388802829023163e-01
5.838813782096419214e-01
5.848196263437075437e-01
5.860178143923392424e-01
5.868518127337308821e-01
5.875815612824485390e-01
5.883113098311661959e-01
5.899278661847314753e-01
5.908661143187970977e-01
5.916473031967328655e-01
5.924813015381245052e-01
5.930025505014943077e-01
5.936280492575380929e-01
5.943577978062557499e-01
5.952946768060836114e-01
5.959201755621273966e-01
5.965971146473892928e-01
5.976396125741288978e-01
5.983693611228465548e-01
5.995675491714782535e-01
6.006614874274359694e-01
6.013384265126978656e-01
6.021724248540895053e-01
6.034234223661769647e-01
6.046744198782644242e-01
6.052999186343082094e-01
6.060296671830258664e-01
6.065509161463956689e-01
6.071764149024394541e-01
6.080104132438310938e-01
6.085316622072008963e-01
6.089486613778967161e-01
6.097826597192883558e-01
6.104081584753321410e-01
6.117105963166377114e-01
6.129615938287251709e-01
6.136385329139870670e-01
6.139512822920089041e-01
6.144725312553787067e-01
6.155664695113364226e-01
6.164004678527280623e-01
6.174429657794676674e-01
6.181212739989672134e-01
6.186425229623370159e-01
6.193722715110546728e-01
6.199977702670984581e-01
6.208317686084900977e-01
6.215615171572077546e-01
6.221870159132515399e-01
6.227082648766213424e-01
6.231780735107730340e-01
6.236993224741428365e-01
6.243248212301866218e-01
6.250017603154485180e-01
6.260970677056439948e-01
6.276080051322975306e-01
6.280250043029933504e-01
6.289632524370589728e-01
6.294845014004287753e-01
6.303184997418204150e-01
6.309439984978642002e-01
6.316737470465818571e-01
6.324034955952995141e-01
6.330289943513432993e-01
6.338101832292790672e-01
6.343314321926488697e-01
6.347484313633446895e-01
6.351126210705846376e-01
6.360508692046502599e-01
6.371962477898260868e-01
6.379774366677618547e-01
6.386029354238056399e-01
6.393326839725232968e-01
6.400624325212409538e-01
6.408964308626325934e-01
6.418333098624604549e-01
6.425630584111781118e-01
6.430843073745479144e-01
6.436055563379177169e-01
6.445438044719833393e-01
6.463661221424209513e-01
6.474086200691605564e-01
6.485025583251182724e-01
6.491280570811620576e-01
6.498578056298797145e-01
6.502748048005755344e-01
6.512644932638592676e-01
6.526725500320765816e-01
6.538192977514901694e-01
6.555387347634915596e-01
6.561642335195353448e-01
6.569454223974711127e-01
6.573624215681669325e-01
6.580921701168845894e-01
6.585091692875804092e-01
6.593959770924279207e-01
6.599172260557977232e-01
6.605427248118415084e-01
6.613767231532331481e-01
6.622107214946247877e-01
6.628362202506685730e-01
6.636702185920602126e-01
6.641914675554300151e-01
6.648169663114738004e-01
6.653896556040617138e-01
6.662236539454533535e-01
6.675789012502147957e-01
6.681001502135845982e-01
6.690383983476502205e-01
6.698723966890418602e-01
6.711762036645851914e-01
6.715932028352810113e-01
6.723229513839986682e-01
6.728442003473684707e-01
6.736253892253042386e-01
6.750835171885019026e-01
6.759175155298935422e-01
6.773242031638730953e-01
6.777412023345689152e-01
6.781582015052647350e-01
6.796664006634427491e-01
6.805003990048343887e-01
6.809173981755302085e-01
6.818556463095958309e-01
6.831080129559210512e-01
6.838377615046387081e-01
6.841505108826605452e-01
6.849845092240521849e-01
6.855057581874219874e-01
6.862355067361396443e-01
6.871737548702052667e-01
6.878506939554671629e-01
6.882676931261629827e-01
6.887889420895327852e-01
6.893101910529025877e-01
6.897786305528165185e-01
6.911352469918157215e-01
6.916564959551855241e-01
6.922819947112293093e-01
6.928032436745991118e-01
6.937414918086647342e-01
6.940542411866865713e-01
6.948882395280782109e-01
6.955137382841219962e-01
6.965562362108616012e-01
6.968175452596653274e-01
6.972345444303611472e-01
6.977557933937309498e-01
6.980685427717527869e-01
6.993723497472961181e-01
7.004148476740357232e-01
7.007275970520575603e-01
7.014573456007752172e-01
7.027083431128626767e-01
7.032295920762324792e-01
7.044805895883199387e-01
7.048975887590157585e-01
7.053145879297115783e-01
7.059915270149734745e-01
7.065127759783432770e-01
7.069297751490390969e-01
7.072425245270609340e-01
7.083392010514940607e-01
7.086519504295158978e-01
7.090689496002117176e-01
7.096416388927996310e-01
7.103199471122991770e-01
7.107369462829949969e-01
7.116765635512983801e-01
7.121978125146681826e-01
7.134488100267556421e-01
7.143342486973653926e-01
7.146469980753872298e-01
7.156894960021268348e-01
7.169933029776701661e-01
7.177230515263878230e-01
7.184528000751054799e-01
7.190782988311492652e-01
7.199122971725409048e-01
7.205377959285846901e-01
7.209547950992805099e-01
7.214760440626503124e-01
7.219972930260201149e-01
7.225185419893899175e-01
7.230397909527597200e-01
7.238737892941513596e-01
7.242907884648471795e-01
7.250205370135648364e-01
7.256460357696086216e-01
7.264800341110002613e-01
7.266885336963482267e-01
7.270012830743700638e-01
7.274182822450658836e-01
7.278880908792175752e-01
7.282008402572394123e-01
7.297645871473488199e-01
7.302858361107186225e-01
7.306500258179585705e-01
7.312755245740023557e-01
7.322137727080679781e-01
7.324222722934159435e-01
7.331520208421336005e-01
7.339345788543071292e-01
7.346115179395690253e-01
7.350285171102648452e-01
7.361752648296784329e-01
7.371649532929621662e-01
7.376862022563319687e-01
7.386230812561598302e-01
7.390400804268556501e-01
7.396655791828994353e-01
7.400825783535952551e-01
7.408123269023129120e-01
7.412293260730087319e-01
7.417492059021407735e-01
7.425832042435324132e-01
7.431558935361203266e-01
7.438856420848379836e-01
7.446153906335556405e-01
7.454493889749472801e-01
7.460748877309910654e-01
7.470117667308189269e-01
7.474287659015147467e-01
7.477415152795365838e-01
7.482627642429063863e-01
7.487826440720384280e-01
7.499822012549077765e-01
7.506077000109515618e-01
7.514416983523432014e-01
7.519629473157130040e-01
7.525884460717567892e-01
7.532653851570186854e-01
7.539951337057363423e-01
7.546206324617801275e-01
7.550376316324759474e-01
7.558702608396298261e-01
7.562872600103256460e-01
7.569127587663694312e-01
7.574854480589573447e-01
7.585265768514591889e-01
7.592563254001768458e-01
7.595690747781986829e-01
7.605073229122643053e-01
7.612357023267443124e-01
7.619654508754619693e-01
7.627480088876354980e-01
7.631650080583313178e-01
7.634777574363531549e-01
7.637905068143749920e-01
7.650428734607002124e-01
7.655641224240700149e-01
7.665023705581356372e-01
7.669193697288314571e-01
7.674406186922012596e-01
7.688445680577052910e-01
7.698356256552267851e-01
7.702526248259226049e-01
7.710866231673142446e-01
7.715036223380100644e-01
7.721291210940538496e-01
7.729631194354454893e-01
7.739013675695111116e-01
7.742141169475329487e-01
7.748382465693389731e-01
7.751509959473608102e-01
7.755679951180566301e-01
7.761934938741004153e-01
7.767147428374702178e-01
7.774444913861878748e-01
7.780699901422316600e-01
7.784869893129274798e-01
7.792167378616451368e-01
7.796337370323409566e-01
7.799464864103627937e-01
7.803634855810586135e-01
7.806762349590804506e-01
7.813531740443423468e-01
7.821357320565158755e-01
4.822438321524613603e-01
