0.000000000000000000e+00
6.514047176875644579e-03
1.056685388003252707e-02
1.431863321336160171e-02
1.897996386422721310e-02
2.516636990085981129e-02
3.018788583390112981e-02
3.587675398582439862e-02
3.948006008141461548e-02
4.348075336751898445e-02
4.761080545767096966e-02
5.139982790448532901e-02
5.661773073696766551e-02
6.221761320467465717e-02
6.549521480192307954e-02
6.947876991657087054e-02
7.333992831217277242e-02
7.594543909865321407e-02
8.046414447300372086e-02
8.363541618884511031e-02
8.722607388917036353e-02
9.062961426327909020e-02
9.419600688655871412e-02
9.855989343055775176e-02
1.022647908156689572e-01
1.059127537815479497e-01
1.097660435789177547e-01
1.124865769479740096e-01
1.154265261391118763e-01
1.179437929340190622e-01
1.212993800260921962e-01
1.246239871869989913e-01
1.279076443560187570e-01
1.317759708623565673e-01
1.349704363214258851e-01
1.373249744826026963e-01
1.403555163586834020e-01
1.433229034231731924e-01
1.460385349645694775e-01
1.490705190207894104e-01
1.516640834843144825e-01
1.548422348748639266e-01
1.573140206965456533e-01
1.602810369147139313e-01
1.634262305270489379e-01
1.655211033617532967e-01
1.677054563424359712e-01
1.700393966846354687e-01
1.723080395476086213e-01
1.743492743748275842e-01
1.775108232608293146e-01
1.794348516326901843e-01
1.815052945697615827e-01
1.837792925170098901e-01
1.861588374478753694e-01
1.885874894048877870e-01
1.905606660080424730e-01
1.926557448684810270e-01
1.955320447862659572e-01
1.979281922216791501e-01
2.001130808692706819e-01
2.025987908609558352e-01
2.054020483167228461e-01
2.083596301410793050e-01
2.108128356111652058e-01
2.126234896063236568e-01
2.150524712045107645e-01
2.169884474841403954e-01
2.199951363346438205e-01
2.229453852276770398e-01
2.250674074997054963e-01
2.276513727488314043e-01
2.297877312423316498e-01
2.316229387505635839e-01
2.331735565729280979e-01
2.353993540072598090e-01
2.374208135336247361e-01
2.390691921516679974e-01
2.414252961084245308e-01
2.434577146190342045e-01
2.455211130608102033e-01
2.475760248271516029e-01
2.501275679649719308e-01
2.520522144140353582e-01
2.542211598394285010e-01
2.557639502687077404e-01
2.572933934000392608e-01
2.596750397933933474e-01
2.615937954912727625e-01
2.637398768146126948e-01
2.659346119074844084e-01
2.681126208803678579e-01
2.698769285942173024e-01
2.721687239952715331e-01
2.743392352162444259e-01
2.766310306172986566e-01
2.783854094755742747e-01
2.805390297559716140e-01
2.825385728986605227e-01
2.845622162978077019e-01
2.860175456333035604e-01
2.877653332528989361e-01
2.894240939831312365e-01
2.912043037140322199e-01
2.930482451285797985e-01
2.949083769962067558e-01
2.970935128746792775e-01
2.993603015060448680e-01
3.013027866140610689e-01
3.034559124326963730e-01
3.050477686829757840e-01
3.067859158830251731e-01
3.087520891960313096e-01
3.106450964315790042e-01
3.117571710458081347e-01
3.134790041773376501e-01
3.151277948468492740e-01
3.166628402933369668e-01
3.177669226938935054e-01
3.196361181090107695e-01
3.208946072884504286e-01
3.228852929093831703e-01
3.245666705107876915e-01
3.262721895737973332e-01
3.276199940786279630e-01
3.292606689190264446e-01
3.312919748906715811e-01
3.326969198404686190e-01
3.339800449432754337e-01
3.350596974461990118e-01
3.368957290573676433e-01
3.387400001130899119e-01
3.403807161586352437e-01
3.423554585573696518e-01
3.436878967120576278e-01
3.452804534498332134e-01
3.467669275370827697e-01
3.477672759804829039e-01
3.492303502987703645e-01
3.507014168307304169e-01
3.524488336040043079e-01
3.541960031463971537e-01
3.556751855074702928e-01
3.568933015670786579e-01
3.582825093204115019e-01
3.594355339265276617e-01
3.608736838854201268e-01
3.622222300828937813e-01
3.631885906194086133e-01
3.643581353197788419e-01
3.653324880699662658e-01
3.665671654289754944e-01
3.678672226775047127e-01
3.696954681007349475e-01
3.710197904263098367e-01
3.724580227954959466e-01
3.734745204868286095e-01
3.748566837448660816e-01
3.758567437522383758e-01
3.770762607868390903e-01
3.781330903928562526e-01
3.793526486326038172e-01
3.803198332720553743e-01
3.810422244734151254e-01
3.821385206860332673e-01
3.833251623527132446e-01
3.842020839483966110e-01
3.852335359384035929e-01
3.860223783631010486e-01
3.869166441559751535e-01
3.878676383423473317e-01
3.886888616732035451e-01
3.900382731787607193e-01
3.911436741440160181e-01
3.924602102816524551e-01
3.936145122473205249e-01
3.950774217450206405e-01
3.960520217260891096e-01
3.975632965572931665e-01
3.983439819477306854e-01
3.994250354256466684e-01
4.007173064862374900e-01
4.019028768190997525e-01
4.026837682352714665e-01
4.033910815225164037e-01
4.040497822453764099e-01
4.051874405013499159e-01
4.060072628572137243e-01
4.067542487767937809e-01
4.075836291419099311e-01
4.090376811178539351e-01
4.103945079650280214e-01
4.115315069386521474e-01
4.125796026383536930e-01
4.137661206895931754e-01
4.147657686454971349e-01
4.159604025258497040e-01
4.174148253481151927e-01
4.186417577243328192e-01
4.198040931088203309e-01
4.206487574137854901e-01
4.219484026108463737e-01
4.228497953093095507e-01
4.242313404901444929e-01
4.248644987764069736e-01
4.259038605697929025e-01
4.267159379428651089e-01
4.276013874191299524e-01
4.285518047334464509e-01
4.296077690313800934e-01
4.307122634834050223e-01
4.315490179849912344e-01
4.325884209835240135e-01
4.337100948121523358e-01
4.346692048276376008e-01
4.359696329224883593e-01
4.370909771099419916e-01
4.376845451741629978e-01
4.384080901196341085e-01
4.392532488863612472e-01
4.399445365411141506e-01
4.406520146489464329e-01
4.412447174050839194e-01
4.426260977653315165e-01
4.433174266252312701e-01
4.438786961935872188e-01
4.445038210610302576e-01
4.455919602393884627e-01
4.463391521847027144e-01
4.473144114481205080e-01
4.483623011220878585e-01
4.492561136583467785e-01
4.500852879977287335e-01
4.507593550707313934e-01
4.518163082921890505e-01
4.525390703398703418e-01
4.533833637985139609e-01
4.543578401641418796e-01
4.550885944254957627e-01
4.560063011924788134e-01
4.569817664816308023e-01
4.578835300264155195e-01
4.587446320153410473e-01
4.601093274607472305e-01
4.610758528178494076e-01
4.620024583117354200e-01
4.628634366852204529e-01
4.636025128014216179e-01
4.644718542349007273e-01
4.655852886189754680e-01
4.661374946398411101e-01
4.668766119611890697e-01
4.674531654693939720e-01
4.681679353034026159e-01
4.691099895577249823e-01
4.701581676677201727e-01
4.707348035862187752e-01
4.714249374968603190e-01
4.724484796834884093e-01
4.732123153384972247e-01
4.740169361648057245e-01
4.751949263354637298e-01
4.756098225437560001e-01
4.767230509020965457e-01
4.773245699748432935e-01
4.780234377918004540e-01
4.788281822335494486e-01
4.798197967706339662e-01
4.804378771427816330e-01
4.813235738499274663e-01
4.818197931699380598e-01
4.822835491734962510e-01
4.827550913649928943e-01
4.834946207378092442e-01
4.841046676911374691e-01
4.845680940535209702e-01
4.854211214184802059e-01
4.858433505580956879e-01
4.868345942488586653e-01
4.877363577936433825e-01
4.882559768826160718e-01
4.891660622822480708e-01
4.902057949219554844e-01
4.909693833460832546e-01
4.923502280394219666e-01
4.935287538769888571e-01
4.943249292330095801e-01
4.949425151433952119e-01
4.954380751810564809e-01
4.964297309232878486e-01
4.974940170760687730e-01
4.978675100358588290e-01
4.989237627698203115e-01
4.996065225439917379e-01
5.004921780459907765e-01
5.015073159674778847e-01
5.023842787683080457e-01
5.032696046291323944e-01
5.039521171724228310e-01
5.050655927616444218e-01
5.059835055543616678e-01
5.067800105515570808e-01
5.077307163019013636e-01
5.081610200654831377e-01
5.086888785990094641e-01
5.094850951601770372e-01
5.099075303255267144e-01
5.105898368430830114e-01
5.115080380718280972e-01
5.123448337785611040e-01
5.130188184412700636e-01
5.138714337547609645e-01
5.148631719072860324e-01
5.152122349694431280e-01
5.160330874539778012e-01
5.169270236056772161e-01
5.172924007363541854e-01
5.176741743458446177e-01
5.182996700596091966e-01
5.188032223109430019e-01
5.193962135031082727e-01
5.198756654979838077e-01
5.205903941268456014e-01
5.209395808044431364e-01
5.211830968829830324e-01
5.221499518812598994e-01
5.229542018612468590e-01
5.232464953247590866e-01
5.239692161672935278e-01
5.242372033486132343e-01
5.247652679078737004e-01
5.254559374854240739e-01
5.265044040314471596e-01
5.269920542657294815e-01
5.277476916813315100e-01
5.281131924274489187e-01
5.284544280965207674e-01
5.289010459286224153e-01
5.295430617366410075e-01
5.298847094571811356e-01
5.304215491279040684e-01
5.310961518678155580e-01
5.314048006049943984e-01
5.318841701895762331e-01
5.322252822432075314e-01
5.328265952902201397e-01
5.332165671391173589e-01
5.339888482644139511e-01
5.343548434722934504e-01
5.349237344080004508e-01
5.354768469420964072e-01
5.359161318428747878e-01
5.366713984121552761e-01
5.372241400999298033e-01
5.375982099317755392e-01
5.379882641909664587e-01
5.389146224539714813e-01
5.398083525799367566e-01
5.404342191400228756e-01
5.408648525447793398e-01
5.414825208654586719e-01
5.420920733570249173e-01
5.428801740890794036e-01
5.432051368947781178e-01
5.439278577373125589e-01
5.445939738017894216e-01
5.451386408655976012e-01
5.455203732699412944e-01
5.460808599405073682e-01
5.465924456106606710e-01
5.470312360496770721e-01
5.473891566335902237e-01
5.482750593664702521e-01
5.491121847143779489e-01
5.495513872048626292e-01
5.500472768836985882e-01
5.506239540073439853e-01
5.510788524891460094e-01
5.515906441850334518e-01
5.521837177874924230e-01
5.530457262896483206e-01
5.536061305499206942e-01
5.543372144524492118e-01
5.549222958412355355e-01
5.556209988376052955e-01
5.560838895330799669e-01
5.568964201627674138e-01
5.573272183881111674e-01
5.580994171031140594e-01
5.583999088060329630e-01
5.592698683167146578e-01
5.597008313626458120e-01
5.597577245767312304e-01
5.599609911508802718e-01
5.603187881193529840e-01
5.604814343427897416e-01
5.607416765413179016e-01
5.615870001286323854e-01
5.616926295225431742e-01
5.619772604135574445e-01
5.623023468346967091e-01
5.625705400417505553e-01
5.634725508174163178e-01
5.637974724179682928e-01
5.639844249235974605e-01
5.640982937620618864e-01
5.644641653545008353e-01
5.644966698761000323e-01
5.647649454934475788e-01
5.651390977355870149e-01
5.653342896857698197e-01
5.655295228410994746e-01
5.656595409274964847e-01
5.658545680570918890e-01
5.661798192988184431e-01
5.663343908982888530e-01
5.664724836086520998e-01
5.667325197814460092e-01
5.670982677584444076e-01
5.671877479044227233e-01
5.674640157354429171e-01
5.681057843125805196e-01
5.683171667158426477e-01
5.686099958462637050e-01
3.961110350083166809e-01
