0.000000000000000000e+00
1.769563551468496948e-02
3.209429355574563991e-02
4.717239627887088310e-02
5.946032043056753702e-02
6.820733532934146470e-02
7.583827879954395390e-02
8.275413458796708477e-02
9.076155724265773383e-02
9.618486241802126635e-02
1.012183222840035979e-01
1.069891467065870322e-01
1.120270619475337015e-01
1.176185575278017453e-01
1.247159698460224286e-01
1.284495740661535934e-01
1.306839446107786462e-01
1.353542914171658729e-01
1.403966620330769077e-01
1.452530207442260246e-01
1.474896189763332532e-01
1.508556547619049615e-01
1.519739538779585619e-01
1.592328735386372429e-01
1.612834598659825536e-01
1.624039866695183298e-01
1.635245134730541061e-01
1.674508126603936886e-01
1.683853275591675747e-01
1.732461416452810432e-01
1.741784288565727534e-01
1.790347875677218703e-01
1.827594810379243317e-01
1.876180674365556245e-01
1.907936359424010631e-01
1.950875035643001021e-01
1.965800541773596866e-01
1.975123413886513968e-01
2.027474069717708494e-01
2.033076703735387514e-01
2.049862328913602538e-01
2.066670230966639321e-01
2.102190707869975306e-01
2.120881005845452749e-01
2.133946392928429692e-01
2.145151660963787454e-01
2.167584473909324738e-01
2.176929622897063599e-01
7.401849281608798015e-02
