0.000000000000000000e+00
3.131909713927497063e-02
4.751512664500445043e-02
6.300375964849892763e-02
7.928312956001438983e-02
9.532290533854036185e-02
1.093276563699762116e-01
1.255262971866309696e-01
1.419404528714301450e-01
1.544294414199813004e-01
1.674925551851829952e-01
1.836021136175125523e-01
1.923013600113361588e-01
2.003352196851941602e-01
2.060809281500440016e-01
2.112026713150685908e-01
2.190630259030515448e-01
2.235724184724690866e-01
2.282332997622288362e-01
2.320389240625305993e-01
2.358153154815771368e-01
2.393396772619316715e-01
2.444167484876538787e-01
2.477934059509790676e-01
2.509154369921491323e-01
2.550045937280117636e-01
2.581958699069641372e-01
2.599756036006085069e-01
2.633983421668494307e-01
2.654210222048608014e-01
2.684830621002294859e-01
2.727971547620027248e-01
2.748725585839853491e-01
2.767092835029570375e-01
2.783133329917364951e-01
2.805912132865698294e-01
2.818206903802368823e-01
2.838007613782581040e-01
2.857593644223595519e-01
2.876691188824263556e-01
2.892125888632753328e-01
2.905536731678973750e-01
2.915197020393638927e-01
2.928093155534343683e-01
2.949166398367591424e-01
2.959848403339523371e-01
2.973201826600351816e-01
2.983927813457241673e-01
2.995733590092488630e-01
3.008938106888975894e-01
3.019755834655353244e-01
3.029190221368021629e-01
3.042879301590661334e-01
3.055987247097229353e-01
3.066230631735062939e-01
3.077124447072858149e-01
3.088193790445324938e-01
3.097585502744433228e-01
3.106326784343579894e-01
3.117787896991852103e-01
3.129374817443169032e-01
3.139493048013656806e-01
3.148020957545003551e-01
3.157597204903946908e-01
3.165053677946400579e-01
3.175081729309337519e-01
3.182799079213582405e-01
3.191143761156492453e-01
3.199768895713456796e-01
3.208097524813136592e-01
3.216554830889195582e-01
3.222229402014606947e-01
3.230422308319841340e-01
3.237465475127129233e-01
3.244687692878121532e-01
3.250385362664829358e-01
3.256917998211333320e-01
3.263158304945285026e-01
3.270072794776193725e-01
3.276075323309650678e-01
3.282521956293335541e-01
3.289456021876507874e-01
3.294873892784859759e-01
3.301675104746920608e-01
3.307502105245706536e-01
3.314965624106226971e-01
3.320691222934662457e-01
3.327628157691169264e-01
3.333385208470366345e-01
3.338810125196784995e-01
3.348408817481325905e-01
3.355930409862937225e-01
3.360224509107974100e-01
3.364718542520376832e-01
3.373755022105410784e-01
3.380777305689037227e-01
3.386880582157145159e-01
3.391483716793663450e-01
3.395486794697545330e-01
3.400074530226532277e-01
3.404323085884674582e-01
3.409697628643767464e-01
3.413965760054172849e-01
3.418798973337420222e-01
3.425768013780386978e-01
3.429860617156121338e-01
3.433633616413274137e-01
3.437652093424687361e-01
3.442952509819459106e-01
3.446507306628380785e-01
3.450716710781996377e-01
3.455226143301929898e-01
3.458406785380212511e-01
3.464124030919183417e-01
3.469584576241095397e-01
3.473337999745985116e-01
3.476389964847888536e-01
3.479917486350781464e-01
3.483717760913963568e-01
3.487042479076156165e-01
3.490449023156435571e-01
3.493991943766859287e-01
3.497628566493867774e-01
3.501662442612812343e-01
3.505423565671467734e-01
3.508795134891952716e-01
3.512439457172726875e-01
3.517327221068031751e-01
3.526932959170639426e-01
3.531847998371973607e-01
3.536380529553203589e-01
3.542631405014254886e-01
3.546372952320646643e-01
3.549113012857734173e-01
3.551525769722475023e-01
3.554320380871620610e-01
3.558587858546327087e-01
3.562193029322574533e-01
3.565743649486763922e-01
3.568803314142433014e-01
3.571753877573986546e-01
3.575526876831139345e-01
3.578477440262692877e-01
3.580972023045520536e-01
3.583984836642897243e-01
3.589289429682401278e-01
3.592875024706385090e-01
3.596702574575595945e-01
3.600436422328222030e-01
3.603012831029136498e-01
3.605807442178282085e-01
3.612655505198635320e-01
3.617939868750177368e-01
3.623360608831863727e-01
3.626467124545825205e-01
3.629624014227111894e-01
3.631771717585329240e-01
3.635762919290713713e-01
3.641810991411065235e-01
3.644551051948152764e-01
3.646570078329990916e-01
3.648507278793742259e-01
3.650608131093667219e-01
3.652892210982028875e-01
3.654829411445780218e-01
3.657561772429102631e-01
3.659526248198883280e-01
3.664452509863015961e-01
3.666444260938825361e-01
3.669659877876902399e-01
3.672306236297405713e-01
3.674543465127475539e-01
3.676398839673140628e-01
3.679575305106690952e-01
3.684130934949217950e-01
3.686040860106940542e-01
3.688215838771186639e-01
3.690343966377140350e-01
3.692335717452949750e-01
3.696361894018128647e-01
3.698244543869822487e-01
3.701810563141543220e-01
3.705953540484603348e-01
3.707918016254383997e-01
3.709808365659843510e-01
3.711535063229129405e-01
3.715198307526467736e-01
3.717190058602277136e-01
3.719127259066028479e-01
3.721126709695603552e-01
3.722771581346802638e-01
3.724416452998001725e-01
3.726115875261258870e-01
3.729942771394770817e-01
3.732896857735357732e-01
3.734705381222730436e-01
3.737390891147760463e-01
3.739608544225566655e-01
3.744437580864081738e-01
3.747964448631275758e-01
3.749554769670416787e-01
3.751893400170836501e-01
3.754122929447140655e-01
3.757872176307298084e-01
3.761691372887044360e-01
3.763901326411084880e-01
3.766785463032082948e-01
3.769310844029972740e-01
3.772194980650970808e-01
3.773948953526285455e-01
3.776451235862878786e-01
3.777803778701525617e-01
3.779210872152229950e-01
3.782352362725985850e-01
3.784004933930950609e-01
3.785677080888178447e-01
3.787138724950940838e-01
3.789029074356400351e-01
3.790654370255336358e-01
3.792965725449727321e-01
3.794318268288374152e-01
3.796107216023483222e-01
3.800678244973541009e-01
3.802868622745318450e-01
3.804439368032196400e-01
3.806146489849218661e-01
3.808192791537086119e-01
3.809810387882256455e-01
3.811217481332960788e-01
3.813209232408770188e-01
3.816050694616208161e-01
3.817831942797551559e-01
3.819375412778400758e-01
3.821293037489889022e-01
3.822809232164708915e-01
3.828436298496128987e-01
3.830579825209614042e-01
3.832014193966347682e-01
3.833830417007486058e-01
3.835455712906422066e-01
3.837490138395791561e-01
3.840577078357489405e-01
3.842849282047353654e-01
3.844201824886000485e-01
3.845554367724647316e-01
3.847806995662247931e-01
3.851279312817383893e-01
3.853913795039389245e-01
3.856934308190531624e-01
3.859116986408543393e-01
3.860578630471305783e-01
3.863209589784277753e-01
3.864562132622924584e-01
3.866397931416326039e-01
3.867805024867030372e-01
3.869586273048373770e-01
3.872657160166841916e-01
3.875618946061194503e-01
3.878709408931925728e-01
3.880389255442919239e-01
3.882225054236320694e-01
3.883951751805606589e-01
3.887026815568807026e-01
3.888406633713482607e-01
3.894423253883073088e-01
3.896122676146330233e-01
3.897837497517118166e-01
3.900791583857705080e-01
3.901988174413943966e-01
3.903531644394793165e-01
3.904728234951032051e-01
3.906688534076080410e-01
3.907748748102174430e-01
3.908836237434297756e-01
3.909896451460391775e-01
3.911358095523154166e-01
3.913377121904992317e-01
3.915302446170246253e-01
3.916635413256629450e-01
3.918334835519886594e-01
3.920353861901724746e-01
3.921686828988107942e-01
3.923074346686549196e-01
3.924645091973427147e-01
3.927560026809487348e-01
3.929956730830997946e-01
3.931527476117875897e-01
3.933024095040432710e-01
3.934247960902700347e-01
3.935662753907170353e-01
3.938110485631705626e-01
3.939170699657799646e-01
3.940585492662269651e-01
3.953646841341084128e-01
3.957813571081139625e-01
3.959119262861494071e-01
3.960561331171992827e-01
3.964267249882891253e-01
3.965463840439130139e-01
3.967517841680762714e-01
3.969559966723897881e-01
3.971465715236888183e-01
3.973777070431279146e-01
3.975967448203056587e-01
3.977557769242197616e-01
3.978754359798436502e-01
3.980188728555170141e-01
3.982153204324950790e-01
3.983513446717362738e-01
3.984893264862038320e-01
3.987971851534271583e-01
3.989659397599030766e-01
3.991483320193934259e-01
3.992808587726551783e-01
3.994963990638534801e-01
3.996106030582715629e-01
3.997466272975127577e-01
4.000397260654417475e-01
4.002498112954342435e-01
4.004041582935191634e-01
4.005210898185401214e-01
4.007101247590860726e-01
4.008188736922984052e-01
4.010270013470645933e-01
4.012242188794191700e-01
4.013731108162982841e-01
4.015110926307658423e-01
4.016728522652828759e-01
4.017788736678922779e-01
4.019515434248208674e-01
4.021031628923028567e-01
4.033929325765669427e-01
4.037444317334365484e-01
4.038531806666488810e-01
4.039728397222727696e-01
4.040897712472937275e-01
4.044534335199945763e-01
4.046471535663697106e-01
4.048252783845040503e-01
4.050552262840933504e-01
4.052625839834829713e-01
4.053876981003126101e-01
4.055923282690993559e-01
4.057330376141697892e-01
4.059859933784319974e-01
4.062521691312354077e-01
4.064677094224337095e-01
4.066629693795619782e-01
4.067588506151363914e-01
4.071321700168291091e-01
4.072853293950642328e-01
4.077880957285125452e-01
4.079603478209679057e-01
4.080507739953365132e-01
4.083812882363294650e-01
4.084900371695417975e-01
4.086050111193364476e-01
4.087729957704357986e-01
4.088552393529957807e-01
4.089483930579673188e-01
4.090625970523854016e-01
4.091795285774063595e-01
4.093019151636331232e-01
4.093950688686046613e-01
4.094936776347819496e-01
4.096745299835192200e-01
4.097704112190936332e-01
4.099165756253698722e-01
4.100607824564197479e-01
4.101512086307883553e-01
4.104088495008798021e-01
4.104910930834397842e-01
4.105787917272055165e-01
4.106637628403683737e-01
4.107569165453399118e-01
4.108391601278998939e-01
4.109377688940771822e-01
4.110601554803039459e-01
4.111478541240696782e-01
4.112846483186874402e-01
4.114268975745110080e-01
4.115091411570709901e-01
4.116022948620425281e-01
4.117722370883682426e-01
4.118626632627368500e-01
4.122332551338266926e-01
4.123392765364360946e-01
4.124507530002513023e-01
4.125622294640665100e-01
4.126764334584845928e-01
4.128050450612936739e-01
4.129703021817901498e-01
4.131082839962577080e-01
4.131878000482147595e-01
4.133748774135343473e-01
4.134836263467466799e-01
4.135896477493560819e-01
4.136746188625189391e-01
4.137650450368875465e-01
4.138710664394969485e-01
4.139825429033121562e-01
4.140702415470778885e-01
4.143029169772700637e-01
4.147151917627798223e-01
4.148293957571979051e-01
4.149681475270420306e-01
4.151894951703494208e-01
4.156450581546021206e-01
4.158574532507242627e-01
4.160437606606672833e-01
4.161497820632766853e-01
4.162538458906597794e-01
4.164151878607035839e-01
4.165083415656751220e-01
4.165960402094408543e-01
4.166810113226037116e-01
4.168033979088304752e-01
4.169203294338514332e-01
4.170053005470142904e-01
4.170957267213828978e-01
4.171806978345457551e-01
4.173560951220772197e-01
4.176273736451830976e-01
4.177123447583459548e-01
4.178027709327145622e-01
4.179142473965297699e-01
4.180210387545157391e-01
4.181726582219977284e-01
4.182814071552100610e-01
4.183609232071671125e-01
4.185261803276635884e-01
4.186111514408264456e-01
4.186961225539893028e-01
4.188485119768478593e-01
4.189907612326714270e-01
4.192511296333657489e-01
4.194144291786358614e-01
4.195259056424510691e-01
4.196108767556139263e-01
4.197515861006843596e-01
4.198529223974645785e-01
4.199616713306769111e-01
4.200411873826339626e-01
4.203642889871948007e-01
4.205221334712591630e-01
4.206152871762307011e-01
4.207029858199964334e-01
4.208199173450173913e-01
4.209157985805918045e-01
4.210225899385777737e-01
4.211340664023929814e-01
4.212217650461587137e-01
4.213905196526346320e-01
4.215838220345365372e-01
4.216660656170965193e-01
4.217966347951319639e-01
4.218788783776919460e-01
4.220449054535649891e-01
4.221298765667278463e-01
4.222440805611459291e-01
4.223235966131029806e-01
4.224112952568687129e-01
4.225017214312373204e-01
4.226615234905279905e-01
4.229191643606194373e-01
4.230544186444841204e-01
4.231557549412643393e-01
4.232407260544271965e-01
4.233229696369871786e-01
4.235045919411010162e-01
4.236815291393856153e-01
4.238760191411373168e-01
4.239609902543001740e-01
4.241309324806258885e-01
4.242131760631858706e-01
4.243281500129805206e-01
4.244368989461928532e-01
4.245873307938251018e-01
4.248667919087396605e-01
4.249463079606967120e-01
4.251306577954134247e-01
4.252538143370167556e-01
4.254190714575132315e-01
4.258679917607103849e-01
4.259319125844266418e-01
4.261785779585365863e-01
4.264330736335518734e-01
4.264915393960623802e-01
4.266458863941473001e-01
4.266988970954520011e-01
4.267519077967567021e-01
4.269545803903170844e-01
4.270531891564943727e-01
4.271143824496077546e-01
4.272648142972400032e-01
4.275960331200395759e-01
4.277219171922457819e-01
4.279292748916354028e-01
4.280169735354011351e-01
4.282574138929287622e-01
4.284308536052339189e-01
4.285450575996520017e-01
4.286627590800495269e-01
4.298122370837164086e-01
4.299264410781344914e-01
4.299985444936594292e-01
4.300597377867728111e-01
4.301209310798861929e-01
4.302413600908866487e-01
4.303025533840000305e-01
4.304541728514820198e-01
4.305336889034390713e-01
4.306412502168016077e-01
4.308189573704627739e-01
4.309230211978458680e-01
4.310134473722144755e-01
4.311147836689946944e-01
4.312332551047687867e-01
4.312917208672792935e-01
4.315162137056627878e-01
4.316919632840975907e-01
4.317960271114806847e-01
4.318864532858492922e-01
4.319850620520265805e-01
4.320435278145370872e-01
4.321312264583028195e-01
4.322006023432248822e-01
4.324106875732173783e-01
4.325303466288412668e-01
4.327988322477743788e-01
4.328736631939021917e-01
4.330552854980160293e-01
4.331164787911294112e-01
4.331694894924341122e-01
4.332634131527821619e-01
4.334274826534288416e-01
4.334914034771450986e-01
4.336862457698001383e-01
4.338140874172327077e-01
4.339754293872765123e-01
4.340393502109927693e-01
4.340923609122974702e-01
4.341746044948574523e-01
4.343421714814835743e-01
4.350825198947168015e-01
4.353073650240036341e-01
4.353631032559112102e-01
4.355143050589199705e-01
4.356101862944943837e-01
4.357033399994659217e-01
4.357563507007706227e-01
4.358257265856926854e-01
4.358923749400118730e-01
4.359453856413165740e-01
4.360065789344299558e-01
4.360623171663375319e-01
4.362147065891960884e-01
4.362895375353239014e-01
4.365179455241600670e-01
4.366321495185781498e-01
4.367443959377699247e-01
4.371271509246910103e-01
4.371910717484072673e-01
4.372842254533788053e-01
4.374202496926200001e-01
4.374841705163362571e-01
4.376385175144211770e-01
4.377827243454710526e-01
4.378731505198396601e-01
4.380165873955130240e-01
4.381159661170668795e-01
4.382609429034933224e-01
4.383459140166561796e-01
4.384873933171031801e-01
4.385485866102165620e-01
4.386662880906140871e-01
4.387274813837274690e-01
4.388533654559336750e-01
4.389118312184441817e-01
4.389975722869836061e-01
4.390825434001464633e-01
4.391410091626569701e-01
4.392458429454166313e-01
4.395062113461109532e-01
4.395674046392243350e-01
4.396231428711319111e-01
4.397973525388135796e-01
4.399142840638345375e-01
4.399754773569479194e-01
4.401122715515656814e-01
4.401707373140761881e-01
4.403461346016076527e-01
4.404018728335152288e-01
4.404657936572314858e-01
4.405269869503448676e-01
4.405827251822524437e-01
4.407561648945576005e-01
4.409494672764595058e-01
4.410161156307786934e-01
4.410745813932892001e-01
4.411303196251967762e-01
4.412078781019275198e-01
4.412901216844875019e-01
4.414050956342821519e-01
4.415153844782475634e-01
4.415793053019638204e-01
4.417893905319563164e-01
4.418451287638638925e-01
4.419355549382324999e-01
4.421374575764163151e-01
4.421959233389268218e-01
4.422489340402315228e-01
4.423155823945507104e-01
4.423978259771106925e-01
4.424909796820822305e-01
4.425603555670042932e-01
4.426398716189613447e-01
4.426956098508689208e-01
4.427833084946346531e-01
4.428499568489538407e-01
4.429166052032730283e-01
4.429696159045777293e-01
4.430865474295986872e-01
4.432159289877843356e-01
4.432743947502948423e-01
4.433274054515995433e-01
4.433913262753158002e-01
4.434790249190815326e-01
4.435456732734007201e-01
4.436333719171664525e-01
4.436863826184711534e-01
4.437503034421874104e-01
4.438442271025354602e-01
4.439081479262517171e-01
4.439693412193650990e-01
4.441420109762936885e-01
4.442433472730739075e-01
4.443127231579959702e-01
4.444323822136198587e-01
4.444935755067332406e-01
4.445547687998466224e-01
4.446132345623571291e-01
4.446689727942647052e-01
4.448615052207900988e-01
4.449172434526976749e-01
4.449994870352576570e-01
4.452453824539910898e-01
4.453229409307218334e-01
4.454079120438846906e-01
4.454909255818211844e-01
4.455439362831258854e-01
4.456608678081468433e-01
4.457247886318631003e-01
4.458179423368346384e-01
4.458927732829624513e-01
4.459566941066787082e-01
4.460097048079834092e-01
4.461137686353665033e-01
4.461932846873235547e-01
4.462572055110398117e-01
4.463156712735503184e-01
4.464197351009334125e-01
4.464727458022381135e-01
4.465284840341456896e-01
4.465869497966561963e-01
4.466719209098190535e-01
4.467249316111237545e-01
4.467779423124284555e-01
4.468948738374494134e-01
4.470893638392011149e-01
4.471770624829668472e-01
4.472573484903004659e-01
4.473158142528109726e-01
4.473770075459243545e-01
4.474327457778319306e-01
4.475177168909947878e-01
4.475972329429518393e-01
4.477114369373699221e-01
4.478353634343498202e-01
4.478965567274632020e-01
4.480243983748957715e-01
4.480992293210235844e-01
4.482079782542359170e-01
4.482664440167464237e-01
4.483221822486539998e-01
4.483833755417673816e-01
4.484628915937244331e-01
4.485349950092493709e-01
4.486234636083916705e-01
4.486819293709021772e-01
4.487859931982852713e-01
4.488662792056188899e-01
4.489547478047611895e-01
4.490159410978745713e-01
4.490954571498316228e-01
4.491648330347536855e-01
4.492178437360583865e-01
4.492763094985688932e-01
4.495459827373517459e-01
4.496254987893087973e-01
4.496894196130250543e-01
4.497743907261879115e-01
4.498328564886984182e-01
4.498967773124146752e-01
4.500035686704006443e-01
4.500565793717053453e-01
4.501980586721523458e-01
4.502592519652657277e-01
4.503149901971733038e-01
4.503972337797332859e-01
4.504556995422437926e-01
4.505087102435484936e-01
4.505882262955055451e-01
4.506603297110304829e-01
4.507133404123351839e-01
4.507663511136398848e-01
4.508805551080579677e-01
4.509417484011713495e-01
4.509947591024760505e-01
4.510477698037807515e-01
4.511007805050854524e-01
4.511647013288017094e-01
4.512707227314111114e-01
4.513373710857302989e-01
4.513903817870349999e-01
4.514433924883397009e-01
4.515310911321054332e-01
4.515895568946159400e-01
4.516827105995874780e-01
4.517649541821474601e-01
4.518234199446579669e-01
4.519064334825944607e-01
4.519703543063107176e-01
4.520233650076154186e-01
4.520791032395229947e-01
4.521321139408276957e-01
4.521851246421323967e-01
4.522817758330833771e-01
4.524867582927734055e-01
4.526706904630168893e-01
4.528402150248693747e-01
4.528932257261740757e-01
4.529462364274787767e-01
4.531056208222962178e-01
4.532260498332966736e-01
4.533328411912826428e-01
4.533994895456018304e-01
4.535959371225798953e-01
4.536890908275514334e-01
4.538726707068915789e-01
4.539556842448280727e-01
4.540141500073385794e-01
4.541182138347216735e-01
4.541875897196437362e-01
4.542406004209484371e-01
4.544214527696857076e-01
4.545091514134514399e-01
4.545913949960114220e-01
4.547492394800757842e-01
4.551764049120196609e-01
4.552594184499561547e-01
4.553580272161334430e-01
4.554695036799486507e-01
4.555490197319057022e-01
4.556904990323527027e-01
4.557462372642602788e-01
4.558265232715938975e-01
4.558986266871188353e-01
4.560638838076153112e-01
4.561223495701258179e-01
4.562338260339410256e-01
4.564353110076516118e-01
4.565393748350347058e-01
4.565978405975452126e-01
4.566590338906585944e-01
4.568344311781900591e-01
4.569174447161265529e-01
4.572697138283727258e-01
4.573472723051034694e-01
4.574486086018836883e-01
4.575043468337912644e-01
4.576275033753945953e-01
4.577689826758415959e-01
4.580285157475894597e-01
4.581142568161288842e-01
4.582183206435119782e-01
4.582767864060224849e-01
4.584393159959160857e-01
4.585114194114410235e-01
4.586875866543490554e-01
4.588127007711786942e-01
4.589241772349939019e-01
4.590356536988091096e-01
4.591260798731777171e-01
4.592009108193055300e-01
4.593470752255817691e-01
4.594293188081417512e-01
4.595177874072840507e-01
4.596986397560213211e-01
4.598448041622975602e-01
4.599406853978719734e-01
4.600794371677160988e-01
4.601698633420847062e-01
4.603495280709721804e-01
4.604189039558942431e-01
4.605147851914686563e-01
4.605787060151849133e-01
4.607010926014116770e-01
4.607630558499016260e-01
4.608277466289944502e-01
4.609142576529103863e-01
4.610674170311455100e-01
4.611266527490325839e-01
4.615622876901185889e-01
4.615887930407709394e-01
4.616445312726785155e-01
4.617404125082529287e-01
4.617669178589052792e-01
4.618016058013663105e-01
4.618444763356360228e-01
4.623196150721520792e-01
4.624334014020969330e-01
4.625199124260128691e-01
4.626282436947519727e-01
4.627342650973613747e-01
4.629205725073043953e-01
4.630889094493070846e-01
4.631208698611652408e-01
4.631528302730233970e-01
4.631875182154844284e-01
4.632167510967396540e-01
4.632568941004064911e-01
4.632943095734703975e-01
4.633609579277895851e-01
4.634630641799463158e-01
4.635959432241114064e-01
4.639743000225367009e-01
4.640729087887139892e-01
4.641048692005721454e-01
4.641804701020765256e-01
4.642615260647867115e-01
4.645919749322097725e-01
4.648195475920994801e-01
4.649127012970710182e-01
4.649392066477233687e-01
4.649657119983757192e-01
4.650296328220919762e-01
4.651352365602281491e-01
4.651862896863065422e-01
4.653441341703709044e-01
4.653733670516261300e-01
4.654263777529308310e-01
4.654637932259947375e-01
4.655230289438818114e-01
4.655814947063923182e-01
4.656699633055346177e-01
4.657101063092014548e-01
4.658005324835700622e-01
4.658270378342224127e-01
4.658535431848747632e-01
4.659665595594430498e-01
4.660121576243156372e-01
4.660441180361737934e-01
4.661618195165713185e-01
4.662631558133515375e-01
4.663216215758620442e-01
4.665464667051488767e-01
4.666606706995669596e-01
4.667008137032337967e-01
4.667327741150919529e-01
4.669311138937264349e-01
4.670406327823152792e-01
4.670725931941734355e-01
4.671045536060315917e-01
4.671392415484926230e-01
4.672222550864291168e-01
4.673052686243656106e-01
4.673563217504440037e-01
4.673828271010963542e-01
4.675141662345083660e-01
4.675515817075722724e-01
4.675780870582246229e-01
4.676755082045521705e-01
4.677577517871121526e-01
4.678754532675096778e-01
4.679339190300201845e-01
4.679795170948927718e-01
4.680652581634321963e-01
4.681163112895105893e-01
4.681537267625744958e-01
4.681884147050355272e-01
4.682897510018157461e-01
4.683244389442767774e-01
4.684245876212072002e-01
4.684857809143205820e-01
4.685762070886891895e-01
4.686354428065762634e-01
4.687539142423503558e-01
4.687886021848113871e-01
4.688497954779247689e-01
4.688817558897829252e-01
4.689191713628468317e-01
4.690014149454068138e-01
4.691191164258043389e-01
4.691456217764566894e-01
4.693194137796651844e-01
4.693677393751406468e-01
4.694024273176016782e-01
4.694507529130771406e-01
4.696167799889501837e-01
4.696596505232198959e-01
4.696888834044751215e-01
4.697290264081419586e-01
4.697637143506029900e-01
4.697902197012553405e-01
4.698276351743192469e-01
4.698568680555744725e-01
4.698833734062268230e-01
4.699391116381343991e-01
4.700174400702417099e-01
4.700439454208940604e-01
4.701398266564684736e-01
4.703031262017385861e-01
4.703697745560577737e-01
4.704017349679159299e-01
4.704336953797740861e-01
4.704792934446466734e-01
4.705677620437889730e-01
4.706262278062994797e-01
4.706690983405691919e-01
4.707813447597609668e-01
4.708663158729238241e-01
4.709193265742285250e-01
4.709840173533213492e-01
4.710296154181939365e-01
4.710615758300520928e-01
4.711699070987911964e-01
4.712073225718551028e-01
4.712774684121537327e-01
4.713359341746642395e-01
4.716624678916346292e-01
4.717692592496205983e-01
4.718733230770036924e-01
4.720943184294077444e-01
4.722003398320171463e-01
4.722650306111099705e-01
4.723242663289970444e-01
4.723616818020609509e-01
4.724493804458266832e-01
4.725086161637137572e-01
4.725779920486358199e-01
4.726044973992881704e-01
4.726391853417492017e-01
4.727003786348625836e-01
4.727323390467207398e-01
4.728208076458630393e-01
4.730784485159544861e-01
4.731104089278126423e-01
4.731587345232881048e-01
4.734015501205153242e-01
4.736143628811106954e-01
4.736490508235717267e-01
4.737422045285432648e-01
4.737687098791956153e-01
4.737952152298479658e-01
4.738217205805003163e-01
4.738809562983873902e-01
4.739074616490397407e-01
4.739339669996920912e-01
4.740087979458199041e-01
4.741155893038058733e-01
4.741502772462669046e-01
4.741931477805366169e-01
4.742223806617918425e-01
4.742570686042528738e-01
4.743155343667633805e-01
4.743712725986709566e-01
4.744616987730395641e-01
4.744991142461034705e-01
4.746230407430833687e-01
4.746522736243385943e-01
4.747243770398635321e-01
4.747617925129274385e-01
4.747882978635797890e-01
4.748978167521686333e-01
4.749570524700557073e-01
4.749971954737225444e-01
4.750455210691980068e-01
4.750802090116590382e-01
4.751230795459287504e-01
4.751632225495955875e-01
4.752060930838652997e-01
4.752435085569292061e-01
4.752945616830075992e-01
4.753884853433556490e-01
4.754231732858166803e-01
4.754496786364690308e-01
4.755455598720434440e-01
4.756211607735478242e-01
4.757645976492211881e-01
4.758074681834909003e-01
4.759481775285613336e-01
4.760814742371996533e-01
4.761134346490578095e-01
4.761863080199593146e-01
4.762319060848319019e-01
4.763332423816121208e-01
4.763679303240731522e-01
4.764345786783923398e-01
4.765721428283866690e-01
4.766068307708477003e-01
4.766360636521029259e-01
4.766680240639610822e-01
4.767210347652657831e-01
4.768141884702373212e-01
4.769209798282232904e-01
4.769767180601308665e-01
4.770406388838471234e-01
4.770725992957052797e-01
4.771419751806273424e-01
4.771684805312796929e-01
4.772351288855988805e-01
4.772725443586627869e-01
4.773337376517761688e-01
4.774303888427271492e-01
4.774650767851881805e-01
4.775508178537276049e-01
4.776868420929687997e-01
4.777324401578413871e-01
4.777671281003024184e-01
4.777990885121605746e-01
4.779698006938628008e-01
4.780309939869761826e-01
4.781752008180260582e-01
4.782017061686784087e-01
4.782582143559625520e-01
4.782874472372177777e-01
4.783778734115863851e-01
4.784499768271113229e-01
4.785376754708770553e-01
4.785641808215294057e-01
4.786097788864019931e-01
4.786362842370543436e-01
4.786818823019269309e-01
4.787567132480547438e-01
4.788023113129273312e-01
4.788506369084027936e-01
4.788798697896580192e-01
4.789281953851334817e-01
4.789812060864381826e-01
4.790077114370905331e-01
4.790743597914097207e-01
4.791035926726649463e-01
4.791620584351754530e-01
4.791940188470336093e-01
4.792980826744167033e-01
4.793538209063242794e-01
4.793830537875795050e-01
4.794360644888842060e-01
4.794816625537567933e-01
4.795108954350120190e-01
4.795401283162672446e-01
4.795666336669195950e-01
4.796223718988271711e-01
4.796788800861113145e-01
4.797053854367636649e-01
4.797318907874160154e-01
4.797638511992741717e-01
4.799801614458489851e-01
4.800121218577071414e-01
4.800413547389623670e-01
4.800760426814233983e-01
4.801454185663454610e-01
4.802264745290556469e-01
4.802638900021195534e-01
4.802958504139777096e-01
4.803359934176445467e-01
4.804217344861839711e-01
4.805495761336165406e-01
4.806645500834111906e-01
4.807019655564750971e-01
4.807311984377303227e-01
4.807958892168231468e-01
4.808414872816957342e-01
4.808734476935538904e-01
4.810312921776182526e-01
4.810714351812850897e-01
4.811033955931432460e-01
4.811462661274129582e-01
4.812238246041437018e-01
4.812666951384134140e-01
4.813068381420802511e-01
4.815551088005132208e-01
4.816517599914642012e-01
4.817456836518122509e-01
4.817986943531169519e-01
4.818442924179895392e-01
4.818817078910534457e-01
4.820734703622022721e-01
4.821884443119969221e-01
4.823081033676208107e-01
4.824604927904793672e-01
4.825162310223869433e-01
4.826631653840397496e-01
4.827563190890112876e-01
4.827937345620751941e-01
4.829005259200611633e-01
4.829352138625221946e-01
4.830310950980966078e-01
4.831012409383952377e-01
4.831332013502533940e-01
4.831733443539202311e-01
4.832610429976859634e-01
4.832875483483383139e-01
4.833195087601964701e-01
4.833787444780835441e-01
4.834991734890839998e-01
4.835365889621479063e-01
4.835712769046089377e-01
4.836706556261627932e-01
4.837517115888729791e-01
4.838448652938445171e-01
4.838795532363055485e-01
4.839060585869578990e-01
4.840319426591641050e-01
4.840666306016251363e-01
4.841040460746890428e-01
4.841360064865471990e-01
4.841761494902140361e-01
4.843281212485993636e-01
4.843573541298545893e-01
4.843893145417127455e-01
4.844158198923650960e-01
4.845619842986413350e-01
4.845939447104994913e-01
4.846449978365778843e-01
4.847728394840104538e-01
4.848741757807906727e-01
4.849271864820953737e-01
4.850257952482726620e-01
4.850741208437481244e-01
4.852202852500243635e-01
4.854163151625291994e-01
4.854646407580046619e-01
4.855449267653382805e-01
4.855796147077993119e-01
4.856708108375444866e-01
4.857000437187997122e-01
4.857374591918636186e-01
4.857639645425159691e-01
4.857904698931683196e-01
4.859116688595452871e-01
4.860367829763749259e-01
4.861884024438569152e-01
4.863793949596291744e-01
4.864807312564093933e-01
4.865391970189199000e-01
4.865657023695722505e-01
4.866697661969553446e-01
4.866962715476076951e-01
4.867282319594658513e-01
4.867711024937355635e-01
4.868295682562460702e-01
4.869472697366435954e-01
4.870431509722180086e-01
4.870860215064877208e-01
4.871125268571400713e-01
4.871526698608069084e-01
4.872228157011055383e-01
4.872758264024102393e-01
4.874247183392893534e-01
4.875899754597858293e-01
4.876164808104381798e-01
4.876511687528992112e-01
4.877790104003317806e-01
4.878136983427928119e-01
4.879111194891203596e-01
4.879376248397727101e-01
4.879777678434395471e-01
4.880962392792136395e-01
4.881472924052920326e-01
4.882201657761935376e-01
4.882466711268458881e-01
4.882759040081011137e-01
4.883452798930231764e-01
4.883745127742784020e-01
4.884119282473423085e-01
4.885023544217109159e-01
4.885744578372358538e-01
4.886356511303492356e-01
4.886648840116044612e-01
4.887206222435120373e-01
4.887845430672282943e-01
4.888137759484835199e-01
4.888511914215474263e-01
4.888831518334055826e-01
4.889123847146608082e-01
4.889946282972207903e-01
4.890293162396818216e-01
4.890986921246038843e-01
4.891306525364620406e-01
4.891571578871143910e-01
4.892292613026393289e-01
4.892959096569585165e-01
4.894027010149444856e-01
4.894401164880083921e-01
4.894829870222781043e-01
4.895285850871506916e-01
4.895632730296117230e-01
4.896244663227251048e-01
4.896564267345832611e-01
4.897258026195053238e-01
4.897523079701576743e-01
4.897842683820158305e-01
4.898984723764339133e-01
4.899413429107036255e-01
4.899896685061790880e-01
4.901759759161221086e-01
4.902582194986820907e-01
4.903194127917954726e-01
4.903786485096825465e-01
4.904051538603348970e-01
4.904398418027959283e-01
4.904663471534482788e-01
4.905248129159587855e-01
4.905622283890226920e-01
4.905914612702779176e-01
4.906499270327884243e-01
4.907555307709245973e-01
4.908350468228816488e-01
4.908751898265484859e-01
4.909016951772008364e-01
4.909363831196618677e-01
4.909656160009170933e-01
4.910716374035264953e-01
4.911172354683990826e-01
4.911791987168890317e-01
4.912057040675413822e-01
4.912731223772370814e-01
4.912996277278894319e-01
4.913288606091446575e-01
4.913553659597970080e-01
4.913818713104493585e-01
4.914403370729598652e-01
4.916184618910942050e-01
4.917061605348599373e-01
4.917618987667675134e-01
4.918203645292780202e-01
4.918577800023419266e-01
4.919107907036466276e-01
4.920807329299723420e-01
4.921419262230857239e-01
4.921738866349438801e-01
4.922561302175038622e-01
4.923411013306667194e-01
4.926517529020628672e-01
4.927402215012051667e-01
4.928286901003474663e-01
4.928906533488374153e-01
4.929518466419507972e-01
4.929838070538089534e-01
4.930430427716960273e-01
4.931334689460646348e-01
4.932402603040506039e-01
4.932959985359581800e-01
4.934211126527878188e-01
4.936019650015250892e-01
4.937087563595110584e-01
4.937407167713692147e-01
4.938073651256884022e-01
4.938638733129725455e-01
4.938903786636248960e-01
4.939196115448801216e-01
4.939917149604050595e-01
4.941059189548231423e-01
4.941378793666812985e-01
4.941671122479365241e-01
4.941936175985888746e-01
4.942201229492412251e-01
4.942766311365253684e-01
4.943304117932066366e-01
4.944134253311431304e-01
4.944399306817954809e-01
4.944691635630507065e-01
4.945093065667175436e-01
4.945358119173698941e-01
4.945997327410861510e-01
4.946609260341995329e-01
4.947248468579157898e-01
4.947778575592204908e-01
4.948308682605251918e-01
4.948573736111775423e-01
4.949029716760501296e-01
4.949294770267024801e-01
4.949696200303693172e-01
4.951056442696105120e-01
4.951348771508657376e-01
4.951641100321209632e-01
4.951906153827733137e-01
4.952490811452838204e-01
4.953921003564839554e-01
4.954186057071363058e-01
4.954451110577886563e-01
4.955090318815049133e-01
4.955838628276327262e-01
4.956103681782850767e-01
4.956696038961721507e-01
4.957444348422999636e-01
4.957763952541581198e-01
4.958083556660162761e-01
4.958539537308888634e-01
4.958804590815412139e-01
4.959124194933993701e-01
4.959389248440517206e-01
4.959736127865127520e-01
4.960383035656055761e-01
4.960729915080666075e-01
4.960994968587189580e-01
4.961260022093713085e-01
4.962538438568038779e-01
4.962885317992649092e-01
4.963150371499172597e-01
4.963415425005696102e-01
4.964027357936829921e-01
4.964401512667468985e-01
4.964666566173992490e-01
4.965461726693563005e-01
4.965917707342288878e-01
4.966529640273422697e-01
4.966876519698033010e-01
4.967168848510585266e-01
4.969187874892423418e-01
4.969799807823557236e-01
4.970119411942138798e-01
4.970439016060720361e-01
4.970813170791359425e-01
4.971452379028521995e-01
4.971908359677247868e-01
4.972629393832497247e-01
4.973323152681717874e-01
4.974570117205281972e-01
4.974916996629892285e-01
4.975263876054502599e-01
4.976378640692654676e-01
4.976643694199178181e-01
4.976908747705701686e-01
4.978343116462435325e-01
4.978900498781511086e-01
4.979274653512150151e-01
4.980050238279457586e-01
4.980342567092009842e-01
4.980662171210591405e-01
4.980981775329172967e-01
4.981301379447754529e-01
4.981593708260306785e-01
4.982579795922079668e-01
4.983709959667762535e-01
4.984111389704430906e-01
4.984403718516983162e-01
4.984723322635564724e-01
4.985307980260669791e-01
4.985573033767193296e-01
4.985838087273716801e-01
4.986184966698327115e-01
4.986450020204850619e-01
4.987171054360099998e-01
4.987599759702797120e-01
4.988129866715844130e-01
4.988394920222367634e-01
4.988741799646977948e-01
4.989006853153501453e-01
4.990230719015769090e-01
4.990495772522292595e-01
4.990760826028816100e-01
4.991080430147397662e-01
4.991454584878036727e-01
4.992175619033286105e-01
4.992896653188535483e-01
4.993161706695058988e-01
4.993454035507611244e-01
4.993828190238250309e-01
4.994120519050802565e-01
4.994942954876402386e-01
4.995262558994983948e-01
4.996084994820583769e-01
4.996751478363775645e-01
4.997363411294909463e-01
4.997655740107461719e-01
4.998240397732566787e-01
4.998532726545119043e-01
4.998934156581787414e-01
4.999546089512921232e-01
5.000130747138026299e-01
5.000586727786752173e-01
5.000879056599304429e-01
5.004191244827300711e-01
5.004538124251910469e-01
5.005680164196091297e-01
5.006054318926730362e-01
5.006319372433254422e-01
5.006849479446301432e-01
5.007114532952825492e-01
5.007515962989493863e-01
5.008073345308570179e-01
5.008338398815094239e-01
5.008977607052257364e-01
5.009534989371333680e-01
5.009827318183885936e-01
5.010922507069774934e-01
5.011534440000908752e-01
5.012282749462186882e-01
5.013584264597809037e-01
5.013849318104333097e-01
5.014305298753058970e-01
5.014761279401784844e-01
5.015080883520366406e-01
5.015427762944976164e-01
5.015801917675615229e-01
5.016359299994691545e-01
5.017345387656464428e-01
5.018304200012208005e-01
5.018569253518732065e-01
5.019898043960383527e-01
5.020482701585488039e-01
5.020802305704069601e-01
5.021121909822651164e-01
5.021632441083434539e-01
5.021952045202016102e-01
5.022271649320597664e-01
5.023094085146196930e-01
5.023413689264778492e-01
5.023733293383360055e-01
5.024080172807969813e-01
5.024828482269247942e-01
5.026060047685281251e-01
5.026379651803862814e-01
5.026699255922444376e-01
5.027018860041025938e-01
5.027393014771665003e-01
5.027658068278189063e-01
5.028242725903293575e-01
5.028589605327903334e-01
5.028881934140455590e-01
5.030214901226839341e-01
5.030943634935853837e-01
5.031738795455424906e-01
5.032003848961948966e-01
5.032378003692588031e-01
5.033617268662387012e-01
5.034100524617142192e-01
5.034876109384449627e-01
5.035168438197001883e-01
5.035624418845727757e-01
5.036154525858774766e-01
5.036446854671327023e-01
5.037230138992400130e-01
5.037787521311476446e-01
5.038079850124028702e-01
5.038344903630552762e-01
5.038746333667221133e-01
5.039038662479773389e-01
5.039330991292325646e-01
5.039596044798849706e-01
5.040738084743030534e-01
5.041030413555582790e-01
5.041350017674164352e-01
5.041669621792745914e-01
5.042071051829414285e-01
5.042363380641966542e-01
5.043084414797216475e-01
5.043349468303740535e-01
5.043614521810264595e-01
5.043879575316788655e-01
5.044144628823312715e-01
5.044491508247922473e-01
5.045239817709200603e-01
5.045532146521752859e-01
5.045906301252391923e-01
5.046225905370973486e-01
5.046518234183525742e-01
5.047422495927211816e-01
5.047979878246288132e-01
5.048299482364869695e-01
5.048564535871393755e-01
5.049238718968350748e-01
5.049796101287427064e-01
5.050088430099979320e-01
5.050700363031113138e-01
5.051019967149694700e-01
5.051285020656218760e-01
5.051815127669265770e-01
5.055353217899258844e-01
5.055645546711811100e-01
5.056842137268049431e-01
5.057189016692659189e-01
5.057481345505211445e-01
5.058066003130315957e-01
5.059473096581020846e-01
5.059765425393573102e-01
5.060057754206125358e-01
5.060350083018677614e-01
5.060696962443287372e-01
5.060962015949811432e-01
5.061254344762363688e-01
5.061948103611584315e-01
5.062641862460804942e-01
5.062934191273357198e-01
5.064146180937126873e-01
5.064438509749679129e-01
5.064758113868260692e-01
5.065050442680812948e-01
5.065315496187337008e-01
5.065580549693861068e-01
5.066137932012937384e-01
5.066512086743576448e-01
5.067096744368680961e-01
5.067525449711377528e-01
5.067790503217901588e-01
5.068219208560598155e-01
5.068484262067122215e-01
5.069068919692226727e-01
5.069361248504778983e-01
5.069626302011303043e-01
5.070000456741942108e-01
5.070557839061018424e-01
5.070877443179599986e-01
5.071169771992152242e-01
5.071462100804704498e-01
5.071754429617256754e-01
5.072019483123780814e-01
5.072393637854419879e-01
5.072658691360943939e-01
5.073216073680020255e-01
5.073508402492572511e-01
5.073991658447327691e-01
5.074283987259879947e-01
5.074658141990519011e-01
5.075562403734205086e-01
5.075936558464844151e-01
5.076310713195483215e-01
5.076603042008035471e-01
5.076868095514559531e-01
5.077214974939169290e-01
5.077534579057750852e-01
5.077799632564274912e-01
5.078119236682856474e-01
5.078438840801438037e-01
5.078703894307962097e-01
5.078968947814486157e-01
5.079288551933067719e-01
5.079635431357677477e-01
5.080009586088316542e-01
5.080301914900868798e-01
5.080594243713421054e-01
5.081124350726468064e-01
5.081443954845049626e-01
5.081763558963631189e-01
5.082274090224414564e-01
5.082620969649024323e-01
5.083232902580158141e-01
5.083525231392710397e-01
5.084191714935901718e-01
5.084565869666540783e-01
5.084858198479093039e-01
5.085150527291645295e-01
5.085415580798169355e-01
5.085972963117245671e-01
5.086265291929797927e-01
5.086795398942844937e-01
5.087169553673484002e-01
5.087461882486036258e-01
5.087726935992560318e-01
5.088046540111141880e-01
5.088311593617665940e-01
5.088603922430218196e-01
5.088868975936742256e-01
5.089161304749294512e-01
5.089508184173904271e-01
5.089773237680428331e-01
5.090365594859298515e-01
5.090630648365822575e-01
5.091324407215043202e-01
5.091909064840147714e-01
5.092174118346671774e-01
5.092466447159224030e-01
5.092731500665748090e-01
5.093717588327520973e-01
5.094274970646597289e-01
5.095526111814894232e-01
5.095818440627446488e-01
5.096110769439998744e-01
5.096375822946522804e-01
5.096722702371132563e-01
5.097015031183684819e-01
5.097892017621342697e-01
5.098157071127866757e-01
5.098741728752971270e-01
5.099006782259495330e-01
5.099271835766019390e-01
5.099645990496658454e-01
5.100203372815734770e-01
5.100495701628287026e-01
5.101053083947363342e-01
5.101746842796583969e-01
5.102011896303108029e-01
5.102386051033747094e-01
5.102651104540271154e-01
5.102943433352823410e-01
5.103263037471404973e-01
5.103582641589986535e-01
5.104112748603033545e-01
5.104405077415585801e-01
5.104779232146224865e-01
5.105044285652748925e-01
5.105418440383387990e-01
5.106248575762752928e-01
5.106704556411478801e-01
5.107105986448147172e-01
5.107616517708930548e-01
5.107908846521482804e-01
5.108201175334035060e-01
5.108575330064674125e-01
5.108949484795313190e-01
5.109214538301837250e-01
5.109744645314884259e-01
5.110036974127436515e-01
5.110621631752541028e-01
5.111233564683674846e-01
5.111981874144952975e-01
5.112274202957505231e-01
5.112804309970552241e-01
5.113334416983599251e-01
5.113681296408209009e-01
5.115271617447350039e-01
5.115645772177989103e-01
5.115938100990541360e-01
5.116257705109122922e-01
5.116896913346286047e-01
5.117216517464867609e-01
5.117508846277419865e-01
5.117855725702029623e-01
5.118148054514581879e-01
5.118413108021105939e-01
5.128427321978448195e-01
5.128746926097029757e-01
5.129733013758802640e-01
5.130025342571354896e-01
5.130317671383907152e-01
5.130902329009011664e-01
5.131221933127593227e-01
5.131514261940145483e-01
5.131779315446669543e-01
5.132126194871279301e-01
5.132391248377803361e-01
5.132738127802413119e-01
5.133057731920994682e-01
5.133350060733546938e-01
5.133615114240070998e-01
5.134071094888796871e-01
5.134554350843552051e-01
5.135111733162628367e-01
5.135540438505324934e-01
5.135914593235963999e-01
5.136234197354545561e-01
5.136526526167097817e-01
5.137458063216813198e-01
5.137750392029365454e-01
5.138015445535889514e-01
5.138600103160994026e-01
5.138865156667518086e-01
5.139321137316243959e-01
5.139586190822768019e-01
5.140225399059931144e-01
5.140490452566455204e-01
5.140755506072979264e-01
5.141102385497589022e-01
5.141367439004113082e-01
5.141687043122694645e-01
5.141979371935246901e-01
5.142509478948293911e-01
5.143066861267370227e-01
5.145155837368797780e-01
5.145420890875321840e-01
5.145713219687874096e-01
5.146005548500426352e-01
5.146325152619007914e-01
5.146590206125531974e-01
5.146991636162200345e-01
5.147283964974752601e-01
5.147895897905886420e-01
5.148215502024467982e-01
5.148745609037514992e-01
5.149037937850067248e-01
5.149384817274677006e-01
5.149649870781201066e-01
5.150024025511840131e-01
5.150343629630421693e-01
5.150901011949498010e-01
5.151485669574602522e-01
5.151887099611270893e-01
5.152343080259996766e-01
5.152927737885101278e-01
5.153566946122264403e-01
5.154124328441340719e-01
5.154389381947864779e-01
5.154654435454388839e-01
5.155449595973959909e-01
5.156116079517151229e-01
5.156435683635732792e-01
5.156782563060342550e-01
5.157156717790981615e-01
5.157421771297505675e-01
5.157714100110057931e-01
5.158380583653249252e-01
5.158645637159773312e-01
5.158910690666297372e-01
5.159495348291401884e-01
5.159869503022040949e-01
5.160161831834593205e-01
5.160426885341117265e-01
5.160691938847641325e-01
5.161011542966222887e-01
5.161303871778775143e-01
5.161833978791822153e-01
5.162099032298346213e-01
5.162391361110898469e-01
5.162792791147566840e-01
5.163357873020408828e-01
5.163813853669134701e-01
5.164106182481686957e-01
5.164453061906296716e-01
5.165064994837430534e-01
5.165357323649982790e-01
5.165622377156506850e-01
5.166179759475583166e-01
5.166737141794659482e-01
5.167002195301183542e-01
5.168171510551393677e-01
5.168728892870469993e-01
5.169021221683022249e-01
5.169368101107632008e-01
5.169633154614156068e-01
5.169898208120680128e-01
5.170163261627204188e-01
5.170564691663872559e-01
5.170829745170396619e-01
5.171632605243733360e-01
5.171897658750257420e-01
5.172162712256781480e-01
5.172455041069333737e-01
5.172747369881885993e-01
5.173121524612525057e-01
5.173706182237629569e-01
5.174053061662239328e-01
5.174318115168763388e-01
5.174875497487839704e-01
5.175140550994363764e-01
5.175432879806916020e-01
5.175779759231525778e-01
5.176044812738049838e-01
5.176602195057126155e-01
5.176976349787765219e-01
5.177670108636985846e-01
5.177989712755567409e-01
5.178309316874148971e-01
5.178601645686701227e-01
5.178866699193225287e-01
5.179213578617835045e-01
5.179478632124359105e-01
5.179770960936911361e-01
5.180036014443435421e-01
5.180301067949959481e-01
5.180566121456483542e-01
5.180831174963007602e-01
5.181123503775559858e-01
5.181388557282083918e-01
5.181918664295130927e-01
5.182292819025769992e-01
5.182557872532294052e-01
5.182850201344846308e-01
5.183115254851370368e-01
5.183380308357894428e-01
5.183992241289028247e-01
5.184311845407609809e-01
5.184604174220162065e-01
5.184896503032714321e-01
5.185691663552285391e-01
5.185956717058809451e-01
5.186276321177391013e-01
5.186541374683915073e-01
5.186806428190439133e-01
5.187363810509515449e-01
5.187628864016039509e-01
5.187921192828591765e-01
5.188295347559230830e-01
5.188880005184335342e-01
5.189172333996887598e-01
5.189437387503411658e-01
5.189702441009935718e-01
5.190267522882777707e-01
5.190559851695329963e-01
5.190824905201854023e-01
5.191089958708378083e-01
5.191947369393772327e-01
5.192239698206324583e-01
5.192769805219371593e-01
5.193034858725895653e-01
5.193327187538447909e-01
5.193592241044971969e-01
5.193884569857524225e-01
5.194176898670076481e-01
5.194441952176600541e-01
5.194761556295182103e-01
5.195081160413763666e-01
5.195400764532345228e-01
5.195693093344897484e-01
5.196039972769507242e-01
5.196305026276031303e-01
5.196570079782555363e-01
5.196835133289079423e-01
5.197392515608155739e-01
5.197949897927232055e-01
5.198561830858365873e-01
5.198826884364889933e-01
5.199941649003041455e-01
5.200206702509565515e-01
5.200471756016089575e-01
5.200845910746728640e-01
5.201376017759775650e-01
5.201641071266299710e-01
5.201906124772823770e-01
5.202171178279347830e-01
5.202436231785871890e-01
5.202810386516510954e-01
5.203075440023035014e-01
5.203422319447644773e-01
5.203687372954168833e-01
5.203952426460692893e-01
5.204217479967216953e-01
5.204482533473741013e-01
5.204802137592322575e-01
5.205916902230474097e-01
5.206181955736998157e-01
5.206528835161607915e-01
5.206793888668131975e-01
5.207113492786713538e-01
5.207378546293237598e-01
5.207752701023876662e-01
5.208337358648981175e-01
5.208711513379620239e-01
5.208976566886144299e-01
5.209350721616783364e-01
5.209615775123307424e-01
5.209908103935859680e-01
5.210200432748411936e-01
5.210785090373516448e-01
5.211342472692592764e-01
5.211607526199116824e-01
5.212274009742308145e-01
5.212913217979471270e-01
5.213178271485995330e-01
5.213708378499042340e-01
5.213973432005566400e-01
5.214265760818118656e-01
5.214558089630670912e-01
5.214823143137194972e-01
5.215115471949747228e-01
5.215407800762299484e-01
5.215672854268823544e-01
5.215937907775347604e-01
5.216230236587899860e-01
5.217189048943643437e-01
5.217454102450167497e-01
5.217719155956691557e-01
5.218011484769243813e-01
5.218806645288814883e-01
5.219071698795338943e-01
5.219336752301863003e-01
5.219629081114415259e-01
5.219921409926967515e-01
5.220268289351577273e-01
5.220533342858101333e-01
5.220852946976682896e-01
5.221118000483206956e-01
5.221648107496253965e-01
5.221940436308806222e-01
5.222287315733415980e-01
5.222579644545968236e-01
5.222871973358520492e-01
5.223137026865044552e-01
5.223429355677596808e-01
5.223721684490149064e-01
5.223986737996673124e-01
5.224571395621777636e-01
5.224945550352416701e-01
5.225210603858940761e-01
5.225475657365464821e-01
5.225931638014190694e-01
5.226223966826742950e-01
5.226543570945324513e-01
5.226835899757876769e-01
5.227100953264400829e-01
5.227393282076953085e-01
5.228005215008086903e-01
5.228515746268870279e-01
5.228780799775394339e-01
5.229073128587946595e-01
5.229739612131137916e-01
5.230031940943690172e-01
5.230296994450214232e-01
5.230589323262766488e-01
5.230854376769290548e-01
5.231364908030073924e-01
5.231711787454683682e-01
5.231976840961207742e-01
5.232323720385817500e-01
5.232588773892341560e-01
5.232853827398865620e-01
5.233118880905389680e-01
5.233383934411913740e-01
5.233730813836523499e-01
5.234023142649075755e-01
5.234288196155599815e-01
5.234607800274181377e-01
5.236755503632398723e-01
5.237047832444950979e-01
5.238108046471044998e-01
5.238454925895654757e-01
5.238747254708207013e-01
5.239121409438846078e-01
5.239441013557427640e-01
5.239733342369979896e-01
5.239998395876503956e-01
5.240372550607143021e-01
5.241487315245294543e-01
5.241861469975933607e-01
5.242418852295009923e-01
5.242765731719619682e-01
5.243139886450258746e-01
5.243404939956782806e-01
5.243669993463306866e-01
5.243962322275859123e-01
5.244227375782383183e-01
5.244519704594935439e-01
5.244812033407487695e-01
5.245077086914011755e-01
5.245661744539116267e-01
5.245926798045640327e-01
5.246191851552164387e-01
5.246484180364716643e-01
5.246803784483298205e-01
5.247068837989822265e-01
5.247388442108403828e-01
5.247653495614927888e-01
5.247918549121451948e-01
5.248210877934004204e-01
5.248503206746556460e-01
5.248768260253080520e-01
5.249434743796271841e-01
5.249699797302795901e-01
5.249992126115348157e-01
5.250787286634919226e-01
5.251052340141443286e-01
5.252244754052949327e-01
5.252802136372025643e-01
5.253094465184577899e-01
5.253359518691101959e-01
5.253916901010178275e-01
5.254766612141806847e-01
5.255086216260388410e-01
5.255351269766912470e-01
5.255861801027695845e-01
5.256126854534219905e-01
5.256391908040743965e-01
5.257187068560315035e-01
5.257452122066839095e-01
5.257744450879391351e-01
5.258118605610030416e-01
5.258383659116554476e-01
5.258648712623078536e-01
5.258941041435630792e-01
5.259233370248183048e-01
5.259498423754707108e-01
5.259790752567259364e-01
5.260083081379811620e-01
5.260987343123497695e-01
5.261306947242079257e-01
5.261599276054631513e-01
5.261891604867183769e-01
5.262156658373707829e-01
5.262421711880231889e-01
5.262823141916900260e-01
5.263088195423424320e-01
5.263353248929948380e-01
5.263618302436472440e-01
5.263883355942996500e-01
5.264148409449520560e-01
5.264678516462567570e-01
5.264943569969091630e-01
5.265208623475615690e-01
5.265473676982139750e-01
5.265793281100721313e-01
5.266058334607245373e-01
5.266323388113769433e-01
2.240098163489609162e-01
