0.000000000000000000e+00
2.890446131708736266e-02
3.272297749546645290e-02
3.613251955915645908e-02
4.141938604083643394e-02
7.496383618170093799e-02
7.737555663874647049e-02
7.937945936131883540e-02
8.112745230496526405e-02
8.312513271712874963e-02
8.509214198657713557e-02
8.694296455713131089e-02
8.844772045546174521e-02
9.023097843017685582e-02
9.163476123644702376e-02
9.412900015086332617e-02
9.696887201339575435e-02
9.857851055376351534e-02
9.987486984477235430e-02
1.010552547334241241e-01
1.019979563650472848e-01
1.032219132428162656e-01
1.048085032601409478e-01
1.060847794944049793e-01
1.077840870699761366e-01
1.099874808699419226e-01
1.109589971094327027e-01
1.117714389992885832e-01
1.127501058166119896e-01
1.139671402293405272e-01
1.151798088665076519e-01
1.160176120398384580e-01
1.170449009602169965e-01
1.179126751216313246e-01
1.188357657383490723e-01
1.195057313784120973e-01
1.203951695698614321e-01
1.215994996164699582e-01
1.225242186552430029e-01
1.235471259838051006e-01
1.254224673369073173e-01
1.261256291766544024e-01
1.270118263402481851e-01
1.278579206553724923e-01
1.288224986135677874e-01
1.298030061494836185e-01
1.305684069095745525e-01
1.317192454032170834e-01
1.323221184892804103e-01
1.334042676393780158e-01
1.341085700430859895e-01
1.349673529080752665e-01
1.356585263525889318e-01
1.364647301157808912e-01
1.372764718510052218e-01
1.378011922552591917e-01
1.383337475757223101e-01
1.394140401909724492e-01
1.399101741001509969e-01
1.405997349388644069e-01
1.411034756514599198e-01
1.415998376734306230e-01
1.424818813580001342e-01
1.434849495588646495e-01
1.443185992531711981e-01
1.449055585777690447e-01
1.460441647471309445e-01
1.468287044802879249e-01
1.472814945131414310e-01
1.479989416922987133e-01
1.489012807301501595e-01
1.498061290087155384e-01
1.503384562163865013e-01
1.510097905332025703e-01
1.517987118581759776e-01
1.523386458692639056e-01
1.527388726165751498e-01
1.533069210808991334e-01
1.537640927055690943e-01
1.544631010662919079e-01
1.551270566924831951e-01
1.556307974050787080e-01
1.562161441238762716e-01
1.570117281685878829e-01
1.576627829483770449e-01
1.584323371874922504e-01
1.589259302234467819e-01
1.594474095998452134e-01
1.600860039425615888e-01
1.607137662702604608e-01
1.613182519621240707e-01
1.617574409939439017e-01
1.624172431411109174e-01
1.628087067047892800e-01
1.634936420226390241e-01
1.643936524838036095e-01
1.652667206882030837e-01
1.661775631643851725e-01
1.667520778681652327e-01
1.671539172212767321e-01
1.679889514085913527e-01
1.685339513498722575e-01
1.688908342208584601e-01
1.693996408636469497e-01
1.700126458100962301e-01
1.705952235428776220e-01
1.716462453246757891e-01
1.723881097036292220e-01
1.728189917774005102e-01
1.732127522852556500e-01
1.740279315286176465e-01
1.745839915977082102e-01
1.752666141551261492e-01
1.757885655733639474e-01
1.761652717557927184e-01
1.765735615321052665e-01
1.769357384460766291e-01
1.778371175839942864e-01
1.781988382723812825e-01
1.789884123032211560e-01
1.797240543717656958e-01
1.801067547518111767e-01
1.806183145643608101e-01
1.810973783318579333e-01
1.814756971200869595e-01
1.820513523878279083e-01
1.829103317330992851e-01
1.834327235606664219e-01
1.842474465784440796e-01
1.845983352518135723e-01
1.849907112666606401e-01
1.853611951386805179e-01
1.866347023869283639e-01
1.873731134414891031e-01
1.878694596472047784e-01
1.881350450609322877e-01
1.885564796126941722e-01
1.891655591929113645e-01
1.893935668151383866e-01
1.896948893017739723e-01
1.901289965871457988e-01
1.903929693950730528e-01
1.908522098511276077e-01
1.913540940288756542e-01
1.915913210603198968e-01
1.918718919680891810e-01
1.933553451644387799e-01
1.950375035170533455e-01
1.954819865918583088e-01
1.959405268932813138e-01
1.963368282743604698e-01
1.965918097858626590e-01
1.968799874970489083e-01
1.972101245915520995e-01
1.974759381180717921e-01
1.978911503594247834e-01
1.991109221256594231e-01
1.992773751659191184e-01
1.994737991942623356e-01
1.998239877130002784e-01
2.000220243471437509e-01
2.003311817499884850e-01
2.005817816696742473e-01
2.018552098366469261e-01
2.021194107573663634e-01
2.024078165813447960e-01
2.027234244073905789e-01
2.030537896146859533e-01
2.033885364137977825e-01
2.037714649066354189e-01
2.044904930590829006e-01
2.048305339011798620e-01
2.050995726393000929e-01
2.053185889651020501e-01
2.058096411278325932e-01
2.063052871789167186e-01
2.066444155698449747e-01
2.070898110958186433e-01
2.076244194314113556e-01
2.080324652786766926e-01
2.083655994719882387e-01
2.089739788975738533e-01
2.092955809212363461e-01
2.095120563738143149e-01
2.104952538144711782e-01
2.120220350708907631e-01
2.136786040272382337e-01
2.150258032842038425e-01
2.153759918029417852e-01
2.165514439766625665e-01
2.181042866711886408e-01
2.190812618014366109e-01
2.199049919318943613e-01
2.207448323040997196e-01
2.221960017519339636e-01
2.237356996710107016e-01
2.247027710536649014e-01
2.262076601672573239e-01
2.277805542860181220e-01
2.287492382744726049e-01
2.300097655950431863e-01
2.313039769733922502e-01
2.326223616224902258e-01
2.340020727407633727e-01
2.349025077950022411e-01
2.357796662134058474e-01
2.367199918195770636e-01
2.378364302845545064e-01
2.386202224143148254e-01
2.389054030266927198e-01
2.392657392220716162e-01
2.399204596227906272e-01
2.407584276438934634e-01
2.417243426463317468e-01
2.430614100429114022e-01
2.444367395693680944e-01
2.452721667172469422e-01
2.457673565427467011e-01
2.459384192876150066e-01
2.467173735999745321e-01
2.480263107270631040e-01
2.484793288727087934e-01
2.489551516123503505e-01
2.495446359939171577e-01
2.498929837940626619e-01
2.501599537007982432e-01
2.505721530270878517e-01
2.507374496871316305e-01
2.510922479104781835e-01
2.513868760448654815e-01
2.516395447959358656e-01
2.518539514171291849e-01
2.522412615017832760e-01
2.524379136429186765e-01
2.529135082697680503e-01
2.532869734243412552e-01
2.535493336264682540e-01
2.538651695653061924e-01
2.542386347198793972e-01
2.550881349106313145e-01
2.559422448059918143e-01
2.568226284359959588e-01
2.577620415909984697e-01
2.591689547113389391e-01
2.604449237515356064e-01
2.615729102024171304e-01
2.618458743067694217e-01
2.621589412595912161e-01
2.628890453561034124e-01
2.630797032996221030e-01
2.634109809580861827e-01
2.636952333030403439e-01
2.639322322216924310e-01
2.643757870290736611e-01
2.646510480776027574e-01
2.648324866119042276e-01
2.649945580603474959e-01
2.652486113044259519e-01
2.657576302437515969e-01
2.659229269037953758e-01
2.662885571421594322e-01
2.667238049914921194e-01
2.670592361289804706e-01
2.673434884739346318e-01
2.674499995380272832e-01
2.677204227691555860e-01
2.679080836138659216e-01
2.681976458180602707e-01
2.683297462784199894e-01
2.687327261954923774e-01
2.691108010546742202e-01
2.694102670064623117e-01
2.698784987589419315e-01
2.701159539031783852e-01
2.704502286604508199e-01
2.707787531491537836e-01
2.710657744801241442e-01
2.713643279807435582e-01
2.714828274400695740e-01
2.718145771403730482e-01
2.721377917698358240e-01
2.730287951183203443e-01
2.732196811746311904e-01
2.733999633287167441e-01
2.739168171842515376e-01
2.743407767929824104e-01
2.746805895222871885e-01
2.751162935972042423e-01
2.753894858143487445e-01
2.757793209559717962e-01
2.759310166149818722e-01
2.765419210975364472e-01
2.767254284632225114e-01
2.771454627057212683e-01
2.777377002570491915e-01
2.780263341938197796e-01
2.781886337550552035e-01
2.784168694900743812e-01
2.785533515422505269e-01
2.788737971856971032e-01
2.791762602362935497e-01
2.794287008745717227e-01
2.796855231046663781e-01
2.799746132670213328e-01
2.801489012234901765e-01
2.803052065871088905e-01
2.805544220137865530e-01
2.809456416484176766e-01
2.813882840046302292e-01
2.815757167365484093e-01
2.817532299046177635e-01
2.820257219671307158e-01
2.822408129267005572e-01
2.825822382618056183e-01
2.831110805125737762e-01
2.832145944778580726e-01
2.834746419195532385e-01
2.838026943664168078e-01
2.842427800331502885e-01
2.844159116094032158e-01
2.845722169730219298e-01
2.848490906273513090e-01
2.850865457715877627e-01
2.854279711066928238e-01
2.856202416560117974e-01
2.858381016015978382e-01
2.859957914582246241e-01
2.865548328098684872e-01
2.868591365790573722e-01
2.876742841899093128e-01
2.884661551649259636e-01
2.893663621063726765e-01
2.896990242578448282e-01
2.899380920078815094e-01
2.901631025313001766e-01
2.904402042984217114e-01
2.911034597699814208e-01
2.913678888034930137e-01
2.915105931660780803e-01
2.922768747448276638e-01
2.924781365905717023e-01
2.927794432609522324e-01
2.935019247377924079e-01
2.938322899450878101e-01
2.940817334845576281e-01
2.943618323504875178e-01
2.948953001221193415e-01
2.956117874013428071e-01
2.957846908648035789e-01
2.966823727492813312e-01
2.973748832380380125e-01
2.979263019700099102e-01
2.986264192621835289e-01
2.993286212019968251e-01
3.001303959246072739e-01
3.008572589932639318e-01
3.013183243516558973e-01
3.014990627313258176e-01
3.019190969738245744e-01
3.020332148413341633e-01
3.021623182028855270e-01
3.028124130827408722e-01
3.036028995647494511e-01
3.042548351631972348e-01
3.044563251217334288e-01
3.047274326912382536e-01
3.050536444195093844e-01
3.052927121695460655e-01
3.055555285972574309e-01
3.057883740368852465e-01
3.059280813006619582e-01
3.060933779607057370e-01
3.063358990351351396e-01
3.067340411348067342e-01
3.070487206934288116e-01
3.071462404610963981e-01
3.074143509317928680e-01
3.076612535980386975e-01
3.079109252503007266e-01
3.086474797700139994e-01
3.088249929380833536e-01
3.091415132152978695e-01
3.093307866658084881e-01
3.096092729259381504e-01
3.097837889951991497e-01
3.100514432403113085e-01
3.103794956871748778e-01
3.106471499322870367e-01
3.107342939105214308e-01
3.108364233827975998e-01
3.110210871286995804e-01
3.111893808875517142e-01
3.113514523359949826e-01
3.116045773126496776e-01
3.118678499659453540e-01
3.120442067537987918e-01
3.121601653399008192e-01
3.124388797128226369e-01
3.131782348510621095e-01
3.136476071675026178e-01
3.141720678264543487e-01
3.145547523902447740e-01
3.147472510523559031e-01
3.152961447273588402e-01
3.154796520930449044e-01
3.158213055409421210e-01
3.160126478228373337e-01
3.163835879204415780e-01
3.168589544344987963e-01
3.174901542703353341e-01
3.178322639438169173e-01
3.184749801330474805e-01
3.195873283840208190e-01
3.198305496130817716e-01
3.200903689419847820e-01
3.203610202859052958e-01
3.211319115692635173e-01
3.218534647786799874e-01
3.224498399927771541e-01
3.229777539761216065e-01
3.233696579491292522e-01
3.237567241047361044e-01
3.240050112639900060e-01
3.242337032245935502e-01
3.244398028877383822e-01
3.245601430656568365e-01
3.248513020593964407e-01
3.254214035388500181e-01
3.255461253085849549e-01
3.257796550865892926e-01
3.263866342029118073e-01
3.270003076714825818e-01
3.277004249636562005e-01
3.280971667540646397e-01
3.287758481289954626e-01
3.293252138458377387e-01
3.294817473222486082e-01
3.296080816977837724e-01
3.302733901844731035e-01
3.307731738983264447e-01
3.311007543033506195e-01
3.313663239008231010e-01
3.318834058691500499e-01
3.322248153880000832e-01
3.329111035663478435e-01
3.330106921654000240e-01
3.331916586578620998e-01
3.334417865357084954e-01
3.336255220141867150e-01
3.338242429867067096e-01
3.340515504543021819e-01
3.342431208489895500e-01
3.345257605881434282e-01
3.346806814587540702e-01
3.348402120339732946e-01
3.350071212998173564e-01
3.352630152624882509e-01
3.355935927663207807e-01
3.357602739193726316e-01
3.358264382059485964e-01
3.359502317082597722e-01
3.361143719880876346e-01
3.363405230754671904e-01
3.365286401457618926e-01
3.367381931332993905e-01
3.368331720277429331e-01
3.369823268135290206e-01
3.377363918842530288e-01
3.380333169628171319e-01
3.382156679482872796e-01
3.383150284345473047e-01
3.385003765188258074e-01
3.385997370050858324e-01
3.388895115058173091e-01
3.390024729931109815e-01
3.392530570965416881e-01
3.395324716240950558e-01
3.401203592161166078e-01
3.405226389785574459e-01
3.406475888610845382e-01
3.408403156359878228e-01
3.411093543741080536e-01
3.412419110600521388e-01
3.415890866637266710e-01
3.417993398058957188e-01
3.420672221638000332e-01
3.422249120204268191e-01
3.423975873710953799e-01
3.425283033384470266e-01
3.427805158639330441e-01
3.428814889559932966e-01
3.429898407386783865e-01
3.431477587080973835e-01
3.436392512801572652e-01
3.438050041657854106e-01
3.440067222371137601e-01
3.441676373053411120e-01
3.444553429746879947e-01
3.446227084661163675e-01
3.448786024287872620e-01
3.450681039920900361e-01
3.452227967499084671e-01
3.455891113266490455e-01
3.461924090057866832e-01
3.463595463844229005e-01
3.465188488468499695e-01
3.466002267402598647e-01
3.466530181385942821e-01
3.468602741819550306e-01
3.470064318689327632e-01
3.470589951544750251e-01
3.472591006200031472e-01
3.474350011822722739e-01
3.475013935816403943e-01
3.476235744781512871e-01
3.478022440264365578e-01
3.479152055137302302e-01
3.482616967790282403e-01
3.483700485617133302e-01
3.484830100490070026e-01
3.486999417271693380e-01
3.487965332274131636e-01
3.489136481937311074e-01
3.490538116830921300e-01
3.492011257502857791e-01
3.495340160145501418e-01
3.497133699012119346e-01
3.499326143398060474e-01
3.500169893320242975e-01
3.501942743873014963e-01
3.507547160482085147e-01
3.509748729379713605e-01
3.511251841039733645e-01
3.512379174784748814e-01
3.513868441514688135e-01
3.515588193475058243e-01
3.520498556939813395e-01
3.521206296851658868e-01
3.523670761258273498e-01
3.525625718867468339e-01
3.527765064661008143e-01
3.533438389595381923e-01
3.534835462233149039e-01
3.536569059123599867e-01
3.537846247809032785e-01
3.539393175387217094e-01
3.540296867285566695e-01
3.540868597187075695e-01
3.541799978945586735e-01
3.542791302680264875e-01
3.543754936554781576e-01
3.545949662068644814e-01
3.547017053837492884e-01
3.551694492781344858e-01
3.557095797695045136e-01
3.557789692676809890e-01
3.559177482640339396e-01
3.560231029479106746e-01
3.562577891061309288e-01
3.564260828649830626e-01
3.565980580610200734e-01
3.567216234505390937e-01
3.570114137675255983e-01
3.571813201321780151e-01
3.573493857782379934e-01
3.574427520668813085e-01
3.574849395629904336e-01
3.576188807419425908e-01
3.581712277413381940e-01
3.582240191396726114e-01
3.584061420123506037e-01
3.584513266072680837e-01
3.584965112021855638e-01
3.585852677862202409e-01
3.586244581835210110e-01
3.590352572005475196e-01
3.591468341948331200e-01
3.592385878776761521e-01
3.594875751915616591e-01
3.595689530849715543e-01
3.596353454843396746e-01
3.597983293839516206e-01
3.598495081764858106e-01
3.599006869690200006e-01
3.599564754661627730e-01
3.599896716658468332e-01
3.603778942016696019e-01
3.604546623904708591e-01
3.606547678559989811e-01
3.608064635150090571e-01
3.612355048701879068e-01
3.613136575519972915e-01
3.614146306440575440e-01
3.616269526176112414e-01
3.616827411147540139e-01
3.618238328715387975e-01
3.619444011622494628e-01
3.620031867582005902e-01
3.621629454462120257e-01
3.622381010292130554e-01
3.623674325035565746e-01
3.625147465707502237e-01
3.626168760430263927e-01
3.626634451309519447e-01
3.627388288267451300e-01
3.628063776063291668e-01
3.631549377030118264e-01
3.633006391644051924e-01
3.636116214695873095e-01
3.636432050634710866e-01
3.637197451394801884e-01
3.639899402578163357e-01
3.640125325552750479e-01
3.642172477254117524e-01
3.646492703631439292e-01
3.647467901308115157e-01
3.648475351100796127e-01
3.649976181632894612e-01
3.651970392904410612e-01
3.654983459608215912e-01
3.656189142515322565e-01
3.657351009504264949e-01
3.659234461335133526e-01
3.660449426916477234e-01
3.660885146807649204e-01
3.662849387091081654e-01
3.664769811456349280e-01
3.665401483334025379e-01
3.673769757905445132e-01
3.674205477796617103e-01
3.681416922122588975e-01
3.682288361904932916e-01
3.684918807309968125e-01
3.686350413191661901e-01
3.687865088653841106e-01
3.688540576449681474e-01
3.689172248327357573e-01
3.690513941244800700e-01
3.691915576138410926e-01
3.693506319634760060e-01
3.694967896504537386e-01
3.695913123193129701e-01
3.696318872096218122e-01
3.700735854821555759e-01
3.703165627821693451e-01
3.704009377743875953e-01
3.704790904561969800e-01
3.705888267318901419e-01
3.707693369987678511e-01
3.709348617716037855e-01
3.710220057498381796e-01
3.711047681362561468e-01
3.713535115210944149e-01
3.714438807109293750e-01
3.714920624046552100e-01
3.716303851754237941e-01
3.717069252514328959e-01
3.717581040439670859e-01
3.718528548256184729e-01
3.720743962083893908e-01
3.723000910701845800e-01
3.725499908352387646e-01
3.725815744291225418e-01
3.726433571238820242e-01
3.729059296225461506e-01
3.730366455898977973e-01
3.731417721609823213e-01
3.733271202452608239e-01
3.733872903342200789e-01
3.734068855328704362e-01
3.736302834504888204e-01
3.738990940758168957e-01
3.739502728683510857e-01
3.739788593634265079e-01
3.740210468595356330e-01
3.741536035454797182e-01
3.744841810493122480e-01
3.746109716504317788e-01
3.747435283363758640e-01
3.748802385013442207e-01
3.749134347010282808e-01
3.753152424216297245e-01
3.754157592881056660e-01
3.757707856242443745e-01
3.758731432093127545e-01
3.759648968921557866e-01
3.761645461320995421e-01
3.762081181212167391e-01
3.762562998149425741e-01
3.763950788112955248e-01
3.764988208893719768e-01
3.766009503616481457e-01
3.767517177532345163e-01
3.769704901499892902e-01
3.770502554375989024e-01
3.771224139217915772e-01
3.773714012356770842e-01
3.774705336091448982e-01
3.780192308038656801e-01
3.780717940894079421e-01
3.781815303651011040e-01
3.782610675399185607e-01
3.784775429924965295e-01
3.786924058392742154e-01
3.789169443208534882e-01
3.789681231133876782e-01
3.795421341428182882e-01
3.798107166553541525e-01
3.798602828420880595e-01
3.799536491307313746e-01
3.800649980122248195e-01
3.801961702051607772e-01
3.804285436029491985e-01
3.805336701740337224e-01
3.806328025475015364e-01
3.809742120663515696e-01
3.810237782530854767e-01
3.811203697533293022e-01
3.812148924221885338e-01
3.813442238965320530e-01
3.814283707759580921e-01
3.815351099528428991e-01
3.817566513356138169e-01
3.819447684059085191e-01
3.820577298932021915e-01
3.822546101471297475e-01
3.823221589267137843e-01
3.823567396194059165e-01
3.824773079101165818e-01
3.826704909106042329e-01
3.827412649017887802e-01
3.830338083885364564e-01
3.833381279739803693e-01
3.843208850053079217e-01
3.843614598956167638e-01
3.844665864667012878e-01
3.846019121386615169e-01
3.847042697237298969e-01
3.848727915953741863e-01
3.850682873562936703e-01
3.851194661488278603e-01
3.851810207307951872e-01
3.852156014234873194e-01
3.853237250933801983e-01
3.854528284549315620e-01
3.855987580291171390e-01
3.857977071144293446e-01
3.858638714010053095e-01
3.860713555571582134e-01
3.864100119062470751e-01
3.864266100060891329e-01
3.865199762947324480e-01
3.866059638927509257e-01
3.867440585507273543e-01
3.867786392434194864e-01
3.868554074322207437e-01
3.868779997296794559e-01
3.871806908930681135e-01
3.872452425738437953e-01
3.874215993616972331e-01
3.874801568448562050e-01
3.875493182302405248e-01
3.875689134288908821e-01
3.876413000258757124e-01
3.877104614112600323e-01
3.877480392027605194e-01
3.879711931913317202e-01
3.880631749869669078e-01
3.880977556796590400e-01
3.881699141638517148e-01
3.882393036620281901e-01
3.884506973681581266e-01
3.884792838632335488e-01
3.885350723603763212e-01
3.885908608575190937e-01
3.886270541560115088e-01
3.886572532568872140e-01
3.888022545636490301e-01
3.888836324570589253e-01
3.890878914016113188e-01
3.891134807978783861e-01
3.892310519897806964e-01
3.893034385867655267e-01
3.893396318852579419e-01
3.893891980719918489e-01
3.894327700611090459e-01
3.895574918308439827e-01
3.896536271055034417e-01
3.897483778871548288e-01
3.899307288726249765e-01
3.899971212719930969e-01
3.901206866615121172e-01
3.901522702553958943e-01
3.901778596516629616e-01
3.902214316407801586e-01
3.904337536143338561e-01
1.647551694809853418e-01
