0.000000000000000000e+00
4.229600460315745269e-02
8.211511489912606820e-02
1.172456575682381402e-01
1.507623979573487760e-01
1.867515373826733049e-01
2.183487970654869603e-01
2.499550472902504761e-01
2.736451253281546037e-01
2.921027079512351077e-01
3.120437299960439614e-01
3.351404322652567491e-01
3.546813751932964554e-01
3.715521271622251320e-01
3.881801344985073565e-01
4.033426834969609520e-01
4.222677743014346396e-01
4.376371057647352458e-01
4.549079368504330700e-01
4.698996655518392074e-01
4.802927320458874605e-01
4.904835113460636609e-01
5.021307584421186299e-01
5.118765059157763808e-01
5.243778544970688626e-01
5.337235228539574106e-01
5.439098068831587085e-01
5.515967202502964906e-01
5.590813464235622199e-01
5.638688100118672830e-01
5.757453159276438859e-01
5.824073075124965859e-01
5.950884669327863863e-01
6.010941489552986683e-01
6.069200201388136318e-01
6.175468407235584767e-01
6.289873053547664350e-01
6.377351026719887406e-01
6.437497752364509385e-01
6.516569568813604940e-01
6.587280181249322020e-01
3.764283335999491498e-01
