0.000000000000000000e+00
8.230837434702297992e-03
2.463372278048319569e-02
2.826232639965205184e-02
3.147635571661808185e-02
3.438612011610388264e-02
3.697104618810530957e-02
5.389365466463807985e-02
5.714654575483892052e-02
5.982174252247610124e-02
6.259658131027352745e-02
6.504405832362088191e-02
6.775628156431044713e-02
7.013057552897768165e-02
7.259797048797832220e-02
8.110339719099367295e-02
8.299374584744959038e-02
8.487397983559924475e-02
8.902712869694096032e-02
9.041935367947419311e-02
9.219658952473291924e-02
9.372117945032915065e-02
9.584902590032143288e-02
9.724572129498181006e-02
9.843456422323444699e-02
1.001053548367657337e-01
1.013026648755631920e-01
1.050534753744792466e-01
1.063430179627377764e-01
1.077496760523907748e-01
1.096766370228450804e-01
1.108741079318404515e-01
1.117937133401802480e-01
1.126758989968571351e-01
1.221071307841818943e-01
1.314478059045824099e-01
1.400730888941363883e-01
1.485141154076326797e-01
1.564732746709492639e-01
1.634088949391753753e-01
1.722815863069347975e-01
1.772048952493593399e-01
1.780233123953198771e-01
1.810001179064787968e-01
1.824728564258447094e-01
1.833740766946386769e-01
1.840337652498189314e-01
1.850172777060771767e-01
1.859441108344747629e-01
1.865233811765851790e-01
1.911296456439507685e-01
1.916987134383240088e-01
1.927882793002514972e-01
1.937988704232333770e-01
1.945703728444682645e-01
1.955247211316392952e-01
1.965084451158666812e-01
1.974875243816574533e-01
1.981145555603700259e-01
1.986443221843539886e-01
1.992482132926574334e-01
1.998899904220013402e-01
2.006266620849741222e-01
2.009836319648931335e-01
2.019455431486293084e-01
2.052249972493871144e-01
2.091749933781859028e-01
2.120459599167493769e-01
2.151373603874417451e-01
2.177374627287744224e-01
2.202673494047744096e-01
2.241522050869473037e-01
2.251848726487130636e-01
2.257177094241392401e-01
2.264950020830872879e-01
2.273123839221979914e-01
2.278648094585496719e-01
2.285217630387950949e-01
2.290083852198381009e-01
2.296882017960884259e-01
2.303885113472439461e-01
2.310534359913289093e-01
2.314873383212692481e-01
2.320601689530952250e-01
2.326333496500924414e-01
2.331922878874955751e-01
2.336746362957166923e-01
2.342172600072736921e-01
2.347614225167177493e-01
2.373596285506602011e-01
2.399432778289446455e-01
2.420896760988900109e-01
2.440762955825413472e-01
2.451573600173690137e-01
2.469876715891109742e-01
2.477852992578709612e-01
2.485638342124107114e-01
2.492813788446082424e-01
2.500678774186556041e-01
2.507870919416103628e-01
2.513766541634411267e-01
2.519988663174076438e-01
2.534859529695670521e-01
2.541769656395174160e-01
2.549628072966615977e-01
2.556579775352275652e-01
2.560961983039813927e-01
2.566587399611916509e-01
2.571557776704932463e-01
2.576769982013857874e-01
2.580366091850291310e-01
2.583999249040220825e-01
2.589897925250325139e-01
2.592793993713122802e-01
2.596006863893130512e-01
2.600903503970228292e-01
2.606636264177829010e-01
2.610858752815299333e-01
2.613889440219623883e-01
2.619348791902584295e-01
2.625085708226247982e-01
2.629146288090639105e-01
2.633350394675238459e-01
2.638599930585413533e-01
2.643266183113844314e-01
2.647184993846645185e-01
2.650363870664953492e-01
2.654037784664525779e-01
2.658435514692050194e-01
2.661653926360142419e-01
2.664713572215794413e-01
2.667188623761000410e-01
2.670836796713203509e-01
2.676068680478178030e-01
2.678230863092279646e-01
2.683078196272126736e-01
2.688072407937255326e-01
2.691218467961450367e-01
2.693488589757604412e-01
2.698912502789048151e-01
2.701245561872706036e-01
2.703961786169470360e-01
2.708543516479091640e-01
2.711886045133573009e-01
2.715115316447875848e-01
2.719025010597560521e-01
2.722066929864692675e-01
2.725740843864264962e-01
2.731093641737193933e-01
2.734436825856026432e-01
2.739857163792438488e-01
2.742102125562255188e-01
2.744983163737255705e-01
2.747531282308505740e-01
2.750866809659562318e-01
2.754000982356598626e-01
2.758048289521810581e-01
2.763793815850878466e-01
2.766013975285430693e-01
2.770758478636916600e-01
2.775541057022846148e-01
2.779336838368001161e-01
2.782842214507666445e-01
2.785519782748955842e-01
2.788998106912550234e-01
2.792970157328707459e-01
2.796664345330883705e-01
2.800363568243432466e-01
2.803322276220456821e-01
2.809430619316707345e-01
2.811393711443118670e-01
2.815019643999664978e-01
2.817241993157227897e-01
2.819739791675802687e-01
2.822699810581528745e-01
2.826166902882316090e-01
2.828485006121496115e-01
2.832303981099936196e-01
2.834837739373263221e-01
2.837493141662215113e-01
2.840953455989535525e-01
2.845792625823894695e-01
2.848124954999882164e-01
2.850391501701004526e-01
2.852591610462910654e-01
2.854438600061781628e-01
2.856059730444645561e-01
2.858581601390814408e-01
2.862310363775721900e-01
2.865822309084419262e-01
2.869054648916041228e-01
2.870512127462731544e-01
2.873045811292739282e-01
2.876803234355697070e-01
2.879546510628532285e-01
2.881834135683248310e-01
2.883396484894671929e-01
2.885035044092778556e-01
2.889798584961486005e-01
2.891591753855969338e-01
2.893729580794722755e-01
2.895821318240183739e-01
2.897896937799103734e-01
2.901276662693719754e-01
2.904692853920800011e-01
2.906667029023379811e-01
2.909244761510308419e-01
2.912201354207641368e-01
2.914063001877712500e-01
2.915453968041867294e-01
2.920466412873228279e-01
2.924442842735406889e-01
2.926444367587335282e-01
2.927773126371656653e-01
2.930522897370204105e-01
2.931678232270885087e-01
2.934264276989940190e-01
2.937876787960668756e-01
2.940062968559044587e-01
2.942043996078410606e-01
2.943785310661559129e-01
2.946087370457517451e-01
2.949291556188801677e-01
2.952334786384635534e-01
2.955659230759523637e-01
2.957954289252057167e-01
2.959943047982518394e-01
2.962252764546252637e-01
2.964612801162662126e-01
2.967975752706386583e-01
2.968751348602354234e-01
2.970354245818985772e-01
2.973731125526240526e-01
2.974867571796338539e-01
2.976471854384991622e-01
2.977474039404636730e-01
2.978895781526533226e-01
2.981926617817496350e-01
2.983035788781565611e-01
2.984223285012009286e-01
2.985035928261473015e-01
2.986921276142541215e-01
2.987961893887702836e-01
2.989291382579694623e-01
2.991213122349908327e-01
2.992581699231767756e-01
2.995379451673341187e-01
2.996429841465970134e-01
2.998086410500350740e-01
3.000389855668330052e-01
3.002609359638531705e-01
3.005491127721202638e-01
3.008104373302967205e-01
3.010813298523029036e-01
3.013734884703238026e-01
3.015550219550058864e-01
3.017597685008641117e-01
3.019640338886809272e-01
3.021312370343379738e-01
3.022199838207505485e-01
3.024178899333818671e-01
3.026155919623760293e-01
3.027650296637308114e-01
3.029672602069552467e-01
3.032582956386953854e-01
3.035555592527508506e-01
3.039008756664765554e-01
3.042301844060880667e-01
3.043367621832380188e-01
3.044778787555820210e-01
3.047483556659819071e-01
3.049635967226453359e-01
3.051093371329824389e-01
3.052196926362489848e-01
3.054446550826081519e-01
3.055873908879381817e-01
3.056545289574967295e-01
3.057817382467539757e-01
3.059512533114076005e-01
3.060979053800563232e-01
3.063085449317224374e-01
3.064114179735227816e-01
3.066129632750686507e-01
3.066698913525581216e-01
3.067893411059449682e-01
3.069417983009707362e-01
3.070187962974271212e-01
3.072199259873666377e-01
3.073410530758426407e-01
3.074172124047544474e-01
3.075827382153223377e-01
3.076775016560810427e-01
3.078556149241496454e-01
3.079589765683233282e-01
3.080732483349086226e-01
3.081521351944233045e-01
3.082051470085940825e-01
3.083959207249304946e-01
3.085613735447313433e-01
3.088065444472595789e-01
3.089785025237799521e-01
3.090581550600722260e-01
3.091831984118669774e-01
3.092483090811651292e-01
3.093406950564921987e-01
3.094926562048126439e-01
3.096107056975145322e-01
3.097216153495895297e-01
3.098891685604178159e-01
3.100172820636547533e-01
3.102417559076405817e-01
3.104182722757189983e-01
3.105325440423042926e-01
3.106008708445786581e-01
3.106854898397033438e-01
3.108067480210495170e-01
3.109772477347818032e-01
3.110631939998244611e-01
3.111536911120932336e-01
3.113487311569195781e-01
3.114787990696498698e-01
3.115264943598169411e-01
3.117215195159794283e-01
3.117966286493775163e-01
3.118552340619561436e-01
3.120074797290127711e-01
3.121576979958089471e-01
3.122009884202839869e-01
3.122699423621338455e-01
3.123324640380312212e-01
3.123851257870307596e-01
3.124659670560388514e-01
3.125985584157348618e-01
3.126803113430545733e-01
3.128057703064556216e-01
3.128596207881709779e-01
3.129095550065675857e-01
3.129851527423390123e-01
3.130748767334982641e-01
3.132659856263420028e-01
3.133655695443990918e-01
3.135275366011514575e-01
3.136194995205402458e-01
3.137616737327298955e-01
3.138170630123323090e-01
3.139005662655082185e-01
3.139760254640775461e-01
3.140625333222605842e-01
3.142840755520063256e-01
3.143398148967799788e-01
3.144241568175004664e-01
3.144580759174510076e-01
3.146695392479978426e-01
3.147187733360519712e-01
3.147581474972082627e-01
3.148556310242379142e-01
3.149028377120316469e-01
3.150011599066058765e-01
3.151330511359594078e-01
3.153154232881860697e-01
3.153848002859741539e-01
3.155134023915844299e-01
3.156430621370403533e-01
3.157293584672542508e-01
3.160152233565247659e-01
3.161446566853476914e-01
3.163403894161845864e-01
3.164143098168668566e-01
3.164715149687605256e-01
3.167212948206180045e-01
3.167980812891053044e-01
3.168589256299134682e-01
3.169719356730159032e-01
3.170300524832211919e-01
3.170787979689019820e-01
3.172252310652496354e-01
3.173369793848692111e-01
3.174947382152347730e-01
3.175949492728672996e-01
3.177017311336544636e-01
3.177383777642078799e-01
3.177668418029526154e-01
3.179174026905881023e-01
3.180113200194703005e-01
3.181286619374977809e-01
3.182088030761633934e-01
3.183225787960433650e-01
3.184932096026458215e-01
3.186141177188207552e-01
3.188111777195755669e-01
3.189868405314455480e-01
3.190346743588147183e-01
3.190627883323882141e-01
3.191867084979022051e-01
3.192288101896613717e-01
3.193630058936795524e-01
3.196812436406816227e-01
3.197471199867573111e-01
3.197924378114927468e-01
3.198909059876010597e-01
3.199709085890645732e-01
3.202193686153360641e-01
3.203172022075369552e-01
3.204159474580494660e-01
3.205163700436511331e-01
3.205972113126592249e-01
3.208228664450289425e-01
3.208567855449794837e-01
3.209553848139579668e-01
3.210663600124680217e-01
3.211002791124185629e-01
3.212240532963985262e-01
3.213353860044117494e-01
3.213859473623838503e-01
3.214748326859985239e-01
3.215410590972454519e-01
3.217449744198910278e-01
3.218928003325917109e-01
3.220775499502500083e-01
3.221499315530452212e-01
3.222397940814065720e-01
3.223285408678191466e-01
3.224107094067451551e-01
3.224664487515188083e-01
3.225596004036234143e-01
3.225994631671530444e-01
3.227447805215519216e-01
3.230265831659697162e-01
3.233047615101368732e-01
3.235230727182425436e-01
3.238417260768509109e-01
3.239867589125136060e-01
3.241292027547755250e-01
3.243068274204707890e-01
3.245203911420450615e-01
3.246954268143395494e-01
3.248522084399583787e-01
3.249464102875767035e-01
3.250343184064446445e-01
3.251267699282067714e-01
3.251880298806212877e-01
3.252767766670338623e-01
3.253134232975872786e-01
3.253579024547781362e-01
3.253888824961566062e-01
3.254859429672480320e-01
3.255342653969905964e-01
3.255999302150971997e-01
3.256706344828032562e-01
3.258317479833471308e-01
3.258916076750766888e-01
3.260544059550417040e-01
3.260801424631835643e-01
3.261960185740909735e-01
3.262375586727098153e-01
3.263261594775883068e-01
3.263946248170647713e-01
3.264777050143023995e-01
3.265776389975307281e-01
3.266722564567554055e-01
3.268337930132375613e-01
3.269181274896261202e-01
3.269480573354908715e-01
3.269953295697197171e-01
3.270998069558422316e-01
3.272035186651871541e-01
3.273110081006487260e-01
3.274368826756561268e-01
3.276150614901598424e-01
3.278333726982655127e-01
3.279391043635389580e-01
3.280070811006420839e-01
3.280286898174960553e-01
3.280778509147831978e-01
3.282058184364860520e-01
3.283198712307702771e-01
3.283977078947712402e-01
3.284361703976159119e-01
3.284960300893454699e-01
3.285834421615081435e-01
3.286495955819880854e-01
3.287846299535508443e-01
3.288690374207064449e-01
3.289799470727814423e-01
3.290140047099340825e-01
3.290742144668348801e-01
3.290977120467472039e-01
3.292054055658459322e-01
3.292358970048510636e-01
3.293614215146872248e-01
3.294467331958224610e-01
3.294620481839261039e-01
3.295535880473766110e-01
3.296273624665248536e-01
3.297020485439847159e-01
3.297396723792848094e-01
3.297670862225158261e-01
3.299522588961124048e-01
3.303055612623415072e-01
3.303440237651861788e-01
3.303955623279049569e-01
3.305049331820928971e-01
3.307057053625292453e-01
3.307853578988215193e-01
3.309089935455993281e-01
3.310082929449202904e-01
3.310348681206067289e-01
3.310657096247830999e-01
3.311308128497493231e-01
3.312306008514436240e-01
3.313300387879666853e-01
3.313731176844725845e-01
3.314106029825705790e-01
3.315045858578878346e-01
3.315734668089706516e-01
3.316224893690556952e-01
3.316643795328457767e-01
3.317587124733342718e-01
3.318708838488921287e-01
3.318904651654857041e-01
3.319539640461297569e-01
3.319931266793169078e-01
3.320256455185824906e-01
3.320464155678918838e-01
3.321148809073683483e-01
3.321325733609036268e-01
3.322087252454835049e-01
3.322323613625979277e-01
3.322820840530253950e-01
3.322919439799232322e-01
3.323308950851412980e-01
3.323438326078132499e-01
3.324655064007657757e-01
3.324878152479622262e-01
3.325611740555041163e-01
3.326244614081790285e-01
3.327011748858992868e-01
3.327883754300928199e-01
3.329434871649544214e-01
3.329673348100379848e-01
3.330769901829620516e-01
3.332476209895645081e-01
3.334377601219934983e-01
3.334781114878964670e-01
3.335165739907411386e-01
3.335721673539807641e-01
3.337054513996873251e-01
3.337651725542147840e-01
3.340523572690712872e-01
3.341387265900521708e-01
3.342350213843660045e-01
3.343934073543070040e-01
3.344972501565220968e-01
3.345780914255301886e-01
3.346541047729079676e-01
3.347002612651879816e-01
3.347368349049743563e-01
3.349249466371429507e-01
3.349394229577020154e-01
3.351190675793258023e-01
3.351628466061741807e-01
3.351941767127238903e-01
3.352829890455715223e-01
3.353385168623760348e-01
3.354829881048983498e-01
3.355334764721034091e-01
3.355637563831393999e-01
3.356057850841315804e-01
3.356754391563239182e-01
3.357021528692124557e-01
3.357703336899527935e-01
3.358164171914657659e-01
3.358585844296600453e-01
3.359796385273690067e-01
3.359992198439625821e-01
3.361155115664763438e-01
3.361645341265613873e-01
3.362332765404421053e-01
3.363523762286577123e-01
3.364872720630183722e-01
3.364990208529745064e-01
3.365300008943529764e-01
3.366360170783625483e-01
3.366844124988720988e-01
3.367352509312483977e-01
3.369268484264655306e-01
3.369558010675836046e-01
3.369905588350787240e-01
3.370411201930508249e-01
3.370540577157227768e-01
3.371531455870745986e-01
3.371747543039285699e-01
3.372271315341919262e-01
3.372557341101387607e-01
3.372671328349236552e-01
3.374232873209670469e-01
3.374350361109231811e-01
3.374811926032031950e-01
3.375459457629981785e-01
3.377369891094068599e-01
3.379481679212175682e-01
3.380560729682854371e-01
3.381306860549782578e-01
3.381913188678173365e-01
3.382046064556605280e-01
3.382582454094067437e-01
3.383625768139952306e-01
3.383978231838636885e-01
3.384676157932581253e-01
3.385227205541243567e-01
3.385423018707179321e-01
3.385743321076101209e-01
3.386319528711101423e-01
3.386772706958455781e-01
3.387114668702003173e-01
3.388418848481018486e-01
3.389084613245200162e-01
3.389744762077978590e-01
3.390553904675729924e-01
3.390821041804615299e-01
3.391304266102040943e-01
3.392019621011228003e-01
3.392366468778508781e-01
3.392468568699199549e-01
3.392914745643129115e-01
3.393677724304268173e-01
3.394411312379687073e-01
3.394775663405529831e-01
3.395445584285775031e-01
3.395644898103423182e-01
3.396192445060373100e-01
3.396839321193971806e-01
3.397719057847002344e-01
3.398005083606470689e-01
3.399351926670385882e-01
3.399665227735882977e-01
3.401193151451213925e-01
3.403187451669759112e-01
3.403328714223637363e-01
3.403746885953867762e-01
3.404105621048306718e-01
3.404711219269027089e-01
3.404981857049624860e-01
3.405114732928056775e-01
3.406325199461827102e-01
3.406549673305813153e-01
3.407251100051469916e-01
3.407990304058292619e-01
3.409497953771019607e-01
3.410151831208043105e-01
3.410470018297274142e-01
3.411297975082289158e-01
3.412279081748340603e-01
3.413081223042667145e-01
3.413884675265695390e-01
3.415215400443069593e-01
3.415414714260717743e-01
3.418629908524851713e-01
3.418720121118384303e-01
3.419580239233161456e-01
3.422296165756648079e-01
3.422559802233821058e-01
3.423950693954656566e-01
3.425442955688512980e-01
3.426142267154478338e-01
3.427928941323248879e-01
3.428073704528839527e-01
3.428163917122372117e-01
3.428363230940020268e-01
3.429070199173760991e-01
3.429930317288538144e-01
3.430437316240280143e-01
3.430697452065740727e-01
3.434016131622586454e-01
3.436040552334522213e-01
3.437305569480350598e-01
3.437438445358782513e-01
3.438109751611048703e-01
3.439278940231940696e-01
3.439505529355617597e-01
3.440548843401502466e-01
3.442720798063070853e-01
3.443783000739538691e-01
3.444499085556395612e-01
3.444932645265496585e-01
3.446376627783049873e-01
3.446882896827121456e-01
3.447684963678128711e-01
3.447899665474647435e-01
3.448333225183748407e-01
3.449596856957555802e-01
3.450304555098966941e-01
3.450517141615794259e-01
3.453080648165914868e-01
3.453363173273670816e-01
3.454405906298523843e-01
3.454971686421706156e-01
3.455599673924721893e-01
3.456071010894988804e-01
3.457266893800878260e-01
3.457372494373281424e-01
3.458641012170822204e-01
3.460445115154835438e-01
3.462040862181403611e-01
3.462541589737390679e-01
3.463531083078887907e-01
3.466564466783935150e-01
3.467385422265525374e-01
3.467577734779748733e-01
3.467656060046123145e-01
3.469210529159812983e-01
3.469965046702186973e-01
3.471338435164460501e-01
3.471896484076547607e-01
3.472811152803382817e-01
3.473100679214563558e-01
3.473230054441283077e-01
3.473618180121442189e-01
3.474328649006895309e-01
3.475545386936420567e-01
3.475989448600658727e-01
3.476118823827378246e-01
3.476457284919213242e-01
3.476979671849825815e-01
3.477735574764220794e-01
3.478299895072062831e-01
3.478718066802293230e-01
3.479134853160502638e-01
3.479650968695360835e-01
3.480933414656431912e-01
3.481294265030562274e-01
3.481674004035275605e-01
3.482146726377564061e-01
3.482746053202530057e-01
3.482985915025386681e-01
3.483251666782251066e-01
3.483636291810697783e-01
3.484098512197849051e-01
3.484231388076280966e-01
3.484667063065073345e-01
3.485099237402153327e-01
3.485397150488779849e-01
3.485743998256060627e-01
3.486169901197386234e-01
3.486402761716818066e-01
3.488814503757923791e-01
3.488904716351456381e-01
3.488967653638960220e-01
3.489283725448499851e-01
3.489627802471738649e-01
3.489930601582098557e-01
3.490317341890236680e-01
3.490504768380726652e-01
3.491980912228042078e-01
3.492558579678382569e-01
3.492672566926231514e-01
3.492980252060325363e-01
3.493082351981016132e-01
3.493271163843527094e-01
3.493443202355146493e-01
3.493599852887895318e-01
3.494639666282067791e-01
3.495069725339456368e-01
3.495519402935098330e-01
3.495774652736825527e-01
3.496494968113065260e-01
3.496585180706597851e-01
3.497146000362727492e-01
3.497823652454067900e-01
3.497995690965687299e-01
3.498243939463989705e-01
3.498420863999342489e-01
3.498800603004055820e-01
3.498851652964401482e-01
3.499040464826912444e-01
3.499181727380790696e-01
3.499353765892410095e-01
3.499580355016086997e-01
3.500120245205261549e-01
3.500433546270758645e-01
3.500784624597422234e-01
3.501490207459141968e-01
3.501860829880739101e-01
3.501978317780300443e-01
3.502029367740646104e-01
3.502107693007020517e-01
3.502432881399676345e-01
3.502669242570820574e-01
3.502982543636317669e-01
3.503554595155254359e-01
3.503762295648348291e-01
3.503837120263010307e-01
3.504314073164681020e-01
3.504458836370271668e-01
3.504642762209049245e-01
3.505196580561754094e-01
3.505439943036323114e-01
3.505584706241913762e-01
3.507414699159934757e-01
3.508467785253286397e-01
3.508792973645942226e-01
3.508871298912316639e-01
3.509520215882287464e-01
3.509681752438769675e-01
3.509960776894813228e-01
3.510746070394928364e-01
3.510824395661302777e-01
3.510914608254835367e-01
3.510992933521209780e-01
3.511103420117346330e-01
3.511232795344065849e-01
3.511358669919072972e-01
3.511409719879418634e-01
3.511714634269469948e-01
3.512070598619866924e-01
3.512148923886241336e-01
3.512227249152615749e-01
3.512372012358206397e-01
3.512450337624580810e-01
3.513305569715624577e-01
3.514749701119816438e-01
3.515088162211651435e-01
3.517490862112960248e-01
3.518178941716118002e-01
3.518934189166162407e-01
3.519437687466192011e-01
3.521919368098225811e-01
3.522501921572299688e-01
3.524453558505945550e-01
3.525129750781945126e-01
3.526272394004478228e-01
3.526500368500176674e-01
3.526801782238515592e-01
3.527124855351480015e-01
3.527324169169128165e-01
3.529247145424723731e-01
3.529478620572134573e-01
3.529817081663969569e-01
3.530274416027386897e-01
3.531647074581990564e-01
3.532109294969141833e-01
3.532580631939408744e-01
3.532793218456236062e-01
3.533402317328668829e-01
3.533696729763582955e-01
3.534586238464080266e-01
3.535119782814180600e-01
3.535407193945669935e-01
3.535512794518073099e-01
3.536152669348247013e-01
3.536594615732793767e-01
3.537397412491470883e-01
3.538223983904464909e-01
3.538365246458343161e-01
3.538797420795423143e-01
3.539668115308656771e-01
3.539773715881059934e-01
3.540283485576843914e-01
3.541515611485239745e-01
3.542774282791993912e-01
3.544190990003517894e-01
3.544524565071619504e-01
3.544981899435036832e-01
3.545150437294943835e-01
3.545407802376362438e-01
3.546060949905716075e-01
3.546404297021284457e-01
3.546443459654471386e-01
3.546775649350552007e-01
3.547474960816517364e-01
3.548054669103229974e-01
3.548293145554065608e-01
3.549704966741856205e-01
3.550391735416312256e-01
3.551542035406621278e-01
3.553648282036643846e-01
3.556438377710441912e-01
3.557017430532803393e-01
3.557888125046037020e-01
3.557981838291282006e-01
3.558625213773168317e-01
3.559628709721515127e-01
3.561932884797164856e-01
3.562104923308784254e-01
3.562960885307498438e-01
3.563991656561874000e-01
3.564223131709284842e-01
3.565814722619790045e-01
3.566139911012445873e-01
3.566580472024971638e-01
3.567116861562433794e-01
3.567431547999952435e-01
3.567533647920643203e-01
3.568311940117333547e-01
3.568853871142880219e-01
3.569431538593220710e-01
3.570216906536655133e-01
3.570584028306539870e-01
3.571200858390067845e-01
3.571598756117694284e-01
3.571637918750881213e-01
3.571833731916816967e-01
3.572153304378068994e-01
3.572672920564639587e-01
3.573307909371080116e-01
3.574283400105727759e-01
3.574613474522116974e-01
3.575060306930397114e-01
3.575593195816146874e-01
3.576382719875644822e-01
3.576866674080740327e-01
3.578999466109121785e-01
3.579183391947899362e-01
3.579309266522906485e-01
3.579411366443597253e-01
3.579588290978950038e-01
3.581383351823166361e-01
3.581619712994310589e-01
3.582128097318073578e-01
3.582716922187902386e-01
3.584818208350872282e-01
3.585142011371506565e-01
3.586953845566615007e-01
3.587771300396492835e-01
3.588708358405623411e-01
3.589651687810508363e-01
3.590334881389932731e-01
3.591485911287912169e-01
3.591525073921099098e-01
3.591785209746559682e-01
3.592001296915099395e-01
3.592461476465878545e-01
3.592937699459879397e-01
3.593048186056015947e-01
3.593467087693916762e-01
3.593518137654262423e-01
3.594343323695234904e-01
3.594448924267638068e-01
3.594665011436177782e-01
3.594790886011184905e-01
3.595292269031523102e-01
3.595452420215984324e-01
3.596486692122072282e-01
3.597288758973079537e-01
3.597667112605771877e-01
3.598126562248880611e-01
3.598165724882067540e-01
3.599393620231080559e-01
3.599597820072462095e-01
3.599911121137959191e-01
3.601388650357295607e-01
3.603620697119006011e-01
3.604305350513770656e-01
3.604652928188721850e-01
3.604770416088283191e-01
3.605245253710262499e-01
3.606726358024630597e-01
3.607048045765574029e-01
3.607782289305344059e-01
3.608287172977394652e-01
3.608722847966187031e-01
3.609309557556324433e-01
3.610406766749916230e-01
3.610862715741312567e-01
3.610929153680528803e-01
3.611145240849068516e-01
3.612298386026738806e-01
3.613085064898875487e-01
3.613589948570926080e-01
3.615452832726379628e-01
3.615594095280257880e-01
3.615961946957813034e-01
3.616149373448303006e-01
3.616787132998785514e-01
3.617147983372915876e-01
3.617646595649212093e-01
3.617925620105255646e-01
3.618465510294430199e-01
3.619102614380562133e-01
3.619536903997333521e-01
3.619818043733068480e-01
3.620157234732573892e-01
3.620560748391603578e-01
3.621551627105121796e-01
3.621739053595611768e-01
3.621915978130964553e-01
3.622157955233512583e-01
3.622224393172728818e-01
3.622525806911067736e-01
3.623471251595644094e-01
3.623510414228831022e-01
3.623699226091341985e-01
3.624741959116195011e-01
3.625486704611102229e-01
3.625775501114613109e-01
3.627268418312820097e-01
3.627948111240532070e-01
3.628187973063388694e-01
3.628657194753964754e-01
3.628829233265584153e-01
3.628934833837987317e-01
3.629485225982299057e-01
3.632261974513598113e-01
3.632355687758843099e-01
3.633408773852194740e-01
3.634083580756173326e-01
3.634376607819066463e-01
3.634592694987606176e-01
3.636914298878498597e-01
3.637258375901737395e-01
3.637975846090615306e-01
3.638603833593631043e-01
3.639939519238057919e-01
3.640537460691002369e-01
3.640823486450470714e-01
3.641095509603089475e-01
3.642464667505980747e-01
3.643377950860794967e-01
3.643480050781485735e-01
3.644141584986285154e-01
3.644648583938027153e-01
3.644847897755675303e-01
3.645612917253186480e-01
3.646173081444964992e-01
3.647178692673002653e-01
3.647540928419154005e-01
3.647770288286873441e-01
3.648083589352370537e-01
3.648549310391234202e-01
3.649498985635193371e-01
3.650133244533963484e-01
3.651570955655761841e-01
3.652048564021783683e-01
3.654058252219199998e-01
3.655043589444633700e-01
3.655118414059295717e-01
3.655323999272698243e-01
3.656384086669474676e-01
3.656906473600087248e-01
3.657500184493649442e-01
3.657641447047527694e-01
3.657949132181621543e-01
3.658358917236406160e-01
3.659832364782998892e-01
3.660029563320955637e-01
3.660591768349106268e-01
3.660685481594351254e-01
3.660912070718028155e-01
3.661400181039187185e-01
3.661869402729763245e-01
3.662460998343634033e-01
3.662684086815598539e-01
3.663117646524699511e-01
3.663711357418261705e-01
3.663919057911355637e-01
3.664465949403954981e-01
3.664540774018616998e-01
3.665040116202583076e-01
3.665244316043964612e-01
3.665695379011627564e-01
3.666354142472384448e-01
3.666880030054709416e-01
3.667454196853337511e-01
3.667683556721056948e-01
3.667852094580963951e-01
3.668487738851755608e-01
3.669958996675337648e-01
3.671284835828978466e-01
3.671446372385460677e-01
3.671721896189791834e-01
3.672296718452771058e-01
3.672514190993332317e-01
3.672927476699829330e-01
3.673060352578261245e-01
3.675681180484481891e-01
3.675911270259871189e-01
3.676225956697389829e-01
3.676674904385361375e-01
3.677416149228556197e-01
3.678260879364462776e-01
3.678381867915736514e-01
3.678946188223578551e-01
3.679072062798585674e-01
3.679461573850766332e-01
3.680202818693961153e-01
3.681012616756063061e-01
3.682067162664754978e-01
3.682169262585445746e-01
3.683484599783949376e-01
3.683851066089483539e-01
3.684121703870081310e-01
3.684686024177923347e-01
3.685279005163815125e-01
3.685490206308621453e-01
3.686066413943621667e-01
3.686321663745348864e-01
3.687390137817571079e-01
3.688399249697321136e-01
3.689056627786057030e-01
3.689406976205050204e-01
3.689693001964518548e-01
3.690118904905844155e-01
3.690287442765751158e-01
3.690381156010996144e-01
3.692979594634921425e-01
3.693129243864245459e-01
3.693332058333606005e-01
3.693621584744786746e-01
3.694650970627141318e-01
3.696206825112852146e-01
3.696513124874924450e-01
3.696775375980076439e-01
3.697052285156428586e-01
3.697205435037465016e-01
3.697404748855113166e-01
3.697674001263689947e-01
3.698344652051605563e-01
3.698482413953771419e-01
3.698734163103786221e-01
3.699355879211047582e-01
3.699481753786054705e-01
3.700074079307595909e-01
3.700188066555444855e-01
3.700457318964021636e-01
3.701229339764957604e-01
3.701713949434404238e-01
3.701867099315440668e-01
3.702418146924102982e-01
3.702523747496506146e-01
3.703341202326383974e-01
3.703830698019563994e-01
3.704743325910027085e-01
3.705508345407538262e-01
3.705700657921761620e-01
3.705811144517898170e-01
3.706220929572682787e-01
3.706260092205869716e-01
3.706535616010200873e-01
3.706716041197266054e-01
3.707599278502008988e-01
3.708262927986499813e-01
3.708589501751176631e-01
3.710737026294077534e-01
3.711411833198056121e-01
3.711629305738617379e-01
3.711797843598524382e-01
3.711985270089014355e-01
3.712119531339467815e-01
3.712334233135986539e-01
3.712820958085124579e-01
3.713021657274793719e-01
3.713241245095045828e-01
3.714242625763701233e-01
3.714375501642133148e-01
3.714699960127118561e-01
3.714739122760305490e-01
3.714883885965896138e-01
3.715313945023284714e-01
3.715404157616817304e-01
3.715637018136249137e-01
3.715727230729781727e-01
3.716909692049852887e-01
3.717246767769666893e-01
3.717881756576107422e-01
3.718089457069201353e-01
3.718675511194987626e-01
3.718796499746261364e-01
3.718917488297535101e-01
3.719515355307160265e-01
3.720378974073649814e-01
3.720974800246903413e-01
3.721146838758522812e-01
3.721752436979243184e-01
3.721866424227092129e-01
3.722865689616056128e-01
3.723207651359603521e-01
3.723372688567798128e-01
3.723665715630691264e-01
3.723822366163440090e-01
3.724081116616879683e-01
3.724746151473391498e-01
3.724839864718636484e-01
3.725380410372161610e-01
3.725474123617406597e-01
3.725775537355745515e-01
3.728476805808031980e-01
3.728920867472270140e-01
3.729234168537767236e-01
3.731182379263019988e-01
3.731632712323012524e-01
3.731954400063955957e-01
3.732166986580783274e-01
3.732812477342360991e-01
3.732941852569080510e-01
3.733595000098434147e-01
3.733727875976866062e-01
3.733838362573002612e-01
3.734197827575111983e-01
3.734634887935925351e-01
3.734791538468674177e-01
3.734936301674264825e-01
3.735026514267797415e-01
3.735132114840200579e-01
3.735898519709732746e-01
3.736428563408120684e-01
3.736530663328811452e-01
3.736651651880085190e-01
3.736789413782251046e-01
3.736867739048625459e-01
3.737277524103410076e-01
3.737508999250820918e-01
3.737571936538324757e-01
3.737760748400835720e-01
3.737917398933584545e-01
3.737992223548246562e-01
3.738055160835750401e-01
3.738571276370608598e-01
3.738716039576199246e-01
3.740389381961471416e-01
3.740880992934342841e-01
3.741260002031386311e-01
3.741571187817192556e-01
3.742476814404230856e-01
3.743029247384914715e-01
3.744471114622776597e-01
3.744655040461554174e-01
3.745157153389562787e-01
3.745223591328779023e-01
3.745685811715930291e-01
3.745724974349117220e-01
3.745791412288333455e-01
3.745980224150844418e-01
3.746315184590967018e-01
3.746544544458686454e-01
3.746622869725060867e-01
3.746901894181104420e-01
3.747007494753507584e-01
3.747058544713853245e-01
3.747097707347040174e-01
3.747215195246601516e-01
3.747329182494450461e-01
3.747699804916047595e-01
3.747977444000070157e-01
3.748902614682042556e-01
3.749427772356697108e-01
3.749478822317042770e-01
3.749654361480374565e-01
3.749768348728223510e-01
3.749894223303230634e-01
3.750328512920002022e-01
3.750403337534664039e-01
3.751171127776217196e-01
3.751597030717542802e-01
3.751950879788248372e-01
3.752148078326205116e-01
3.752359279471011444e-01
3.752864163143062037e-01
3.753127799620235017e-01
3.753206124886609429e-01
3.753347387440487681e-01
3.753449487361178449e-01
3.753575361936185573e-01
3.753767674450408931e-01
3.753845999716783344e-01
3.753983761618949200e-01
3.754849495665130155e-01
3.754963482912979100e-01
3.755264896651318018e-01
3.756535455285230918e-01
3.756845255699015618e-01
3.757122894783038181e-01
3.758017944971620006e-01
3.758718641809606353e-01
3.759340283473548427e-01
3.759505320681743035e-01
3.759544483314929963e-01
3.759785730509807578e-01
3.759836780470153239e-01
3.759954268369714581e-01
3.760029092984376597e-01
3.760068255617563526e-01
3.760255682108053499e-01
3.760510931909780696e-01
3.760631920461054434e-01
3.760978768228335212e-01
3.761943757007845668e-01
3.762096906888882097e-01
3.762285718751393060e-01
3.762324881384579989e-01
3.762575245162573800e-01
3.762641683101790036e-01
3.763067586043115642e-01
3.763307447865972266e-01
3.763917932110426023e-01
3.764141020582390529e-01
3.764416544386721686e-01
3.764455707019908615e-01
3.764777394760852047e-01
3.764934045293600873e-01
3.765008869908262890e-01
3.765184409071594684e-01
3.765223571704781613e-01
3.765510982836270948e-01
3.765577420775487183e-01
3.765951543848796712e-01
3.766147357014732466e-01
3.766380217534164299e-01
3.766431267494509960e-01
3.766548755394071302e-01
3.766681631272503217e-01
3.766822893826381469e-01
3.767266955490619629e-01
3.767408218044497881e-01
3.767568369228959102e-01
3.767752295067736679e-01
3.767830620334111091e-01
3.768327847238385764e-01
3.768487998422846985e-01
3.768727860245703609e-01
3.768927174063351759e-01
3.769126487880999909e-01
3.769337689025806237e-01
3.769541888867187773e-01
3.769592938827533435e-01
3.769659376766749670e-01
3.770015341117146646e-01
3.770212539655103390e-01
3.770251702288290319e-01
3.770658716599032401e-01
3.773045298613800225e-01
3.773564184892700402e-01
3.773615234853046063e-01
3.773693560119420476e-01
3.773858597327615083e-01
3.773921534615118922e-01
3.774054410493550837e-01
3.774129235108212854e-01
3.774258610334932373e-01
3.774442536173709950e-01
3.774629962664199923e-01
3.774681012624545584e-01
3.774841163809006805e-01
3.774907601748223041e-01
3.775013202320626204e-01
3.775052364953813133e-01
3.775173353505086871e-01
3.775341891364993874e-01
3.775381053998180803e-01
3.775549591858087806e-01
3.775655192430490970e-01
3.775718129717994809e-01
3.775956606168830443e-01
3.776078980092125170e-01
3.776235630624873996e-01
3.776334229893852368e-01
3.776467105772284283e-01
3.776572706344687447e-01
3.776662918938220037e-01
3.776725856225723876e-01
3.777195077916299937e-01
3.777355229100761158e-01
3.777421667039977393e-01
3.777460829673164322e-01
1.779682868319712452e-01
