0.000000000000000000e+00
1.125734552239493827e-02
2.150488665173392461e-02
3.085580891950561594e-02
3.954486300421598821e-02
4.749286761130430690e-02
5.446786526744082368e-02
6.140327227629697321e-02
6.654823476719474995e-02
7.219949605720861474e-02
7.707011722232005868e-02
8.194073838743150262e-02
8.833025594989120377e-02
9.522327910629077574e-02
1.011064978696343958e-01
1.069501259856976555e-01
1.117415658562483788e-01
1.163010482534693468e-01
1.212876481552456753e-01
1.244442128917832707e-01
1.279119163962113559e-01
1.324318081461519636e-01
1.378087281103795025e-01
1.427189399227713207e-01
1.488737068067250424e-01
1.533935985566656501e-01
1.576023515387157681e-01
1.624333820565468656e-01
1.673435938689386837e-01
1.719030762661596656e-01
1.777043205297663409e-01
1.826145323421581590e-01
1.868232853242082769e-01
1.892783912304041860e-01
1.941886030427960042e-01
1.966437089489919132e-01
1.999162524221943793e-01
2.043965535248546128e-01
2.093067653372464310e-01
2.128508569310590126e-01
2.156566922524257579e-01
2.189292357256282240e-01
2.211891816005985278e-01
2.240714050113497835e-01
2.265661015648260668e-01
2.297226663013636483e-01
2.348620423819089975e-01
2.374727176720501376e-01
2.402785529934168829e-01
2.435510964666193490e-01
2.489620206677748138e-01
2.538722324801666042e-01
2.560161996184720512e-01
2.606520701050775157e-01
2.641961616988900974e-01
2.673131357881473047e-01
2.716350743016860969e-01
2.744409096230528422e-01
2.765452861140779151e-01
2.791559614042190551e-01
2.840661732166108733e-01
2.870275779219228496e-01
2.895986625647836155e-01
2.910411708727473346e-01
2.924440885334307350e-01
2.952103332075171060e-01
2.969639802833713427e-01
2.987176273592255793e-01
3.022249215109339970e-01
3.043292980019590699e-01
3.067844039081549790e-01
3.091999191670705138e-01
3.141101309794623320e-01
3.176542225732749136e-01
3.190571402339583140e-01
3.206552179258673196e-01
3.224088650017215563e-01
3.243180814615210239e-01
3.268127780149973072e-01
3.294998413945229854e-01
3.317597872694932892e-01
3.334738436980671517e-01
3.357337895730374555e-01
3.371367072337208559e-01
3.392014930774655546e-01
3.406044107381489550e-01
3.421628977827775864e-01
3.456701919344860041e-01
3.481252978406819132e-01
3.503852437156522170e-01
3.524896202066772899e-01
3.573998320190691080e-01
3.600105073092102481e-01
3.621148838002353210e-01
3.636337801975835782e-01
3.657381566886086510e-01
3.687363588360247912e-01
3.702948458806534227e-01
3.713470341261659313e-01
3.733326386753498816e-01
3.754370151663749544e-01
3.776177797467845099e-01
3.793714268226387465e-01
3.805791844520965417e-01
3.835377959522323077e-01
3.849407136129157081e-01
3.859929018584282168e-01
3.880972783494532896e-01
3.895001960101366900e-01
3.907079536395944852e-01
3.921108713002778856e-01
3.931630595457903943e-01
3.942152477913029029e-01
3.964751936662732068e-01
3.978781113269566072e-01
3.992810289876400076e-01
4.003332172331525163e-01
4.034869887645138875e-01
4.048899064251972879e-01
4.059420946707097966e-01
4.087875206393569161e-01
4.122948147910653338e-01
4.133470030365778425e-01
4.158021089427737516e-01
4.172050266034571520e-01
4.193094030944822248e-01
4.242196149068740429e-01
4.256225325675574434e-01
4.277269090585825162e-01
4.294409654871563786e-01
4.309598618845046358e-01
4.316613207148463083e-01
4.327135089603588169e-01
4.342719960049874484e-01
4.349734548353291208e-01
4.358304830496160243e-01
4.384015676924767901e-01
4.404663535362214888e-01
4.440500357773144446e-01
4.447514946076561171e-01
4.458036828531686258e-01
4.465051416835102982e-01
4.475969205763031811e-01
4.501680052191639470e-01
4.529738405405306922e-01
4.536752993708723647e-01
4.543767582012140371e-01
4.554289464467265458e-01
4.562859746610134493e-01
4.573381629065259579e-01
4.580396217368676304e-01
4.597140875181611186e-01
4.606107063797283963e-01
4.613121652100700687e-01
4.620136240404117411e-01
4.630658122859242498e-01
4.637672711162659223e-01
4.658716476072909951e-01
4.665731064376326676e-01
4.672745652679743400e-01
4.693789417589994128e-01
4.700804005893410853e-01
4.723375532591351789e-01
4.730390120894768513e-01
4.745974991341054827e-01
4.756892780268983656e-01
4.767414662724108743e-01
4.777936545179233829e-01
4.791965721786067833e-01
4.798980310089484558e-01
4.805994898392901282e-01
4.813009486696318007e-01
4.823531369151443093e-01
4.834053251606568180e-01
4.846130827901146132e-01
4.853145416204562856e-01
4.860160004507979581e-01
4.877696475266521947e-01
4.884711063569938672e-01
4.898740240176772676e-01
4.919784005087023404e-01
4.930305887542148491e-01
4.944335064148982495e-01
4.952905346291851529e-01
4.959919934595268254e-01
4.966934522898684978e-01
4.977456405353810065e-01
4.991485581960644069e-01
4.998500170264060793e-01
5.010577746558638745e-01
5.024606923165472194e-01
5.031621511468888919e-01
5.038636099772305643e-01
5.045650688075722368e-01
5.060075771155360114e-01
5.067090359458776838e-01
5.091641418520735929e-01
5.098656006824152653e-01
5.112685183430986102e-01
5.119699771734402827e-01
5.133728948341236276e-01
5.143854924323557620e-01
5.161391395082099987e-01
5.171913277537225628e-01
5.185942454144059077e-01
5.221015395661143810e-01
5.235044572267977259e-01
5.242059160571393983e-01
5.253740830393167638e-01
5.262707019008840970e-01
5.285306477758543453e-01
5.292321066061960178e-01
5.299335654365376902e-01
5.314920524811662661e-01
5.321935113115079385e-01
5.335964289721912834e-01
5.346486172177038476e-01
5.361279229677717861e-01
5.385830288739676952e-01
5.396352171194802594e-01
5.410381347801636043e-01
5.431425112711886216e-01
5.445454289318719665e-01
5.494556407442637846e-01
5.503126689585506881e-01
5.514808359407280536e-01
5.527677748647465972e-01
5.541706925254299421e-01
5.555736101861132870e-01
5.578335560610835353e-01
5.627437678734753534e-01
5.630944972886462452e-01
5.655100125475618356e-01
5.688957415522529759e-01
5.700639085344303414e-01
5.704146379496012331e-01
5.724398331460656131e-01
5.734920213915781773e-01
5.742330708692002794e-01
5.750900990834871829e-01
5.761422873289997471e-01
5.769993155432866505e-01
5.782070731727444457e-01
5.785578025879153374e-01
5.789085320030862292e-01
5.796099908334279016e-01
5.806621790789404658e-01
5.838555412575822112e-01
5.845570000879238837e-01
5.852584589182655561e-01
5.858043483646619976e-01
5.863106471637781203e-01
5.872072660253454535e-01
5.886101836860287984e-01
5.892720518690901521e-01
5.914160190073955992e-01
5.927397553735181956e-01
5.944934024493724323e-01
5.955455906948849965e-01
5.958963201100558882e-01
5.964026189091720109e-01
5.971040777395136834e-01
5.974548071546845751e-01
6.002606424760513759e-01
6.006113718912222676e-01
6.013128307215639401e-01
6.020142895519056125e-01
6.030664777974181767e-01
6.034172072125890685e-01
6.037679366277599602e-01
6.044693954581016326e-01
6.051708542884433051e-01
6.055215837036141968e-01
6.062230425339558693e-01
6.072752307794684334e-01
6.078211202258648749e-01
6.085225790562065473e-01
6.098463154223291438e-01
6.101970448375000355e-01
6.108985036678417080e-01
6.119506919133542722e-01
6.128077201276411756e-01
6.135091789579828481e-01
6.148725059713858743e-01
6.159246942168984384e-01
6.174435906142466957e-01
6.188465082749300405e-01
6.206001553507842772e-01
6.211460447971807186e-01
6.218475036275223911e-01
6.227045318418092945e-01
6.237567200873218587e-01
6.244581789176635311e-01
6.248089083328344229e-01
6.272640142390303319e-01
6.282766118372624664e-01
6.289780706676041389e-01
6.303809883282874837e-01
6.314331765738000479e-01
6.338882824799959570e-01
6.349404707255085212e-01
6.354467695246246439e-01
6.368496871853079888e-01
6.372004166004788805e-01
6.379018754308205530e-01
6.403173906897361434e-01
6.417203083504194883e-01
6.420710377655903800e-01
6.434343647789934062e-01
6.441358236093350786e-01
6.448372824396767511e-01
6.451880118548476428e-01
6.455387412700185346e-01
6.458894706851894263e-01
6.465909295155310987e-01
6.483445765913853354e-01
6.493571741896174698e-01
6.500586330199591423e-01
6.515379387700270808e-01
6.518886681851979725e-01
6.522393976003688643e-01
6.525901270155397560e-01
6.529408564307106477e-01
6.532915858458815395e-01
6.543437740913941036e-01
6.550452329217357761e-01
6.557071011047971298e-01
6.571100187654804747e-01
6.578114775958221472e-01
6.609256584799031442e-01
6.616271173102448167e-01
6.623285761405864891e-01
6.639634512745996586e-01
6.646649101049413311e-01
6.658726677343991263e-01
6.672755853950824712e-01
6.679770442254241436e-01
6.686785030557658160e-01
6.693799618861074885e-01
6.700814207164491609e-01
6.707828795467908334e-01
6.717954771450229678e-01
6.726525053593098713e-01
6.738602629887676665e-01
6.745617218191093389e-01
6.752631806494510114e-01
6.758090700958474528e-01
6.768612583413600170e-01
6.775627171717016894e-01
6.779134465868725812e-01
6.794719336315011571e-01
6.804449405824529729e-01
6.811463994127946453e-01
6.818478582431363177e-01
6.849252416851131509e-01
6.863281593457964957e-01
6.875359169752542909e-01
6.896007028189989896e-01
6.904973216805663228e-01
6.915495099260788869e-01
6.919002393412497787e-01
6.924461287876462201e-01
6.936538864171040153e-01
6.947060746626165795e-01
6.950568040777874712e-01
6.971215899215321699e-01
6.974723193367030616e-01
6.986800769661608568e-01
6.993815357965025292e-01
7.007844534571858741e-01
7.029256273903150554e-01
7.064329215420235286e-01
7.076406791714813238e-01
7.097450556625063411e-01
7.118494321535313585e-01
7.122001615687022502e-01
7.134079191981600454e-01
7.158630251043559545e-01
7.165644839346976269e-01
7.176166721802101911e-01
7.190195898408935360e-01
8.063449569761967084e-02
