0.000000000000000000e+00
9.753601342902666962e-03
1.605231153971327374e-02
2.291627413028213267e-02
2.876428118737263395e-02
3.488292423905041406e-02
3.981699953752081828e-02
4.534855089840878622e-02
5.066567033795248143e-02
5.566633408129363636e-02
5.977597591682232842e-02
6.308516469399300108e-02
6.691164505575453170e-02
7.140433103235650780e-02
7.584081293571548477e-02
8.002956869529480322e-02
8.368850739110338111e-02
8.699662561449798825e-02
9.097094945273304090e-02
9.461843322313781557e-02
9.833250543841333402e-02
1.015729646631611249e-01
1.050611500316885605e-01
1.073740814648602993e-01
1.104104931398915551e-01
1.126246124595332299e-01
1.158088676110380077e-01
1.187557809903908856e-01
1.217703533683905798e-01
1.248525847450371040e-01
1.283522250389683428e-01
1.317727514088489482e-01
1.353629605522346513e-01
1.378133510902521675e-01
1.405905816960999755e-01
1.430388311265653467e-01
1.460075838029497863e-01
1.491564036244670544e-01
1.514829310905947413e-01
1.534367987872768957e-01
1.563493473904183362e-01
1.596231008376015059e-01
1.626480575872289447e-01
1.655262414141589478e-01
1.683815153902813166e-01
1.707517214504721270e-01
1.729064250355425991e-01
1.754004941676232388e-01
1.777592453024102459e-01
1.807623627550061229e-01
1.832907966632982000e-01
1.862939141158940770e-01
1.883716448844660607e-01
1.907314665730291403e-01
1.931589472602390223e-01
1.955864279474489043e-01
1.977994767133145204e-01
2.008025941659103975e-01
2.028126659358355510e-01
2.050475539987327289e-01
2.072262379883869077e-01
2.093028982031828189e-01
2.112900601223003383e-01
2.142026087254417788e-01
2.164042025659035640e-01
2.181540227128691833e-01
2.200162510063208288e-01
2.219003185968040359e-01
2.239998886624075813e-01
2.252646408934416422e-01
2.269353471163566283e-01
2.288881442592627102e-01
2.305244857059662589e-01
2.332329867593911643e-01
2.349713519809529805e-01
2.370813064181842567e-01
2.391361273359486062e-01
2.411232892550661255e-01
2.437766567890241043e-01
2.458647719292238187e-01
2.475469330775426358e-01
2.491499803018108194e-01
2.506280939004130737e-01
2.530888688100583206e-01
2.547710299583771376e-01
2.567811017283023189e-01
2.584747178020249114e-01
2.600777650262930951e-01
2.617151770267727162e-01
2.639167708672345292e-01
2.655760221647456842e-01
2.672019792398214744e-01
2.687821166132819961e-01
2.706557998321374447e-01
2.724847339031536975e-01
2.740992360528256566e-01
2.753868981346673794e-01
2.771481732070368298e-01
2.786950163580619866e-01
2.810433831212212352e-01
2.834594088830272862e-01
2.847918201127082050e-01
2.869143000291193846e-01
2.884829824771761309e-01
2.902557124749493567e-01
2.922647136910984655e-01
2.941613067607615206e-01
2.957196048371905084e-01
2.972997422106510301e-01
2.986206985149281179e-01
2.997948818965077700e-01
3.011158382007848577e-01
3.022900215823645098e-01
3.038816138812288625e-01
3.050557972628085146e-01
3.062414355697919421e-01
3.089051874753776517e-01
3.100793708569573037e-01
3.116147590825786295e-01
3.133312850071088840e-01
3.154870591459554285e-01
3.172254243675172170e-01
3.183204938250462357e-01
3.192802452852815942e-01
3.209727908052281697e-01
3.220116561895141616e-01
3.231972944964975891e-01
3.240779320326823143e-01
3.254550924102023735e-01
3.263471848717909296e-01
3.271039593360858255e-01
3.280980755725326214e-01
3.295658047995071449e-01
3.303787833370450677e-01
3.314853077199778619e-01
3.323659452561625871e-01
3.335401286377422392e-01
3.344769702471699913e-01
3.355720397046990100e-01
3.363735633168331018e-01
3.368586312327646604e-01
3.377954728421924124e-01
3.389696562237720645e-01
3.404592247477781775e-01
3.419040441239450945e-01
3.430896824309285220e-01
3.446698198043890438e-01
3.460136859594737380e-01
3.468943234956584631e-01
3.490168034120696428e-01
3.504397834912049703e-01
3.515015587262985686e-01
3.524613101865339271e-01
3.533419477227186523e-01
3.544370171802476710e-01
3.560629742553234611e-01
3.582302033195738367e-01
3.594835006252041221e-01
3.600705923159939204e-01
3.607253430054305765e-01
3.618995263870102286e-01
3.629945958445392473e-01
3.639428923793707749e-01
3.648235299155555000e-01
3.662121452184793902e-01
3.669460098319666796e-01
3.678381022935552358e-01
3.690466504513463253e-01
3.707954000445358722e-01
3.716083785820737950e-01
3.727596521128457852e-01
3.734935167263330746e-01
3.740806084171228729e-01
3.751080188760050338e-01
3.764060653294744596e-01
3.771399299429617491e-01
3.777270216337515474e-01
3.790479779380286351e-01
3.796350696288184334e-01
3.802221613196082317e-01
3.813172307771372505e-01
3.838800294616407927e-01
3.850198480670089518e-01
3.858661208269822396e-01
3.871194181326125250e-01
3.880000556687972502e-01
3.893886709717211403e-01
3.908896944211310287e-01
3.915444451105676849e-01
3.924250826467524100e-01
3.932266062588865019e-01
3.943893347150623230e-01
3.956197221698849464e-01
3.964212457820190383e-01
3.973018833182037635e-01
3.981034069303378553e-01
3.994129083092111121e-01
4.000000000000009104e-01
4.011179793083375356e-01
4.022921626899171876e-01
4.029583683047576192e-01
4.036922329182449087e-01
4.042793246090347070e-01
4.058147128346560328e-01
4.066162364467901247e-01
4.076998509789153124e-01
4.089864425069809628e-01
4.095735341977707611e-01
4.102397398126111927e-01
4.108268315034009910e-01
4.120572189582236144e-01
4.129264015690045087e-01
4.146647667905662971e-01
4.152633134067599263e-01
4.160648370188940182e-01
4.169569294804825743e-01
4.175440211712723726e-01
4.184246587074570978e-01
4.195988420890367498e-01
4.211009360922227107e-01
4.219815736284074359e-01
4.228851210153997675e-01
4.238563274010389570e-01
4.242966461691313196e-01
4.252896918518020430e-01
4.260235564652893325e-01
4.269833079255246910e-01
4.278754003871132472e-01
4.288007870711371683e-01
4.300082646751521853e-01
4.309565612099837129e-01
4.314759939021267088e-01
4.326949264315455013e-01
4.345009506517541475e-01
4.349412694198465101e-01
4.353815881879388727e-01
4.360363388773755289e-01
4.369055214881564231e-01
4.375717271029968547e-01
4.383732507151309465e-01
4.391071153286182360e-01
4.399086389407523279e-01
4.408569354755838554e-01
4.416699140131217782e-01
4.428888465425405707e-01
4.447968945376074568e-01
4.454516452270441129e-01
4.465467146845731317e-01
4.472129202994135633e-01
4.482850799061349201e-01
4.491657174423196452e-01
4.502493319744448330e-01
4.506896507425371956e-01
4.511299695106295582e-01
4.519429480481674810e-01
4.530827666535356402e-01
4.543016991829544327e-01
4.547420179510467952e-01
4.551823367191391578e-01
4.557694284099289561e-01
4.562097471780213187e-01
4.566500659461136813e-01
4.571580437128528462e-01
4.575983624809452088e-01
4.581854541717350071e-01
4.586257729398273697e-01
4.590660917079197323e-01
4.597999563214070218e-01
4.602402750894993844e-01
4.610417987016334762e-01
4.624189590791535354e-01
4.632995966153382605e-01
4.644404857744824922e-01
4.650275774652722904e-01
4.661226469228013092e-01
4.665629656908936718e-01
4.674436032270783969e-01
4.690924701529618490e-01
4.695327889210542116e-01
4.704134264572389368e-01
4.710005181480287351e-01
4.721747015296083871e-01
4.749404772100523919e-01
4.760917507408243821e-01
4.769723882770091072e-01
4.777062528904963967e-01
4.785868904266811219e-01
4.799078467309582097e-01
4.803481654990505723e-01
4.807884842671429348e-01
4.812288030352352974e-01
4.819179185008833910e-01
4.822114643462783179e-01
4.826517831143706805e-01
4.832950788784035057e-01
4.840174885664869642e-01
4.846045802572767625e-01
4.855528767921082900e-01
4.869414920950321801e-01
4.879689025539143410e-01
4.884092213220067036e-01
4.890754269368471352e-01
4.904973364622063903e-01
4.909491101557025838e-01
4.920098148370201097e-01
4.927436794505073991e-01
4.936805210599351512e-01
4.944820446720692431e-01
4.950691363628590413e-01
4.957124321268918665e-01
4.961527508949842291e-01
4.964462967403791560e-01
4.971801613538664455e-01
4.974737071992613724e-01
4.982075718127486619e-01
4.991329584967725830e-01
5.001374591048470819e-01
5.010295515664355825e-01
5.014698703345279451e-01
5.020569620253177989e-01
5.028584856374518353e-01
5.041117829430821207e-01
5.048456475565693546e-01
5.059178071632907114e-01
5.067307857008286343e-01
5.072502183929715747e-01
5.078373100837614285e-01
5.088303557664322074e-01
5.092706745345245700e-01
5.100274489988194659e-01
5.103209948442143373e-01
5.112016323803990625e-01
5.114951782257939339e-01
5.120031559925330988e-01
5.124434747606254614e-01
5.130305664514153152e-01
5.136176581422051690e-01
5.140579769102975316e-01
5.153789332145746194e-01
5.158983659067175598e-01
5.161919117521124312e-01
5.171402082869439587e-01
5.174337541323388301e-01
5.178740729004311927e-01
5.182352777444728664e-01
5.186755965125652290e-01
5.190482562820107892e-01
5.193418021274056606e-01
5.199288938181955144e-01
5.202900986622371882e-01
5.209448493516738443e-01
5.217463729638078807e-01
5.220399188092027520e-01
5.232255571161862351e-01
5.235191029615811065e-01
5.238126488069759779e-01
5.241061946523708492e-01
5.246932863431607030e-01
5.251336051112530656e-01
5.254271509566479370e-01
5.258674697247402996e-01
5.261610155701351710e-01
5.264545614155300424e-01
5.275943800208982015e-01
5.280346987889905641e-01
5.283282446343854355e-01
5.289153363251752893e-01
5.295024280159651431e-01
5.299427467840575057e-01
5.304621794762004461e-01
5.309024982442928087e-01
5.314895899350826625e-01
5.317831357804775338e-01
5.326637733166622590e-01
5.329573191620571304e-01
5.333976379301494930e-01
5.338379566982418556e-01
5.342782754663342182e-01
5.347185942344265808e-01
5.351589130025189434e-01
5.355992317706113059e-01
5.358927776160061773e-01
5.361863234614010487e-01
5.369087331494845072e-01
5.376758919854071062e-01
5.386356434456424092e-01
5.390759622137347717e-01
5.395953949058777122e-01
5.404874873674662128e-01
5.416845805998534713e-01
5.421134444425420584e-01
5.424069902879369298e-01
5.429149680546760948e-01
5.432761728987177685e-01
5.437164916668101311e-01
5.443035833575999849e-01
5.451613110429770481e-01
5.454548568883719195e-01
5.457484027337667909e-01
5.461887215018591535e-01
5.466290402699515161e-01
5.470693590380438787e-01
5.487400652609588647e-01
5.490336111063537361e-01
5.494739298744460987e-01
5.499142486425384613e-01
5.503660223360345993e-01
5.509531140268244531e-01
5.515287507922104204e-01
5.518222966376052918e-01
5.528497070964875082e-01
5.532900258645798708e-01
5.535835717099747422e-01
5.543174363234619761e-01
5.549045280142518299e-01
5.565408694609553786e-01
5.569811882290477412e-01
5.581095519090121249e-01
5.591369623678943412e-01
5.594305082132892126e-01
5.600290548294828419e-01
5.609096923656675671e-01
5.618579889004990946e-01
5.630207173566749157e-01
5.633142632020697871e-01
5.636078090474646585e-01
5.641949007382545123e-01
5.655949709665821779e-01
5.657417438892796691e-01
5.658885168119771603e-01
5.664641535773631276e-01
5.669721313441022925e-01
5.671189042667997837e-01
5.677736549562364399e-01
5.690831563351097522e-01
5.692299292578072434e-01
5.697379070245464083e-01
5.700991118685880821e-01
5.711941813261171008e-01
5.717812730169069546e-01
5.729554563984865512e-01
5.733843202411751383e-01
5.742191380757446506e-01
5.743659109984421418e-01
5.745126839211396330e-01
5.751674346105762892e-01
5.753933214573243582e-01
5.759804131481142120e-01
5.762854139189129699e-01
5.764321868416104611e-01
5.771316866788862576e-01
5.777073234442722249e-01
5.782944151350620787e-01
5.785879609804569501e-01
5.791635977458429174e-01
5.794571435912377888e-01
5.799536664325731783e-01
5.801004393552706695e-01
5.810268965930706075e-01
5.818169652798008684e-01
5.821781701238425422e-01
5.823249430465400334e-01
5.835782403521703188e-01
5.840071041948589059e-01
5.841538771175563971e-01
5.844474229629512685e-01
5.854519235710258229e-01
5.855986964937233141e-01
5.857454694164208053e-01
5.861857881845131679e-01
5.864793340299080393e-01
5.872808576420420756e-01
5.874276305647395668e-01
5.877211764101344382e-01
5.884435860982178967e-01
5.886580180195621903e-01
5.890983367876545529e-01
5.900799275449214454e-01
5.905202463130138080e-01
5.908137921584086794e-01
5.920660189102628923e-01
5.927998835237501263e-01
5.941208398280272140e-01
5.944143856734220854e-01
5.950920462136662925e-01
5.955323649817586551e-01
5.956791379044561463e-01
5.959726837498510177e-01
5.962662295952458891e-01
5.965597754406407605e-01
5.969095253592786587e-01
5.970562982819761499e-01
5.974966170500685125e-01
5.980837087408583663e-01
5.988966872783962891e-01
5.996305518918835231e-01
6.000708706599758857e-01
6.002176435826733769e-01
6.003644165053708681e-01
6.006579623507657395e-01
6.008047352734632307e-01
6.010982811188581021e-01
6.013241679656061711e-01
6.014709408883036623e-01
6.016177138110011535e-01
6.019112596563960249e-01
6.022162604271947828e-01
6.025098062725896542e-01
6.026565791952871454e-01
6.028033521179846366e-01
6.040222846474034846e-01
6.044511484900920717e-01
6.052193778797907431e-01
6.055805827238324168e-01
6.059417875678740906e-01
6.060885604905715818e-01
6.067776759562196753e-01
6.069244488789171665e-01
6.070712218016146577e-01
6.073647676470095291e-01
6.076583134924044005e-01
6.089449050204700509e-01
6.093852237885624135e-01
6.098255425566547760e-01
6.102658613247471386e-01
6.105594071701420100e-01
6.108529530155368814e-01
6.113047267090330195e-01
6.114514996317305107e-01
6.116659315530748042e-01
6.119594773984696756e-01
6.121739093198139692e-01
6.126142280879063318e-01
6.129077739333012032e-01
6.130545468559986944e-01
6.132013197786961856e-01
6.137769565440821529e-01
6.141381613881238266e-01
6.145108211575693868e-01
6.148834809270149471e-01
6.153914586937541120e-01
6.159556405337363039e-01
6.162491863791311753e-01
6.168133682191133671e-01
6.171860279885589273e-01
6.176263467566512899e-01
6.182134384474411437e-01
6.186537572155335063e-01
6.188005301382309975e-01
6.192408489063233601e-01
6.196811676744157227e-01
6.201214864425080853e-01
6.209230100546421216e-01
6.212165559000369930e-01
6.215101017454318644e-01
6.218036475908267358e-01
6.224469433548595054e-01
6.230569448964569101e-01
6.233504907418517815e-01
6.235763775885998506e-01
6.241520143539858179e-01
6.245923331220781805e-01
6.250326518901705430e-01
6.257665165036577770e-01
6.259132894263552682e-01
6.268397466641552063e-01
6.269865195868526975e-01
6.271332925095501887e-01
6.277203842003400425e-01
6.288269085832728367e-01
6.290527954300209057e-01
6.294140002740625794e-01
6.298543190421549420e-01
6.302946378102473046e-01
6.304414107329447958e-01
6.308026155769864696e-01
6.312429343450788322e-01
6.315364801904737035e-01
6.319767989585660661e-01
6.324171177266584287e-01
6.325638906493559199e-01
6.327106635720534111e-01
6.328574364947509023e-01
6.334445281855407561e-01
6.335913011082382473e-01
6.343251657217254813e-01
6.347654844898178439e-01
6.350590303352127153e-01
6.354993491033050779e-01
6.361655547181455095e-01
6.367526464089353633e-01
6.370347373289264592e-01
6.376218290197163130e-01
6.384233526318503493e-01
6.388636713999427119e-01
6.390104443226402031e-01
6.395746261626223950e-01
6.399358310066640687e-01
6.404438087734032337e-01
6.409403316147386231e-01
6.412338774601334945e-01
6.415274233055283659e-01
6.421145149963182197e-01
6.427016066871080735e-01
6.432886983778979273e-01
6.434354713005954185e-01
6.435822442232929097e-01
6.441464260632751015e-01
6.448355415289231951e-01
6.449823144516206863e-01
6.457161790651079203e-01
6.460097249105027917e-01
6.465968166012926455e-01
6.470371353693850081e-01
6.474212500642343437e-01
6.476471369109824128e-01
6.480874556790747754e-01
6.491263210633607672e-01
6.494198669087556386e-01
6.497134127541505100e-01
6.504472773676377440e-01
6.507970272862756422e-01
6.511020280570744001e-01
6.512488009797718913e-01
6.520503245919059276e-01
6.530777350507881440e-01
6.534389398948298178e-01
6.538230545896791535e-01
6.539698275123766447e-01
6.544101462804690073e-01
6.557862361042130495e-01
6.562265548723054120e-01
6.563733277950029033e-01
6.568136465630952658e-01
6.586311257087077431e-01
6.592858763981443992e-01
6.595794222435392706e-01
6.600197410116316332e-01
6.609565826210593853e-01
6.613969013891517479e-01
6.619839930799416017e-01
6.624243118480339643e-01
6.631696313869250847e-01
6.634631772323199561e-01
6.637567230777148275e-01
6.640502689231096989e-01
6.648976122368590591e-01
6.656200219249425176e-01
6.657667948476400088e-01
6.661394546170855691e-01
6.667265463078754228e-01
6.670877511519170966e-01
6.674718658467664323e-01
6.676186387694639235e-01
6.680589575375562861e-01
6.682057304602537773e-01
6.693455490656219364e-01
6.696390949110168078e-01
6.699326407564116792e-01
6.708132782925964044e-01
6.712535970606887670e-01
6.716939158287811296e-01
6.719874616741760009e-01
6.724277804422683635e-01
6.727213262876632349e-01
6.731054409825125706e-01
6.735457597506049332e-01
6.745055112108402362e-01
6.749458299789325988e-01
6.763115354310488270e-01
6.768986271218386808e-01
6.770454000445361720e-01
6.777001507339728281e-01
6.784225604220562866e-01
6.794499708809385030e-01
6.797320618009295989e-01
6.800256076463244703e-01
6.805221304876598598e-01
6.817754277932901452e-01
6.820689736386850166e-01
6.827684734759608132e-01
6.833555651667506670e-01
6.836376560867417629e-01
6.843715207002289969e-01
6.849586123910188507e-01
6.854436803069503537e-01
6.858839990750427162e-01
6.863919768417818812e-01
6.868322956098742438e-01
6.871258414552691152e-01
6.883780682071233281e-01
6.887621829019726638e-01
6.893825688151978826e-01
6.901164334286851165e-01
6.904890931981306768e-01
6.913926405851230639e-01
6.916070725064673574e-01
6.920473912745597200e-01
6.925668239667026604e-01
6.933798025042405833e-01
6.942260752642138710e-01
6.949599398777011050e-01
6.952534857230959764e-01
6.956823495657845635e-01
6.971833730151945074e-01
6.977028057073374478e-01
6.981431244754298104e-01
6.990237620116145356e-01
6.996108537024043894e-01
6.999043995477992608e-01
7.003447183158916234e-01
7.012253558520763486e-01
7.015980156215219088e-01
7.018915614669167802e-01
7.023318802350091428e-01
7.029189719257989966e-01
7.040931553073785931e-01
2.120216784428210210e-01
