0.000000000000000000e+00
3.654188895402432635e-02
6.682170519033137079e-02
8.864762316288232746e-02
1.066474834677337974e-01
1.148719026769817880e-01
1.202665512028512212e-01
1.234899646219245334e-01
1.259214160456762766e-01
1.287789025240740903e-01
1.337150526788450366e-01
1.383285296656825147e-01
1.420192928656357767e-01
1.436817005202334352e-01
1.459595738738385939e-01
1.487162811451167577e-01
1.505058674383475403e-01
1.525511483224328002e-01
1.548465906478524168e-01
1.587365844751201793e-01
1.612545434443559689e-01
1.630786449982133124e-01
1.653761392678070874e-01
1.667010713574168801e-01
1.683039935810463072e-01
1.697100839617871337e-01
1.706799715145946028e-01
1.724824921558726909e-01
1.752282460257766072e-01
1.780849468760874466e-01
1.810788102431515612e-01
1.829850605614764536e-01
1.844712477625106706e-01
1.860985174734794134e-01
1.872739753812909524e-01
1.890858572176868646e-01
1.902261771818694880e-01
1.921537325700229948e-01
1.929532796590388566e-01
1.945321302380796091e-01
1.967877999961031577e-01
1.974656096484224965e-01
1.981778426137848492e-01
1.999553011371377476e-01
2.019566136178950755e-01
2.035351883541851870e-01
2.040769889081724131e-01
2.056765218740394252e-01
2.072105055239992499e-01
2.103739027766855230e-01
2.108703976137565606e-01
2.118950440261815893e-01
2.129102372959052469e-01
2.138505200546039209e-01
2.145140580452876700e-01
2.151985542655482919e-01
2.159432505473630748e-01
2.163700921801786081e-01
2.168767547905368909e-01
2.171615234400813554e-01
2.173015444791782658e-01
2.174659130056144640e-01
2.182560069519289825e-01
2.188897562533368424e-01
2.196648639074298692e-01
2.200917055402454026e-01
2.207160016989518914e-01
2.208722543962750029e-01
2.212314028214256434e-01
2.214072764347373712e-01
2.217962135491639009e-01
2.219375719018490678e-01
2.223806451928908023e-01
2.225368978902139139e-01
2.228040975679439206e-01
2.228724134586111683e-01
2.230956447330132431e-01
2.236550142588149270e-01
2.241143192080828628e-01
2.243402251096614508e-01
2.245796880422897268e-01
2.248401092044949034e-01
2.252229824339825048e-01
2.254407725064480061e-01
2.270931962829254858e-01
2.272507862938368539e-01
2.287949377170839516e-01
2.312128321097859929e-01
2.317113788910311889e-01
2.318074315268001673e-01
2.327936426854173846e-01
2.340989538590385610e-01
2.343005122732778611e-01
2.345994606368743685e-01
1.251095566804492076e-01
