0.000000000000000000e+00
2.500538075166082452e-02
4.923161052547583849e-02
6.824380125317115742e-02
8.404809666490146991e-02
9.372211380108409762e-02
1.069490896251855394e-01
1.184167410298640338e-01
1.297884155439640586e-01
1.397892075422422220e-01
1.517069678920273668e-01
1.617488712513092397e-01
1.712241330944041240e-01
1.803863742439745232e-01
1.889225740064959802e-01
1.968144438721102230e-01
2.043338931733379993e-01
2.109165475646359311e-01
2.176568458880179247e-01
2.249066530273685360e-01
2.312562422765058190e-01
2.367078808060733564e-01
2.424519843486635240e-01
2.471427604102435227e-01
2.502113003039827532e-01
2.565197781921163545e-01
2.600955597311806478e-01
2.638861179025473458e-01
2.694337333226933806e-01
2.748054163008971096e-01
2.816234030049993287e-01
2.900819143868005323e-01
2.962167270036353828e-01
3.001443734265842322e-01
3.041702639107551898e-01
3.080385104628420856e-01
3.112829827985236220e-01
3.162251125121225415e-01
3.203469798868719409e-01
3.260910834294621363e-01
3.309943689527009569e-01
3.345701504917652502e-01
3.406661189182400018e-01
3.443972772187446907e-01
3.477582821255065237e-01
3.518801495002559232e-01
3.543614921973062826e-01
3.577796298042865142e-01
3.621551180016984173e-01
3.671360919056574357e-01
3.712191150900467362e-01
3.758687797906230532e-01
3.808497536945820716e-01
3.826867664947252168e-01
3.872198986242211816e-01
3.915770983117748405e-01
3.961490746316309042e-01
3.982397082544366085e-01
4.019708665549412974e-01
4.046669858842940615e-01
4.074407935943670789e-01
4.093943389655905762e-01
4.109571752625693630e-01
4.124811673691880509e-01
4.138292270338644330e-01
4.168383670567417099e-01
4.195344863860944740e-01
4.234415771285414687e-01
4.260394523966721803e-01
4.293410574325720597e-01
4.309038937295508465e-01
4.333852364266012058e-01
4.349869169139400915e-01
4.379755012563155137e-01
4.398902024371789121e-01
4.420585244407048142e-01
4.460638592443739170e-01
4.468452773928633381e-01
4.480174046155974144e-01
4.505764356933680270e-01
4.524911368742314255e-01
4.545817704970371298e-01
4.557927419101313604e-01
4.581758405459596672e-01
4.599534534752408588e-01
4.622200195399888134e-01
4.654827803855285939e-01
4.684530762180457719e-01
4.700547567053846576e-01
4.714416605604211385e-01
4.757006161867527450e-01
4.774005407353137387e-01
4.799595718130843514e-01
4.827722237135174677e-01
4.842185274394159578e-01
4.854294988525101884e-01
4.883403948141654127e-01
4.897272986692018937e-01
4.908605817015758710e-01
4.918179322920075425e-01
4.925993504404969636e-01
4.929900595147416742e-01
4.933807685889863848e-01
4.971896152702113270e-01
4.983228983025853043e-01
4.992802488930169758e-01
5.000228228511462980e-01
5.016245033384851837e-01
5.058057705840965923e-01
5.072909185003551258e-01
5.091667754908584254e-01
5.134645753075500751e-01
5.138552843817947302e-01
5.154181206787735725e-01
5.159847621949605889e-01
5.178994633758239319e-01
5.182901724500685869e-01
5.188568139662556034e-01
5.198141645566872748e-01
5.205955827051766960e-01
5.217677099279107722e-01
5.231546137829472531e-01
5.259284214930202150e-01
5.264950630092072315e-01
5.288781616450355383e-01
5.297966680451071664e-01
5.305392420032364331e-01
5.313206601517258543e-01
5.319261458582729141e-01
5.323168549325175691e-01
5.343092444941012209e-01
5.354036833361150993e-01
5.361851014846045205e-01
5.365758105588491755e-01
5.392719298882019396e-01
5.400533480366913608e-01
5.410106986271230323e-01
5.440586828403604081e-01
5.451531216823742865e-01
5.463252489051083627e-01
5.467159579793530177e-01
5.505453603410798147e-01
5.521470408284187004e-01
5.547060719061892575e-01
5.560152873805055407e-01
5.564059964547501957e-01
5.577540561194266333e-01
2.842631271799216375e-01
