0.000000000000000000e+00
8.762262814738954950e-03
1.877916732207605965e-02
2.273177324832206803e-02
2.663459485848590491e-02
3.048389183910812927e-02
3.335356226123671608e-02
3.625536645548794318e-02
3.876482237312477153e-02
5.627816821676256964e-02
5.927743266504679337e-02
6.288658347694156547e-02
6.557439995367939090e-02
7.687814957186206444e-02
7.917012438569574762e-02
8.139435409765913287e-02
8.332012958889364884e-02
8.509732298784875026e-02
8.815732043956021891e-02
8.962185180838955212e-02
9.421782172399886801e-02
9.579054676436601912e-02
9.748934711873551151e-02
9.983356918887252573e-02
1.040953342617557398e-01
1.058856480408461587e-01
1.075927758556923242e-01
1.095471917327597300e-01
1.107550074866977680e-01
1.200223123389551616e-01
1.219267444587648630e-01
1.234590810783904452e-01
1.252862424059385249e-01
1.265582338978664401e-01
1.277803112786614625e-01
1.286730590454455703e-01
1.294409962085338595e-01
1.358716492331384362e-01
1.444232546814120666e-01
1.513069256713993893e-01
1.590608661414902592e-01
1.645736972116252916e-01
1.703599842923944618e-01
1.711410101782886162e-01
1.758287119541920573e-01
1.798994551191159530e-01
1.843280511517646769e-01
1.872550973175473865e-01
1.877781777013061426e-01
1.903449903681994348e-01
1.909500743149525059e-01
1.929569083979022770e-01
1.949411438963195575e-01
1.969563117712118672e-01
1.987990912421788159e-01
2.007309401920431835e-01
2.018817727532122575e-01
2.028328728922590141e-01
2.036472339459234060e-01
2.047184150836662553e-01
2.057325085594529646e-01
2.059524336090795826e-01
2.070140953878970014e-01
2.077856715609904814e-01
2.090458453718849197e-01
2.100812790533634900e-01
2.112213781970277426e-01
2.126966809721572427e-01
2.133279550274538305e-01
2.138878861254031871e-01
2.145821725118373657e-01
2.151825585109201355e-01
2.158399878516978343e-01
2.167945750455684550e-01
2.172035465858067615e-01
2.177218910330998847e-01
2.182996657847184052e-01
2.186777302743452278e-01
2.191841968916789229e-01
2.200365815635850208e-01
2.206440967932297992e-01
2.220908446573159056e-01
2.225414281740739908e-01
2.231798504543302530e-01
2.236399438328149636e-01
2.240287005854183222e-01
2.248097138083806901e-01
2.251984705609840487e-01
2.266987367231458883e-01
2.273062551185236202e-01
2.276831213782357921e-01
2.280005478364237059e-01
2.282180985863516420e-01
2.285628658970035587e-01
2.289159606681321346e-01
2.292393212927003598e-01
2.299668668693141127e-01
2.306004677383152179e-01
2.316109127068978757e-01
2.318653299996811246e-01
2.321887001214481827e-01
2.323670321889526880e-01
2.326440385690695667e-01
2.328913234655578535e-01
2.333228840931297898e-01
2.336082147679904020e-01
2.338459866370191376e-01
2.341253578196358931e-01
2.345034033148650499e-01
2.347078875021177125e-01
2.350241188961239014e-01
2.353569862166857707e-01
2.358622387754400751e-01
2.363972096520900179e-01
2.368263738198326251e-01
2.370082720854846114e-01
2.372579249502057286e-01
2.384241065674933546e-01
2.388568590935140623e-01
2.392765197309959513e-01
2.395000236417018369e-01
2.397794074872503789e-01
2.401027649460856506e-01
2.403559935061530817e-01
2.405224319150334467e-01
2.408267759818814024e-01
2.411239939839002755e-01
2.413213457748580038e-01
2.414390429766565538e-01
2.417374275512606530e-01
2.418777138403928328e-01
2.422189181186302220e-01
2.427966738758510767e-01
2.430047210955182946e-01
2.431889873294030835e-01
2.433411641114264778e-01
2.435313771746233646e-01
2.436657198001764280e-01
2.439130078623976683e-01
2.441353167089218290e-01
2.445276269967408822e-01
2.446691020185888799e-01
2.455892001350358234e-01
2.458424191979044215e-01
2.460730586706382228e-01
2.462846720884528939e-01
2.465901953908178346e-01
2.467221605509392346e-01
2.470859539165102536e-01
2.472595278874185065e-01
2.475674254894821569e-01
2.476791790277015626e-01
2.480786058831508656e-01
2.488370458474443159e-01
2.489808920032580974e-01
2.491627839374441766e-01
2.492697825448002835e-01
2.494231480595394956e-01
2.495467920906501158e-01
2.496894526794810054e-01
2.499296020139414043e-01
2.500520509808702996e-01
2.502589063020887461e-01
2.503718485730239696e-01
2.505810876911399587e-01
2.510007293342241819e-01
2.511433930887880250e-01
2.512896198757663679e-01
2.519327907554200219e-01
2.520742626115350937e-01
2.522371379880009035e-01
2.524392478755548841e-01
2.525189024647140346e-01
2.526746422791519286e-01
2.527697503936168211e-01
2.529183578117598086e-01
2.531276000956087513e-01
2.534236072047811872e-01
2.535401125081309659e-01
2.537291400043449330e-01
2.540988643705632821e-01
2.542225052359409765e-01
2.543687383543852265e-01
2.545280475327035830e-01
2.546802211489940237e-01
2.547396641162512076e-01
2.553625727222757491e-01
2.555159319055490541e-01
2.556597780613628079e-01
2.557251646921991362e-01
2.558951724649599080e-01
2.560152408007242419e-01
2.561828711080533783e-01
2.563076943746809833e-01
2.564301401758769527e-01
2.566786043078822521e-01
2.569734258500718238e-01
2.570304913518973722e-01
2.572112008848335130e-01
2.574977234581429242e-01
2.576261129229180380e-01
2.579577788478323308e-01
2.580350559715598457e-01
2.582359707949321015e-01
2.583263239785337229e-01
2.585557683870857715e-01
2.586294761469328796e-01
2.589671015640910290e-01
2.591157121479669145e-01
2.593843815704082734e-01
2.601903486832041201e-01
2.614100612614992381e-01
2.619866409489360337e-01
2.620520275797723619e-01
2.621768540121329205e-01
2.623432860895473784e-01
2.624360135728476817e-01
2.627760132897045131e-01
2.630268675500732067e-01
2.632313549030588229e-01
2.635143049467548182e-01
2.637033356087017388e-01
2.638043873867457756e-01
2.640231332008554088e-01
2.641669825224021162e-01
2.645890079623838820e-01
2.650704763696228317e-01
2.651560746223611265e-01
2.652761492895913120e-01
2.654532862929140924e-01
2.655472056746631671e-01
2.657944905711514538e-01
2.659942198275408454e-01
2.662224628404453175e-01
2.664554734471448749e-01
2.668192351553864694e-01
2.669523827167578078e-01
2.674457321196891391e-01
2.676264353211594282e-01
2.678214096466854932e-01
2.678749089503635328e-01
2.680746382067529243e-01
2.681566702613437658e-01
2.684491143381016465e-01
2.685014249090638683e-01
2.686024766871079050e-01
2.687843686212940120e-01
2.689448538693964275e-01
2.690411538823100912e-01
2.692777243556912503e-01
2.694215736772379577e-01
2.695273835518782191e-01
2.696034719428899162e-01
2.696676698410104267e-01
2.697770427480652433e-01
2.698816575585238353e-01
2.699363455949176926e-01
2.700171889167927164e-01
2.700980322386677401e-01
2.702549576200885539e-01
2.703203442509248822e-01
2.705521597934427147e-01
2.706330031153177385e-01
2.707090883405964821e-01
2.708339211044229478e-01
2.709218936568599800e-01
2.709967933151558594e-01
2.711037919225119941e-01
2.712048468662889844e-01
2.713451299896882385e-01
2.714818405834741322e-01
2.716459015269228616e-01
2.717041557614642278e-01
2.718325547234381467e-01
2.718836765616845508e-01
2.722022822553894494e-01
2.722688576189415954e-01
2.723687238300027680e-01
2.724674013083481228e-01
2.725280330083211244e-01
2.727301365644091979e-01
2.727800696699397842e-01
2.729251045584693558e-01
2.730820267741572160e-01
2.732306373580331016e-01
2.734779032601237225e-01
2.735860842687297678e-01
2.736621694940085114e-01
2.737739230322279171e-01
2.738607068519490761e-01
2.739201498192062600e-01
2.740069368046603726e-01
2.741329551354697025e-01
2.741947755681585219e-01
2.744503815936575886e-01
2.745229006207888789e-01
2.746275185969803689e-01
2.749104591434775591e-01
2.752564120211123400e-01
2.754858659268632493e-01
2.755762191104648706e-01
2.758175476804422543e-01
2.760362998260177947e-01
2.762074963314943843e-01
2.765950358597853986e-01
2.768411130291602018e-01
2.773487113960166894e-01
2.775234646024419272e-01
2.775615072150813267e-01
2.778099713470866261e-01
2.782058288386555223e-01
2.782355503222841420e-01
2.788382726322702898e-01
2.791699322257186755e-01
2.791948987784839686e-01
2.793137783815324293e-01
2.793613308558984265e-01
2.794718924956690609e-01
2.795301435644774735e-01
2.796395164715322901e-01
2.799937683180472314e-01
2.800436982578448641e-01
2.804455152416575614e-01
2.804704817944228545e-01
2.812122953293594851e-01
2.814084457246696092e-01
2.817151514282844604e-01
2.823368902959908500e-01
2.824022737610942246e-01
2.825021399721553972e-01
2.829907471071552161e-01
2.830454351435490734e-01
2.835495021353204859e-01
2.836386602547403823e-01
2.837611028902033983e-01
2.839097039768804787e-01
2.841094205703380560e-01
2.845338519673479838e-01
2.848643323252793569e-01
2.851199320193125719e-01
2.851448985720778651e-01
2.852423841519744485e-01
2.853529394602792313e-01
2.853802834784761600e-01
2.854908451182467943e-01
2.855538542836514315e-01
2.855871419654275045e-01
2.856667965545866550e-01
2.857345574851216652e-01
2.859580550643616714e-01
2.860781297315918570e-01
2.864977618774772194e-01
2.865251058956741481e-01
2.866356707011777361e-01
2.867010573320140643e-01
2.874499906003138427e-01
2.875248902586097222e-01
2.876306969675170855e-01
2.876604184511457052e-01
2.882619456969501281e-01
2.884319471382449929e-01
2.884842545434742611e-01
2.885377538471523007e-01
2.886055179434202644e-01
2.886530704177862616e-01
2.892545786691930187e-01
2.893901100274618998e-01
2.894947280036533899e-01
2.898632414770253019e-01
2.900475172081089514e-01
2.901568901151637681e-01
2.902329785061754652e-01
2.904766782101186329e-01
2.905527666011303300e-01
2.906074546375241874e-01
2.907643705217461405e-01
2.907964694708063957e-01
2.908357008161616131e-01
2.908939518849700256e-01
2.911828265978474994e-01
2.912803121777440829e-01
2.914443604582609981e-01
2.922301317778195906e-01
2.923490113808680513e-01
2.924310371039929857e-01
2.924714571820640208e-01
2.926046015777024056e-01
2.927139744847572222e-01
2.927674706227023083e-01
2.928827903590692228e-01
2.930527949660970410e-01
2.930801389842939697e-01
2.931158041315016782e-01
2.931502805459935690e-01
2.932501435913217880e-01
2.932822425403820432e-01
2.934213274338666189e-01
2.934474827193477298e-01
2.935687429535608350e-01
2.936032193680527258e-01
2.936341295843971633e-01
2.936911950862227116e-01
2.938017567259933460e-01
2.939777049966003086e-01
2.940680518487360229e-01
2.941179849542666092e-01
2.941607824977692798e-01
2.942297353267530613e-01
2.943735751511009635e-01
2.944044853674454010e-01
2.944615508692709493e-01
2.944948385510470223e-01
2.946541382321665181e-01
2.946814822503634468e-01
2.948170136086323279e-01
2.949323333449992424e-01
2.950523985150306228e-01
2.953971499970178272e-01
2.958346099679076691e-01
2.962566290764235277e-01
2.970221856083472001e-01
2.970590394882707264e-01
2.972147793027086204e-01
2.973954793384459561e-01
2.974798825270025260e-01
2.975274350013685232e-01
2.976047089593630846e-01
2.976534533321778531e-01
2.977699554697946782e-01
2.978876495058602747e-01
2.979791850907118067e-01
2.980386280579689906e-01
2.981028227903565475e-01
2.982003052045201774e-01
2.982930326878204808e-01
2.983560386874922199e-01
2.984178591201810393e-01
2.984796795528698587e-01
2.985521954142681955e-01
2.986068834506620528e-01
2.987150707907340053e-01
2.987768880576898711e-01
2.989076644850954256e-01
2.989849384430899870e-01
2.990669704976808285e-01
2.991287877646366944e-01
2.991620754464127674e-01
2.992940406065341952e-01
2.993534804080584255e-01
2.993867680898344985e-01
2.996435375221858655e-01
2.997041692221588671e-01
3.004233588466994620e-01
3.004554577957597172e-01
3.006123736799816704e-01
3.007455212413530088e-01
3.007704877941183019e-01
3.008287420286596681e-01
3.011521184818926056e-01
3.012733787161057109e-01
3.013233086559033436e-01
3.016097964061503212e-01
3.016906365622923913e-01
3.017631524236907281e-01
3.018130855292213144e-01
3.019747658415053992e-01
3.021471542454307602e-01
3.022446398253273436e-01
3.025680162785602811e-01
3.027986367568963888e-01
3.029008804333891969e-01
3.029745850275033514e-01
3.030340279947605353e-01
3.031802579474718318e-01
3.032611012693468555e-01
3.034108847572738465e-01
3.035380886550660406e-01
3.036129883133619201e-01
3.037865591185372471e-01
3.038376777910506976e-01
3.040290827526963557e-01
3.040754464943465352e-01
3.041871968668329873e-01
3.043631388059740428e-01
3.043952377550342980e-01
3.045664215975791289e-01
3.046876818317922342e-01
3.047875385456545461e-01
3.048136938311356570e-01
3.049539674573360504e-01
3.053783545340847394e-01
3.054936711047187003e-01
3.057766053197499834e-01
3.058408032178704938e-01
3.058824120286573467e-01
3.060012884659729093e-01
3.061677300405862279e-01
3.062640268877669381e-01
3.064150117713415611e-01
3.064601867802758672e-01
3.065731227197452391e-01
3.066242413922586896e-01
3.067454984607388413e-01
3.069095562384546172e-01
3.069345227912199103e-01
3.069618668094168390e-01
3.070177435785265696e-01
3.071877418540885363e-01
3.072412379920336223e-01
3.073315880099022901e-01
3.074564176079958022e-01
3.075598468514714745e-01
3.079640381349829092e-01
3.080995694932517903e-01
3.082267797225098915e-01
3.082553124734226380e-01
3.084728790520153141e-01
3.085596628717364731e-01
3.085929505535125461e-01
3.087795942528289705e-01
3.088212030636158234e-01
3.088533020126760786e-01
3.088972882888945670e-01
3.089781284450366372e-01
3.090518330391507917e-01
3.093014827381389553e-01
3.094251141063177890e-01
3.094595905208096798e-01
3.095428081423833855e-01
3.095856056858860561e-01
3.097080514870820256e-01
3.097960272052519559e-01
3.099291779323562479e-01
3.102489565301122521e-01
3.104462956581381938e-01
3.104712622109034870e-01
3.105366488417398152e-01
3.106365087213350806e-01
3.107149745777784133e-01
3.107815467755976058e-01
3.108124569919420432e-01
3.108647675629042650e-01
3.109491739171937885e-01
3.110157461150129810e-01
3.112963091960785356e-01
3.113545634306199017e-01
3.114401553518922894e-01
3.114686881028050358e-01
3.116945631474766776e-01
3.117849131653453454e-01
3.118835843122247931e-01
3.119513452427598033e-01
3.120975656982722946e-01
3.123757639768379724e-01
3.124459055385375716e-01
3.125267488604125954e-01
3.126016453529755212e-01
3.126503897257902898e-01
3.129285563470264875e-01
3.130486341799896266e-01
3.133042212110910274e-01
3.133291877638563205e-01
3.134504511638023239e-01
3.134825501128625791e-01
3.135372381492564364e-01
3.137274575439191748e-01
3.138249399580828047e-01
3.139521470216079524e-01
3.139830572379523899e-01
3.140401195740449847e-01
3.141066917718641771e-01
3.141411681863560679e-01
3.142029854533119337e-01
3.142790706785906774e-01
3.143111696276509326e-01
3.143432685767111878e-01
3.144181650692741137e-01
3.144431316220394068e-01
3.144811742346788064e-01
3.145120844510232438e-01
3.145406172019359903e-01
3.147379689928936908e-01
3.148045443564458368e-01
3.149721588351102608e-01
3.150708299819897085e-01
3.151278954838152568e-01
3.152515268519940905e-01
3.152883807319176168e-01
3.153656578556451318e-01
3.155332881629742681e-01
3.156260124805416178e-01
3.157472758804876212e-01
3.158162287094714027e-01
3.158756716767285866e-01
3.159077706257888418e-01
3.160254614961214847e-01
3.160504280488867779e-01
3.160777720670837065e-01
3.161574234905099590e-01
3.162085453287563630e-01
3.163987488947543891e-01
3.165271351937965494e-01
3.165639890737200757e-01
3.166341306354196750e-01
3.166828750082344435e-01
3.167078415609997366e-01
3.168005722100329935e-01
3.168516940482793975e-01
3.169325342044214677e-01
3.169943546371102872e-01
3.170228873880230336e-01
3.170799528898485820e-01
3.171905145296192163e-01
3.172154810823845095e-01
3.173272314548709616e-01
3.173521980076362548e-01
3.173854856894123277e-01
3.175495339699292430e-01
3.176339403242187664e-01
3.176945720241917681e-01
3.177468825951539899e-01
3.177908688713724783e-01
3.178229678204327335e-01
3.179323438932205037e-01
3.181249344218490260e-01
3.181796224582428834e-01
3.182200425363139185e-01
3.182473865545108471e-01
3.183412996047940147e-01
3.183912327103246009e-01
3.185017911843622818e-01
3.185968961330942206e-01
3.186539584691868154e-01
3.186884348836787062e-01
3.187134014364439993e-01
3.187419341873567458e-01
3.187669007401220389e-01
3.188168338456526252e-01
3.189808852919024940e-01
3.190082293100994226e-01
3.190664835446407888e-01
3.191187941156030106e-01
3.191473268665157570e-01
3.191746708847126857e-01
3.193969733997709670e-01
3.196751495182060254e-01
3.197738238308184267e-01
3.198510977888129880e-01
3.199200474520638160e-01
3.200460626171401923e-01
3.202089379936060021e-01
3.202339045463712952e-01
3.202683809608631860e-01
3.203836975314971469e-01
3.204086640842624401e-01
3.204360081024593687e-01
3.204657295860879884e-01
3.205548908712408385e-01
3.205846123548694582e-01
3.206987338613216942e-01
3.207486669668522805e-01
3.207986000723828668e-01
3.208354539523063931e-01
3.209305557353054339e-01
3.209852437716992912e-01
3.210755969553009126e-01
3.211481128166992494e-01
3.211861554293386489e-01
3.212467839635786970e-01
3.212729392490598079e-01
3.213038494654042454e-01
3.213359484144645006e-01
3.213621036999456115e-01
3.215321083069734298e-01
3.216985372186549341e-01
3.217758143423824491e-01
3.218590287982232012e-01
3.219149055673329318e-01
3.219814809308850778e-01
3.220385464327106262e-01
3.221800119573597909e-01
3.222358887264695215e-01
3.222751200718247389e-01
3.223012753573058498e-01
3.223298081082185962e-01
3.223559633936997071e-01
3.224296743192797687e-01
3.224843623556736261e-01
3.225426165902149922e-01
3.226400990043786221e-01
3.226650655571439152e-01
3.226947870407725349e-01
3.228731191082770402e-01
3.228980856610423333e-01
3.229587173610153350e-01
3.230455011807364940e-01
3.230859212588075291e-01
3.231108878115728222e-01
3.231394205624855687e-01
3.231643871152508618e-01
3.231929198661636082e-01
3.232190751516447191e-01
3.232487966352733388e-01
3.233022959389513784e-01
3.233843279935422199e-01
3.234128607444549663e-01
3.234627938499855526e-01
3.236435033829216934e-01
3.236696586684028043e-01
3.237029463501788773e-01
3.237600118520044257e-01
3.237921108010646809e-01
3.238539312337535003e-01
3.238788977865187935e-01
3.239775720991311947e-01
3.240607865549719468e-01
3.240869418404530578e-01
3.241142858586499864e-01
3.241725400931913526e-01
3.242010728441040990e-01
3.242296055950168454e-01
3.242914260277056648e-01
3.243175813131867757e-01
3.243568126585419931e-01
3.243817792113072862e-01
3.244780792242209499e-01
3.245078007078495697e-01
3.245850778315770846e-01
3.246112331170581955e-01
3.246385771352551242e-01
3.246694873515995616e-01
3.247027750333756346e-01
3.247550856043378564e-01
3.247859958206822939e-01
3.248133398388792226e-01
3.249179578150707126e-01
1.430841805921307386e-01
