0.000000000000000000e+00
3.255244805816909920e-02
4.273222175730603117e-02
4.795561185594712783e-02
5.207497619059810873e-02
5.569614683707560521e-02
5.906446123455444397e-02
6.201907952705384974e-02
6.430270157240725037e-02
6.683050997039599594e-02
6.882068004856919941e-02
7.146668733369493376e-02
7.351773839006046918e-02
7.566443289225489865e-02
7.786144132656697137e-02
7.985545103614710705e-02
8.154967354112604982e-02
8.339204677566468271e-02
8.488806858204554773e-02
8.638830935095927199e-02
8.835169193212984162e-02
9.051934673328106140e-02
9.286587561478736041e-02
9.419537192151165861e-02
9.571641883593215439e-02
9.754057145382392935e-02
9.947703807678349996e-02
1.008986918368140195e-01
1.028221731314507281e-01
1.042491780419336211e-01
1.056924867796094764e-01
1.070367819410621424e-01
1.081386722845033010e-01
1.097557742147011323e-01
1.111144760536354054e-01
1.126849364365107853e-01
1.142878954052654189e-01
1.156376059477746271e-01
1.166446117546796196e-01
1.176130283086619516e-01
1.194812240988954305e-01
1.208127913485236571e-01
1.220655914965361188e-01
1.234790322621359820e-01
1.246193511584689217e-01
1.258633401027888787e-01
1.273898666288700854e-01
1.287899490345611464e-01
1.298205779930486914e-01
1.308870885139306328e-01
1.318779126553110137e-01
1.330764884626138844e-01
1.343732738519038683e-01
1.355513780069234064e-01
1.365949021238471173e-01
1.377747878134904791e-01
1.391297336443236832e-01
1.401496540023665083e-01
1.410296497184420073e-01
1.421803104831737274e-01
1.432753834891012934e-01
1.443494445645478741e-01
1.455279217511533385e-01
1.466665941206516388e-01
1.476523308276180835e-01
1.487515714115951737e-01
1.495775228796936140e-01
1.505290630894628168e-01
1.514787252951814711e-01
1.528499429614259830e-01
1.535234990451902204e-01
1.545022511680313460e-01
1.553044895617013699e-01
1.562679345433981293e-01
1.571157082357536316e-01
1.582259017435121706e-01
1.590416335048802088e-01
1.599129016405690662e-01
1.608139606716088854e-01
1.619009234520724649e-01
1.626308584427560711e-01
1.633956395243821025e-01
1.645396436516310956e-01
1.650152818984964853e-01
1.658560130756624729e-01
1.665497063184866178e-01
1.672545325778247438e-01
1.678661722119446920e-01
1.685063743311102646e-01
1.694365489715142226e-01
1.701435297970621263e-01
1.712726320535752078e-01
1.719677209533164164e-01
1.727008331355409376e-01
1.735169830134382640e-01
1.743776198724482640e-01
1.754587428557860262e-01
1.762397700805816980e-01
1.772709778556294247e-01
1.782607922177995297e-01
1.792746669937423099e-01
1.802037804704526291e-01
1.811957493988325119e-01
1.820442563082390608e-01
1.828575055567547292e-01
1.837207793291079638e-01
1.843977506282098444e-01
1.854553791682142516e-01
1.864554003909939250e-01
1.871563870189251466e-01
1.880410392067644876e-01
1.891579601291907553e-01
1.900771689996924307e-01
1.907780591581969554e-01
1.914460776992362723e-01
1.921255315111905226e-01
1.928932968455040753e-01
1.935513850880930808e-01
1.942586424758002417e-01
1.947595695467436716e-01
1.956900207493068589e-01
1.963224471362318979e-01
1.972930761874882033e-01
1.980482614638873484e-01
1.985800985249395745e-01
1.993429887563942515e-01
2.002007635243850947e-01
2.008716955409269034e-01
2.021087898239674052e-01
2.029160834132288649e-01
2.037467621302761767e-01
2.042432835993733542e-01
2.047881316809901098e-01
2.055535238179988233e-01
2.064242002910066653e-01
2.073077076918465045e-01
2.083834152941277107e-01
2.092605426196440799e-01
2.100290283248878453e-01
2.109951553048712014e-01
2.119489208580352113e-01
2.125489065901451646e-01
2.135495066294849920e-01
2.144117577765071170e-01
2.152621041516016853e-01
2.158486929854403213e-01
2.163929494043760893e-01
2.170928748686136722e-01
2.176906095650871509e-01
2.182695191361119502e-01
2.190442884472524887e-01
2.196653503404476238e-01
2.205149634984911455e-01
2.210412373245767836e-01
2.215528986882066009e-01
2.223676657553076974e-01
2.232375961651436591e-01
2.241657834859495380e-01
2.246594622567292254e-01
2.253132156746569803e-01
2.260271876309110639e-01
2.266672675884082722e-01
2.271995356121106202e-01
2.276975235153098909e-01
2.282311035726234394e-01
2.286918142565112499e-01
2.293727345025675934e-01
2.300691097436783350e-01
2.305950105381780468e-01
2.311620281833961232e-01
2.318188751695589300e-01
2.325797909275363617e-01
2.334191972249703151e-01
2.339266459256072739e-01
2.344784015146243461e-01
2.349057710800343257e-01
2.357360896116165172e-01
2.362513140444940096e-01
2.367335703904796251e-01
2.374372518628182771e-01
2.378251896427070466e-01
2.385495742445449263e-01
2.392202876299917014e-01
2.398229938987507803e-01
2.403224867744146453e-01
2.409301646154592969e-01
2.416314149594289140e-01
2.428721430889021204e-01
2.435464195435965706e-01
2.441017638941029855e-01
2.446739717427016958e-01
2.452232254261647038e-01
2.457243068975989986e-01
2.464482348445450610e-01
2.469576837109009049e-01
2.477705856200723145e-01
2.483255312467511078e-01
2.490224724583011695e-01
2.494451598597056674e-01
2.499571106316155755e-01
2.507541845141466608e-01
2.513352871897437391e-01
2.516932539815489589e-01
2.524655085410146271e-01
2.529433013540898223e-01
2.533969952150297855e-01
2.539622698639865117e-01
2.545672528606237051e-01
2.552017373443318249e-01
2.559273503564750696e-01
2.566079104170663205e-01
2.572324646023241290e-01
2.578280832709503589e-01
2.582311287065492400e-01
2.589348230250086980e-01
2.594286239574567499e-01
2.599059472695192663e-01
2.605958716581214807e-01
2.610052586306813582e-01
2.615667772715370432e-01
2.621472175072681043e-01
2.626518877401917695e-01
2.632222175847399592e-01
2.637173305507992116e-01
2.642723854930255634e-01
2.648086153098032081e-01
2.655892951952545933e-01
2.661814472640598450e-01
2.669271009658362726e-01
2.675240188219528692e-01
2.679304343879460593e-01
2.683405931159194568e-01
2.687304088998587748e-01
2.691903735205747328e-01
2.696027575919429653e-01
2.702466900269679395e-01
2.706171147150192025e-01
2.712510203821671406e-01
2.718755617213041154e-01
2.723820842660366615e-01
2.727842614767952978e-01
2.732525678001910818e-01
2.738853543725812134e-01
2.745263861782245018e-01
2.750784311755216649e-01
2.755510466313370599e-01
2.761598435671395180e-01
2.766085787019147424e-01
2.771650293010581301e-01
2.776800736412030624e-01
2.783041454793273584e-01
2.787237521586176658e-01
2.793102702152712724e-01
2.796052979321010934e-01
2.800343782549499227e-01
2.804241232617041835e-01
2.809966912957679863e-01
2.813589929122344291e-01
2.818712459385452340e-01
2.822888073671732667e-01
2.828270952807340199e-01
2.832973889237279108e-01
2.837300323158243875e-01
2.843908282489416850e-01
2.848489405578487621e-01
2.852946914399364653e-01
2.858115301608261105e-01
2.862961597041165374e-01
2.868061616947908954e-01
2.871743610394473789e-01
2.877965677196420158e-01
2.883843013404801536e-01
2.890270182113205966e-01
2.894478533009162136e-01
2.900477682558411652e-01
2.904922071043176679e-01
2.909416175250797432e-01
2.914716602053872840e-01
2.919293866365875734e-01
2.923394488951343018e-01
2.927302165272196999e-01
2.930761241466064981e-01
2.936408199790030982e-01
2.941733902571063708e-01
2.946078151838267267e-01
2.949677692952299979e-01
2.953086217190253326e-01
2.956623050706526645e-01
2.960446473767523456e-01
2.965061298160537318e-01
2.970414206308061300e-01
2.975256642963898246e-01
2.982544545000739289e-01
2.986441995068281896e-01
2.989841129285982779e-01
2.992901192614512151e-01
2.998454507658367962e-01
3.002743381498322317e-01
3.007644795436059115e-01
3.012872159926855420e-01
3.016820161950312662e-01
3.021218693489289842e-01
3.024677769683157824e-01
3.028115300214928030e-01
3.031592191755034249e-01
3.036669701305412805e-01
3.040667290590517435e-01
3.045372992642048637e-01
3.048680284506964933e-01
3.052485892221723507e-01
3.056801006733901871e-01
3.061503943163840780e-01
3.065125029939971824e-01
3.075928927602838980e-01
3.079254999508260759e-01
3.083605744712916152e-01
3.088365729036220975e-01
3.092136670752769212e-01
3.097253541311484337e-01
3.102055652264718022e-01
3.106872812942597650e-01
3.110145438809304164e-01
3.113692498578888856e-01
3.117449355265058397e-01
3.119920096624019812e-01
3.124099312764951342e-01
3.126608450437982079e-01
3.131894663749470453e-01
3.137685817309460723e-01
3.141727334151819262e-01
3.144703851992341481e-01
3.150572762874737087e-01
3.154481275428649978e-01
3.159081886330076250e-01
3.163088737174225007e-01
3.166971973750180580e-01
3.172230145462118789e-01
3.176588222837284370e-01
3.185748282704475298e-01
3.190078318480091268e-01
3.194193862328996159e-01
3.198247534813200010e-01
3.202525089244367407e-01
3.206470325646232356e-01
3.211243430305649182e-01
3.214132093031663029e-01
3.216960813781509776e-01
3.220617531250117294e-01
3.224868973470269018e-01
3.228135103399523698e-01
3.231670007527263078e-01
3.235497160904119429e-01
3.240865955009347710e-01
3.244301556152583976e-01
3.247922642928715020e-01
3.252872679433832515e-01
3.257165283589645854e-01
3.262446930352215779e-01
3.265648423295177127e-01
3.268780584241718912e-01
3.272620857954687268e-01
3.275670438107488591e-01
3.279013360664881915e-01
3.282634318979804067e-01
3.287688353479550907e-01
3.292207605203920640e-01
3.296916072877044135e-01
3.303779686070589805e-01
3.306662689092210727e-01
3.310436396430351813e-01
3.313559167356640578e-01
3.317316024042810119e-01
3.320371392361213259e-01
3.323135476124766674e-01
3.326915807861567931e-01
3.330225029115018165e-01
3.333839619953696820e-01
3.337921462498658620e-01
3.341451671616271768e-01
3.344121147405448302e-01
3.350312150063835537e-01
3.354766764801911938e-01
3.357431417119753903e-01
3.360970887796411732e-01
3.364316447514189012e-01
3.367331361668780554e-01
3.370935469331731715e-01
3.375992269453071404e-01
3.380441224486754326e-01
3.389536068057009688e-01
3.393419304632965261e-01
3.397362483185087934e-01
3.400790495235397337e-01
3.403394240882804955e-01
3.408049262517213185e-01
3.411249662304699504e-01
3.416707404679911186e-01
3.421839196502063918e-01
3.424499153809779650e-01
3.427239634061493012e-01
3.430032595657654948e-01
3.434512486373688667e-01
3.437250201003809735e-01
3.441162443873581611e-01
3.443866457199759590e-01
3.448027857994452328e-01
3.452473082712276264e-01
3.455673610960970921e-01
3.460427935579882819e-01
3.463861607334585146e-01
3.467122077559446347e-01
3.471902642850582255e-01
3.475273607007525190e-01
3.478578004789640854e-01
3.483371690416888766e-01
3.486960876816402322e-01
3.492944848179797557e-01
3.496217474046504070e-01
3.499021755051452409e-01
3.501986245711338208e-01
3.504205191984994805e-01
3.507751287060312806e-01
3.510989246928809537e-01
3.514438933102425056e-01
3.519837698195736886e-01
3.523343596029659963e-01
3.527231656076950106e-01
3.531577706271478712e-01
3.534695782187641244e-01
3.537039307423758272e-01
3.540458057915022994e-01
3.542565417101122827e-01
3.545390279073901696e-01
3.549625706875140785e-01
3.554106562285441195e-01
3.557424080403668865e-01
3.560114973393734839e-01
3.563781917115653730e-01
3.566150589868519738e-01
3.570466540613756457e-01
3.574014565077607841e-01
3.578340870537364271e-01
3.581780201996460078e-01
3.584388771115202821e-01
3.588185953503975623e-01
3.591446423728836823e-01
3.596407779642740721e-01
3.599834955459991215e-01
3.602169926908914133e-01
3.605978300245265000e-01
3.608514771745995331e-01
3.612369002028134046e-01
3.616378746955083989e-01
3.620353825883824150e-01
3.622884637680161002e-01
3.625657146769700190e-01
3.628920382616154239e-01
3.631296644461947110e-01
3.636132456719123884e-01
3.640497158492949636e-01
3.642972723323246176e-01
3.645881967017091108e-01
3.648350071215668566e-01
3.652338270480520732e-01
3.655632442009325023e-01
3.657708993974282952e-01
3.660516169062031921e-01
3.663393512379259365e-01
3.666047938443789955e-01
3.668566594598282049e-01
3.671520730543648137e-01
3.674974147033122640e-01
3.678416244113810740e-01
3.681072599566875270e-01
3.683768316028275813e-01
3.687002545580913004e-01
3.690617007958383322e-01
3.693048516770217060e-01
3.695434168636262950e-01
3.698172011727592357e-01
3.700141800076328091e-01
3.703251450666504851e-01
3.706776964773991767e-01
3.709894075995887608e-01
3.713203168788129505e-01
3.715421150367519409e-01
3.717404059052367149e-01
3.719430059061410443e-01
3.721815710927456333e-01
3.724836413247649691e-01
3.727098450845501842e-01
3.728978197768778591e-01
3.732034402320240085e-01
3.735153442930669865e-01
3.737456642464183632e-01
3.741134777133680589e-01
3.745384289965298374e-01
3.748493940555475135e-01
3.750356000593721983e-01
3.752441942578932377e-01
3.754291846975333913e-01
3.757027760678129380e-01
3.759953855023945857e-01
3.762780646385258665e-01
3.764570608805493102e-01
3.766836248257996456e-01
3.770412314321398006e-01
3.773584672509334159e-01
3.776428314522618512e-01
3.779596942394695680e-01
3.783532660315099272e-01
3.786519532870141203e-01
3.788691529042534367e-01
3.791222340838871219e-01
3.794093059757438491e-01
3.798058748665925632e-01
3.801169363950369640e-01
3.803468833168024421e-01
3.806976531929273100e-01
3.809483032441919881e-01
3.811756260987350098e-01
3.814056694899271571e-01
3.817472551307735662e-01
3.819531287926454799e-01
3.821830757144109580e-01
3.824142382003609120e-01
3.827783085053304002e-01
3.829912118362709950e-01
3.832304266166207674e-01
3.835041144563269833e-01
3.838113363533644518e-01
3.840679806022458398e-01
3.843366132463606477e-01
3.845069912235449805e-01
3.847750578972204405e-01
3.851554257298429040e-01
3.853288008058355918e-01
3.857200379389336131e-01
3.860176060996799996e-01
3.862149579661395271e-01
3.864505260539357612e-01
3.868757667453776583e-01
3.871981542291894063e-01
3.875862977940524035e-01
3.878883680260717393e-01
3.881210354844862875e-01
3.883523909092896353e-01
3.886967935562118392e-01
3.890829626475976188e-01
3.893647027817036532e-01
3.897389799472826821e-01
3.900444203096962714e-01
3.903999688192533180e-01
3.905912300186694108e-01
3.908202379384095870e-01
3.910926137445046025e-01
3.913918669704481434e-01
3.916559975432900020e-01
3.919679980737596492e-01
3.922142425231781027e-01
3.925342953480475683e-01
3.927569360385851360e-01
3.929946586925911478e-01
3.933557318987522811e-01
3.935469930981683739e-01
3.939096549000999370e-01
3.940881816411107574e-01
3.942731720807509110e-01
3.944280950628808458e-01
3.946078373680761975e-01
3.947876761426982184e-01
3.951183088597631787e-01
3.954253378179472533e-01
3.957059588572954811e-01
3.959157686200010517e-01
3.962018178865266416e-01
3.965486516618178525e-01
3.967858083453845164e-01
3.969763234816287567e-01
3.971415497937949568e-01
3.973996861690201055e-01
3.976052832687327898e-01
3.979267445966401251e-01
3.982320884896270452e-01
3.984003119006016003e-01
3.988220731461016855e-01
3.990742153237101242e-01
3.993966028075218722e-01
3.995819662787479798e-01
3.998763572479534512e-01
4.001489259929018605e-01
4.003607938523904841e-01
4.005328568947719714e-01
4.008102878964584503e-01
4.010350831532057958e-01
4.012324350196653233e-01
4.014661251034110090e-01
4.017868275220256580e-01
4.019953252511200281e-01
4.021871524209754689e-01
4.024747902832714885e-01
4.027735740082023508e-01
4.030788214317626017e-01
4.033555063702771726e-01
4.036053975122491644e-01
4.038285077037993553e-01
4.040190228400435957e-01
4.042172172391017004e-01
4.043884377488846105e-01
4.047112947337090372e-01
4.049874137017843156e-01
4.051251966236626978e-01
4.052984752302287164e-01
4.055433111766092447e-01
4.058054801220947194e-01
4.059557209402191447e-01
4.061204777513727215e-01
4.063108964181902372e-01
4.065861728536669384e-01
4.068741837475489120e-01
4.070226430310495136e-01
4.071762539795682478e-01
4.074918047331647641e-01
4.078656123977311698e-01
4.081420079279656776e-01
4.083169715997287952e-01
4.085692102467639586e-01
4.087249757614924706e-01
4.089399371892161739e-01
4.091428973755856235e-01
4.093950395531940623e-01
4.095528631647056828e-01
4.098307636674047849e-01
4.100684863214107967e-01
4.102494441907906242e-01
4.104699303151184142e-01
4.107324722921898430e-01
4.109225179274214601e-01
4.112576398696385360e-01
4.114807500611887270e-01
4.116615149917151606e-01
4.118435919558528502e-01
4.120162081225527961e-01
4.123783039540450113e-01
4.126822393439940062e-01
4.129376551825700292e-01
4.130798308601738578e-01
4.134252561324271991e-01
4.136643744433502468e-01
4.138759528945588073e-01
4.140986772084022105e-01
4.146205582787624300e-01
4.150250829945842379e-01
4.153260212857248779e-01
4.154720365947355831e-01
4.157021636092335659e-01
4.158739372433349901e-01
4.160572297716571555e-01
4.163821448532646352e-01
4.166744648795661643e-01
4.169715635392999276e-01
4.172921694884878518e-01
4.175995714782578805e-01
4.179211164294711067e-01
4.183078514912961787e-01
4.186328630423303832e-01
4.187986424788150974e-01
4.191247731246071084e-01
4.194547434018060517e-01
4.197289843658307817e-01
4.199346650888493571e-01
4.201715323641359578e-01
4.203476151306569375e-01
4.205849519069561615e-01
4.208897298295037337e-01
4.210860462245112901e-01
4.213131761402009734e-01
4.214489845886021380e-01
4.216335891505355038e-01
4.218487306709917672e-01
4.220251864690986454e-01
4.221978026357985914e-01
4.224047953924283672e-01
4.226271466746858163e-01
4.228246786338779040e-01
4.231165291591668098e-01
4.234601728967963274e-01
4.236341010971075294e-01
4.238578608824029037e-01
4.239902027309830901e-01
4.242910445526970609e-01
4.244062463410256947e-01
4.247003479019511030e-01
4.251782114922112998e-01
4.253419328319129056e-01
4.255938949167887841e-01
4.257962055094130505e-01
4.259217106277779497e-01
4.261686046709415865e-01
4.262981423595668118e-01
4.264238404167851049e-01
4.266956502524408279e-01
4.269202525703347795e-01
4.270547489851247436e-01
4.273222496883609112e-01
4.275416038718100054e-01
4.277202142361266612e-01
4.279746910726774378e-01
4.282662650358071144e-01
4.286559971964405413e-01
4.288599928542619621e-01
4.291421060199539506e-01
4.294332104820710039e-01
4.296933084846525364e-01
4.298650821187539606e-01
4.300677657429641809e-01
4.302528398059102255e-01
4.304455931316700790e-01
4.307598318516553393e-01
4.309878042999435444e-01
4.312809668588436507e-01
4.313751889555137997e-01
4.316477448543413753e-01
4.320580708289264993e-01
4.322238502654112136e-01
4.323694925428360203e-01
4.325589722076282895e-01
4.328169156440000442e-01
4.329329599649272553e-01
4.331112937670846819e-01
4.332620877095276213e-01
4.334952118228339590e-01
4.337726428245204380e-01
4.339187546029578679e-01
4.343609295696770900e-01
4.345902140515765510e-01
4.348384201283513883e-01
4.350488794848021423e-01
4.352275863185455229e-01
4.354161269813125457e-01
4.356826886825234113e-01
4.359573991475607646e-01
4.362253693518095554e-01
4.364624295659495501e-01
4.365987075153633379e-01
4.368362372305159558e-01
4.371046769357773698e-01
4.372782321045026177e-01
4.375105136852104337e-01
4.379337670570542795e-01
4.381528446783441444e-01
4.383173120812176027e-01
4.385418179296848296e-01
4.386741597782650159e-01
4.388172744578940909e-01
4.390414072747754193e-01
4.392240502093524013e-01
4.394791894857691950e-01
4.396166829993675140e-01
4.397820894042662743e-01
4.399432831461721483e-01
4.402173440174643182e-01
4.403450037020389951e-01
4.405975189112333879e-01
4.407930892430690362e-01
4.409901517012484451e-01
4.411920892622867574e-01
4.414535957679062150e-01
4.416190021728049753e-01
4.418469746210931803e-01
4.420706379369618300e-01
4.423093832162989791e-01
4.424949267802576469e-01
4.427414477918353297e-01
4.429236212253996885e-01
4.430873425651012942e-01
4.433072627189897363e-01
4.435614629933812836e-01
4.440555404879886203e-01
4.442484867526018677e-01
4.445660956029814370e-01
4.447438634346995157e-01
4.448754592201077940e-01
4.450988459738172143e-01
4.452879526070235294e-01
4.454233880238387400e-01
4.455532022746231946e-01
4.458103996478230968e-01
4.460330403383606646e-01
4.462487478292562204e-01
4.465344240641958562e-01
4.468019247674320238e-01
4.469051381605272377e-01
4.470561250418235710e-01
4.472863485257482785e-01
4.475265023081232973e-01
4.477764899195219583e-01
4.480484926940310753e-01
4.481982640111428773e-01
4.483452183221788845e-01
4.485742262419190607e-01
4.488015490964620824e-01
4.490347696791951448e-01
4.491652463698456166e-01
4.492873813578162068e-01
4.494772340541944300e-01
4.498907500664413028e-01
4.500910025622824606e-01
4.502281230442948257e-01
4.504308066685050460e-01
4.505908813156531134e-01
4.507933848471307736e-01
4.509370654971991965e-01
4.511039768745625511e-01
4.512669521510923043e-01
4.514651465501504091e-01
4.516071421350216775e-01
4.517868844402170292e-01
4.519614750803942482e-01
4.520614148125218779e-01
4.522446237175382078e-01
4.524839349673146494e-01
4.526130996243539206e-01
4.527465734138127473e-01
4.529620043425490739e-01
4.530896640271237508e-01
4.532456096345848229e-01
4.533890973457998519e-01
4.535052381361537321e-01
4.537370502158488694e-01
4.539608100011442438e-01
4.542338354009844426e-01
4.543894079768595606e-01
4.546346169548260430e-01
4.547921640041783786e-01
4.550208953617593255e-01
4.551894918043198346e-01
4.553448842874623925e-01
4.555057049977823125e-01
4.557034298958277385e-01
4.559561380438755251e-01
4.561385044162932778e-01
4.563062583262552097e-01
4.564821610000436292e-01
4.566893466955267988e-01
4.568852900589484012e-01
4.571670301930544356e-01
4.574313537047496880e-01
4.576317991394442397e-01
4.577901887213951526e-01
4.579682459613933498e-01
4.581012502498395533e-01
4.582483974997289544e-01
4.584108068058193597e-01
4.586091812976099691e-01
4.587814244327240165e-01
4.589947007952505653e-01
4.592289568494355989e-01
4.593731070005166450e-01
4.595576279391441754e-01
4.597073027868293082e-01
4.598411496078740890e-01
4.600530174673627126e-01
4.603098418089766608e-01
4.604943627476041912e-01
4.606398249322964378e-01
4.607921238472039716e-01
4.610412689260040553e-01
4.613009102736937983e-01
4.615205538654230111e-01
4.616698556815221899e-01
4.618233701606141994e-01
4.619070123650888537e-01
4.620164128946541715e-01
4.621979367344733469e-01
4.624270411236402478e-01
4.625583603468892968e-01
4.628615496736664392e-01
4.630536534056811093e-01
4.632893051167831788e-01
4.634393529960542102e-01
4.635957681045279055e-01
4.638341403522791007e-01
4.639811911327417771e-01
4.640685764991966389e-01
4.642378225355023313e-01
4.644041679424263380e-01
4.645825017445837646e-01
4.648371715199879350e-01
4.649661432381738124e-01
4.650929603901499121e-01
4.652755068553002249e-01
4.655075118738487561e-01
4.656344254952515249e-01
4.658298993576605040e-01
4.659670198396728691e-01
4.661312106803870980e-01
4.662794770250343057e-01
4.664980851453115474e-01
4.666489755571811560e-01
4.668318950539173673e-01
4.670513457067931862e-01
4.671648624299246655e-01
4.672865279168826325e-01
4.674154996350685098e-01
4.675986120706581151e-01
4.678561824754439158e-01
4.681116947834466635e-01
4.682874045183816891e-01
4.685420742937858596e-01
4.688492833447024943e-01
4.689860307951289053e-01
4.691424459036026007e-01
4.693529052600533547e-01
4.695808777083415597e-01
4.697038552289107272e-01
4.699242448838117925e-01
4.701205612788193489e-01
4.702991716431360048e-01
4.703998574384354869e-01
4.705253625568003861e-01
4.707179357898276795e-01
4.708267703489536493e-01
4.709745671925882338e-01
4.710907079829421140e-01
4.713814394134732133e-01
4.715091955674745594e-01
4.716493131482952794e-01
4.718435714465197273e-01
4.720188116804421297e-01
4.723083275467886977e-01
4.724184741395258680e-01
4.725771402836360102e-01
4.726731439149299829e-01
4.730278370457676185e-01
4.730993943855821282e-01
4.732609611590739562e-01
4.733977086095003672e-01
4.736063864313272975e-01
4.738189038845611045e-01
4.739491876363581824e-01
4.741498131637852942e-01
4.743353567277439620e-01
4.744867166406261938e-01
4.746379800840817564e-01
4.748253051826642479e-01
4.749958632525811408e-01
4.751519053294688821e-01
4.753370758618415959e-01
4.754424438211465875e-01
4.757021687921421660e-01
4.758606419973989698e-01
4.760474975949688381e-01
4.762778175483202148e-01
4.764480025866511537e-01
4.766736403759970764e-01
4.768144203966838135e-01
4.769267215556307615e-01
4.770459559142197214e-01
4.771796097964111083e-01
4.775033093138341123e-01
4.777090865062793568e-01
4.779136481345400700e-01
4.781069674307392714e-01
4.782651640738367904e-01
4.784091212860644426e-01
4.785406206020460518e-01
4.787268266058707367e-01
4.788734078853207898e-01
4.790450014266896539e-01
4.792680151488131202e-01
4.794855041743325552e-01
4.796466979162384292e-01
4.797919671620772819e-01
4.799059533862213844e-01
4.801070484146611195e-01
4.802447348671128324e-01
4.803995613798160980e-01
4.805810852196352734e-01
4.807466845633874275e-01
4.809134994713240574e-01
4.809911474781820018e-01
4.811206851668072271e-01
4.812335522961935230e-01
4.813863207121136800e-01
4.818759797587539029e-01
4.820051444157931742e-01
4.821595978969104856e-01
4.824525803630780318e-01
4.826236079340075480e-01
4.827436848251950852e-01
4.828684438803880763e-01
4.830378828555471626e-01
4.832540598474553417e-01
4.834882194322136506e-01
4.835826344677371935e-01
4.838157585810435313e-01
4.840871953851133003e-01
4.842758325173069922e-01
4.845545755526046716e-01
4.847656008794947180e-01
4.849186458575741043e-01
4.851001696973932797e-01
4.852087276943600203e-01
4.854108581942517264e-01
4.855235323847846285e-01
4.856191629844927027e-01
4.858211970149577397e-01
4.860085221135402311e-01
4.861685967606882985e-01
4.863434639630247469e-01
4.865765880763310847e-01
4.871950259023037910e-01
4.873136942904534030e-01
4.875263082131139347e-01
4.876420759718819165e-01
4.877942784173627255e-01
4.880370562669601453e-01
4.881554480929505280e-01
4.884537623168687670e-01
4.886143900883353486e-01
4.887197580476403402e-01
4.888544474012836982e-01
4.889748973240571339e-01
4.891039655116696805e-01
4.891726222221025600e-01
4.893227665708003160e-01
4.895243311002526743e-01
4.897713216128429803e-01
4.898940225712529184e-01
4.900282424238836532e-01
4.901690224445703903e-01
4.902925659355789056e-01
4.904782059689642426e-01
4.906216936801792716e-01
4.907529164340016514e-01
4.910076826788324911e-01
4.912247022033392474e-01
4.914412522268333805e-01
4.916917093392446647e-01
4.918805394102917505e-01
4.921066467006502965e-01
4.921791430424901082e-01
4.923751828753384352e-01
4.925068751301734382e-01
4.926106544937080001e-01
4.928601726040940378e-01
4.929429722759701149e-01
4.931020114516662112e-01
4.932105694486329517e-01
4.933105091807605813e-01
4.935229430106885529e-01
4.936644690945471980e-01
4.938454269639270255e-01
4.940054051416484238e-01
4.942803085455391710e-01
4.944930189376263718e-01
4.945886495373344460e-01
4.947727009749493532e-01
4.948580282446211620e-01
4.950630593738945540e-01
4.952170433539992422e-01
4.953551028380368537e-01
4.955636005671312239e-01
4.957458704701222518e-01
4.958664168623224122e-01
4.960586170637638070e-01
4.962972787197950653e-01
4.963843875240906978e-01
4.965460507670091950e-01
4.966674396918079326e-01
4.968933540433130847e-01
4.969783082813989394e-01
4.971541144857606342e-01
4.973253349955435443e-01
4.974891528046718192e-01
4.977071113312038775e-01
4.978216635257873279e-01
4.980074000285993896e-01
4.981656931411236333e-01
4.983581699047242575e-01
4.985695682632002579e-01
4.988135616769822089e-01
4.990863105146631784e-01
4.992073264078759620e-01
4.993240331686691902e-01
4.996737675733420869e-01
4.997758618716794943e-01
4.998887290010657902e-01
5.000466490820040244e-01
5.002010060936946667e-01
5.002653536717079907e-01
5.003806519294633492e-01
5.004771250617700007e-01
5.006885234202460566e-01
5.008989827766967551e-01
5.010258963980995794e-01
5.012296154937617709e-01
5.013955878690998791e-01
5.015198774232803025e-01
5.016939985624448983e-01
5.017625588034511086e-01
5.018667111985716245e-01
5.019636538318908991e-01
5.020939375836880325e-01
5.022152300390601010e-01
5.023935638412175830e-01
5.025402415900943609e-01
5.028722699640764127e-01
5.030240993779713232e-01
5.031235696090863296e-01
5.031822960210688978e-01
5.033464868617831822e-01
5.034781791166181852e-01
5.035540455888523059e-01
5.036315971262835811e-01
5.037289127911888098e-01
5.038622901112209673e-01
5.039874221979999680e-01
5.041160208845999469e-01
5.043192704792495151e-01
5.044393473704370523e-01
5.045713161874313402e-01
5.047238916644981588e-01
5.047916093729057918e-01
5.048936072018165300e-01
5.050925476640465428e-01
5.054128770510751822e-01
5.055514060361254725e-01
5.057637433966267748e-01
5.059004908470532413e-01
5.061622739148319283e-01
5.062299916232395613e-01
5.063153188929113702e-01
5.064332412178891296e-01
5.065506940418542658e-01
5.067453253716647232e-01
5.067945909862096032e-01
5.069228166412236281e-01
5.069733942893797085e-01
5.070729609899213841e-01
5.072350937338525600e-01
5.073967569767711128e-01
5.076256684270845643e-01
5.077058440317382404e-01
5.078001625978351141e-01
5.079442162794894911e-01
5.083117403381590682e-01
5.084222599624822481e-01
5.085521706826934274e-01
5.087763034995747002e-01
5.088350299115572684e-01
5.089198876802164540e-01
5.090614137640750991e-01
5.093143984742820596e-01
5.095035051074884302e-01
5.096112205718565935e-01
5.097021690075591582e-01
5.098394824284249172e-01
5.100931295784979502e-01
5.102225707976965063e-01
5.103083675683809384e-01
5.104495206206536295e-01
5.106047201649428491e-01
5.107003507646509233e-01
5.107685379740711795e-01
5.108285764196649481e-01
5.109641083059068833e-01
5.110571148383925566e-01
5.111523724065146768e-01
5.112535277028268377e-01
5.113534674349544673e-01
5.114336430396081434e-01
5.115524078971844801e-01
5.116205951066047364e-01
5.116759513881929955e-01
5.117466661954089835e-01
5.118461364265239899e-01
5.119379273948251319e-01
5.121150456327980827e-01
5.123063068322142311e-01
5.124786464367550032e-01
5.125892625305048522e-01
5.126531406075055530e-01
5.127277915155551424e-01
5.128954489560904051e-01
5.130163683798765195e-01
5.131128415121831710e-01
5.131827137868005817e-01
5.132667290228611900e-01
5.133803422154193941e-01
5.134219285671504096e-01
5.135012616392055085e-01
5.136535605541130423e-01
5.137668007150852922e-01
5.139100118641410919e-01
5.139846627721906813e-01
5.141064247285753730e-01
5.142003702630862927e-01
5.142788608025428143e-01
5.143933165276995956e-01
5.144837954623895371e-01
5.145554492716307715e-01
5.146296306786677377e-01
5.147672206616927815e-01
5.149022830469220935e-01
5.150364064301261591e-01
5.150956023431213504e-01
5.151513316562955636e-01
5.152628867520706590e-01
5.154953612716318689e-01
5.155866827389203877e-01
5.156986108662814372e-01
5.158105389936424867e-01
5.159692051377526845e-01
5.160939641929457311e-01
5.162225628795457100e-01
5.162988988527924539e-01
5.164497892646621180e-01
5.165758603534663651e-01
5.166114525075806707e-01
5.166779546518037725e-01
5.167388356299961183e-01
5.169003059340612216e-01
5.170245954882416450e-01
5.170644967747755061e-01
5.171356810830041173e-01
5.171957195285978859e-01
5.172570700078028549e-01
5.173201055522049785e-01
5.173621614049486173e-01
5.174341882457758057e-01
5.175727172308260959e-01
5.176224523463835991e-01
5.177034704836358525e-01
5.178569849627279176e-01
5.179320089023634610e-01
5.180785901818135697e-01
5.181429377598268937e-01
5.184540829115771299e-01
5.185616054370919548e-01
5.186224864152843006e-01
5.186979798559324673e-01
5.187824645930056988e-01
5.189346670384865634e-01
5.189977025828886870e-01
5.191470043989878658e-01
5.192885304828465109e-01
5.194239658996617770e-01
5.195054535379266536e-01
5.195766378461552648e-01
5.196812597422884039e-01
5.198103279299010060e-01
5.198763605731114845e-01
5.199629998763944938e-01
5.200950651628154509e-01
5.201499519433910868e-01
5.202472676082963154e-01
5.203111456852970163e-01
5.204199802444230416e-01
5.205482058994370664e-01
5.206549823617799833e-01
5.207411521640503693e-01
5.208719054168601259e-01
5.209735302141849100e-01
5.210876129077557373e-01
5.212316665894101142e-01
5.212998537988303704e-01
5.213449067503823642e-01
5.214418493837016388e-01
5.214869023352536326e-01
5.215627688074877533e-01
5.217500939060701892e-01
5.218410423417727539e-01
5.219182208476180751e-01
5.219940873198521958e-01
5.220356736715832113e-01
5.220845662545421373e-01
5.222964341140308164e-01
5.224211931692238631e-01
5.226473004595824090e-01
5.227000326739482672e-01
5.228145848685317176e-01
5.228656320177004213e-01
5.230320738940511527e-01
5.231041007348783412e-01
5.232459998503229404e-01
5.233171841585515516e-01
5.234393191465221973e-01
5.235620201049321354e-01
5.237271499476716663e-01
5.238347689426131604e-01
5.238904982557873735e-01
5.239646796628243397e-01
5.240714561251672565e-01
5.242180374046173652e-01
5.242978399776850873e-01
5.244580947175656593e-01
5.245907259744259088e-01
5.247879813714587671e-01
5.249195771568671010e-01
5.250571671398921447e-01
5.252534835348996456e-01
5.254001612837764235e-01
5.255022555821138308e-01
5.256098745770553249e-01
5.256446241985710532e-01
5.257848382488184980e-01
5.258594891568680874e-01
5.260365109254142579e-01
5.261638940478297055e-01
5.262277721248304063e-01
5.262766647077893323e-01
5.263500035822277212e-01
5.263855957363420268e-01
5.264078874616117121e-01
5.264331762856897523e-01
5.264880630662653882e-01
5.266788547646689134e-01
5.267435753742681914e-01
5.268987749185574110e-01
5.270398315014034329e-01
5.271131703758418219e-01
5.271629054913993251e-01
5.273979076087562667e-01
5.274454881581039922e-01
5.275578857864776650e-01
5.275964750394003255e-01
5.276668168150303595e-01
5.278831738996710987e-01
5.279440548778634446e-01
5.280040933234572131e-01
5.280988813905667101e-01
5.281897333568426056e-01
5.283115917826539665e-01
5.284561149653209666e-01
5.286326672328545140e-01
5.286957027772566375e-01
5.288050068373952861e-01
5.288745060804267428e-01
5.290017927334155212e-01
5.290746621068412869e-01
5.293502151044772175e-01
5.295170300124139029e-01
5.296387919687985946e-01
5.296713870241045452e-01
5.298415720624355396e-01
5.299372026621436138e-01
5.300288971610180866e-01
5.301082302330731855e-01
5.302824478416644505e-01
5.305464819450795844e-01
5.306404274795905041e-01
5.307309064142804456e-01
5.308501407728694055e-01
5.309350950109552603e-01
5.310709999287831495e-01
5.311125862805141651e-01
5.311940739187790417e-01
5.312288235402947700e-01
5.312888619858885386e-01
5.313974199828552791e-01
5.315360454373322385e-01
5.315707950588479669e-01
5.316840352198202169e-01
5.317788232869297138e-01
5.318388617325234824e-01
5.319053638767465841e-01
5.320241287343229208e-01
5.320558812570302942e-01
5.322702767143147051e-01
5.323260060274889183e-01
5.325354427586085349e-01
5.326388490905571427e-01
5.327224912950317970e-01
5.328001393018897414e-01
5.329232132918856335e-01
5.329789426050598466e-01
5.329982372315211769e-01
5.330831914696070317e-01
5.331873438647275476e-01
5.332944933586564185e-01
5.334029548861964898e-01
5.335633060955038420e-01
5.336799163868704010e-01
5.337850077840161633e-01
5.338617167888488613e-01
5.340200099013731050e-01
5.340452987254511452e-01
5.341139554358840247e-01
5.342065889367837439e-01
5.342503298547245372e-01
5.342919162064555527e-01
5.343343450907851455e-01
5.343802405749357165e-01
5.345257027596279631e-01
5.346608616142839443e-01
5.348028571991552127e-01
5.349195639599484409e-01
5.349980544994049625e-01
5.350469470823638884e-01
5.351334899162202285e-01
5.352025196582390620e-01
5.352895319931080254e-01
5.353693345661757474e-01
5.354456705394224914e-01
5.355546015679751859e-01
5.356124854473591768e-01
5.357141102446839609e-01
5.357497023987982665e-01
5.358084288107808346e-01
5.358646276249676710e-01
5.358869193502373562e-01
5.361026268411329676e-01
5.361463677590737609e-01
5.363286376620648443e-01
5.364066587005087428e-01
5.365249540570724562e-01
5.366848357653671853e-01
5.371129642400699344e-01
5.372921405748259938e-01
5.374152145648218859e-01
5.374829322732295189e-01
5.377063190269389947e-01
5.377509024774783652e-01
5.378027921592456462e-01
5.378881194289174550e-01
5.379408516432833132e-01
5.379992050236799273e-01
5.380793806283336034e-01
5.381578711677901250e-01
5.382405743702395329e-01
5.382873123869886811e-01
5.383421991675643170e-01
5.383644908928340023e-01
5.384507571645310575e-01
5.385026468462983384e-01
5.385618427592935298e-01
5.386364936673431192e-01
5.387171387730094185e-01
5.387415850644888815e-01
5.388681256543057518e-01
5.389680653864333815e-01
5.389976633429309771e-01
5.390641654871540789e-01
5.391006001738669617e-01
5.391687873832872180e-01
5.392472779227437396e-01
5.392695696480134249e-01
5.393309201272183939e-01
5.396201465852848989e-01
5.397863955227821808e-01
5.399874905512219714e-01
5.401980463770994501e-01
5.403176537672743640e-01
5.404500920852812751e-01
5.404886813382039357e-01
5.405868395357077416e-01
5.406498750801098652e-01
5.407386689496026522e-01
5.407764156699267355e-01
5.408128503566396184e-01
5.409127900887672480e-01
5.409981173584390568e-01
5.410667740688719363e-01
5.411734540617881839e-01
5.412155099145318227e-01
5.412378016398015079e-01
5.413279075429054954e-01
5.414286898076317023e-01
5.414724307255724955e-01
5.415723704577001252e-01
5.416417732313049127e-01
5.417031237105098818e-01
5.417395583972227646e-01
5.417721534525287153e-01
5.418403406619489715e-01
5.418866091776854965e-01
5.419251984306081571e-01
5.419950707052255678e-01
5.420657855124415558e-01
5.422002819272314644e-01
5.422624749390350107e-01
5.422959125269395386e-01
5.424288203459590729e-01
5.424674095988817335e-01
5.426268218061637283e-01
5.426890148179672746e-01
5.427327557359080679e-01
5.428051556083212104e-01
5.428467419600522259e-01
5.428690336853219112e-01
5.429492092899755873e-01
5.430049386031498004e-01
5.430263877958209084e-01
5.432132433933907212e-01
5.434062861274306933e-01
5.434616424090189524e-01
5.435808767676079123e-01
5.436593673070644339e-01
5.437022656924066499e-01
5.437593070391920635e-01
5.438052025233426345e-01
5.438296488148220975e-01
5.439479441713858110e-01
5.440079826169795796e-01
5.440658664963635704e-01
5.441636516622814224e-01
5.442331509053128791e-01
5.442858831196787373e-01
5.445414918971082097e-01
5.446452712606427715e-01
5.447748089492679968e-01
5.448837399778206914e-01
5.449523002188269016e-01
5.452399380811229213e-01
5.453874583625982764e-01
5.454770947646896406e-01
5.455672006677936281e-01
5.456087870195246436e-01
5.456525279374654369e-01
5.457035750866341406e-01
5.458236519778216778e-01
5.458643957969541161e-01
5.459111338137032643e-01
5.460393594687172891e-01
5.462387694319599252e-01
5.462898165811286288e-01
5.463743013182018604e-01
5.465798019484878756e-01
5.467217975333591440e-01
5.468225797980853509e-01
5.469391900894519098e-01
5.469962314362373235e-01
5.471244570912513483e-01
5.471407546189043236e-01
5.472681377413197712e-01
5.474216522204118363e-01
5.474906819624306697e-01
5.475597117044495032e-01
5.475850005285275435e-01
5.478629975006533703e-01
5.479247210114442934e-01
5.479860714906492625e-01
5.480757078927406267e-01
5.481464226999566147e-01
5.482879487838152599e-01
5.484375271620737236e-01
5.485100235039135352e-01
5.486094937350285416e-01
5.487239494601853229e-01
5.488470234501812151e-01
5.489379718858837798e-01
5.490104682277235915e-01
5.490460603818378971e-01
5.491438455477557490e-01
5.493050392896616785e-01
5.493642352026568698e-01
5.495164376481377344e-01
5.496656429948102440e-01
5.497496582308708524e-01
5.499456015942925102e-01
5.499700478857719732e-01
5.500249346663476091e-01
5.501754520466313192e-01
5.502753917787589488e-01
5.504260056284693281e-01
5.505288459899786435e-01
5.506325288840865362e-01
5.506651239393924868e-01
5.507286289848072336e-01
5.508053379896399315e-01
5.508327813799277495e-01
5.509661586999599070e-01
5.510669409646861139e-01
5.511891724220834288e-01
5.512054699497364041e-01
5.513732238596983359e-01
5.515615844297327985e-01
5.516018587478526136e-01
5.516859704533398912e-01
5.517310234048918849e-01
5.517820705540605886e-01
5.519294943661092745e-01
5.520933121752376049e-01
5.522704304132105557e-01
5.523617518804990745e-01
5.525739927715737076e-01
5.526807692339166245e-01
5.527288192842769732e-01
5.527863301320750100e-01
5.528365347486451364e-01
5.529501479412033405e-01
5.530964526584941643e-01
5.531445027088545130e-01
5.532140019518859697e-01
5.532916499587439141e-01
5.533520614359236367e-01
5.534485345682302881e-01
5.535098850474352572e-01
5.536089822469643096e-01
5.537290591381518468e-01
5.537505083308229548e-01
5.538474509641422294e-01
5.538607513929868498e-01
5.539289386024071060e-01
5.540490154935946432e-01
5.540910713463382820e-01
5.541172027030148994e-01
5.541793957148184457e-01
5.542244486663704395e-01
5.543350647601202885e-01
5.543706569142345941e-01
5.544842701067927981e-01
5.546035044653817581e-01
5.546382540868974864e-01
5.546656974771853044e-01
5.548154687942971064e-01
5.549089448277954029e-01
5.551718598364527857e-01
5.552374229786506410e-01
5.552515659400938386e-01
5.552987734578556100e-01
5.553914069587553293e-01
5.554720520644216286e-01
5.555847262549545862e-01
5.557857248139675965e-01
5.558213169680819021e-01
5.558427661607530101e-01
5.558903467101007356e-01
5.559280934304248190e-01
5.559666826833474795e-01
5.560503248878221338e-01
5.561150454974214119e-01
5.561973756682848657e-01
5.562565715812800571e-01
5.563234467570891129e-01
5.563688727402270606e-01
5.564661884051322893e-01
5.565090867904745053e-01
5.565583524050193853e-01
5.567753719295261972e-01
5.569546447337089257e-01
5.569932339866315862e-01
5.570661033600573520e-01
5.570897071189382377e-01
5.571901163520784905e-01
5.572583035614987468e-01
5.573256482383204258e-01
5.573796924862974844e-01
5.574637077223580928e-01
5.575392011630062594e-01
5.576884065096787690e-01
5.578097954344775067e-01
5.578921256053409605e-01
5.580082663956948963e-01
5.580378643521924920e-01
5.581858541346804703e-01
5.582497322116811711e-01
5.582921610960107639e-01
5.583367445465501344e-01
5.584962532232589094e-01
5.585554491362541008e-01
5.587547626300699566e-01
5.588327836685138550e-01
5.588675332900295833e-01
5.589404026634553491e-01
5.589841435813961423e-01
5.590394998629844014e-01
5.591316638628714975e-01
5.591998510722917537e-01
5.592530527876702351e-01
5.595383431449031386e-01
5.595546406725561139e-01
5.596322886794140583e-01
5.597335404451528884e-01
5.597922668571354565e-01
5.599471898392653912e-01
5.600012340872424499e-01
5.600368262413567555e-01
5.601209379468440330e-01
5.602298689753967276e-01
5.603298087075243572e-01
5.603740191264777737e-01
5.604644980611677152e-01
5.605481402656423695e-01
5.606073361786375608e-01
5.606184820412724035e-01
5.607707809561799372e-01
5.607943847150608230e-01
5.608209855727500637e-01
5.609063128424218725e-01
5.609977307791370604e-01
5.610989825448758905e-01
5.611603330240808596e-01
5.612619578214056437e-01
5.615345265663540530e-01
5.616104895080148429e-01
5.616868254812615868e-01
5.617340329990233583e-01
5.619048804772203143e-01
5.620129689731744316e-01
5.621300487655536138e-01
5.622097548691946667e-01
5.623555900854728673e-01
5.624216227286833458e-01
5.625189383935885745e-01
5.625896532008045625e-01
5.626737649062918400e-01
5.627475732817428522e-01
5.627904716670850682e-01
5.629582255770470001e-01
5.630337190176951667e-01
5.630975970946958675e-01
5.631473322102533707e-01
5.632472719423810004e-01
5.632923248939329941e-01
5.633802762308272039e-01
5.636297943412131861e-01
5.637614865960481891e-01
5.638022304151806274e-01
5.638966454507041703e-01
5.639159400771655006e-01
5.639802876551788247e-01
5.640605597292591700e-01
5.641733303892187967e-01
5.644694900469272580e-01
5.645634355814381777e-01
5.645767360102827981e-01
5.647250023549299502e-01
5.648732686995771024e-01
5.649359312123932719e-01
5.649642171352796671e-01
5.650199464484538803e-01
5.651078013159214208e-01
5.651665277279039890e-01
5.651931285855932297e-01
5.652909137515110816e-01
5.654191394065251064e-01
5.654899506831677636e-01
5.656443076948584059e-01
5.657271073667344830e-01
5.658432481570884187e-01
5.661271428574042863e-01
5.662215578929278292e-01
5.663214976250554589e-01
5.663995186634993573e-01
5.664933677285836078e-01
5.665409482779313333e-01
5.665727008006387067e-01
5.666785382609563770e-01
5.667548742342031209e-01
5.668951847538772348e-01
5.669389256718180281e-01
5.670246259730757910e-01
5.670966528139029794e-01
5.671472304620590599e-01
5.672360243315518469e-01
5.673295003650501434e-01
5.673993726396675541e-01
5.675366860605333130e-01
5.677440518487489873e-01
5.677877927666897806e-01
5.678714349711644349e-01
5.680223253830340990e-01
5.681257317149827069e-01
5.682462781071828672e-01
5.683385385764966324e-01
5.683801249282276480e-01
5.684281749785879967e-01
5.686940870860537345e-01
5.687163788113234197e-01
5.688236247746789598e-01
5.689380804998357410e-01
5.689766697527584016e-01
5.691233475016351795e-01
5.692163540341208527e-01
5.693188213640442141e-01
5.693595651831766524e-01
5.695374294843214003e-01
5.696552553398724905e-01
5.697448917419638548e-01
5.700600694639743615e-01
5.702255723382998465e-01
5.702911354804977018e-01
5.703237305358036524e-01
5.704827697114998042e-01
5.705444932222907273e-01
5.705766187765840547e-01
5.706182051283150702e-01
5.706859228367227033e-01
5.708568539382254947e-01
5.709832980586156959e-01
5.711243546414617178e-01
5.712498597598265615e-01
5.714068408387396047e-01
5.714664097833207501e-01
5.715101507012615434e-01
5.715594163158064234e-01
5.716331282218307663e-01
5.717055280942439088e-01
5.717887007977059399e-01
5.718568880071261962e-01
5.719353785465827178e-01
5.720519888379492768e-01
5.720935751896802923e-01
5.721403132064294406e-01
5.722402529385570702e-01
5.723058160807549255e-01
5.723829945866002467e-01
5.725084997049650903e-01
5.726148066662953839e-01
5.728415635503990577e-01
5.728959808299620704e-01
5.730785272951123277e-01
5.731192711142447660e-01
5.731415628395144513e-01
5.732441266388644818e-01
5.733246752751041120e-01
5.733967021159313004e-01
5.734434401326804487e-01
5.735411288291716314e-01
5.736315112944349037e-01
5.737052232004592467e-01
5.737918625037422560e-01
5.738399125541026047e-01
5.739054756963004600e-01
5.740092550598350218e-01
5.741593029391061087e-01
5.742733856326769359e-01
5.744234335119480228e-01
5.745100728152310321e-01
5.745992397163097731e-01
5.746391410028436342e-01
5.747399232675698411e-01
5.748171017734151622e-01
5.748745161517865299e-01
5.748981199106674156e-01
5.749264058335538108e-01
5.750546314885678356e-01
5.750919087078792957e-01
5.751819181415566140e-01
5.752938462689176635e-01
5.753345900880501018e-01
5.753843252036076050e-01
5.758927129062698658e-01
5.760144748626545574e-01
5.760500670167688630e-01
5.761555314455005794e-01
5.762107912576621693e-01
5.762788819976557564e-01
5.764225626477241793e-01
5.765237179440363402e-01
5.766361155724100129e-01
5.766725502591228958e-01
5.766939994517940038e-01
5.767518833311779947e-01
5.767823238202741676e-01
5.767986213479271429e-01
5.768149188755801182e-01
5.768282193044247386e-01
5.768565052273111338e-01
5.769058673112826829e-01
5.769504507618220535e-01
5.770807345136191868e-01
5.771051808050986498e-01
5.771386183930031777e-01
5.772054935688122335e-01
5.772582257831780916e-01
5.773663142791322089e-01
5.773744630429586966e-01
5.774391836525579746e-01
5.775407119804560896e-01
5.776002809250372350e-01
5.776217301177083430e-01
5.776872932599061983e-01
5.777413375078832569e-01
5.777769296619975625e-01
5.778022184860756028e-01
5.778897003219571893e-01
5.779870159868624180e-01
5.783473431298516987e-01
5.784193699706788871e-01
5.784438162621583501e-01
5.784631108886196804e-01
5.784832480476795880e-01
5.786792878805279150e-01
5.787672392174221248e-01
5.788225954990103839e-01
5.788410475928731369e-01
5.789618705472325821e-01
5.790120751638027086e-01
5.790292152240542611e-01
5.792746171408741374e-01
5.792917572011256899e-01
5.793827056368282546e-01
5.794196098245537607e-01
5.794568870438652208e-01
5.795456809133580078e-01
5.795731243036458258e-01
5.796310081830298166e-01
5.796923586622347857e-01
5.797588608064578874e-01
5.798107504882251684e-01
5.798338847460934309e-01
5.799677315671382116e-01
5.800316096441389124e-01
5.801352925382468051e-01
5.801901793188224410e-01
5.803677670578080150e-01
5.803879042168679225e-01
5.804226538383836509e-01
5.804732314865397313e-01
5.805169724044805246e-01
5.805816930140798027e-01
5.807390471245788000e-01
5.807501929872136426e-01
5.808012401363823463e-01
5.808908765384737105e-01
5.809174773961629512e-01
5.809419236876424142e-01
5.810071137982543155e-01
5.811352429838416711e-01
5.813003728265812020e-01
5.813917907632963900e-01
5.816207986830366217e-01
5.816319445456714643e-01
5.816906709576540324e-01
5.817738436611160635e-01
5.818021295840024587e-01
5.818776230246506254e-01
5.819248305424123968e-01
5.820577383614319311e-01
5.820894908841393045e-01
5.821957978454695981e-01
5.822194016043504838e-01
5.822275503681769715e-01
5.822995772090041600e-01
5.824425117959006748e-01
5.825007687068706197e-01
5.825192208007333727e-01
5.826556916890005544e-01
5.827393338934752087e-01
5.827972177728591996e-01
5.828143578331107522e-01
5.828920058399686965e-01
5.829691843458140177e-01
5.830219165601798759e-01
5.831068707982657306e-01
5.831969767013697181e-01
5.832793068722331720e-01
5.834204599245058631e-01
5.834903321991232739e-01
5.835272363868487799e-01
5.835533677435253974e-01
5.836374794490126749e-01
5.836700745043186256e-01
5.837151274558706193e-01
5.837550287424044804e-01
5.837794750338839433e-01
5.839122863834766974e-01
5.839744793952802437e-01
5.839937740217415740e-01
5.840310512410530341e-01
5.841142239445150652e-01
5.841635860284866144e-01
5.843136339077577013e-01
5.843277768692008989e-01
5.843822906181905807e-01
5.844406439985871948e-01
5.845417992948993557e-01
5.845876947790499267e-01
5.846683398847162261e-01
5.847399936939574605e-01
5.847665945516467012e-01
5.847940379419345192e-01
5.848407759586836674e-01
5.848921961394383251e-01
5.849500800188223160e-01
5.850564834495792788e-01
5.850697838784238991e-01
5.850860814060768744e-01
5.851002243675200720e-01
5.852052192952391652e-01
5.852296655867186281e-01
5.852541118781980911e-01
5.852725639720608442e-01
5.853300748198588810e-01
5.853643549403619861e-01
5.854282330173626869e-01
5.854445305450156622e-01
5.854668222702853475e-01
5.855560856407907577e-01
5.855723831684437330e-01
5.856430979756597210e-01
5.858284614468858287e-01
5.858928090248991527e-01
5.859635238321151407e-01
5.860337691383185055e-01
5.860753554900495210e-01
5.861066385117442712e-01
5.861443852320683545e-01
5.862594069276644282e-01
5.862816986529341134e-01
5.863395825323181043e-01
5.863850085154560521e-01
5.864943125755947007e-01
5.866297479924099667e-01
5.867009323006385779e-01
5.867386790209626612e-01
5.867789533390824763e-01
5.868981876976714362e-01
5.869590686758637821e-01
5.870593814395773657e-01
5.871339358782002860e-01
5.872114874156315611e-01
5.872337791409012464e-01
5.873555410972859381e-01
5.874300955359088583e-01
5.874836702828732937e-01
5.875497029260837722e-01
5.876105839042761181e-01
5.877117392005882790e-01
5.877318763596481865e-01
5.877816114752056897e-01
5.879149887952378473e-01
5.879531085471478846e-01
5.880624126072865332e-01
5.880795526675380858e-01
5.882038422217185092e-01
5.883225106098681767e-01
5.885945133843772936e-01
5.886656976926059048e-01
5.887051294781271427e-01
5.887304183022051829e-01
5.888059117428533495e-01
5.888192121716979699e-01
5.888651076558485409e-01
5.888873993811182261e-01
5.889478108582979488e-01
5.889910822752261188e-01
5.889992310390526065e-01
5.890994473333395209e-01
5.891543341139151568e-01
5.891869291692211075e-01
5.891980750318559501e-01
5.892195242245270581e-01
5.892521192798330087e-01
5.892893964991444689e-01
5.893263006868699749e-01
5.893485924121396602e-01
5.894163101205472932e-01
5.894377593132184012e-01
5.894540568408713765e-01
5.895042614574415030e-01
5.895184044188847006e-01
5.895265531827111882e-01
3.167143133904971042e-01
