0.000000000000000000e+00
2.828094619017480771e-02
5.918658078785205001e-02
7.916362975842583527e-02
9.656197234909325022e-02
1.058934679245369104e-01
1.151241457624562620e-01
1.238684422774184168e-01
1.355310267301237659e-01
1.437889419221287102e-01
1.539923824059624691e-01
1.610758994770044028e-01
1.703808340054515647e-01
1.803189496219763099e-01
1.896238841504234718e-01
1.969461650417779486e-01
2.055348081092875645e-01
2.160601227862938012e-01
2.233187142853878815e-01
2.304305060193615751e-01
2.375511514356674347e-01
2.421390724996629884e-01
2.490209540956563328e-01
2.552148188936438356e-01
2.591695588695618335e-01
2.627847172876430215e-01
2.692173459059430396e-01
2.754571927315266344e-01
2.800910958231182524e-01
2.855049797679078405e-01
2.888725206833443471e-01
2.914600807455828835e-01
2.971127285106849869e-01
3.009206687214825982e-01
3.050681904901170194e-01
3.082429496128370472e-01
3.131244702070733466e-01
3.150788491812342995e-01
3.199603697754705989e-01
3.227407116304255585e-01
3.259614527807416784e-01
3.294298114337024797e-01
3.338160970226494162e-01
3.364956211400800812e-01
3.422031046151103872e-01
3.446898469398246290e-01
3.478097703526164541e-01
3.510305115029325740e-01
3.546456699210137620e-01
3.582608283390949500e-01
3.612339519867663884e-01
3.658767087606901725e-01
3.691894139661984209e-01
3.741169165880308123e-01
3.770900402357022507e-01
3.812375620043366720e-01
3.838711040941713004e-01
3.869450454793670335e-01
3.899181691270384720e-01
3.938180733930282118e-01
3.956256526020687780e-01
3.987455760148606032e-01
4.038198784018133813e-01
4.050402585503724562e-01
4.078206004053274158e-01
4.128489207646841019e-01
4.198776021257978330e-01
4.238783241293118675e-01
4.264658841915504039e-01
4.299342428445112052e-01
4.330541662573030304e-01
4.350085452314639833e-01
4.381284686442558085e-01
4.415419915872883516e-01
4.449555145303208947e-01
4.502137450276579300e-01
4.532876864128536631e-01
4.551872296770863580e-01
2.478140030533535210e-01
