0.000000000000000000e+00
2.118085978202257388e-04
3.193663204647141369e-04
9.802013977925354456e-04
1.142930031522927398e-03
1.393898051026733588e-03
1.572899548130164736e-03
1.660877559932862936e-03
1.732582708362521940e-03
1.983289353895612093e-03
2.084233381602598485e-03
2.360872058944264804e-03
2.474782102555539171e-03
2.679977005438262741e-03
2.728795595557380327e-03
3.250049971436067085e-03
3.298868561555184670e-03
3.510415785404694209e-03
3.526688648777733404e-03
4.607311326335823166e-03
4.607311326335823166e-03
4.906836561988031122e-03
5.316964993782762224e-03
5.502580185823695812e-03
5.518853049196735007e-03
5.665308819554087764e-03
5.717434257141956570e-03
5.766252847261074156e-03
6.404724114219786067e-03
7.823770075142948144e-03
7.905134392008144120e-03
8.012692114652632952e-03
8.468332289097730420e-03
8.810062419931553521e-03
8.878460720892461522e-03
8.976097901130696693e-03
9.191213346419674357e-03
9.337669116777027115e-03
9.712467722298360681e-03
1.024947221360865413e-02
1.039923483143475810e-02
1.065986201937410213e-02
1.080962463720020611e-02
1.107686552007705084e-02
1.177712139305916832e-02
1.193680455329152595e-02
1.214861315111175240e-02
1.214861315111175240e-02
1.256866212531273716e-02
1.305101845347855956e-02
1.452071262231585148e-02
1.505771711362614493e-02
1.528249172735065935e-02
1.549403895120016889e-02
1.555913040469232567e-02
1.561125584228019447e-02
1.810509490773609328e-02
1.899731829372593161e-02
1.908529630552862830e-02
1.923175207588598279e-02
1.993809889586416889e-02
2.010413437706331033e-02
2.017583952549296955e-02
2.045247820283463761e-02
2.081048119704149990e-02
2.131876955701589998e-02
2.253288198902705236e-02
2.318379652394862017e-02
2.326516084081381788e-02
2.326516084081381788e-02
2.334652515767901559e-02
2.348993545453833404e-02
2.354206089212620284e-02
2.355833375549924377e-02
2.374064210007142614e-02
2.462320631762572598e-02
2.536540571181874343e-02
2.546965658699448104e-02
2.550220231374055943e-02
2.618566257540820563e-02
2.627033373974215283e-02
2.666471205610527681e-02
2.695153264982391370e-02
2.700035123994303302e-02
2.719258012692146731e-02
2.844280650711816794e-02
2.899991345721168387e-02
2.921146068106119514e-02
2.963150965526217817e-02
2.977161310465274366e-02
2.987917082729723076e-02
3.012987747283031939e-02
3.189422178602677183e-02
3.193007436024160317e-02
3.211568955228253502e-02
3.244114681974331893e-02
3.244114681974331893e-02
3.355205387246160131e-02
3.373436221703378368e-02
3.390370454570167807e-02
3.430112833556283464e-02
3.451267555941234244e-02
3.463650614542986700e-02
3.470490444639077326e-02
3.475372303650989259e-02
3.475372303650989259e-02
3.498154312373244479e-02
3.538862608202913984e-02
3.567518530177705982e-02
3.577282248201529846e-02
3.596505136899373622e-02
3.598132423236677369e-02
3.656410184029815214e-02
3.674641018487033450e-02
3.678226275908516585e-02
3.721249364966312118e-02
3.774975951494412979e-02
3.785070354265111792e-02
3.834219629131104673e-02
3.859290293684413536e-02
3.923085145586141520e-02
3.949147864380075923e-02
4.152820030513781902e-02
4.293097340268794276e-02
4.341332973085376690e-02
4.348503487928342265e-02
4.376167355662508723e-02
4.463762407924188463e-02
4.475153412285316074e-02
4.478407984959924260e-02
4.512580998043306396e-02
4.517462857055218328e-02
4.544186945342902628e-02
4.547441518017510814e-02
4.556239319197780829e-02
4.559824576619263964e-02
4.584260009075894621e-02
4.594023727099718485e-02
4.620060308496581197e-02
4.637986595603996176e-02
4.664353861747733837e-02
4.677372152446165193e-02
4.714799738204155516e-02
4.726190742565283126e-02
4.756804635624253819e-02
4.799775449887905970e-02
4.909491141378090340e-02
4.913076398799573474e-02
4.926094689498004831e-02
4.944020976605419809e-02
4.984729272435089314e-02
4.987983845109697500e-02
4.989611131447001247e-02
5.008503335397969380e-02
5.291738671695122437e-02
5.306079701381054281e-02
5.360136972656030091e-02
5.368934773836300106e-02
5.380325778197427716e-02
5.399217982148395850e-02
5.400845268485699596e-02
5.425254563545258563e-02
5.447401340170834882e-02
5.464335573037624322e-02
5.491999440771790780e-02
5.500466557205185153e-02
5.500466557205185153e-02
5.557117031661018558e-02
5.591951414238151286e-02
5.637515431682661032e-02
5.650533722381092389e-02
5.715346765920517602e-02
5.727399139775395109e-02
8.532680556898469132e-03
