0.000000000000000000e+00
2.469443166008052429e-02
4.853220072685723169e-02
6.385359963604241018e-02
7.525769310120458688e-02
8.971036141837672451e-02
1.039056342014357676e-01
1.147969203789814957e-01
1.270214724413198104e-01
1.389644929721265965e-01
1.503444504398703252e-01
1.629731978014421212e-01
1.733134889146339952e-01
1.805448651822698092e-01
1.886590238212376147e-01
1.967229266847587976e-01
2.035018356583242483e-01
2.128628004105103666e-01
2.199855646897632133e-01
2.272671967328456499e-01
2.340461057064111006e-01
2.422206043389250052e-01
2.493675046155962860e-01
2.540047571059022014e-01
2.589114731290304561e-01
2.641238566811086597e-01
2.701566988303630290e-01
2.760065372183693744e-01
2.823450468965736926e-01
2.877906899853465705e-01
2.941050636661324824e-01
2.988287759280127132e-01
3.038219517227152000e-01
3.097079941068491826e-01
3.146891019028424941e-01
3.197064136949634428e-01
3.249811210211974721e-01
3.299984328133184208e-01
3.355908756672116855e-01
3.403025199303826853e-01
3.451488959599648410e-01
3.509002065776876678e-01
3.567741809631124195e-01
3.623666238170056841e-01
3.672371358440062461e-01
3.721317838684252699e-01
3.769902278967166565e-01
3.823252752164967849e-01
3.889332484275234147e-01
3.933874971565812784e-01
3.981474134145891464e-01
4.021853988457043672e-01
4.082303089936679674e-01
4.125618939550239062e-01
4.164530796210187402e-01
4.200748017541912627e-01
4.240886511878880216e-01
4.271473102579974590e-01
4.306101646273403638e-01
4.350764813551074583e-01
4.417085905635525500e-01
4.453061766993066106e-01
4.513390188485609800e-01
4.547898052191946539e-01
4.577881242957579921e-01
4.628295720852974027e-01
4.649591605698477070e-01
4.692545415350760085e-01
4.748107803928415804e-01
4.772460364063418892e-01
4.805620910105644072e-01
4.857382705665149736e-01
4.883203263451356135e-01
4.936433056662065111e-01
4.967763565091810052e-01
4.997746755857443435e-01
5.015000687710612359e-01
5.030665941925485107e-01
5.065053125644729537e-01
5.090994363418028801e-01
5.129785540090885387e-01
5.157074095528295654e-01
5.195985952188243440e-01
5.254484336068306893e-01
5.274553583236790688e-01
5.305884091666536184e-01
5.332931287129761833e-01
5.355815849613561053e-01
5.413328955790789321e-01
5.427646892341549956e-01
5.491273349097777201e-01
5.527128530468226053e-01
5.545850459972598845e-01
5.576195690699509155e-01
5.581947001317232315e-01
5.615107547359458051e-01
5.653416004083945401e-01
5.673364571265336886e-01
5.687561827829005212e-01
5.707631074997489007e-01
5.733572312770788271e-01
5.770895491792440435e-01
5.799652044881055124e-01
5.838322541566819401e-01
5.883970986547325532e-01
5.918237490279477653e-01
5.971225923516002565e-01
5.990189212994558865e-01
5.997287841276393028e-01
6.038894333264563929e-01
6.070224841694309426e-01
6.080380145265643632e-01
6.130673943173945428e-01
6.179620423418135111e-01
6.212901649447453156e-01
6.256217499061013099e-01
6.291952000444369641e-01
6.320587873545892021e-01
6.368066356138878392e-01
6.383972970327935759e-01
6.408566890437122909e-01
6.428877497579791322e-01
6.466442036575628105e-01
6.487979281395315212e-01
6.516615154496837592e-01
6.535095724027025765e-01
3.624180734630138012e-01
