0.000000000000000000e+00
1.849306883365199952e-02
3.236800534775333138e-02
4.914975576601332552e-02
6.174237048876665690e-02
6.511926012786799223e-02
7.266707994741865295e-02
7.794574569789665397e-02
8.418043439292531571e-02
8.733372296247597644e-02
9.097529278202663716e-02
9.531847514340330285e-02
1.013398325466059735e-01
1.030282773661566342e-01
1.037504294634319646e-01
1.066595774079826253e-01
1.076258701302579557e-01
1.121823837834606263e-01
1.131486765057359567e-01
1.148268515475619617e-01
1.167594369921126224e-01
1.179596005616632831e-01
1.191700339089386135e-01
1.235234860480399488e-01
1.252016610898659399e-01
1.269003756871412703e-01
1.305111361735179498e-01
1.321893112153439409e-01
1.333894747848946016e-01
1.358103414794452624e-01
1.372649154517205927e-01
1.399196529935465838e-01
1.430626717853725749e-01
1.445069759799232356e-01
1.454732687021985660e-01
1.474058541467492267e-01
1.498061812858505482e-01
1.560306002031545403e-01
1.584514668977052010e-01
4.011164884525911245e-02
