0.000000000000000000e+00
1.011890345554613234e-02
1.422932423177289581e-02
4.780215676495048333e-02
4.974083921458982011e-02
5.184747502460738261e-02
5.314713828615361818e-02
5.480722050776973275e-02
5.647844182815532632e-02
5.799015912417823659e-02
5.923996213836442426e-02
6.027792384391852942e-02
6.172122581772902100e-02
6.295805087377015496e-02
6.425400614727494464e-02
6.513370991424360934e-02
6.776838340089096080e-02
6.882921607758235583e-02
6.986388011213905125e-02
7.078397656516471903e-02
7.187325732970070713e-02
7.277975278169269979e-02
7.453840022012253597e-02
7.644480467590210326e-02
7.774284180391735632e-02
7.866602320209584165e-02
8.011139189577164144e-02
8.091237701049161513e-02
8.188810841878409186e-02
8.258049825107924291e-02
8.350408996630176439e-02
8.440892901547247806e-02
8.517426279210955908e-02
8.635750447810404407e-02
8.722113020712968234e-02
8.808867665004135872e-02
8.872439816713705019e-02
8.949365265766016930e-02
9.012689713784650947e-02
9.118608854636177374e-02
9.215337061863870805e-02
9.269058745750123618e-02
9.346870160108393388e-02
9.412955840038166044e-02
9.526602478416891506e-02
9.587825228723868831e-02
9.676537203029024481e-02
9.749093616375895111e-02
9.829461104123286830e-02
9.892373721633372641e-02
9.978634472007186229e-02
1.005100548595198456e-01
1.011340293696025711e-01
1.016539372193899782e-01
1.023858991036540600e-01
1.032501630102134749e-01
1.038696088981666960e-01
1.045535493944463046e-01
1.052774722597388801e-01
1.059863504470210799e-01
1.065666346000494064e-01
1.070140088225389197e-01
1.079180423722667093e-01
1.097584782734529196e-01
1.102390267971159882e-01
1.109075122983411987e-01
1.113173811887270964e-01
1.118921033596932540e-01
1.124752748666749541e-01
1.134549269888534551e-01
1.141827554333869205e-01
1.147327526391950653e-01
1.153629121742285879e-01
1.159100220260833591e-01
1.165560468732153160e-01
1.172142290444042612e-01
1.181419541993573991e-01
1.191819826247768194e-01
1.199716461841730253e-01
1.202957907632713763e-01
1.210531006555820854e-01
1.215507605771208310e-01
1.221625777631465681e-01
1.226037669606852981e-01
1.231335678234649483e-01
1.236874857431591312e-01
1.242164659718507091e-01
1.248387992137573038e-01
1.254168190557208573e-01
1.258810919502414694e-01
1.263589658457957565e-01
1.268634187005287794e-01
1.272302202767488788e-01
1.277280777894870822e-01
1.284002712787537248e-01
1.288855611503909038e-01
1.293642556800332633e-01
1.303163106177455122e-01
1.309887168328567608e-01
1.315156303416830375e-01
1.320182292023953374e-01
1.323452611354470621e-01
1.331565647148484632e-01
1.337533372228638384e-01
1.341778404742160757e-01
1.347138263619465093e-01
1.350600212780940779e-01
1.355284124777001720e-01
1.359941290491974708e-01
1.368116176535496553e-01
1.373300818263603895e-01
1.377572597058213943e-01
1.383284866145906844e-01
1.390011055555465114e-01
1.397031756749892994e-01
1.403724969449477167e-01
1.408081241604242639e-01
1.412344814057972242e-01
1.417160632893929573e-01
1.420828648656130566e-01
1.424519307528979151e-01
1.428263610310455123e-01
1.432803305955298590e-01
1.437367771969235430e-01
1.440914214490866541e-01
1.443916616971150646e-01
1.447856652754025142e-01
1.453743987644463831e-01
1.458526829770447064e-01
1.463019111935549565e-01
1.466992124428398436e-01
1.472415809467205183e-01
1.475778828498758577e-01
1.480019757841840589e-01
1.486578936443082311e-01
1.490063528715205587e-01
1.495553167173960529e-01
1.509762034410487286e-01
1.512249270388958122e-01
1.515527796060356092e-01
1.519659461674189027e-01
1.523397534026778577e-01
1.528506040082062423e-01
1.531419846031750742e-01
1.537018748219754483e-01
1.543693269632679943e-01
1.547581788765373112e-01
1.556849009408480811e-01
1.561734884834826698e-01
1.567335914281276499e-01
1.571084320233192555e-01
1.575065539066921871e-01
1.580726291504433445e-01
1.583452570793603686e-01
1.586885646415545637e-01
1.591621075061787904e-01
1.595163414412978653e-01
1.600156426310127555e-01
1.603702868831758666e-01
1.606892797972560849e-01
1.613985834362274552e-01
1.621190110393231631e-01
1.627390799701650126e-01
1.630698198912581831e-01
1.640208566036829296e-01
1.654629730302967505e-01
1.659363183037215195e-01
1.661555755884364938e-01
1.666208818428897565e-01
1.671531597425787441e-01
1.677785930642833045e-01
1.682008320045707828e-01
1.686168859199074777e-01
1.701935686798813907e-01
1.715897304383760535e-01
1.729487971818111092e-01
1.742056512589715833e-01
1.745065145498886083e-01
1.759218392914791151e-01
1.763525275677821358e-01
1.777223079582974929e-01
1.788497473671160076e-01
1.796919760712713532e-01
1.810370314966286975e-01
1.816371168102866307e-01
1.824043348502347173e-01
1.833028215525454863e-01
1.841244435966282733e-01
1.850060316269079574e-01
1.859902426405062592e-01
1.872625517127211314e-01
1.880672750847728336e-01
1.889418574560136621e-01
1.893688377442752369e-01
1.897098809954046728e-01
1.901457209367258261e-01
1.905220052088941463e-01
1.909141547931608729e-01
1.914806403539560664e-01
1.919675866284145105e-01
1.923207872036009347e-01
1.932116452039842336e-01
1.938073994867121064e-01
1.941127913997586496e-01
1.944251889718440485e-01
1.947662322229734844e-01
1.950745114899734012e-01
1.952834654446521101e-01
1.954600657322453361e-01
1.958138893503204025e-01
1.962538475967270379e-01
1.965353351787036407e-01
1.973274606403640496e-01
1.977579361908224642e-01
1.979907944765711136e-01
1.983252423857057301e-01
1.988418676991408895e-01
1.993156232896096947e-01
1.997848502579489816e-01
2.005689518352830047e-01
2.008121134510679195e-01
2.010416740658191592e-01
2.015096549483812172e-01
2.023011876364432804e-01
2.032581966479742319e-01
2.039963586918342453e-01
2.051683090917952312e-01
2.063149114837095899e-01
2.071804214760462337e-01
2.081524751655875471e-01
2.093479195795744652e-01
2.103564452412867436e-01
2.115467379902555289e-01
2.123176640182450614e-01
2.129948267159755548e-01
2.136719894137060483e-01
2.148744394867318219e-01
2.153986935020944515e-01
2.162079454962756719e-01
2.169024171830812864e-01
2.176490285629568422e-01
2.182684895855551976e-01
2.188335466040188526e-01
2.191451235420161792e-01
2.194482511439979633e-01
2.197439627698968556e-01
2.200268940288501451e-01
2.205488685985028674e-01
2.208829061905934477e-01
2.212076738125804132e-01
2.217280071140569908e-01
2.224482371259532687e-01
2.227641450948806556e-01
2.229473407244687011e-01
2.233497936387717209e-01
2.236384996056317576e-01
2.239078298635513720e-01
2.241790141154917093e-01
2.245604500526781622e-01
2.247079943441832872e-01
2.252287379627039010e-01
2.254718995784888158e-01
2.259419471809161750e-01
2.267388291251958288e-01
2.269894067170636354e-01
2.273586853301930999e-01
2.277063239233173553e-01
2.280179008613146818e-01
2.282489051530426083e-01
2.285380214369466811e-01
2.289132723491823229e-01
2.293035679394283544e-01
2.295092242231096535e-01
2.296928301697417352e-01
2.301177437381380086e-01
2.303800683370187674e-01
2.309811870106093512e-01
2.318811173898968070e-01
2.321117113645806973e-01
2.323783669943915164e-01
2.327198205625649885e-01
2.332263401371633127e-01
2.338631101488367892e-01
2.340500137664662805e-01
2.342964730532486051e-01
2.345742526471837619e-01
2.347696056008287957e-01
2.351788665829712133e-01
2.353771068905696207e-01
2.359495798851161674e-01
2.362382858519762041e-01
2.365195758427533490e-01
2.376540209106107193e-01
2.381543705949034084e-01
2.389642456319732433e-01
2.396193579926545192e-01
2.401223823050559758e-01
2.407657476587242718e-01
2.413903603463407599e-01
2.424361937489572238e-01
2.429519984283043110e-01
2.439401301557886370e-01
2.445548498304128959e-01
2.447056917929154585e-01
2.450005827847262785e-01
2.452371490585163738e-01
2.456062149458012323e-01
2.459975438959799143e-01
2.462679075138321794e-01
2.464642938274098638e-01
2.468698468215108355e-01
2.470301714799615911e-01
2.473234060689511460e-01
2.475445173476868432e-01
2.478097293005209756e-01
2.481400589045701099e-01
2.483611701833058072e-01
2.486315338011580722e-01
2.491434177666191074e-01
2.492685014040309788e-01
2.494756013646889647e-01
2.496831116423909869e-01
2.498714589369971650e-01
2.501212158947769271e-01
2.504758601469400658e-01
2.508888291171239016e-01
2.510767660946860436e-01
2.513353827055253564e-01
2.514932303270667746e-01
2.517252679787273517e-01
2.519117612793128069e-01
2.522023212401935943e-01
2.523832525587168529e-01
2.526855595266105925e-01
2.531731288439576510e-01
2.535020147710301264e-01
2.538982977950274833e-01
2.546350161619108099e-01
2.550172727331853073e-01
2.553768710591671209e-01
2.556773240330401098e-01
2.559355303268354143e-01
2.561183156393794236e-01
2.563789989700840377e-01
2.565209812795269939e-01
2.568026815873482027e-01
2.573862785460190872e-01
2.576599398348687897e-01
2.581559584882314184e-01
2.585779998373194388e-01
2.588442451500862496e-01
2.591564451309721906e-01
2.595226387989488237e-01
2.601031508124668767e-01
2.603271494451559476e-01
2.605361033998346287e-01
2.612398450567438579e-01
2.616717642841789870e-01
2.617607862664639296e-01
2.621663392605649290e-01
2.625378821847591526e-01
2.627548751584093401e-01
2.629288008178937708e-01
2.632840681129455240e-01
2.635909037029687818e-01
2.638190206407433069e-01
2.640951589665023191e-01
2.643323482831810289e-01
2.645151335957250383e-01
2.647236772333597110e-01
2.647972442205902555e-01
2.650727595034606532e-01
2.653122131312041221e-01
2.655718631019761133e-01
2.656946824283232256e-01
2.658881813879475087e-01
2.660382027163619711e-01
2.662317016759862542e-01
2.665043296049032784e-01
2.668231249277840389e-01
2.671794255827684150e-01
2.674104298744963137e-01
2.675280975358252933e-01
2.676560685271905382e-01
2.678407078337552427e-01
2.679260218279987393e-01
2.680989141275504917e-01
2.687276451202524896e-01
2.689291830988482790e-01
2.695214421193792842e-01
2.697417327640269091e-01
2.698218950932522731e-01
2.703255424485423442e-01
2.709145037980759674e-01
2.712211417968997673e-01
2.713200567921769668e-01
2.713796124613298000e-01
2.715722907868660108e-01
2.716848067831768576e-01
2.718638841076794210e-01
2.721981344256145796e-01
2.723687624141015728e-01
2.725033287474616372e-01
2.725886427417051339e-01
2.726791084009667632e-01
2.731126840312231296e-01
2.732031496904847589e-01
2.733109243388215370e-01
2.735223553304095834e-01
2.737102923079717254e-01
2.739868409507748015e-01
2.741475759262695933e-01
2.743674562538732098e-01
2.745446795843550225e-01
2.746163925775648718e-01
2.748028858781503270e-01
2.750633564830103350e-01
2.756350088434688095e-01
2.757390755037641417e-01
2.759424674763806817e-01
2.760586914607329745e-01
2.762528134632459276e-01
2.764772224129790068e-01
2.767457320368105766e-01
2.769369666853701006e-01
2.770189830086162153e-01
2.770752410067716665e-01
2.774919179649969481e-01
2.781445532887688588e-01
2.783508326153387724e-01
2.786009998901625151e-01
2.788338581759111645e-01
2.790419914965017734e-01
2.795118415077296747e-01
2.796140541740042562e-01
2.799961131540792958e-01
2.801902351565922489e-01
2.803991891112709300e-01
2.807229233733252727e-01
2.808888100138381971e-01
2.810120396572293733e-01
2.812370716498511225e-01
2.816873332262940233e-01
2.817951078746308013e-01
2.822767048928716549e-01
2.824454788873379529e-01
2.826820451611280482e-01
2.827537581543378975e-01
2.828118701465140439e-01
2.830362790962471231e-01
2.830840877583870041e-01
2.833132380560942076e-01
2.837290943802314724e-01
2.839607217148480411e-01
2.841445403873246733e-01
2.845129983663660656e-01
2.847056766919022763e-01
2.848251983472520066e-01
2.850197306668089681e-01
2.853139986157312014e-01
2.855229525704098825e-01
2.857170745729228356e-01
2.857803382301171147e-01
2.860024828687854348e-01
2.861318975371273665e-01
2.862190655253916138e-01
2.862973738605962826e-01
2.864511031770521909e-01
2.866136921465676779e-01
2.867060117998500579e-01
2.868251231381557242e-01
2.868986901253862687e-01
2.870112061216971155e-01
2.870862167859043468e-01
2.872999120885571522e-01
2.873819284118032669e-01
2.874245854089250152e-01
2.875080454091478166e-01
2.877720264108498682e-01
2.879655253704741513e-01
2.881136927048679186e-01
2.882865850044196709e-01
2.884215616548237993e-01
2.884899769770362110e-01
2.886768805946656746e-01
2.887724979189454366e-01
2.888151549160671849e-01
2.890846978998313777e-01
2.891821692181318904e-01
2.892505845403443021e-01
2.894890048081550926e-01
2.895916277914737380e-01
2.896684924497017199e-01
2.898395307552327771e-01
2.901987187641705268e-01
2.909865434641911719e-01
2.911884917598310252e-01
2.913572657542973232e-01
2.915573600559164258e-01
2.918421453088904105e-01
2.924208033283877683e-01
2.925524823077944592e-01
2.925969932989369582e-01
2.927544306034343125e-01
2.928383009207011223e-01
2.929376262330223302e-01
2.931373102175974243e-01
2.932914498510973966e-01
2.936285875229859288e-01
2.938142601894833117e-01
2.939885961660117508e-01
2.941868364736101582e-01
2.945657953738872736e-01
2.946051547000116400e-01
2.946496656911541390e-01
2.948099903496048668e-01
2.949383716580141757e-01
2.950512979713690864e-01
2.956107930077706003e-01
2.957410283102006043e-01
2.958061459614156341e-01
2.963314182020657661e-01
2.964373388563817935e-01
2.966757591241925840e-01
2.968585444367365933e-01
2.969597237430785519e-01
2.970745040504541579e-01
2.972511043380473561e-01
2.973720696703737731e-01
2.974868499777493791e-01
2.975416642989281435e-01
2.977833822377363715e-01
2.978227415638607378e-01
2.978911568860731496e-01
2.980566332095420101e-01
2.981879018719046925e-01
2.982732158661481892e-01
2.984310634876896073e-01
2.985575908020781655e-01
2.986414611193449753e-01
2.988434094149848286e-01
2.991819907638500475e-01
2.993843493765339092e-01
2.995671346890779185e-01
2.996013423501841522e-01
2.999543453341711463e-01
3.001727819847980760e-01
3.002463489720286205e-01
3.004000782884845289e-01
3.005303135909145329e-01
3.008132448498678224e-01
3.015703571509790737e-01
3.016420701441889229e-01
3.017446931275075683e-01
3.019083154569557337e-01
3.022087684308287225e-01
3.023919640604167403e-01
3.027684610584296387e-01
3.028420280456601832e-01
3.031095043095590746e-01
3.031797736257922371e-01
3.032191329519166034e-01
3.033714185913958250e-01
3.036020125660797153e-01
3.037744945485874593e-01
3.038892748559630652e-01
3.040298134884293346e-01
3.041540764917531336e-01
3.043073954911650336e-01
3.043655074833411800e-01
3.044934784747064249e-01
3.045122311407582605e-01
3.047525054025898017e-01
3.048293700608177836e-01
3.048584260569058846e-01
3.049029370480483836e-01
3.049816557002970607e-01
3.053575296554213447e-01
3.054972476537995418e-01
3.061737873086414208e-01
3.062492082898927159e-01
3.064497129085558824e-01
3.065265775667838644e-01
3.066652622052294386e-01
3.071130618794081224e-01
3.072241341987422825e-01
3.074359755073743372e-01
3.075278848436126533e-01
3.079499110580555254e-01
3.080098770442524225e-01
3.082342859939855018e-01
3.085755419709595437e-01
3.091368910013817528e-01
3.094670230142314571e-01
3.095677920035293518e-01
3.097619140060423049e-01
3.099403682876562538e-01
3.100499969300137271e-01
3.102608048787131589e-01
3.102898608748012599e-01
3.104664611623944581e-01
3.106230778328037401e-01
3.107782508262363352e-01
3.109216768126559782e-01
3.110210021249771861e-01
3.110397547910290217e-01
3.113346457828398695e-01
3.113533984488917050e-01
3.114251114421015543e-01
3.120070671325962941e-01
3.121218474399719001e-01
3.121696561021117811e-01
3.123340990656480187e-01
3.124437277080054920e-01
3.125636596803992306e-01
3.126081706715417297e-01
3.126526816626842287e-01
3.127759113060754048e-01
3.128612253003189014e-01
3.131221062222229734e-01
3.132523415246529774e-01
3.133910261630985516e-01
3.135859687996995215e-01
3.138382027943886210e-01
3.141992447973471214e-01
3.144510684749921570e-01
3.144904278011165233e-01
3.147729487430258044e-01
3.148465157302563489e-01
3.158566977947899201e-01
3.166088711567276448e-01
3.167358087881602668e-01
3.168468811074944269e-01
3.170127677480073514e-01
3.177536044199761323e-01
3.179190807434449928e-01
3.181235060759942113e-01
3.183565770875874668e-01
3.192117837498878452e-01
3.194155860395483937e-01
3.194343387056002292e-01
3.195299560298799912e-01
3.197624039985845767e-01
3.198598753168850894e-01
3.200261722744420223e-01
3.202468732361336556e-01
3.203016875573124200e-01
3.203771085385637152e-01
3.208191335048356518e-01
3.209545204722837886e-01
3.210023291344236696e-01
3.214987581048303067e-01
3.218025087497007330e-01
3.219603563712421512e-01
3.220938893446695928e-01
3.221468496718276064e-01
3.222560679971410713e-01
3.223972296724959552e-01
3.224211340035659235e-01
3.225167513278456854e-01
3.226863459564000558e-01
3.227768116156616851e-01
3.228110192767679187e-01
3.230570682465062071e-01
3.232612808532108195e-01
3.233503028354957620e-01
3.233845104966019957e-01
3.235021781579309752e-01
3.235260824890009435e-01
3.235551384850890444e-01
3.235738911511408800e-01
3.236184021422833790e-01
3.241107128076045618e-01
3.241875774658325438e-01
3.242250827979361594e-01
3.243089531152029692e-01
3.244509354246459254e-01
3.246028107470811386e-01
3.246370184081873722e-01
3.247157370604360493e-01
3.249261346920914173e-01
3.249861006782883144e-01
3.250802743255913896e-01
3.251093303216794905e-01
3.252461609661043140e-01
3.254771652578322128e-01
3.255779342471301074e-01
3.261837942686948155e-01
3.262489119199098453e-01
3.262985745760704770e-01
3.264401465684694248e-01
3.264997022376222580e-01
3.265320559047077409e-01
3.265986172328994575e-01
3.266276732289875584e-01
3.266464258950393940e-01
3.267791382343787632e-01
1.410738071365714164e-01
