0.000000000000000000e+00
1.345962113659017988e-02
2.455454150369395377e-02
3.331671651711519411e-02
4.245596543702210429e-02
5.078993787867148307e-02
6.005061737863309768e-02
6.728532351662933064e-02
7.745353682542086005e-02
8.124344913975987958e-02
8.957742158140925837e-02
9.628166781706125332e-02
1.046667689239968307e-01
1.110961985837355392e-01
1.160173326175315683e-01
1.211621545619546853e-01
1.283457320346647335e-01
1.314837538666047967e-01
1.346729043638310586e-01
1.390124498299966371e-01
1.475701101822731176e-01
1.510340772554126521e-01
1.538461538461532441e-01
1.590421044558625596e-01
1.639632384896586026e-01
1.681813533757694767e-01
1.732750466549063950e-01
1.760871232456469870e-01
1.799281642252721913e-01
1.837180765396111970e-01
1.868560983715512602e-01
1.896681749622918522e-01
1.945381803308016966e-01
1.973502569215422886e-01
2.011401692358812943e-01
2.062849911803044112e-01
2.104008487358429158e-01
2.138648158089824503e-01
2.169517089756363148e-01
2.190607664186917658e-01
2.211698238617472168e-01
2.243078456936872800e-01
2.277718127668268144e-01
2.305838893575674065e-01
2.333959659483079985e-01
2.376140808344188726e-01
2.415573791446164742e-01
2.457754940307273483e-01
2.492905897691530814e-01
2.513996472122085324e-01
2.535087046552639833e-01
2.556177620983194343e-01
2.577268195413748852e-01
2.598358769844303362e-01
2.619449344274857872e-01
2.673453996983398695e-01
2.701574762890804338e-01
2.722665337321358847e-01
2.743755911751913357e-01
2.768105938594462301e-01
2.789196513025016810e-01
2.810287087455571320e-01
2.866528619270383160e-01
2.894649385177788803e-01
2.922770151085194446e-01
2.950890916992600088e-01
2.964951299946302909e-01
2.986041874376857419e-01
3.003872996395416939e-01
3.024452284173109184e-01
3.038512667126812006e-01
3.062862693969360950e-01
3.076923076923063771e-01
3.119104225784172790e-01
3.140194800214727300e-01
3.154255183168430121e-01
3.189406140552687452e-01
3.203466523506390273e-01
3.217526906460093095e-01
3.238106194237785340e-01
3.252166577191488162e-01
3.279776056446032095e-01
3.321445918654278850e-01
3.335506301607981672e-01
3.349566684561684493e-01
3.370145972339376739e-01
3.384206355293079560e-01
3.398266738246782381e-01
3.415586573612480192e-01
3.436677148043034702e-01
3.471828105427292033e-01
3.485888488380994854e-01
3.506979062811549364e-01
3.551908377431791108e-01
3.565968760385493930e-01
3.580029143339196751e-01
3.601119717769751261e-01
3.624958457959438496e-01
3.646049032389993005e-01
3.670399059232541950e-01
3.684459442186244771e-01
3.716350947158507112e-01
3.783585142009850411e-01
3.804675716440404920e-01
3.835544648106943844e-01
3.856635222537498353e-01
3.870695605491201174e-01
3.891786179921755684e-01
3.912876754352310193e-01
3.933967328782864703e-01
3.955057903213419213e-01
3.969118286167122034e-01
3.983178669120824855e-01
4.008039982616236063e-01
4.022100365569938885e-01
4.036160748523641706e-01
4.057251322954196215e-01
4.085372088861601858e-01
4.106462663292156368e-01
4.120523046245859189e-01
4.134583429199562010e-01
4.148643812153264832e-01
4.207633509727209398e-01
4.217923153616055520e-01
4.224953345092907209e-01
4.255310990106583868e-01
4.269371373060286690e-01
4.276401564537138378e-01
4.287202495078846765e-01
4.294232686555698453e-01
4.336413835416807472e-01
4.360252575606494707e-01
4.378083697625054227e-01
4.385113889101905915e-01
4.399174272055608736e-01
4.426272464657290961e-01
4.437073395198999348e-01
4.473949945036665432e-01
4.501559424291209366e-01
4.519901832962631150e-01
4.526932024439482838e-01
4.540992407393185659e-01
4.562082981823740169e-01
4.576143364777442990e-01
4.597233939207997500e-01
4.611294322161700321e-01
4.632384896592254830e-01
4.639415088069106519e-01
4.657757496740528302e-01
4.675077332106226113e-01
4.717769767620196841e-01
4.724799959097048530e-01
4.738860342050751351e-01
4.766981107958156993e-01
4.781041490911859815e-01
4.791842421453568202e-01
4.805902804407271023e-01
4.819963187360973844e-01
4.830252831249819967e-01
4.847572666615517778e-01
4.864892501981215589e-01
4.871922693458067277e-01
4.896784006953478485e-01
4.914103842319176296e-01
4.921134033796027984e-01
4.935194416749730806e-01
4.953025538768290326e-01
4.960055730245142014e-01
4.977375565610839825e-01
5.001214305800527615e-01
5.025564332643076559e-01
5.032594524119927692e-01
5.042884168008774370e-01
5.056944550962477747e-01
5.070493647263318859e-01
5.109415343712433444e-01
5.126735179078131255e-01
5.147825753508685764e-01
5.210777922642310100e-01
5.221067566531156778e-01
5.242158140961711288e-01
5.249188332438562421e-01
5.256218523915413554e-01
5.277309098345968064e-01
5.284339289822819197e-01
5.298399672776522573e-01
5.319490247207077083e-01
5.333550630160780459e-01
5.354641204591334969e-01
5.365442135133042800e-01
5.389792161975591744e-01
5.410882736406146254e-01
5.446033693790404140e-01
5.460094076744107516e-01
5.467124268220958649e-01
5.474154459697809783e-01
5.494222460822640874e-01
5.515313035253195384e-01
5.529373418206898760e-01
5.542922514507739873e-01
5.567272541350288817e-01
5.618209474141657722e-01
5.625239665618508855e-01
5.639300048572212232e-01
5.673939719303607854e-01
5.688000102257311230e-01
5.712350129099860174e-01
5.726410512053563551e-01
5.740470895007266927e-01
5.762072756090683701e-01
5.783163330521238210e-01
5.793452974410084888e-01
5.814543548840639398e-01
5.835634123271193907e-01
5.856724697701748417e-01
5.892386941738867456e-01
5.917248255234278664e-01
5.931819924840843195e-01
5.965948308919376553e-01
5.987038883349931062e-01
6.016182222563061233e-01
6.023212414039912366e-01
6.057852084771307988e-01
6.078942659201862497e-01
6.085972850678713630e-01
6.103292686044411441e-01
6.117353068998114818e-01
6.131413451951818194e-01
6.145473834905521571e-01
6.159534217859224947e-01
6.227790986016291663e-01
6.241851368969995040e-01
6.262941943400549549e-01
6.277002326354252926e-01
4.904632719080924408e-02
