0.000000000000000000e+00
1.633256266876956242e-02
3.164485357373288121e-02
4.716581945838410617e-02
6.327239146474059051e-02
7.888903699787319646e-02
9.303095577341266575e-02
1.072883435491194110e-01
1.218772963115635488e-01
1.362501530874375699e-01
1.504019665388199867e-01
1.632926755502186467e-01
1.764770043999569771e-01
1.888827342760532324e-01
2.009090593411713976e-01
2.137667705420938091e-01
2.264207541012497882e-01
2.385097610043730720e-01
2.502168894275575428e-01
2.618811253644227621e-01
2.728871786657346976e-01
2.836169278114321068e-01
2.936332334904532826e-01
3.048751721300212436e-01
3.158581222966998503e-01
3.254447096715415433e-01
3.356465871956173519e-01
3.461849770443520269e-01
3.560577632506511381e-01
3.662118009504862770e-01
3.758231250149353664e-01
3.861000527218199641e-01
3.960454154419671413e-01
4.061087208312423869e-01
4.149035007736516234e-01
4.233667157293234951e-01
4.332065041251463855e-01
4.421720138988458060e-01
4.507952238959782032e-01
4.581993818254593842e-01
4.670865276334025817e-01
4.755439551371662965e-01
4.846373022558366772e-01
4.930848350837574445e-01
5.023291226820321143e-01
5.085563275891938906e-01
5.174088420316867998e-01
5.256980133731210536e-01
5.340276035319138082e-01
5.427341248327238743e-01
5.510059804914330117e-01
5.592299963259014239e-01
5.678763094576670944e-01
5.763139476097448588e-01
5.844200207750852583e-01
5.914711908111690564e-01
5.988308226993569461e-01
6.053516474448583651e-01
6.122840346978275505e-01
6.193244699440817458e-01
6.261389145279229185e-01
6.332577137399333367e-01
6.384415437486555822e-01
6.456329194745140665e-01
6.506715964555401799e-01
6.569532220798381950e-01
6.638658199811214855e-01
6.708864658756897859e-01
6.776308076146435599e-01
6.837672802112454429e-01
6.903359447809875871e-01
6.949168529852793874e-01
7.014525197445452553e-01
7.080310789901304025e-01
7.136297852892676818e-01
7.177001375546629980e-01
7.233887360503735708e-01
7.270351574634975611e-01
7.327567537696844102e-01
7.379785289268043780e-01
7.425792264827820732e-01
7.466322630654522730e-01
7.521880768782703841e-01
7.545676063995024885e-01
7.568770330758473053e-01
7.596038097115679344e-01
7.654961358490449674e-01
7.723336835675194134e-01
7.768741729544527130e-01
7.808447383474319548e-01
7.820283189356461717e-01
7.865490189708935764e-01
7.913913893170354541e-01
7.962106565285440585e-01
7.987790716777781741e-01
8.016138963067838130e-01
8.032519318887849646e-01
8.048751254570216673e-01
8.113604787230861426e-01
8.166952492114126771e-01
8.180017198066763529e-01
8.197049108956433461e-01
8.247378004247613026e-01
8.272006412496710759e-01
8.303241383790949115e-01
8.355533345430971037e-01
8.381646421786503875e-01
8.421929420717132464e-01
5.491144698961806236e-01
